Linux 2.6.32-279.14.1.el6.x86_64 (compute-641-14.local) 	04/21/20 	_x86_64_	(32 CPU)

03:44:29     CPU    %usr   %nice    %sys %iowait    %irq   %soft  %steal  %guest   %idle
03:44:31     all   66.80    0.00    4.02    0.00    0.00    0.09    0.00    0.00   29.09
03:44:33     all   88.09    0.00    0.19    0.00    0.00    0.00    0.00    0.00   11.73
03:44:35     all   92.04    0.00    0.16    0.00    0.00    0.00    0.00    0.00    7.80
03:44:37     all   90.06    0.00    0.16    0.00    0.00    0.00    0.00    0.00    9.78
03:44:39     all   93.39    0.00    0.20    0.00    0.00    0.00    0.00    0.00    6.41
03:44:41     all   91.65    0.00    0.17    0.00    0.00    0.00    0.00    0.00    8.18
03:44:43     all   89.48    0.00    0.23    0.00    0.00    0.00    0.00    0.00   10.28
03:44:45     all   91.25    0.00    0.17    0.00    0.00    0.00    0.00    0.00    8.58
03:44:47     all   89.01    0.00    0.17    0.00    0.00    0.00    0.00    0.00   10.81
03:44:49     all   92.17    0.00    0.16    0.00    0.00    0.00    0.00    0.00    7.68
03:44:51     all   88.31    0.00    0.17    0.02    0.00    0.00    0.00    0.00   11.50
03:44:53     all   90.09    0.00    0.16    0.00    0.00    0.00    0.00    0.00    9.75
03:44:55     all   90.14    0.00    0.19    0.00    0.00    0.00    0.00    0.00    9.67
03:44:57     all   88.89    0.00    0.14    0.00    0.00    0.00    0.00    0.00   10.97
03:44:59     all   90.76    0.00    0.16    0.00    0.00    0.00    0.00    0.00    9.08
03:45:01     all   89.90    0.00    0.16    0.00    0.00    0.00    0.00    0.00    9.94
03:45:03     all   90.17    0.00    0.19    0.00    0.00    0.02    0.00    0.00    9.63
03:45:05     all   87.40    0.00    0.19    0.00    0.00    0.00    0.00    0.00   12.41
03:45:07     all   91.72    0.00    0.17    0.00    0.00    0.00    0.00    0.00    8.11
03:45:09     all   89.08    0.00    0.17    0.00    0.00    0.00    0.00    0.00   10.74
03:45:11     all   90.97    0.00    0.17    0.00    0.00    0.00    0.00    0.00    8.86
03:45:13     all   90.87    0.00    0.17    0.00    0.00    0.00    0.00    0.00    8.95
03:45:15     all   88.37    0.00    0.19    0.00    0.00    0.00    0.00    0.00   11.44
03:45:17     all   91.86    0.00    0.14    0.00    0.00    0.00    0.00    0.00    8.00
03:45:19     all   90.69    0.00    0.17    0.00    0.00    0.02    0.00    0.00    9.12
03:45:21     all   91.95    0.00    0.16    0.00    0.00    0.00    0.00    0.00    7.89
03:45:23     all   89.90    0.00    0.19    0.00    0.00    0.00    0.00    0.00    9.91
03:45:25     all   89.59    0.00    0.19    0.00    0.00    0.00    0.00    0.00   10.22
03:45:27     all   90.40    0.00    0.20    0.00    0.00    0.00    0.00    0.00    9.39
03:45:29     all   91.65    0.00    0.17    0.00    0.00    0.00    0.00    0.00    8.18
03:45:31     all   90.62    0.00    0.16    0.00    0.00    0.00    0.00    0.00    9.22
03:45:33     all   91.43    0.00    0.20    0.02    0.00    0.00    0.00    0.00    8.35
03:45:35     all   91.30    0.00    0.17    0.00    0.00    0.00    0.00    0.00    8.53
03:45:37     all   91.54    0.00    0.16    0.05    0.00    0.00    0.00    0.00    8.25
03:45:39     all   88.70    0.00    0.17    0.00    0.00    0.00    0.00    0.00   11.13
03:45:41     all   90.33    0.00    0.17    0.00    0.00    0.00    0.00    0.00    9.50
03:45:43     all   90.76    0.00    0.20    0.00    0.00    0.00    0.00    0.00    9.03
03:45:45     all   90.35    0.00    0.16    0.00    0.00    0.00    0.00    0.00    9.49
03:45:47     all   91.03    0.00    0.14    0.00    0.00    0.00    0.00    0.00    8.83
03:45:49     all   89.41    0.00    0.17    0.00    0.00    0.00    0.00    0.00   10.41
03:45:51     all   87.95    0.00    0.20    0.00    0.00    0.00    0.00    0.00   11.84
