Linux 2.6.32-279.14.1.el6.x86_64 (compute-641-14.local) 	04/21/20 	_x86_64_	(32 CPU)

04:19:26          PID    %usr %system  %guest    %CPU   CPU  Command
04:19:28          109    0.00    0.49    0.00    0.49    26  ksoftirqd/26
04:19:28         3134    0.00    0.49    0.00    0.49     1  kondemand/1
04:19:28         3138    0.00    0.49    0.00    0.49     5  kondemand/5
04:19:28         3149    0.00    0.49    0.00    0.49    16  kondemand/16
04:19:28         4128    0.00    0.49    0.00    0.49     5  gmond
04:19:28         6420    2.96    1.97    0.00    4.93    13  mpirun
04:19:28         6426    0.49    0.99    0.00    1.48     4  top
04:19:28         6428    0.49    1.48    0.00    1.97    21  pidstat
04:19:28         6430    0.99    1.48    0.00    2.46    30  pidstat
04:19:28         6439   82.27    5.42    0.00   87.68    19  bt-mz.B.24
04:19:28         6440   89.66    5.42    0.00   95.07    15  bt-mz.B.24
04:19:28         6441   83.25    5.91    0.00   89.16    17  bt-mz.B.24
04:19:28         6442   84.24    5.91    0.00   90.15    22  bt-mz.B.24
04:19:28         6443   83.74    5.42    0.00   89.16    18  bt-mz.B.24
04:19:28         6444   77.34    4.43    0.00   81.77     1  bt-mz.B.24
04:19:28         6445   78.82    5.42    0.00   84.24     7  bt-mz.B.24
04:19:28         6446   87.19    5.91    0.00   93.10    24  bt-mz.B.24
04:19:28         6447   70.94    5.42    0.00   76.35    12  bt-mz.B.24
04:19:28         6448   78.33    5.42    0.00   83.74     3  bt-mz.B.24
04:19:28         6449   75.86    5.91    0.00   81.77     2  bt-mz.B.24
04:19:28         6451   87.68    4.93    0.00   92.61     8  bt-mz.B.24
04:19:28         6452   80.30    4.43    0.00   84.73    20  bt-mz.B.24
04:19:28         6454   83.74    5.42    0.00   89.16     0  bt-mz.B.24
04:19:28         6455   82.76    4.43    0.00   87.19     4  bt-mz.B.24

04:19:28          PID    %usr %system  %guest    %CPU   CPU  Command
04:19:30         3155    0.00    0.50    0.00    0.50    22  kondemand/22
04:19:30         4128    0.00    0.50    0.00    0.50    21  gmond
04:19:30         6426    0.50    0.50    0.00    1.00    19  top
04:19:30         6428    0.00    2.00    0.00    2.00    21  pidstat
04:19:30         6430    0.00    1.50    0.00    1.50    30  pidstat
04:19:30         6439  108.00    0.00    0.00  108.00     7  bt-mz.B.24
04:19:30         6440  112.50    0.00    0.00  112.50    24  bt-mz.B.24
04:19:30         6441  100.00    0.00    0.00  100.00    17  bt-mz.B.24
04:19:30         6442   99.50    0.00    0.00   99.50     1  bt-mz.B.24
04:19:30         6443  114.00    0.00    0.00  114.00    18  bt-mz.B.24
04:19:30         6444  101.00    0.50    0.00  101.50     0  bt-mz.B.24
04:19:30         6445  109.50    0.00    0.00  109.50     7  bt-mz.B.24
04:19:30         6446  112.00    0.00    0.00  112.00    13  bt-mz.B.24
04:19:30         6447  113.00    0.00    0.00  113.00    29  bt-mz.B.24
04:19:30         6448  108.00    0.00    0.00  108.00     5  bt-mz.B.24
04:19:30         6449   99.00    0.50    0.00   99.50     2  bt-mz.B.24
04:19:30         6451  112.50    0.00    0.00  112.50     9  bt-mz.B.24
04:19:30         6452   99.50    0.00    0.00   99.50     3  bt-mz.B.24
04:19:30         6454  100.50    0.00    0.00  100.50     5  bt-mz.B.24
04:19:30         6455  100.50    0.00    0.00  100.50     1  bt-mz.B.24

04:19:30          PID    %usr %system  %guest    %CPU   CPU  Command
04:19:32         3143    0.00    0.50    0.00    0.50    10  kondemand/10
04:19:32         3156    0.00    0.50    0.00    0.50    23  kondemand/23
04:19:32         3162    0.00    0.50    0.00    0.50    29  kondemand/29
04:19:32         6426    0.50    0.50    0.00    1.00    19  top
04:19:32         6428    0.50    2.00    0.00    2.50    21  pidstat
04:19:32         6430    0.50    2.00    0.00    2.50    30  pidstat
04:19:32         6439  105.50    0.00    0.00  105.50    23  bt-mz.B.24
04:19:32         6440  115.50    0.00    0.00  115.50     8  bt-mz.B.24
04:19:32         6441  103.50    0.00    0.00  103.50     0  bt-mz.B.24
04:19:32         6442   92.50    0.00    0.00   92.50     7  bt-mz.B.24
04:19:32         6443  111.00    0.50    0.00  111.50     1  bt-mz.B.24
04:19:32         6444  100.00    0.00    0.00  100.00    16  bt-mz.B.24
04:19:32         6445  106.00    0.00    0.00  106.00    14  bt-mz.B.24
04:19:32         6446  112.00    0.00    0.00  112.00    31  bt-mz.B.24
04:19:32         6447  112.50    0.00    0.00  112.50    29  bt-mz.B.24
04:19:32         6448  105.00    0.00    0.00  105.00    20  bt-mz.B.24
04:19:32         6449  100.00    0.00    0.00  100.00    18  bt-mz.B.24
04:19:32         6451  112.00    0.00    0.00  112.00    25  bt-mz.B.24
04:19:32         6452  105.50    0.00    0.00  105.50    19  bt-mz.B.24
04:19:32         6454  104.50    0.00    0.00  104.50     7  bt-mz.B.24
04:19:32         6455   93.00    0.00    0.00   93.00    17  bt-mz.B.24

04:19:32          PID    %usr %system  %guest    %CPU   CPU  Command
04:19:34         3139    0.00    0.50    0.00    0.50     6  kondemand/6
04:19:34         3159    0.00    0.50    0.00    0.50    26  kondemand/26
04:19:34         6426    0.50    1.00    0.00    1.50    19  top
04:19:34         6428    0.50    2.00    0.00    2.50     5  pidstat
04:19:34         6430    0.50    1.50    0.00    2.00    14  pidstat
04:19:34         6439  111.50    0.00    0.00  111.50     7  bt-mz.B.24
04:19:34         6440  110.00    0.00    0.00  110.00    10  bt-mz.B.24
04:19:34         6441   99.00    0.00    0.00   99.00     6  bt-mz.B.24
04:19:34         6442  103.50    0.00    0.00  103.50    18  bt-mz.B.24
04:19:34         6443  108.00    0.00    0.00  108.00     1  bt-mz.B.24
04:19:34         6444  100.50    0.00    0.00  100.50    16  bt-mz.B.24
04:19:34         6445  111.50    0.00    0.00  111.50    30  bt-mz.B.24
04:19:34         6446  112.50    0.00    0.00  112.50    15  bt-mz.B.24
04:19:34         6447  106.50    0.00    0.00  106.50    24  bt-mz.B.24
04:19:34         6448  106.00    0.00    0.00  106.00     4  bt-mz.B.24
04:19:34         6449  106.50    0.00    0.00  106.50     2  bt-mz.B.24
04:19:34         6451  111.50    0.00    0.00  111.50     9  bt-mz.B.24
04:19:34         6452  109.50    0.00    0.00  109.50    19  bt-mz.B.24
04:19:34         6454   88.50    0.00    0.00   88.50     8  bt-mz.B.24
04:19:34         6455   99.00    0.00    0.00   99.00    17  bt-mz.B.24

04:19:34          PID    %usr %system  %guest    %CPU   CPU  Command
04:19:36         3146    0.00    0.50    0.00    0.50    13  kondemand/13
04:19:36         3158    0.00    0.50    0.00    0.50    25  kondemand/25
04:19:36         3160    0.00    0.50    0.00    0.50    27  kondemand/27
04:19:36         4128    0.50    0.50    0.00    1.00     5  gmond
04:19:36         6426    0.50    0.50    0.00    1.00    19  top
04:19:36         6428    1.00    1.50    0.00    2.50    21  pidstat
04:19:36         6430    0.50    1.50    0.00    2.00    14  pidstat
04:19:36         6439  118.00    0.00    0.00  118.00    23  bt-mz.B.24
04:19:36         6440  109.00    0.00    0.00  109.00    14  bt-mz.B.24
04:19:36         6441  105.00    0.00    0.00  105.00    22  bt-mz.B.24
04:19:36         6442  106.00    0.00    0.00  106.00     2  bt-mz.B.24
04:19:36         6443  108.00    0.00    0.00  108.00     5  bt-mz.B.24
04:19:36         6444  110.00    0.00    0.00  110.00    19  bt-mz.B.24
04:19:36         6445  108.00    0.00    0.00  108.00    30  bt-mz.B.24
04:19:36         6446  111.50    0.00    0.00  111.50    15  bt-mz.B.24
04:19:36         6447  107.00    0.00    0.00  107.00     8  bt-mz.B.24
04:19:36         6448  107.00    0.50    0.00  107.50    20  bt-mz.B.24
04:19:36         6449  106.50    0.50    0.00  107.00     4  bt-mz.B.24
04:19:36         6451  108.50    0.00    0.00  108.50    25  bt-mz.B.24
04:19:36         6452  111.50    0.00    0.00  111.50     3  bt-mz.B.24
04:19:36         6454   97.00    0.00    0.00   97.00    24  bt-mz.B.24
04:19:36         6455  103.00    0.00    0.00  103.00     0  bt-mz.B.24

04:19:36          PID    %usr %system  %guest    %CPU   CPU  Command
04:19:38         6426    0.50    0.50    0.00    1.00     3  top
04:19:38         6428    0.50    1.50    0.00    2.00    21  pidstat
04:19:38         6430    0.50    1.50    0.00    2.00    14  pidstat
04:19:38         6439  110.50    0.50    0.00  111.00    23  bt-mz.B.24
04:19:38         6440  112.50    0.00    0.00  112.50    12  bt-mz.B.24
04:19:38         6441  116.00    0.00    0.00  116.00     7  bt-mz.B.24
04:19:38         6442  112.00    0.00    0.00  112.00    18  bt-mz.B.24
04:19:38         6443  113.50    0.00    0.00  113.50     6  bt-mz.B.24
04:19:38         6444  108.50    0.00    0.00  108.50     1  bt-mz.B.24
04:19:38         6445  106.50    0.00    0.00  106.50    14  bt-mz.B.24
04:19:38         6446  108.50    0.00    0.00  108.50    29  bt-mz.B.24
04:19:38         6447  108.00    0.00    0.00  108.00     8  bt-mz.B.24
04:19:38         6448  110.50    0.50    0.00  111.00     2  bt-mz.B.24
04:19:38         6449  112.50    0.00    0.00  112.50    16  bt-mz.B.24
04:19:38         6451  112.00    0.00    0.00  112.00    25  bt-mz.B.24
04:19:38         6452  113.00    0.00    0.00  113.00     0  bt-mz.B.24
04:19:38         6454  111.00    0.00    0.00  111.00    15  bt-mz.B.24
04:19:38         6455  104.50    0.00    0.00  104.50     4  bt-mz.B.24

04:19:38          PID    %usr %system  %guest    %CPU   CPU  Command
04:19:40         3148    0.00    0.50    0.00    0.50    15  kondemand/15
04:19:40         3153    0.00    0.50    0.00    0.50    20  kondemand/20
04:19:40         3180    0.00    0.50    0.00    0.50    18  kipmi0
04:19:40         4128    0.00    0.50    0.00    0.50     5  gmond
04:19:40         6426    0.50    1.00    0.00    1.50     3  top
04:19:40         6428    0.50    2.00    0.00    2.50    19  pidstat
04:19:40         6430    1.00    3.00    0.00    4.00    14  pidstat
04:19:40         6439  116.50    0.00    0.00  116.50     6  bt-mz.B.24
04:19:40         6440  117.50    0.00    0.00  117.50    28  bt-mz.B.24
04:19:40         6441  115.50    0.00    0.00  115.50    23  bt-mz.B.24
04:19:40         6442  111.00    0.00    0.00  111.00     3  bt-mz.B.24
04:19:40         6443  107.50    0.00    0.00  107.50     2  bt-mz.B.24
04:19:40         6444  108.50    0.00    0.00  108.50     6  bt-mz.B.24
04:19:40         6445  111.00    0.00    0.00  111.00    29  bt-mz.B.24
04:19:40         6446  109.00    0.00    0.00  109.00    24  bt-mz.B.24
04:19:40         6447  107.00    0.00    0.00  107.00     9  bt-mz.B.24
04:19:40         6448  112.00    0.00    0.00  112.00    17  bt-mz.B.24
04:19:40         6449  109.50    0.00    0.00  109.50    22  bt-mz.B.24
04:19:40         6451  115.00    0.00    0.00  115.00     8  bt-mz.B.24
04:19:40         6452  111.50    0.00    0.00  111.50    20  bt-mz.B.24
04:19:40         6454  107.50    0.00    0.00  107.50    27  bt-mz.B.24
04:19:40         6455  108.00    0.50    0.00  108.50     1  bt-mz.B.24

04:19:40          PID    %usr %system  %guest    %CPU   CPU  Command
04:19:42         6426    0.50    0.50    0.00    1.00     3  top
04:19:42         6428    1.00    1.50    0.00    2.50    19  pidstat
04:19:42         6430    0.50    2.00    0.00    2.50    14  pidstat
04:19:42         6432    0.00    0.50    0.00    0.50    22  iostat
04:19:42         6439  120.00    0.00    0.00  120.00    22  bt-mz.B.24
04:19:42         6440  116.00    0.00    0.00  116.00     9  bt-mz.B.24
04:19:42         6441  111.00    0.00    0.00  111.00     7  bt-mz.B.24
04:19:42         6442  105.50    0.00    0.00  105.50    19  bt-mz.B.24
04:19:42         6443  111.50    0.00    0.00  111.50     2  bt-mz.B.24
04:19:42         6444  104.00    0.00    0.00  104.00     5  bt-mz.B.24
04:19:42         6445  109.50    0.00    0.00  109.50    27  bt-mz.B.24
04:19:42         6446  116.50    0.00    0.00  116.50    24  bt-mz.B.24
04:19:42         6447  113.50    0.00    0.00  113.50    25  bt-mz.B.24
04:19:42         6448  111.00    0.00    0.00  111.00    18  bt-mz.B.24
04:19:42         6449  114.00    0.00    0.00  114.00    21  bt-mz.B.24
04:19:42         6451  112.50    0.00    0.00  112.50    26  bt-mz.B.24
04:19:42         6452  116.00    0.00    0.00  116.00    17  bt-mz.B.24
04:19:42         6454  113.00    0.00    0.00  113.00    11  bt-mz.B.24
04:19:42         6455  109.50    0.50    0.00  110.00     0  bt-mz.B.24

04:19:42          PID    %usr %system  %guest    %CPU   CPU  Command
04:19:44         3161    0.00    0.50    0.00    0.50    28  kondemand/28
04:19:44         4128    0.00    0.50    0.00    0.50    21  gmond
04:19:44         6426    0.50    0.50    0.00    1.00     3  top
04:19:44         6428    0.50    2.00    0.00    2.50    19  pidstat
04:19:44         6430    1.00    2.00    0.00    3.00    14  pidstat
04:19:44         6439  112.50    0.00    0.00  112.50     6  bt-mz.B.24
04:19:44         6440  115.00    0.00    0.00  115.00    13  bt-mz.B.24
04:19:44         6441  115.50    0.00    0.00  115.50     7  bt-mz.B.24
04:19:44         6442  106.00    0.00    0.00  106.00     0  bt-mz.B.24
04:19:44         6443  112.00    0.00    0.00  112.00     2  bt-mz.B.24
04:19:44         6444   99.50    0.00    0.00   99.50    19  bt-mz.B.24
04:19:44         6445  111.00    0.00    0.00  111.00    24  bt-mz.B.24
04:19:44         6446  113.50    0.00    0.00  113.50    26  bt-mz.B.24
04:19:44         6447  110.50    0.00    0.00  110.50    29  bt-mz.B.24
04:19:44         6448  110.00    0.00    0.00  110.00    21  bt-mz.B.24
04:19:44         6449  111.00    0.00    0.00  111.00    18  bt-mz.B.24
04:19:44         6451  111.50    0.00    0.00  111.50     9  bt-mz.B.24
04:19:44         6452  115.00    0.00    0.00  115.00    17  bt-mz.B.24
04:19:44         6454  115.50    0.00    0.00  115.50    31  bt-mz.B.24
04:19:44         6455  114.00    0.00    0.00  114.00    16  bt-mz.B.24

04:19:44          PID    %usr %system  %guest    %CPU   CPU  Command
04:19:46         3157    0.00    0.50    0.00    0.50    24  kondemand/24
04:19:46         3163    0.00    0.50    0.00    0.50    30  kondemand/30
04:19:46         3180    0.00    0.50    0.00    0.50     1  kipmi0
04:19:46         6426    1.00    0.50    0.00    1.50     3  top
04:19:46         6428    0.50    1.50    0.00    2.00    19  pidstat
04:19:46         6430    0.50    1.00    0.00    1.50    14  pidstat
04:19:46         6439  109.50    0.00    0.00  109.50     5  bt-mz.B.24
04:19:46         6440  110.50    0.00    0.00  110.50    26  bt-mz.B.24
04:19:46         6441   99.00    0.00    0.00   99.00     1  bt-mz.B.24
04:19:46         6442  103.00    0.00    0.00  103.00    18  bt-mz.B.24
04:19:46         6443  107.00    0.00    0.00  107.00     2  bt-mz.B.24
04:19:46         6444  111.00    0.00    0.00  111.00     3  bt-mz.B.24
04:19:46         6445  107.50    0.00    0.00  107.50     9  bt-mz.B.24
04:19:46         6446  104.00    0.00    0.00  104.00    10  bt-mz.B.24
04:19:46         6447  108.50    0.00    0.00  108.50    29  bt-mz.B.24
04:19:46         6448  104.00    0.00    0.00  104.00    23  bt-mz.B.24
04:19:46         6449  100.00    0.00    0.00  100.00     6  bt-mz.B.24
04:19:46         6451  100.50    0.00    0.00  100.50    13  bt-mz.B.24
04:19:46         6452  110.00    0.00    0.00  110.00    17  bt-mz.B.24
04:19:46         6454  109.50    0.00    0.00  109.50    31  bt-mz.B.24
04:19:46         6455  109.00    0.00    0.00  109.00     0  bt-mz.B.24

04:19:46          PID    %usr %system  %guest    %CPU   CPU  Command
04:19:48         6426    0.50    1.00    0.00    1.50     0  top
04:19:48         6428    1.00    1.50    0.00    2.50    19  pidstat
04:19:48         6430    0.50    2.00    0.00    2.50    14  pidstat
04:19:48         6439  116.50    0.00    0.00  116.50     5  bt-mz.B.24
04:19:48         6440  100.50    0.00    0.00  100.50    15  bt-mz.B.24
04:19:48         6441  109.50    0.00    0.00  109.50    23  bt-mz.B.24
04:19:48         6442  105.00    0.00    0.00  105.00     4  bt-mz.B.24
04:19:48         6443  108.50    0.00    0.00  108.50    18  bt-mz.B.24
04:19:48         6444  110.00    0.00    0.00  110.00     3  bt-mz.B.24
04:19:48         6445  108.50    0.00    0.00  108.50    25  bt-mz.B.24
04:19:48         6446   97.50    0.00    0.00   97.50    10  bt-mz.B.24
04:19:48         6447  109.00    0.00    0.00  109.00    29  bt-mz.B.24
04:19:48         6448  105.00    0.50    0.00  105.50    21  bt-mz.B.24
04:19:48         6449  107.00    0.00    0.00  107.00     6  bt-mz.B.24
04:19:48         6451  101.50    0.00    0.00  101.50    28  bt-mz.B.24
04:19:48         6452  108.00    0.50    0.00  108.50    17  bt-mz.B.24
04:19:48         6454  107.50    0.00    0.00  107.50    31  bt-mz.B.24
04:19:48         6455  108.00    0.00    0.00  108.00    16  bt-mz.B.24

04:19:48          PID    %usr %system  %guest    %CPU   CPU  Command
04:19:50         3133    0.00    0.50    0.00    0.50     0  kondemand/0
04:19:50         3150    0.00    0.50    0.00    0.50    17  kondemand/17
04:19:50         3180    0.00    0.50    0.00    0.50    17  kipmi0
04:19:50         3852    0.50    0.00    0.00    0.50    18  pbs_mom
04:19:50         4128    0.50    0.50    0.00    1.00    21  gmond
04:19:50         6426    0.50    0.50    0.00    1.00     0  top
04:19:50         6428    0.50    2.00    0.00    2.50    19  pidstat
04:19:50         6430    0.50    2.00    0.00    2.50    14  pidstat
04:19:50         6439  112.50    0.00    0.00  112.50    21  bt-mz.B.24
04:19:50         6440  115.50    0.00    0.00  115.50    26  bt-mz.B.24
04:19:50         6441  114.50    0.00    0.00  114.50     6  bt-mz.B.24
04:19:50         6442  110.50    0.00    0.00  110.50    19  bt-mz.B.24
04:19:50         6443  114.50    0.00    0.00  114.50    23  bt-mz.B.24
04:19:50         6444  111.50    0.00    0.00  111.50     3  bt-mz.B.24
04:19:50         6445  111.50    0.00    0.00  111.50    31  bt-mz.B.24
04:19:50         6446  108.50    0.00    0.00  108.50    10  bt-mz.B.24
04:19:50         6447  112.50    0.00    0.00  112.50    13  bt-mz.B.24
04:19:50         6448  110.00    0.00    0.00  110.00    17  bt-mz.B.24
04:19:50         6449  112.50    0.00    0.00  112.50     1  bt-mz.B.24
04:19:50         6451  104.50    0.00    0.00  104.50    27  bt-mz.B.24
04:19:50         6452  110.00    0.00    0.00  110.00     2  bt-mz.B.24
04:19:50         6454  106.50    0.50    0.00  107.00     9  bt-mz.B.24
04:19:50         6455  105.50    0.00    0.00  105.50    18  bt-mz.B.24

04:19:50          PID    %usr %system  %guest    %CPU   CPU  Command
04:19:52          131    0.00    0.50    0.00    0.50     0  events/0
04:19:52         3137    0.00    0.50    0.00    0.50     4  kondemand/4
04:19:52         6426    0.50    0.50    0.00    1.00     0  top
04:19:52         6428    0.50    2.00    0.00    2.50     3  pidstat
04:19:52         6430    1.00    2.00    0.00    3.00    14  pidstat
04:19:52         6439  114.00    0.00    0.00  114.00    16  bt-mz.B.24
04:19:52         6440  105.50    0.00    0.00  105.50    30  bt-mz.B.24
04:19:52         6441  102.00    0.00    0.00  102.00    21  bt-mz.B.24
04:19:52         6442  106.50    0.00    0.00  106.50    16  bt-mz.B.24
04:19:52         6443  108.50    0.00    0.00  108.50     5  bt-mz.B.24
04:19:52         6444  110.00    0.50    0.00  110.50    17  bt-mz.B.24
04:19:52         6445  112.00    0.50    0.00  112.50    31  bt-mz.B.24
04:19:52         6446  109.50    0.00    0.00  109.50    26  bt-mz.B.24
04:19:52         6447  108.50    0.00    0.00  108.50    30  bt-mz.B.24
04:19:52         6448  105.50    0.00    0.00  105.50    19  bt-mz.B.24
04:19:52         6449  103.00    0.00    0.00  103.00    21  bt-mz.B.24
04:19:52         6451  104.00    0.00    0.00  104.00    11  bt-mz.B.24
04:19:52         6452  113.50    0.00    0.00  113.50    22  bt-mz.B.24
04:19:52         6454  103.50    0.00    0.00  103.50    15  bt-mz.B.24
04:19:52         6455  111.00    0.00    0.00  111.00    23  bt-mz.B.24

04:19:52          PID    %usr %system  %guest    %CPU   CPU  Command
04:19:54         3144    0.00    0.50    0.00    0.50    11  kondemand/11
04:19:54         3180    0.00    0.50    0.00    0.50     3  kipmi0
04:19:54         4128    0.00    0.50    0.00    0.50     5  gmond
04:19:54         6426    1.00    0.50    0.00    1.50     0  top
04:19:54         6428    0.50    1.50    0.00    2.00    19  pidstat
04:19:54         6430    1.00    2.00    0.00    3.00    14  pidstat
04:19:54         6439  117.50    0.00    0.00  117.50     1  bt-mz.B.24
04:19:54         6440  114.00    0.00    0.00  114.00     8  bt-mz.B.24
04:19:54         6441   96.00    0.00    0.00   96.00    23  bt-mz.B.24
04:19:54         6442  107.50    0.00    0.00  107.50     0  bt-mz.B.24
04:19:54         6443  108.00    0.00    0.00  108.00    21  bt-mz.B.24
04:19:54         6444   90.00    0.00    0.00   90.00     7  bt-mz.B.24
04:19:54         6445  108.50    0.00    0.00  108.50     9  bt-mz.B.24
04:19:54         6446  111.00    0.50    0.00  111.50    26  bt-mz.B.24
04:19:54         6447  110.00    0.00    0.00  110.00    25  bt-mz.B.24
04:19:54         6448  113.00    0.00    0.00  113.00     3  bt-mz.B.24
04:19:54         6449  111.50    0.00    0.00  111.50     5  bt-mz.B.24
04:19:54         6451  110.00    0.00    0.00  110.00    12  bt-mz.B.24
04:19:54         6452  114.00    0.00    0.00  114.00    22  bt-mz.B.24
04:19:54         6454  111.00    0.00    0.00  111.00    14  bt-mz.B.24
04:19:54         6455   81.00    0.00    0.00   81.00    20  bt-mz.B.24

04:19:54          PID    %usr %system  %guest    %CPU   CPU  Command
04:19:56         3140    0.00    0.50    0.00    0.50     7  kondemand/7
04:19:56         3152    0.00    0.50    0.00    0.50    19  kondemand/19
04:19:56         6426    0.50    0.50    0.00    1.00     0  top
04:19:56         6428    0.50    2.00    0.00    2.50     3  pidstat
04:19:56         6430    0.50    1.50    0.00    2.00    30  pidstat
04:19:56         6439  116.00    0.00    0.00  116.00     5  bt-mz.B.24
04:19:56         6440  113.00    0.00    0.00  113.00    14  bt-mz.B.24
04:19:56         6441  106.50    0.00    0.00  106.50    23  bt-mz.B.24
04:19:56         6442  112.50    0.00    0.00  112.50     2  bt-mz.B.24
04:19:56         6443  109.00    0.00    0.00  109.00    19  bt-mz.B.24
04:19:56         6444  108.50    0.00    0.00  108.50    17  bt-mz.B.24
04:19:56         6445  111.00    0.00    0.00  111.00    25  bt-mz.B.24
04:19:56         6446  110.00    0.00    0.00  110.00    12  bt-mz.B.24
04:19:56         6447  110.50    0.00    0.00  110.50    11  bt-mz.B.24
04:19:56         6448  112.50    0.00    0.00  112.50     7  bt-mz.B.24
04:19:56         6449  109.50    0.00    0.00  109.50     4  bt-mz.B.24
04:19:56         6451  106.00    0.50    0.00  106.50    28  bt-mz.B.24
04:19:56         6452  112.50    0.00    0.00  112.50     6  bt-mz.B.24
04:19:56         6454  110.00    0.00    0.00  110.00     9  bt-mz.B.24
04:19:56         6455  111.00    0.00    0.00  111.00    21  bt-mz.B.24

04:19:56          PID    %usr %system  %guest    %CPU   CPU  Command
04:19:58         3021    0.00    0.50    0.00    0.50    18  flush-8:0
04:19:58         3141    0.00    0.50    0.00    0.50     8  kondemand/8
04:19:58         3151    0.00    0.50    0.00    0.50    18  kondemand/18
04:19:58         3852    0.50    0.50    0.00    1.00    24  pbs_mom
04:19:58         6426    0.50    1.00    0.00    1.50    16  top
04:19:58         6428    0.50    2.00    0.00    2.50     3  pidstat
04:19:58         6430    0.50    1.00    0.00    1.50    14  pidstat
04:19:58         6439  115.00    0.00    0.00  115.00     5  bt-mz.B.24
04:19:58         6440  114.50    0.50    0.00  115.00     8  bt-mz.B.24
04:19:58         6441  111.00    0.00    0.00  111.00    21  bt-mz.B.24
04:19:58         6442  111.50    0.00    0.00  111.50    18  bt-mz.B.24
04:19:58         6443  112.50    0.00    0.00  112.50    19  bt-mz.B.24
04:19:58         6444  105.50    0.00    0.00  105.50     5  bt-mz.B.24
04:19:58         6445  107.00    0.00    0.00  107.00    25  bt-mz.B.24
04:19:58         6446  106.50    0.00    0.00  106.50    11  bt-mz.B.24
04:19:58         6447  110.50    0.00    0.00  110.50    26  bt-mz.B.24
04:19:58         6448  107.00    0.00    0.00  107.00    22  bt-mz.B.24
04:19:58         6449  111.50    0.50    0.00  112.00    20  bt-mz.B.24
04:19:58         6451  107.50    0.00    0.00  107.50    28  bt-mz.B.24
04:19:58         6452  110.50    0.00    0.00  110.50     7  bt-mz.B.24
04:19:58         6454  108.00    0.00    0.00  108.00    31  bt-mz.B.24
04:19:58         6455  108.00    0.50    0.00  108.50     6  bt-mz.B.24

04:19:58          PID    %usr %system  %guest    %CPU   CPU  Command
04:20:00         3135    0.00    0.50    0.00    0.50     2  kondemand/2
04:20:00         3142    0.00    0.50    0.00    0.50     9  kondemand/9
04:20:00         3145    0.00    0.50    0.00    0.50    12  kondemand/12
04:20:00         3147    0.00    0.50    0.00    0.50    14  kondemand/14
04:20:00         3164    0.00    0.50    0.00    0.50    31  kondemand/31
04:20:00         4128    0.00    0.50    0.00    0.50     5  gmond
04:20:00         6426    0.50    0.50    0.00    1.00    16  top
04:20:00         6428    1.00    1.50    0.00    2.50     3  pidstat
04:20:00         6430    1.00    3.00    0.00    4.00    30  pidstat
04:20:00         6432    0.00    0.50    0.00    0.50     6  iostat
04:20:00         6439  111.00    0.00    0.00  111.00     5  bt-mz.B.24
04:20:00         6440  105.50    0.00    0.00  105.50    12  bt-mz.B.24
04:20:00         6441  109.00    0.50    0.00  109.50     6  bt-mz.B.24
04:20:00         6442  110.00    0.50    0.00  110.50    18  bt-mz.B.24
04:20:00         6443  107.50    0.00    0.00  107.50     2  bt-mz.B.24
04:20:00         6444  111.50    0.00    0.00  111.50    16  bt-mz.B.24
04:20:00         6445  113.50    0.00    0.00  113.50     9  bt-mz.B.24
04:20:00         6446  110.50    0.00    0.00  110.50    11  bt-mz.B.24
04:20:00         6447   77.50    0.00    0.00   77.50    24  bt-mz.B.24
04:20:00         6448  108.00    0.00    0.00  108.00    22  bt-mz.B.24
04:20:00         6449  109.50    0.00    0.00  109.50     4  bt-mz.B.24
04:20:00         6451  111.00    0.00    0.00  111.00    28  bt-mz.B.24
04:20:00         6452  107.50    0.00    0.00  107.50    19  bt-mz.B.24
04:20:00         6454  101.00    0.00    0.00  101.00    31  bt-mz.B.24
04:20:00         6455  107.50    0.00    0.00  107.50    21  bt-mz.B.24

04:20:00          PID    %usr %system  %guest    %CPU   CPU  Command
04:20:02          137    0.00    0.50    0.00    0.50     6  events/6
04:20:02         3136    0.00    0.50    0.00    0.50     3  kondemand/3
04:20:02         3138    0.00    0.50    0.00    0.50     5  kondemand/5
04:20:02         3154    0.00    0.50    0.00    0.50    21  kondemand/21
04:20:02         3180    0.00    0.50    0.00    0.50     3  kipmi0
04:20:02         3808    0.50    0.00    0.00    0.50    13  crond
04:20:02         4128    0.00    0.50    0.00    0.50    21  gmond
04:20:02         6426    0.50    1.00    0.00    1.50    16  top
04:20:02         6428    0.50    1.50    0.00    2.00    19  pidstat
04:20:02         6430    0.50    2.00    0.00    2.50    30  pidstat
04:20:02         6439  119.50    0.00    0.00  119.50     5  bt-mz.B.24
04:20:02         6440   98.00    0.00    0.00   98.00    26  bt-mz.B.24
04:20:02         6441  112.50    0.00    0.00  112.50    19  bt-mz.B.24
04:20:02         6442  111.50    0.00    0.00  111.50    18  bt-mz.B.24
04:20:02         6443  109.00    0.50    0.00  109.50     3  bt-mz.B.24
04:20:02         6444  110.00    0.50    0.00  110.50    23  bt-mz.B.24
04:20:02         6445  113.50    0.00    0.00  113.50    28  bt-mz.B.24
04:20:02         6446  114.00    0.00    0.00  114.00    27  bt-mz.B.24
04:20:02         6447  112.50    0.00    0.00  112.50    14  bt-mz.B.24
04:20:02         6448  110.50    0.00    0.00  110.50     6  bt-mz.B.24
04:20:02         6449  113.00    0.00    0.00  113.00     4  bt-mz.B.24
04:20:02         6451   99.00    0.00    0.00   99.00    31  bt-mz.B.24
04:20:02         6452  112.00    0.00    0.00  112.00     2  bt-mz.B.24
04:20:02         6454  116.00    0.00    0.00  116.00    15  bt-mz.B.24
04:20:02         6455  109.00    0.00    0.00  109.00    20  bt-mz.B.24

04:20:02          PID    %usr %system  %guest    %CPU   CPU  Command
04:20:04         1063    0.00    0.50    0.00    0.50    11  jbd2/sda1-8
04:20:04         4128    0.50    0.00    0.00    0.50    21  gmond
04:20:04         6426    0.50    0.50    0.00    1.00    16  top
04:20:04         6428    0.50    2.00    0.00    2.50     3  pidstat
04:20:04         6430    0.50    1.50    0.00    2.00    14  pidstat
04:20:04         6439  116.50    0.00    0.00  116.50     5  bt-mz.B.24
04:20:04         6440  103.50    0.00    0.00  103.50    26  bt-mz.B.24
04:20:04         6441  108.50    0.00    0.00  108.50    19  bt-mz.B.24
04:20:04         6442  106.50    0.00    0.00  106.50    18  bt-mz.B.24
04:20:04         6443   99.00    0.00    0.00   99.00     2  bt-mz.B.24
04:20:04         6444  102.50    0.00    0.00  102.50     7  bt-mz.B.24
04:20:04         6445  106.00    0.00    0.00  106.00    12  bt-mz.B.24
04:20:04         6446  104.50    0.00    0.00  104.50    25  bt-mz.B.24
04:20:04         6447  105.50    0.00    0.00  105.50    30  bt-mz.B.24
04:20:04         6448  102.00    0.50    0.00  102.50     7  bt-mz.B.24
04:20:04         6449  100.00    0.00    0.00  100.00     4  bt-mz.B.24
04:20:04         6451  106.00    0.00    0.00  106.00    13  bt-mz.B.24
04:20:04         6452   97.50    0.00    0.00   97.50    22  bt-mz.B.24
04:20:04         6454  107.00    0.00    0.00  107.00    31  bt-mz.B.24
04:20:04         6455  101.00    0.00    0.00  101.00    20  bt-mz.B.24

04:20:04          PID    %usr %system  %guest    %CPU   CPU  Command
04:20:06         3134    0.00    0.50    0.00    0.50     1  kondemand/1
04:20:06         3143    0.00    0.50    0.00    0.50    10  kondemand/10
04:20:06         3149    0.00    0.50    0.00    0.50    16  kondemand/16
04:20:06         3155    0.00    0.50    0.00    0.50    22  kondemand/22
04:20:06         3180    0.00    0.50    0.00    0.50    19  kipmi0
04:20:06         6426    1.00    0.50    0.00    1.50     0  top
04:20:06         6428    0.50    2.00    0.00    2.50     3  pidstat
04:20:06         6430    0.50    1.50    0.00    2.00    14  pidstat
04:20:06         6439  119.00    0.00    0.00  119.00     5  bt-mz.B.24
04:20:06         6440  106.00    0.00    0.00  106.00    10  bt-mz.B.24
04:20:06         6441  114.00    0.00    0.00  114.00    19  bt-mz.B.24
04:20:06         6442  102.50    0.00    0.00  102.50     2  bt-mz.B.24
04:20:06         6443  109.00    0.00    0.00  109.00    18  bt-mz.B.24
04:20:06         6444  100.00    0.00    0.00  100.00    23  bt-mz.B.24
04:20:06         6445  110.00    0.00    0.00  110.00    28  bt-mz.B.24
04:20:06         6446  109.50    0.00    0.00  109.50    25  bt-mz.B.24
04:20:06         6447  111.50    0.00    0.00  111.50    30  bt-mz.B.24
04:20:06         6448  112.00    0.00    0.00  112.00     7  bt-mz.B.24
04:20:06         6449  112.50    0.00    0.00  112.50    20  bt-mz.B.24
04:20:06         6451  108.50    0.00    0.00  108.50    29  bt-mz.B.24
04:20:06         6452  100.00    0.50    0.00  100.50    22  bt-mz.B.24
04:20:06         6454  101.50    0.00    0.00  101.50    12  bt-mz.B.24
04:20:06         6455   97.00    0.00    0.00   97.00    16  bt-mz.B.24

04:20:06          PID    %usr %system  %guest    %CPU   CPU  Command
04:20:08         3139    0.00    0.50    0.00    0.50     6  kondemand/6
04:20:08         3146    0.00    0.50    0.00    0.50    13  kondemand/13
04:20:08         3162    0.00    0.50    0.00    0.50    29  kondemand/29
04:20:08         4128    0.00    0.50    0.00    0.50    21  gmond
04:20:08         6426    0.50    1.00    0.00    1.50     0  top
04:20:08         6428    0.50    1.50    0.00    2.00     3  pidstat
04:20:08         6430    0.50    2.00    0.00    2.50    30  pidstat
04:20:08         6439  115.00    0.00    0.00  115.00    21  bt-mz.B.24
04:20:08         6440  114.50    0.00    0.00  114.50     9  bt-mz.B.24
04:20:08         6441  112.50    0.00    0.00  112.50     5  bt-mz.B.24
04:20:08         6442  101.50    0.00    0.00  101.50    23  bt-mz.B.24
04:20:08         6443  114.00    0.00    0.00  114.00     2  bt-mz.B.24
04:20:08         6444  101.50    0.00    0.00  101.50     1  bt-mz.B.24
04:20:08         6445  101.00    0.00    0.00  101.00    28  bt-mz.B.24
04:20:08         6446  106.50    0.00    0.00  106.50    25  bt-mz.B.24
04:20:08         6447  109.50    0.00    0.00  109.50    14  bt-mz.B.24
04:20:08         6448  108.50    0.00    0.00  108.50    16  bt-mz.B.24
04:20:08         6449  112.00    0.00    0.00  112.00     4  bt-mz.B.24
04:20:08         6451  113.50    0.00    0.00  113.50    13  bt-mz.B.24
04:20:08         6452  108.00    0.50    0.00  108.50    22  bt-mz.B.24
04:20:08         6454  103.00    0.00    0.00  103.00    27  bt-mz.B.24
04:20:08         6455  112.00    0.00    0.00  112.00    20  bt-mz.B.24

04:20:08          PID    %usr %system  %guest    %CPU   CPU  Command
04:20:10         3156    0.00    0.50    0.00    0.50    23  kondemand/23
04:20:10         3159    0.00    0.50    0.00    0.50    26  kondemand/26
04:20:10         3180    0.00    0.50    0.00    0.50     3  kipmi0
04:20:10         3684    0.00    0.50    0.00    0.50    22  snmpd
04:20:10         6426    0.50    0.50    0.00    1.00     0  top
04:20:10         6428    0.50    2.00    0.00    2.50     3  pidstat
04:20:10         6430    0.50    2.00    0.00    2.50    30  pidstat
04:20:10         6439  110.00    0.00    0.00  110.00    21  bt-mz.B.24
04:20:10         6440  104.50    0.00    0.00  104.50    14  bt-mz.B.24
04:20:10         6441  111.50    0.00    0.00  111.50     4  bt-mz.B.24
04:20:10         6442  105.50    0.00    0.00  105.50     7  bt-mz.B.24
04:20:10         6443  112.00    0.00    0.00  112.00    18  bt-mz.B.24
04:20:10         6444  112.50    0.00    0.00  112.50    19  bt-mz.B.24
04:20:10         6445  101.00    0.00    0.00  101.00    12  bt-mz.B.24
04:20:10         6446  109.00    0.00    0.00  109.00    31  bt-mz.B.24
04:20:10         6447  106.00    0.50    0.00  106.50    25  bt-mz.B.24
04:20:10         6448   98.50    0.00    0.00   98.50     0  bt-mz.B.24
04:20:10         6449  104.00    0.00    0.00  104.00    20  bt-mz.B.24
04:20:10         6451  109.50    0.50    0.00  110.00    13  bt-mz.B.24
04:20:10         6452  115.00    0.00    0.00  115.00     6  bt-mz.B.24
04:20:10         6454  106.50    0.00    0.00  106.50     9  bt-mz.B.24
04:20:10         6455  110.50    0.00    0.00  110.50    17  bt-mz.B.24

04:20:10          PID    %usr %system  %guest    %CPU   CPU  Command
04:20:12          133    0.00    0.50    0.00    0.50     2  events/2
04:20:12         3158    0.00    0.50    0.00    0.50    25  kondemand/25
04:20:12         3180    0.00    0.50    0.00    0.50     3  kipmi0
04:20:12         4128    0.00    0.50    0.00    0.50     5  gmond
04:20:12         6426    0.50    0.50    0.00    1.00     1  top
04:20:12         6428    0.50    2.00    0.00    2.50     3  pidstat
04:20:12         6430    0.50    2.00    0.00    2.50    30  pidstat
04:20:12         6435    0.00    0.50    0.00    0.50     0  vmstat
04:20:12         6439  113.50    0.00    0.00  113.50    21  bt-mz.B.24
04:20:12         6440  113.00    0.00    0.00  113.00    26  bt-mz.B.24
04:20:12         6441  100.00    0.00    0.00  100.00    20  bt-mz.B.24
04:20:12         6442  108.50    0.00    0.00  108.50    23  bt-mz.B.24
04:20:12         6443  109.00    0.00    0.00  109.00     6  bt-mz.B.24
04:20:12         6444  108.50    0.00    0.00  108.50    17  bt-mz.B.24
04:20:12         6445  110.00    0.00    0.00  110.00    11  bt-mz.B.24
04:20:12         6446  109.00    0.00    0.00  109.00    27  bt-mz.B.24
04:20:12         6447  106.50    0.00    0.00  106.50    24  bt-mz.B.24
04:20:12         6448  109.00    0.00    0.00  109.00     0  bt-mz.B.24
04:20:12         6449  102.00    0.00    0.00  102.00     4  bt-mz.B.24
04:20:12         6451  108.50    0.00    0.00  108.50    28  bt-mz.B.24
04:20:12         6452  113.00    0.00    0.00  113.00    22  bt-mz.B.24
04:20:12         6454  108.50    0.50    0.00  109.00     9  bt-mz.B.24
04:20:12         6455  110.50    0.00    0.00  110.50    16  bt-mz.B.24

04:20:12          PID    %usr %system  %guest    %CPU   CPU  Command
04:20:14         3133    0.00    0.50    0.00    0.50     0  kondemand/0
04:20:14         3148    0.00    0.50    0.00    0.50    15  kondemand/15
04:20:14         3180    0.00    0.50    0.00    0.50     3  kipmi0
04:20:14         3195    0.50    0.50    0.00    1.00    26  irqbalance
04:20:14         6426    1.00    0.50    0.00    1.50    17  top
04:20:14         6428    0.50    2.00    0.00    2.50     3  pidstat
04:20:14         6430    1.00    1.50    0.00    2.50    30  pidstat
04:20:14         6439  118.50    0.50    0.00  119.00     5  bt-mz.B.24
04:20:14         6440  109.00    0.00    0.00  109.00    26  bt-mz.B.24
04:20:14         6441  107.50    0.00    0.00  107.50     7  bt-mz.B.24
04:20:14         6442  105.50    0.50    0.00  106.00    23  bt-mz.B.24
04:20:14         6443   87.00    0.00    0.00   87.00     0  bt-mz.B.24
04:20:14         6444   99.00    0.00    0.00   99.00     1  bt-mz.B.24
04:20:14         6445  107.00    0.00    0.00  107.00    13  bt-mz.B.24
04:20:14         6446  106.50    0.00    0.00  106.50    30  bt-mz.B.24
04:20:14         6447  107.50    0.00    0.00  107.50    10  bt-mz.B.24
04:20:14         6448  108.00    0.50    0.00  108.50     0  bt-mz.B.24
04:20:14         6449  108.50    0.00    0.00  108.50     4  bt-mz.B.24
04:20:14         6451  113.00    0.00    0.00  113.00    12  bt-mz.B.24
04:20:14         6452  112.50    0.00    0.00  112.50     6  bt-mz.B.24
04:20:14         6454  106.50    0.00    0.00  106.50    11  bt-mz.B.24
04:20:14         6455   92.00    0.00    0.00   92.00    17  bt-mz.B.24

04:20:14          PID    %usr %system  %guest    %CPU   CPU  Command
04:20:16         3160    0.00    0.50    0.00    0.50    27  kondemand/27
04:20:16         4128    0.00    0.50    0.00    0.50    21  gmond
04:20:16         6426    0.50    0.50    0.00    1.00     1  top
04:20:16         6428    0.50    1.50    0.00    2.00     3  pidstat
04:20:16         6430    0.50    2.00    0.00    2.50    30  pidstat
04:20:16         6439  111.00    0.00    0.00  111.00     5  bt-mz.B.24
04:20:16         6440  108.50    0.00    0.00  108.50     8  bt-mz.B.24
04:20:16         6441  104.00    0.00    0.00  104.00    21  bt-mz.B.24
04:20:16         6442  110.50    0.00    0.00  110.50    23  bt-mz.B.24
04:20:16         6443  107.50    0.00    0.00  107.50     3  bt-mz.B.24
04:20:16         6444  109.50    0.00    0.00  109.50     1  bt-mz.B.24
04:20:16         6445  103.00    0.00    0.00  103.00    26  bt-mz.B.24
04:20:16         6446   95.50    0.00    0.00   95.50    10  bt-mz.B.24
04:20:16         6447  112.00    0.00    0.00  112.00    28  bt-mz.B.24
04:20:16         6448  108.00    0.00    0.00  108.00     4  bt-mz.B.24
04:20:16         6449  108.50    0.00    0.00  108.50    20  bt-mz.B.24
04:20:16         6451  113.50    0.00    0.00  113.50    12  bt-mz.B.24
04:20:16         6452  113.00    0.00    0.00  113.00     6  bt-mz.B.24
04:20:16         6454  103.00    0.00    0.00  103.00    11  bt-mz.B.24
04:20:16         6455  107.50    0.00    0.00  107.50     7  bt-mz.B.24
