Linux 2.6.32-279.14.1.el6.x86_64 (compute-641-14.local) 	04/21/20 	_x86_64_	(32 CPU)

03:52:16          PID    %usr %system  %guest    %CPU   CPU  Command
03:52:18         1059    3.43    1.96    0.00    5.39     9  mpirun
03:52:18         1098    0.49    0.49    0.00    0.98    11  top
03:52:18         1100    0.49    1.47    0.00    1.96    29  pidstat
03:52:18         1102    0.49    1.47    0.00    1.96     3  pidstat
03:52:18         1111   84.31    6.37    0.00   90.69     4  bt-mz.B.24
03:52:18         1112   91.67    7.35    0.00   99.02     6  bt-mz.B.24
03:52:18         1113   86.76    6.37    0.00   93.14     0  bt-mz.B.24
03:52:18         1114   82.35    6.86    0.00   89.22    22  bt-mz.B.24
03:52:18         1115   88.73    6.37    0.00   95.10    10  bt-mz.B.24
03:52:18         1116   84.31    5.39    0.00   89.71     3  bt-mz.B.24
03:52:18         1117   65.20    6.37    0.00   71.57    20  bt-mz.B.24
03:52:18         1118   83.33    6.37    0.00   89.71    27  bt-mz.B.24
03:52:18         1119   86.27    6.86    0.00   93.14     5  bt-mz.B.24
03:52:18         1121   83.33    6.37    0.00   89.71    28  bt-mz.B.24
03:52:18         1123   82.35    5.88    0.00   88.24     2  bt-mz.B.24
03:52:18         1124   89.22    5.88    0.00   95.10    15  bt-mz.B.24
03:52:18         1126   86.76    5.39    0.00   92.16     7  bt-mz.B.24
03:52:18         1130   89.71    5.39    0.00   95.10    24  bt-mz.B.24
03:52:18         1131   86.76    5.39    0.00   92.16    31  bt-mz.B.24
03:52:18         1135   86.27    5.88    0.00   92.16    23  bt-mz.B.24
03:52:18         1136   90.20    4.90    0.00   95.10     9  bt-mz.B.24
03:52:18         1138   89.71    6.37    0.00   96.08    13  bt-mz.B.24
03:52:18         1140   70.59    5.88    0.00   76.47    20  bt-mz.B.24
03:52:18         1141   84.31    5.88    0.00   90.20    21  bt-mz.B.24
03:52:18         1144   90.20    4.90    0.00   95.10    14  bt-mz.B.24
03:52:18         1147   69.12    5.39    0.00   74.51     1  bt-mz.B.24
03:52:18         1148   82.35    4.90    0.00   87.25    18  bt-mz.B.24
03:52:18         1150   83.82    5.39    0.00   89.22    19  bt-mz.B.24
03:52:18         3135    0.00    0.49    0.00    0.49     2  kondemand/2
03:52:18         3180    0.00    0.49    0.00    0.49    17  kipmi0

03:52:18          PID    %usr %system  %guest    %CPU   CPU  Command
03:52:20         1098    0.50    1.00    0.00    1.50    11  top
03:52:20         1100    1.00    2.00    0.00    3.00    29  pidstat
03:52:20         1102    1.00    1.50    0.00    2.50    19  pidstat
03:52:20         1111   91.00    0.00    0.00   91.00     6  bt-mz.B.24
03:52:20         1112  110.00    0.00    0.00  110.00    21  bt-mz.B.24
03:52:20         1113  106.50    0.00    0.00  106.50     0  bt-mz.B.24
03:52:20         1114  100.00    0.00    0.00  100.00     6  bt-mz.B.24
03:52:20         1115  110.00    0.50    0.00  110.50    26  bt-mz.B.24
03:52:20         1116  102.50    0.00    0.00  102.50    17  bt-mz.B.24
03:52:20         1117  104.00    0.00    0.00  104.00     4  bt-mz.B.24
03:52:20         1118  108.00    0.00    0.00  108.00    12  bt-mz.B.24
03:52:20         1119   88.00    0.00    0.00   88.00    16  bt-mz.B.24
03:52:20         1121  113.00    0.00    0.00  113.00     8  bt-mz.B.24
03:52:20         1123  103.50    0.00    0.00  103.50    18  bt-mz.B.24
03:52:20         1124  114.50    0.00    0.00  114.50    14  bt-mz.B.24
03:52:20         1126   96.50    0.00    0.00   96.50    19  bt-mz.B.24
03:52:20         1130  111.00    0.00    0.00  111.00    28  bt-mz.B.24
03:52:20         1131  112.50    0.00    0.00  112.50     9  bt-mz.B.24
03:52:20         1135  104.00    0.00    0.00  104.00    23  bt-mz.B.24
03:52:20         1136  109.50    0.50    0.00  110.00    31  bt-mz.B.24
03:52:20         1138  112.50    0.00    0.00  112.50    13  bt-mz.B.24
03:52:20         1140   90.00    0.50    0.00   90.50     2  bt-mz.B.24
03:52:20         1141   92.50    0.00    0.00   92.50     5  bt-mz.B.24
03:52:20         1144  107.00    0.00    0.00  107.00    27  bt-mz.B.24
03:52:20         1147   93.50    0.00    0.00   93.50     1  bt-mz.B.24
03:52:20         1148  101.00    0.00    0.00  101.00    20  bt-mz.B.24
03:52:20         1150  105.00    0.00    0.00  105.00    22  bt-mz.B.24
03:52:20         3142    0.00    0.50    0.00    0.50     9  kondemand/9

03:52:20          PID    %usr %system  %guest    %CPU   CPU  Command
03:52:22         1098    0.50    0.50    0.00    1.00    27  top
03:52:22         1100    0.50    1.50    0.00    2.00    29  pidstat
03:52:22         1102    0.50    2.00    0.00    2.50    19  pidstat
03:52:22         1111   99.50    0.00    0.00   99.50    19  bt-mz.B.24
03:52:22         1112   96.50    0.00    0.00   96.50     7  bt-mz.B.24
03:52:22         1113   94.00    0.00    0.00   94.00     1  bt-mz.B.24
03:52:22         1114  102.00    0.00    0.00  102.00     5  bt-mz.B.24
03:52:22         1115  114.00    0.00    0.00  114.00    26  bt-mz.B.24
03:52:22         1116  101.50    0.00    0.00  101.50    16  bt-mz.B.24
03:52:22         1117  101.00    0.00    0.00  101.00    23  bt-mz.B.24
03:52:22         1118  111.00    0.50    0.00  111.50    12  bt-mz.B.24
03:52:22         1119  105.00    0.00    0.00  105.00     0  bt-mz.B.24
03:52:22         1121  113.50    0.00    0.00  113.50     8  bt-mz.B.24
03:52:22         1123  108.50    0.00    0.00  108.50     2  bt-mz.B.24
03:52:22         1124  113.00    0.00    0.00  113.00    14  bt-mz.B.24
03:52:22         1126   90.00    0.00    0.00   90.00     3  bt-mz.B.24
03:52:22         1130  102.50    0.00    0.00  102.50    28  bt-mz.B.24
03:52:22         1131  112.50    0.50    0.00  113.00    25  bt-mz.B.24
03:52:22         1135   96.00    0.00    0.00   96.00    17  bt-mz.B.24
03:52:22         1136  112.50    0.00    0.00  112.50    31  bt-mz.B.24
03:52:22         1138  112.00    0.00    0.00  112.00    13  bt-mz.B.24
03:52:22         1140   99.00    0.00    0.00   99.00    18  bt-mz.B.24
03:52:22         1141  103.50    0.00    0.00  103.50    21  bt-mz.B.24
03:52:22         1144  113.50    0.00    0.00  113.50    27  bt-mz.B.24
03:52:22         1147   92.50    0.00    0.00   92.50     1  bt-mz.B.24
03:52:22         1148  106.00    0.00    0.00  106.00     4  bt-mz.B.24
03:52:22         1150  106.50    0.00    0.00  106.50     6  bt-mz.B.24
03:52:22         3145    0.00    0.50    0.00    0.50    12  kondemand/12
03:52:22         3157    0.00    0.50    0.00    0.50    24  kondemand/24
03:52:22         3195    0.00    0.50    0.00    0.50    10  irqbalance

03:52:22          PID    %usr %system  %guest    %CPU   CPU  Command
03:52:24         1098    0.50    0.50    0.00    1.00    27  top
03:52:24         1100    0.50    2.00    0.00    2.50    29  pidstat
03:52:24         1102    0.50    1.50    0.00    2.00     3  pidstat
03:52:24         1111   99.00    0.00    0.00   99.00    19  bt-mz.B.24
03:52:24         1112  109.00    0.00    0.00  109.00     7  bt-mz.B.24
03:52:24         1113  107.00    0.00    0.00  107.00    21  bt-mz.B.24
03:52:24         1114  104.00    0.00    0.00  104.00     3  bt-mz.B.24
03:52:24         1115  111.50    0.00    0.00  111.50     9  bt-mz.B.24
03:52:24         1116  101.00    0.00    0.00  101.00    20  bt-mz.B.24
03:52:24         1117   98.50    0.00    0.00   98.50    23  bt-mz.B.24
03:52:24         1118  108.50    0.00    0.00  108.50    31  bt-mz.B.24
03:52:24         1119  110.50    0.00    0.00  110.50    16  bt-mz.B.24
03:52:24         1121  110.50    0.00    0.00  110.50    15  bt-mz.B.24
03:52:24         1123   96.00    0.00    0.00   96.00    22  bt-mz.B.24
03:52:24         1124  112.50    0.00    0.00  112.50    14  bt-mz.B.24
03:52:24         1126   89.50    0.00    0.00   89.50    17  bt-mz.B.24
03:52:24         1130  112.50    0.00    0.00  112.50    12  bt-mz.B.24
03:52:24         1131  111.50    0.00    0.00  111.50     8  bt-mz.B.24
03:52:24         1135  101.50    0.00    0.00  101.50     1  bt-mz.B.24
03:52:24         1136  111.50    0.00    0.00  111.50    26  bt-mz.B.24
03:52:24         1138  112.50    0.00    0.00  112.50    13  bt-mz.B.24
03:52:24         1140   90.50    0.00    0.00   90.50    20  bt-mz.B.24
03:52:24         1141   93.50    0.00    0.00   93.50     4  bt-mz.B.24
03:52:24         1144  111.50    0.00    0.00  111.50    27  bt-mz.B.24
03:52:24         1147   91.50    0.00    0.00   91.50     5  bt-mz.B.24
03:52:24         1148   96.00    0.00    0.00   96.00     6  bt-mz.B.24
03:52:24         1150   99.00    0.00    0.00   99.00     2  bt-mz.B.24
03:52:24         3148    0.00    0.50    0.00    0.50    15  kondemand/15
03:52:24         3150    0.00    0.50    0.00    0.50    17  kondemand/17

03:52:24          PID    %usr %system  %guest    %CPU   CPU  Command
03:52:26         1098    1.00    1.00    0.00    2.00    27  top
03:52:26         1100    0.50    1.50    0.00    2.00    29  pidstat
03:52:26         1102    1.00    2.00    0.00    3.00     3  pidstat
03:52:26         1111  117.50    0.00    0.00  117.50    19  bt-mz.B.24
03:52:26         1112  112.00    0.00    0.00  112.00     7  bt-mz.B.24
03:52:26         1113  107.00    0.00    0.00  107.00    20  bt-mz.B.24
03:52:26         1114  104.00    0.00    0.00  104.00     5  bt-mz.B.24
03:52:26         1115  102.50    0.00    0.00  102.50    25  bt-mz.B.24
03:52:26         1116  105.50    0.00    0.00  105.50     4  bt-mz.B.24
03:52:26         1117  101.00    0.00    0.00  101.00    17  bt-mz.B.24
03:52:26         1118  111.50    0.00    0.00  111.50    31  bt-mz.B.24
03:52:26         1119  105.00    0.00    0.00  105.00     6  bt-mz.B.24
03:52:26         1121  108.00    0.00    0.00  108.00     9  bt-mz.B.24
03:52:26         1123   99.00    0.00    0.00   99.00    21  bt-mz.B.24
03:52:26         1124  112.00    0.00    0.00  112.00    14  bt-mz.B.24
03:52:26         1126  104.00    0.00    0.00  104.00     0  bt-mz.B.24
03:52:26         1130  111.50    0.00    0.00  111.50    11  bt-mz.B.24
03:52:26         1131  112.00    0.00    0.00  112.00    24  bt-mz.B.24
03:52:26         1135  106.50    0.00    0.00  106.50     8  bt-mz.B.24
03:52:26         1136  111.00    0.00    0.00  111.00    13  bt-mz.B.24
03:52:26         1138  112.00    0.00    0.00  112.00    26  bt-mz.B.24
03:52:26         1140  103.50    0.00    0.00  103.50     2  bt-mz.B.24
03:52:26         1141  103.50    0.50    0.00  104.00    22  bt-mz.B.24
03:52:26         1144  112.50    0.00    0.00  112.50    12  bt-mz.B.24
03:52:26         1147  105.00    0.00    0.00  105.00    25  bt-mz.B.24
03:52:26         1148   89.50    0.00    0.00   89.50    23  bt-mz.B.24
03:52:26         1150  104.00    0.00    0.00  104.00     3  bt-mz.B.24
03:52:26         3164    0.00    0.50    0.00    0.50    31  kondemand/31

03:52:26          PID    %usr %system  %guest    %CPU   CPU  Command
03:52:28         1098    0.50    0.50    0.00    1.00    11  top
03:52:28         1100    0.50    2.00    0.00    2.50    13  pidstat
03:52:28         1102    0.50    2.00    0.00    2.50     3  pidstat
03:52:28         1111  113.50    0.00    0.00  113.50    19  bt-mz.B.24
03:52:28         1112  100.50    0.00    0.00  100.50     1  bt-mz.B.24
03:52:28         1113  105.50    0.00    0.00  105.50    20  bt-mz.B.24
03:52:28         1114  106.00    0.00    0.00  106.00     4  bt-mz.B.24
03:52:28         1115  111.00    0.00    0.00  111.00     9  bt-mz.B.24
03:52:28         1116  102.50    0.00    0.00  102.50    16  bt-mz.B.24
03:52:28         1117   96.00    0.00    0.00   96.00    21  bt-mz.B.24
03:52:28         1118  112.50    0.00    0.00  112.50    31  bt-mz.B.24
03:52:28         1119  104.00    0.00    0.00  104.00     5  bt-mz.B.24
03:52:28         1121  110.50    0.50    0.00  111.00     8  bt-mz.B.24
03:52:28         1123  100.00    0.00    0.00  100.00    17  bt-mz.B.24
03:52:28         1124  112.00    0.00    0.00  112.00    28  bt-mz.B.24
03:52:28         1126  109.00    0.00    0.00  109.00     0  bt-mz.B.24
03:52:28         1130  111.00    0.00    0.00  111.00    30  bt-mz.B.24
03:52:28         1131  113.50    0.00    0.00  113.50    26  bt-mz.B.24
03:52:28         1135  103.00    0.00    0.00  103.00    10  bt-mz.B.24
03:52:28         1136  110.00    0.50    0.00  110.50    24  bt-mz.B.24
03:52:28         1138  110.50    0.50    0.00  111.00    12  bt-mz.B.24
03:52:28         1140  111.00    0.00    0.00  111.00     2  bt-mz.B.24
03:52:28         1141  107.50    0.00    0.00  107.50    22  bt-mz.B.24
03:52:28         1144  112.50    0.50    0.00  113.00    29  bt-mz.B.24
03:52:28         1147  111.00    0.00    0.00  111.00    27  bt-mz.B.24
03:52:28         1148  111.50    0.00    0.00  111.50     7  bt-mz.B.24
03:52:28         1150  105.00    0.50    0.00  105.50     3  bt-mz.B.24
03:52:28         3139    0.00    0.50    0.00    0.50     6  kondemand/6
03:52:28         3151    0.00    0.50    0.00    0.50    18  kondemand/18

03:52:28          PID    %usr %system  %guest    %CPU   CPU  Command
03:52:30         1098    0.50    0.50    0.00    1.00    11  top
03:52:30         1100    1.00    1.50    0.00    2.50    13  pidstat
03:52:30         1102    1.00    2.00    0.00    3.00     3  pidstat
03:52:30         1111  113.00    0.00    0.00  113.00    19  bt-mz.B.24
03:52:30         1112   94.50    0.00    0.00   94.50    18  bt-mz.B.24
03:52:30         1113  102.50    0.00    0.00  102.50    20  bt-mz.B.24
03:52:30         1114  103.00    0.00    0.00  103.00    17  bt-mz.B.24
03:52:30         1115  111.00    0.00    0.00  111.00    15  bt-mz.B.24
03:52:30         1116  106.50    0.00    0.00  106.50    16  bt-mz.B.24
03:52:30         1117  109.50    0.00    0.00  109.50     5  bt-mz.B.24
03:52:30         1118  108.00    0.00    0.00  108.00    24  bt-mz.B.24
03:52:30         1119  108.50    0.00    0.00  108.50     1  bt-mz.B.24
03:52:30         1121  100.50    0.00    0.00  100.50    31  bt-mz.B.24
03:52:30         1123  104.50    0.00    0.00  104.50     1  bt-mz.B.24
03:52:30         1124  112.50    0.00    0.00  112.50    12  bt-mz.B.24
03:52:30         1126  109.00    0.00    0.00  109.00     2  bt-mz.B.24
03:52:30         1130  111.00    0.50    0.00  111.50     9  bt-mz.B.24
03:52:30         1131  113.50    0.00    0.00  113.50    10  bt-mz.B.24
03:52:30         1135  102.00    0.00    0.00  102.00    14  bt-mz.B.24
03:52:30         1136   96.50    0.00    0.00   96.50    26  bt-mz.B.24
03:52:30         1138  109.50    0.00    0.00  109.50    25  bt-mz.B.24
03:52:30         1140  106.50    0.00    0.00  106.50     6  bt-mz.B.24
03:52:30         1141  101.50    0.00    0.00  101.50     4  bt-mz.B.24
03:52:30         1144  113.00    0.00    0.00  113.00    29  bt-mz.B.24
03:52:30         1147  111.50    0.00    0.00  111.50    11  bt-mz.B.24
03:52:30         1148  110.00    0.00    0.00  110.00    23  bt-mz.B.24
03:52:30         1150  108.00    0.00    0.00  108.00    22  bt-mz.B.24
03:52:30         3134    0.00    0.50    0.00    0.50     1  kondemand/1
03:52:30         3141    0.00    0.50    0.00    0.50     8  kondemand/8
03:52:30         3152    0.00    0.50    0.00    0.50    19  kondemand/19
03:52:30         3180    0.00    0.50    0.00    0.50    17  kipmi0

03:52:30          PID    %usr %system  %guest    %CPU   CPU  Command
03:52:32          153    0.00    0.50    0.00    0.50    22  events/22
03:52:32         1098    0.50    0.50    0.00    1.00    27  top
03:52:32         1100    0.50    1.50    0.00    2.00    13  pidstat
03:52:32         1102    0.50    1.00    0.00    1.50     3  pidstat
03:52:32         1111  104.00    0.50    0.00  104.50    19  bt-mz.B.24
03:52:32         1112  113.00    0.00    0.00  113.00    21  bt-mz.B.24
03:52:32         1113  115.00    0.00    0.00  115.00    20  bt-mz.B.24
03:52:32         1114   89.50    0.00    0.00   89.50     5  bt-mz.B.24
03:52:32         1115  109.00    0.00    0.00  109.00    30  bt-mz.B.24
03:52:32         1116  111.00    0.00    0.00  111.00    16  bt-mz.B.24
03:52:32         1117  101.50    0.00    0.00  101.50     1  bt-mz.B.24
03:52:32         1118  106.50    0.00    0.00  106.50    28  bt-mz.B.24
03:52:32         1119  108.50    0.00    0.00  108.50     0  bt-mz.B.24
03:52:32         1121  111.00    0.00    0.00  111.00     9  bt-mz.B.24
03:52:32         1123  106.50    0.00    0.00  106.50    17  bt-mz.B.24
03:52:32         1124  112.50    0.00    0.00  112.50    12  bt-mz.B.24
03:52:32         1126  112.50    0.00    0.00  112.50     2  bt-mz.B.24
03:52:32         1130  113.00    0.00    0.00  113.00    15  bt-mz.B.24
03:52:32         1131  110.50    0.00    0.00  110.50     8  bt-mz.B.24
03:52:32         1135  111.50    0.00    0.00  111.50    14  bt-mz.B.24
03:52:32         1136  113.00    0.00    0.00  113.00    26  bt-mz.B.24
03:52:32         1138  113.00    0.00    0.00  113.00    25  bt-mz.B.24
03:52:32         1140  107.50    0.00    0.00  107.50     6  bt-mz.B.24
03:52:32         1141  107.00    0.00    0.00  107.00    22  bt-mz.B.24
03:52:32         1144  111.50    0.00    0.00  111.50    29  bt-mz.B.24
03:52:32         1147  108.50    0.00    0.00  108.50    27  bt-mz.B.24
03:52:32         1148  105.50    0.00    0.00  105.50     3  bt-mz.B.24
03:52:32         1150   89.00    0.00    0.00   89.00     7  bt-mz.B.24
03:52:32         3140    0.00    0.50    0.00    0.50     7  kondemand/7

03:52:32          PID    %usr %system  %guest    %CPU   CPU  Command
03:52:34         1098    0.50    1.00    0.00    1.50    27  top
03:52:34         1100    1.00    1.50    0.00    2.50    13  pidstat
03:52:34         1102    1.00    2.00    0.00    3.00    19  pidstat
03:52:34         1111  118.50    0.00    0.00  118.50     3  bt-mz.B.24
03:52:34         1112  107.50    0.00    0.00  107.50     2  bt-mz.B.24
03:52:34         1113  112.00    0.00    0.00  112.00     6  bt-mz.B.24
03:52:34         1114  108.50    0.00    0.00  108.50    16  bt-mz.B.24
03:52:34         1115  112.50    0.00    0.00  112.50    30  bt-mz.B.24
03:52:34         1116  106.00    0.00    0.00  106.00     0  bt-mz.B.24
03:52:34         1117  101.50    0.00    0.00  101.50     5  bt-mz.B.24
03:52:34         1118  109.50    0.00    0.00  109.50    12  bt-mz.B.24
03:52:34         1119  100.50    0.50    0.00  101.00     4  bt-mz.B.24
03:52:34         1121  110.50    0.00    0.00  110.50    24  bt-mz.B.24
03:52:34         1123  110.00    0.00    0.00  110.00    17  bt-mz.B.24
03:52:34         1124  107.50    0.00    0.00  107.50    10  bt-mz.B.24
03:52:34         1126  104.00    0.00    0.00  104.00    18  bt-mz.B.24
03:52:34         1130  113.00    0.00    0.00  113.00    15  bt-mz.B.24
03:52:34         1131  110.50    0.00    0.00  110.50     8  bt-mz.B.24
03:52:34         1135  101.00    0.50    0.00  101.50    14  bt-mz.B.24
03:52:34         1136  110.50    0.00    0.00  110.50    26  bt-mz.B.24
03:52:34         1138  112.50    0.00    0.00  112.50     9  bt-mz.B.24
03:52:34         1140  103.00    0.50    0.00  103.50    22  bt-mz.B.24
03:52:34         1141  107.00    0.00    0.00  107.00    23  bt-mz.B.24
03:52:34         1144  112.00    0.00    0.00  112.00    29  bt-mz.B.24
03:52:34         1147  110.00    0.00    0.00  110.00    11  bt-mz.B.24
03:52:34         1148   98.00    0.50    0.00   98.50    20  bt-mz.B.24
03:52:34         1150  106.50    0.00    0.00  106.50     7  bt-mz.B.24
03:52:34         3136    0.00    0.50    0.00    0.50     3  kondemand/3
03:52:34         3180    0.00    0.50    0.00    0.50     1  kipmi0

03:52:34          PID    %usr %system  %guest    %CPU   CPU  Command
03:52:36         1098    0.50    1.00    0.00    1.50    11  top
03:52:36         1100    0.50    2.00    0.00    2.50    29  pidstat
03:52:36         1102    0.50    2.00    0.00    2.50    19  pidstat
03:52:36         1111  116.50    0.00    0.00  116.50     3  bt-mz.B.24
03:52:36         1112  104.00    0.00    0.00  104.00    18  bt-mz.B.24
03:52:36         1113  105.50    0.00    0.00  105.50     0  bt-mz.B.24
03:52:36         1114  107.00    0.00    0.00  107.00     1  bt-mz.B.24
03:52:36         1115  113.00    0.00    0.00  113.00    30  bt-mz.B.24
03:52:36         1116  105.50    0.00    0.00  105.50     4  bt-mz.B.24
03:52:36         1117  109.00    0.00    0.00  109.00     5  bt-mz.B.24
03:52:36         1118  114.50    0.50    0.00  115.00    12  bt-mz.B.24
03:52:36         1119  102.50    0.00    0.00  102.50     7  bt-mz.B.24
03:52:36         1121  111.00    0.00    0.00  111.00    26  bt-mz.B.24
03:52:36         1123  102.00    0.00    0.00  102.00    17  bt-mz.B.24
03:52:36         1124  110.00    0.00    0.00  110.00    10  bt-mz.B.24
03:52:36         1126  110.50    0.00    0.00  110.50     6  bt-mz.B.24
03:52:36         1130  116.50    0.00    0.00  116.50    15  bt-mz.B.24
03:52:36         1131  113.00    0.00    0.00  113.00     8  bt-mz.B.24
03:52:36         1135  100.50    0.00    0.00  100.50    14  bt-mz.B.24
03:52:36         1136  112.50    0.00    0.00  112.50    25  bt-mz.B.24
03:52:36         1138  111.00    0.00    0.00  111.00    28  bt-mz.B.24
03:52:36         1140  111.00    0.00    0.00  111.00    16  bt-mz.B.24
03:52:36         1141  103.00    0.00    0.00  103.00     2  bt-mz.B.24
03:52:36         1144  115.00    0.00    0.00  115.00    13  bt-mz.B.24
03:52:36         1147  115.50    0.50    0.00  116.00    27  bt-mz.B.24
03:52:36         1148  106.50    0.00    0.00  106.50    20  bt-mz.B.24
03:52:36         1150  110.50    0.00    0.00  110.50    23  bt-mz.B.24

03:52:36          PID    %usr %system  %guest    %CPU   CPU  Command
03:52:38         1098    0.50    0.50    0.00    1.00    11  top
03:52:38         1100    1.00    1.50    0.00    2.50    29  pidstat
03:52:38         1102    0.50    1.50    0.00    2.00    19  pidstat
03:52:38         1111  113.00    0.00    0.00  113.00     2  bt-mz.B.24
03:52:38         1112  114.50    0.00    0.00  114.50     6  bt-mz.B.24
03:52:38         1113  114.00    0.00    0.00  114.00    21  bt-mz.B.24
03:52:38         1114   96.50    0.00    0.00   96.50     0  bt-mz.B.24
03:52:38         1115  112.00    0.50    0.00  112.50    14  bt-mz.B.24
03:52:38         1116   98.50    0.50    0.00   99.00    19  bt-mz.B.24
03:52:38         1117  108.00    0.50    0.00  108.50    18  bt-mz.B.24
03:52:38         1118  110.50    0.00    0.00  110.50    26  bt-mz.B.24
03:52:38         1119  106.50    0.00    0.00  106.50    23  bt-mz.B.24
03:52:38         1121  114.00    0.00    0.00  114.00    30  bt-mz.B.24
03:52:38         1123  104.00    0.00    0.00  104.00    16  bt-mz.B.24
03:52:38         1124  111.00    0.00    0.00  111.00    25  bt-mz.B.24
03:52:38         1126  110.00    0.00    0.00  110.00     7  bt-mz.B.24
03:52:38         1130  113.50    0.00    0.00  113.50    31  bt-mz.B.24
03:52:38         1131  113.00    0.00    0.00  113.00     8  bt-mz.B.24
03:52:38         1135  109.50    0.50    0.00  110.00    24  bt-mz.B.24
03:52:38         1136  108.50    0.50    0.00  109.00    28  bt-mz.B.24
03:52:38         1138  110.00    0.00    0.00  110.00    10  bt-mz.B.24
03:52:38         1140  103.50    0.00    0.00  103.50     3  bt-mz.B.24
03:52:38         1141  100.50    0.00    0.00  100.50     5  bt-mz.B.24
03:52:38         1144  110.00    0.00    0.00  110.00    13  bt-mz.B.24
03:52:38         1147  114.00    0.00    0.00  114.00    27  bt-mz.B.24
03:52:38         1148  103.50    0.00    0.00  103.50     4  bt-mz.B.24
03:52:38         1150  112.00    0.00    0.00  112.00    17  bt-mz.B.24
03:52:38         3180    0.00    0.50    0.00    0.50     1  kipmi0

03:52:38          PID    %usr %system  %guest    %CPU   CPU  Command
03:52:40         1098    0.50    0.50    0.00    1.00    11  top
03:52:40         1100    0.50    1.50    0.00    2.00    13  pidstat
03:52:40         1102    1.00    2.00    0.00    3.00     3  pidstat
03:52:40         1111  110.50    0.00    0.00  110.50     2  bt-mz.B.24
03:52:40         1112  105.00    0.00    0.00  105.00     6  bt-mz.B.24
03:52:40         1113  113.50    0.00    0.00  113.50     5  bt-mz.B.24
03:52:40         1114  102.50    0.00    0.00  102.50    16  bt-mz.B.24
03:52:40         1115  105.50    0.00    0.00  105.50    25  bt-mz.B.24
03:52:40         1116  104.50    0.00    0.00  104.50    18  bt-mz.B.24
03:52:40         1117  100.50    0.00    0.00  100.50     0  bt-mz.B.24
03:52:40         1118  109.50    0.00    0.00  109.50    10  bt-mz.B.24
03:52:40         1119  109.50    0.00    0.00  109.50     7  bt-mz.B.24
03:52:40         1121  101.00    0.00    0.00  101.00    14  bt-mz.B.24
03:52:40         1123  102.00    0.00    0.00  102.00    16  bt-mz.B.24
03:52:40         1124  106.00    0.00    0.00  106.00     9  bt-mz.B.24
03:52:40         1126  106.00    0.00    0.00  106.00    22  bt-mz.B.24
03:52:40         1130  113.00    0.00    0.00  113.00    15  bt-mz.B.24
03:52:40         1131   89.50    0.50    0.00   90.00    30  bt-mz.B.24
03:52:40         1135  112.00    0.00    0.00  112.00     8  bt-mz.B.24
03:52:40         1136  113.00    0.00    0.00  113.00    12  bt-mz.B.24
03:52:40         1138  103.50    0.00    0.00  103.50    26  bt-mz.B.24
03:52:40         1140  107.00    0.00    0.00  107.00    19  bt-mz.B.24
03:52:40         1141  100.50    0.50    0.00  101.00    21  bt-mz.B.24
03:52:40         1144  112.00    0.00    0.00  112.00    29  bt-mz.B.24
03:52:40         1147  112.00    0.00    0.00  112.00    11  bt-mz.B.24
03:52:40         1148  108.50    0.00    0.00  108.50     4  bt-mz.B.24
03:52:40         1150  112.00    0.00    0.00  112.00    17  bt-mz.B.24
03:52:40         3147    0.00    0.50    0.00    0.50    14  kondemand/14
03:52:40         3153    0.00    0.50    0.00    0.50    20  kondemand/20

03:52:40          PID    %usr %system  %guest    %CPU   CPU  Command
03:52:42         1098    0.50    1.00    0.00    1.50    11  top
03:52:42         1100    0.50    2.00    0.00    2.50    13  pidstat
03:52:42         1102    0.50    2.00    0.00    2.50     3  pidstat
03:52:42         1111  114.00    0.00    0.00  114.00    18  bt-mz.B.24
03:52:42         1112  108.00    0.00    0.00  108.00    21  bt-mz.B.24
03:52:42         1113  102.00    0.00    0.00  102.00     4  bt-mz.B.24
03:52:42         1114  109.00    0.00    0.00  109.00     1  bt-mz.B.24
03:52:42         1115  113.00    0.00    0.00  113.00    25  bt-mz.B.24
03:52:42         1116   99.00    0.00    0.00   99.00     6  bt-mz.B.24
03:52:42         1117  110.00    0.00    0.00  110.00    16  bt-mz.B.24
03:52:42         1118  114.00    0.00    0.00  114.00    10  bt-mz.B.24
03:52:42         1119  105.00    0.00    0.00  105.00     0  bt-mz.B.24
03:52:42         1121  115.50    0.00    0.00  115.50    14  bt-mz.B.24
03:52:42         1123  105.00    0.50    0.00  105.50    23  bt-mz.B.24
03:52:42         1124  103.00    0.50    0.00  103.50    13  bt-mz.B.24
03:52:42         1126  103.00    0.50    0.00  103.50     2  bt-mz.B.24
03:52:42         1130  113.00    0.00    0.00  113.00    31  bt-mz.B.24
03:52:42         1131  102.00    0.50    0.00  102.50    29  bt-mz.B.24
03:52:42         1135  115.00    0.00    0.00  115.00    24  bt-mz.B.24
03:52:42         1136  116.50    0.00    0.00  116.50    12  bt-mz.B.24
03:52:42         1138  101.00    0.00    0.00  101.00    26  bt-mz.B.24
03:52:42         1140  112.50    0.00    0.00  112.50    19  bt-mz.B.24
03:52:42         1141  100.50    0.00    0.00  100.50    22  bt-mz.B.24
03:52:42         1144  115.50    0.00    0.00  115.50    15  bt-mz.B.24
03:52:42         1147  114.50    0.00    0.00  114.50    27  bt-mz.B.24
03:52:42         1148  112.50    0.00    0.00  112.50    20  bt-mz.B.24
03:52:42         1150  107.00    0.00    0.00  107.00     3  bt-mz.B.24
03:52:42         3133    0.00    0.50    0.00    0.50     0  kondemand/0
03:52:42         3137    0.00    0.50    0.00    0.50     4  kondemand/4

03:52:42          PID    %usr %system  %guest    %CPU   CPU  Command
03:52:44         1098    0.50    0.50    0.00    1.00    11  top
03:52:44         1100    0.50    2.00    0.00    2.50    13  pidstat
03:52:44         1102    0.50    2.00    0.00    2.50     3  pidstat
03:52:44         1111  106.50    0.00    0.00  106.50     4  bt-mz.B.24
03:52:44         1112  107.50    0.00    0.00  107.50     1  bt-mz.B.24
03:52:44         1113  105.50    0.00    0.00  105.50     0  bt-mz.B.24
03:52:44         1114  103.00    0.00    0.00  103.00     3  bt-mz.B.24
03:52:44         1115  112.50    0.00    0.00  112.50    29  bt-mz.B.24
03:52:44         1116  109.50    0.00    0.00  109.50     2  bt-mz.B.24
03:52:44         1117  100.00    0.00    0.00  100.00    13  bt-mz.B.24
03:52:44         1118  112.50    0.00    0.00  112.50    28  bt-mz.B.24
03:52:44         1119  107.00    0.00    0.00  107.00     7  bt-mz.B.24
03:52:44         1121  112.50    0.00    0.00  112.50    14  bt-mz.B.24
03:52:44         1123  104.00    0.00    0.00  104.00    17  bt-mz.B.24
03:52:44         1124  106.50    0.00    0.00  106.50    26  bt-mz.B.24
03:52:44         1126  103.50    0.00    0.00  103.50     6  bt-mz.B.24
03:52:44         1130  107.00    0.00    0.00  107.00    12  bt-mz.B.24
03:52:44         1131  108.00    0.00    0.00  108.00     8  bt-mz.B.24
03:52:44         1135  109.50    0.00    0.00  109.50    25  bt-mz.B.24
03:52:44         1136  111.50    0.00    0.00  111.50    24  bt-mz.B.24
03:52:44         1138  107.00    1.00    0.00  108.00    27  bt-mz.B.24
03:52:44         1140  111.00    0.00    0.00  111.00    19  bt-mz.B.24
03:52:44         1141  111.50    0.00    0.00  111.50    22  bt-mz.B.24
03:52:44         1144  112.00    0.00    0.00  112.00    15  bt-mz.B.24
03:52:44         1147  111.00    0.00    0.00  111.00    10  bt-mz.B.24
03:52:44         1148  107.00    0.00    0.00  107.00    21  bt-mz.B.24
03:52:44         1150  108.50    0.00    0.00  108.50    16  bt-mz.B.24
03:52:44         3146    0.00    0.50    0.00    0.50    13  kondemand/13
03:52:44         3149    0.00    0.50    0.00    0.50    16  kondemand/16

03:52:44          PID    %usr %system  %guest    %CPU   CPU  Command
03:52:46         1098    0.50    1.00    0.00    1.50    27  top
03:52:46         1100    0.50    1.50    0.00    2.00    13  pidstat
03:52:46         1102    1.00    2.50    0.00    3.50     3  pidstat
03:52:46         1104    0.00    0.50    0.00    0.50    17  iostat
03:52:46         1111  104.00    0.00    0.00  104.00     4  bt-mz.B.24
03:52:46         1112  112.00    0.00    0.00  112.00    18  bt-mz.B.24
03:52:46         1113  105.50    0.00    0.00  105.50     6  bt-mz.B.24
03:52:46         1114   97.00    0.50    0.00   97.50     0  bt-mz.B.24
03:52:46         1115   89.00    0.00    0.00   89.00    13  bt-mz.B.24
03:52:46         1116  105.00    0.00    0.00  105.00     2  bt-mz.B.24
03:52:46         1117   88.50    0.00    0.00   88.50    12  bt-mz.B.24
03:52:46         1118  105.50    0.00    0.00  105.50    28  bt-mz.B.24
03:52:46         1119  112.00    0.00    0.00  112.00    23  bt-mz.B.24
03:52:46         1121  113.00    0.00    0.00  113.00    14  bt-mz.B.24
03:52:46         1123  113.00    0.00    0.00  113.00     1  bt-mz.B.24
03:52:46         1124  103.00    0.00    0.00  103.00    28  bt-mz.B.24
03:52:46         1126   91.50    0.00    0.00   91.50    16  bt-mz.B.24
03:52:46         1130   90.00    0.50    0.00   90.50    29  bt-mz.B.24
03:52:46         1131  102.00    0.50    0.00  102.50     8  bt-mz.B.24
03:52:46         1135  107.00    0.00    0.00  107.00    25  bt-mz.B.24
03:52:46         1136  109.00    0.00    0.00  109.00    24  bt-mz.B.24
03:52:46         1138  113.00    0.00    0.00  113.00    11  bt-mz.B.24
03:52:46         1140  109.00    0.00    0.00  109.00    19  bt-mz.B.24
03:52:46         1141  108.50    0.00    0.00  108.50    22  bt-mz.B.24
03:52:46         1144  111.50    0.00    0.00  111.50    15  bt-mz.B.24
03:52:46         1147  112.00    0.00    0.00  112.00    10  bt-mz.B.24
03:52:46         1148  111.50    0.00    0.00  111.50     5  bt-mz.B.24
03:52:46         1150  104.00    0.00    0.00  104.00    20  bt-mz.B.24
03:52:46         3161    0.00    0.50    0.00    0.50    28  kondemand/28
03:52:46         3180    0.00    0.50    0.00    0.50    17  kipmi0

03:52:46          PID    %usr %system  %guest    %CPU   CPU  Command
03:52:48          146    0.00    0.50    0.00    0.50    15  events/15
03:52:48          157    0.00    0.50    0.00    0.50    26  events/26
03:52:48         1098    1.00    0.50    0.00    1.50    27  top
03:52:48         1100    1.00    1.50    0.00    2.50    13  pidstat
03:52:48         1102    0.00    1.00    0.00    1.00     3  pidstat
03:52:48         1111  115.00    0.00    0.00  115.00     4  bt-mz.B.24
03:52:48         1112  113.50    0.00    0.00  113.50    18  bt-mz.B.24
03:52:48         1113   93.00    0.00    0.00   93.00    19  bt-mz.B.24
03:52:48         1114  109.00    0.00    0.00  109.00     0  bt-mz.B.24
03:52:48         1115  107.50    0.00    0.00  107.50    31  bt-mz.B.24
03:52:48         1116   99.50    0.00    0.00   99.50     2  bt-mz.B.24
03:52:48         1117  108.50    0.00    0.00  108.50    12  bt-mz.B.24
03:52:48         1118  106.50    0.00    0.00  106.50    28  bt-mz.B.24
03:52:48         1119  109.50    0.00    0.00  109.50    23  bt-mz.B.24
03:52:48         1121  110.50    0.00    0.00  110.50    30  bt-mz.B.24
03:52:48         1123  110.00    0.00    0.00  110.00     1  bt-mz.B.24
03:52:48         1124  101.50    0.00    0.00  101.50     9  bt-mz.B.24
03:52:48         1126  102.50    0.00    0.00  102.50     6  bt-mz.B.24
03:52:48         1130  108.50    0.00    0.00  108.50    29  bt-mz.B.24
03:52:48         1131  100.50    0.00    0.00  100.50    24  bt-mz.B.24
03:52:48         1135  106.50    0.00    0.00  106.50    25  bt-mz.B.24
03:52:48         1136  108.50    0.00    0.00  108.50     8  bt-mz.B.24
03:52:48         1138  110.00    0.00    0.00  110.00    27  bt-mz.B.24
03:52:48         1140  107.00    0.00    0.00  107.00    19  bt-mz.B.24
03:52:48         1141  105.50    0.00    0.00  105.50    22  bt-mz.B.24
03:52:48         1144   99.50    0.00    0.00   99.50    15  bt-mz.B.24
03:52:48         1147  103.50    0.00    0.00  103.50    26  bt-mz.B.24
03:52:48         1148  100.00    0.00    0.00  100.00     5  bt-mz.B.24
03:52:48         1150   84.50    0.50    0.00   85.00    21  bt-mz.B.24
03:52:48         3138    0.00    0.50    0.00    0.50     5  kondemand/5
03:52:48         3143    0.00    0.50    0.00    0.50    10  kondemand/10
03:52:48         3159    0.00    0.50    0.00    0.50    26  kondemand/26
03:52:48         3684    0.00    0.50    0.00    0.50    22  snmpd
03:52:48         3852    0.50    0.00    0.00    0.50    16  pbs_mom

03:52:48          PID    %usr %system  %guest    %CPU   CPU  Command
03:52:50         1098    0.50    0.50    0.00    1.00    27  top
03:52:50         1100    0.50    1.50    0.00    2.00    29  pidstat
03:52:50         1102    1.00    2.00    0.00    3.00     3  pidstat
03:52:50         1111  117.00    0.00    0.00  117.00     0  bt-mz.B.24
03:52:50         1112  108.00    0.00    0.00  108.00    17  bt-mz.B.24
03:52:50         1113  102.50    0.00    0.00  102.50    19  bt-mz.B.24
03:52:50         1114  110.50    0.00    0.00  110.50     5  bt-mz.B.24
03:52:50         1115  108.50    0.50    0.00  109.00    15  bt-mz.B.24
03:52:50         1116  108.00    0.00    0.00  108.00     6  bt-mz.B.24
03:52:50         1117  111.00    0.50    0.00  111.50    24  bt-mz.B.24
03:52:50         1118  110.00    0.00    0.00  110.00    28  bt-mz.B.24
03:52:50         1119  101.00    0.00    0.00  101.00    19  bt-mz.B.24
03:52:50         1121  107.50    0.50    0.00  108.00    30  bt-mz.B.24
03:52:50         1123  113.50    0.00    0.00  113.50     1  bt-mz.B.24
03:52:50         1124  108.00    0.00    0.00  108.00    31  bt-mz.B.24
03:52:50         1126  108.00    0.00    0.00  108.00     4  bt-mz.B.24
03:52:50         1130  108.50    0.00    0.00  108.50    13  bt-mz.B.24
03:52:50         1131  105.00    0.00    0.00  105.00     8  bt-mz.B.24
03:52:50         1135  105.50    0.00    0.00  105.50     9  bt-mz.B.24
03:52:50         1136  108.50    0.00    0.00  108.50    14  bt-mz.B.24
03:52:50         1138  112.50    0.00    0.00  112.50    25  bt-mz.B.24
03:52:50         1140  109.50    0.00    0.00  109.50    23  bt-mz.B.24
03:52:50         1141  109.00    0.50    0.00  109.50    18  bt-mz.B.24
03:52:50         1144  110.00    0.00    0.00  110.00    11  bt-mz.B.24
03:52:50         1147  115.00    0.00    0.00  115.00    26  bt-mz.B.24
03:52:50         1148  112.00    0.00    0.00  112.00     7  bt-mz.B.24
03:52:50         1150  111.50    0.00    0.00  111.50    22  bt-mz.B.24
03:52:50         3135    0.00    0.50    0.00    0.50     2  kondemand/2
03:52:50         3155    0.00    0.50    0.00    0.50    22  kondemand/22

03:52:50          PID    %usr %system  %guest    %CPU   CPU  Command
03:52:52         1098    0.50    0.50    0.00    1.00    27  top
03:52:52         1100    1.00    2.00    0.00    3.00    29  pidstat
03:52:52         1102    0.50    1.50    0.00    2.00     3  pidstat
03:52:52         1111  107.50    0.00    0.00  107.50    16  bt-mz.B.24
03:52:52         1112  105.50    0.00    0.00  105.50    20  bt-mz.B.24
03:52:52         1113   94.50    0.00    0.00   94.50     3  bt-mz.B.24
03:52:52         1114  112.50    0.00    0.00  112.50     5  bt-mz.B.24
03:52:52         1115  113.50    0.00    0.00  113.50    15  bt-mz.B.24
03:52:52         1116  111.00    0.00    0.00  111.00     6  bt-mz.B.24
03:52:52         1117  111.00    0.00    0.00  111.00     8  bt-mz.B.24
03:52:52         1118  102.50    0.00    0.00  102.50    28  bt-mz.B.24
03:52:52         1119  103.00    0.50    0.00  103.50     0  bt-mz.B.24
03:52:52         1121   99.50    0.00    0.00   99.50    30  bt-mz.B.24
03:52:52         1123  112.50    0.00    0.00  112.50    17  bt-mz.B.24
03:52:52         1124  110.50    0.50    0.00  111.00    12  bt-mz.B.24
03:52:52         1126  104.00    0.00    0.00  104.00     4  bt-mz.B.24
03:52:52         1130  113.00    0.00    0.00  113.00    13  bt-mz.B.24
03:52:52         1131   99.00    1.00    0.00  100.00    24  bt-mz.B.24
03:52:52         1135   99.50    0.00    0.00   99.50     9  bt-mz.B.24
03:52:52         1136   98.50    0.00    0.00   98.50    14  bt-mz.B.24
03:52:52         1138  108.50    0.00    0.00  108.50    25  bt-mz.B.24
03:52:52         1140  101.00    0.00    0.00  101.00    19  bt-mz.B.24
03:52:52         1141  110.50    0.00    0.00  110.50    18  bt-mz.B.24
03:52:52         1144  111.50    0.00    0.00  111.50    27  bt-mz.B.24
03:52:52         1147  111.50    0.00    0.00  111.50    26  bt-mz.B.24
03:52:52         1148  111.50    0.00    0.00  111.50    23  bt-mz.B.24
03:52:52         1150  101.00    0.00    0.00  101.00    22  bt-mz.B.24
03:52:52         3021    0.00    1.00    0.00    1.00    21  flush-8:0
03:52:52         3144    0.00    0.50    0.00    0.50    11  kondemand/11
03:52:52         3162    0.00    0.50    0.00    0.50    29  kondemand/29
03:52:52         3180    0.00    0.50    0.00    0.50     2  kipmi0
03:52:52         3195    0.50    0.00    0.00    0.50    10  irqbalance

03:52:52          PID    %usr %system  %guest    %CPU   CPU  Command
03:52:54         1098    0.50    1.00    0.00    1.50    11  top
03:52:54         1100    0.50    1.50    0.00    2.00    29  pidstat
03:52:54         1102    1.00    2.00    0.00    3.00     3  pidstat
03:52:54         1111  103.00    0.00    0.00  103.00    16  bt-mz.B.24
03:52:54         1112  114.00    0.00    0.00  114.00    20  bt-mz.B.24
03:52:54         1113  112.00    0.00    0.00  112.00     3  bt-mz.B.24
03:52:54         1114  106.00    0.00    0.00  106.00     5  bt-mz.B.24
03:52:54         1115  115.00    0.00    0.00  115.00    31  bt-mz.B.24
03:52:54         1116  111.50    0.00    0.00  111.50    21  bt-mz.B.24
03:52:54         1117  112.50    0.00    0.00  112.50     8  bt-mz.B.24
03:52:54         1118  104.50    0.00    0.00  104.50    28  bt-mz.B.24
03:52:54         1119  111.50    0.00    0.00  111.50     0  bt-mz.B.24
03:52:54         1121  103.50    0.00    0.00  103.50    30  bt-mz.B.24
03:52:54         1123  114.50    0.00    0.00  114.50     1  bt-mz.B.24
03:52:54         1124  110.00    0.00    0.00  110.00    15  bt-mz.B.24
03:52:54         1126  102.50    0.00    0.00  102.50     4  bt-mz.B.24
03:52:54         1130  113.00    0.00    0.00  113.00    13  bt-mz.B.24
03:52:54         1131  100.50    1.00    0.00  101.50    24  bt-mz.B.24
03:52:54         1135  101.00    0.00    0.00  101.00     9  bt-mz.B.24
03:52:54         1136  102.00    0.00    0.00  102.00    14  bt-mz.B.24
03:52:54         1138  113.00    0.00    0.00  113.00    25  bt-mz.B.24
03:52:54         1140  101.50    0.50    0.00  102.00    19  bt-mz.B.24
03:52:54         1141  114.50    0.00    0.00  114.50     2  bt-mz.B.24
03:52:54         1144  114.00    0.50    0.00  114.50    11  bt-mz.B.24
03:52:54         1147  114.00    0.00    0.00  114.00    10  bt-mz.B.24
03:52:54         1148  114.00    0.00    0.00  114.00    23  bt-mz.B.24
03:52:54         1150  113.00    0.00    0.00  113.00     6  bt-mz.B.24
03:52:54         3142    0.00    0.50    0.00    0.50     9  kondemand/9
03:52:54         3154    0.00    0.50    0.00    0.50    21  kondemand/21
03:52:54         3163    0.00    0.50    0.00    0.50    30  kondemand/30
03:52:54         3852    0.00    0.50    0.00    0.50    16  pbs_mom

03:52:54          PID    %usr %system  %guest    %CPU   CPU  Command
03:52:56         1098    0.50    0.50    0.00    1.00    27  top
03:52:56         1100    0.50    1.50    0.00    2.00    13  pidstat
03:52:56         1102    0.50    1.50    0.00    2.00     3  pidstat
03:52:56         1111  107.50    0.00    0.00  107.50     0  bt-mz.B.24
03:52:56         1112  112.00    0.00    0.00  112.00     4  bt-mz.B.24
03:52:56         1113  108.50    0.50    0.00  109.00    19  bt-mz.B.24
03:52:56         1114  102.50    0.00    0.00  102.50    21  bt-mz.B.24
03:52:56         1115  101.00    0.00    0.00  101.00    10  bt-mz.B.24
03:52:56         1116  106.00    0.00    0.00  106.00     5  bt-mz.B.24
03:52:56         1117  104.00    0.00    0.00  104.00    31  bt-mz.B.24
03:52:56         1118  103.50    0.00    0.00  103.50    28  bt-mz.B.24
03:52:56         1119  107.50    0.00    0.00  107.50    16  bt-mz.B.24
03:52:56         1121  107.00    0.00    0.00  107.00    30  bt-mz.B.24
03:52:56         1123  110.00    0.00    0.00  110.00    17  bt-mz.B.24
03:52:56         1124   89.50    0.00    0.00   89.50    14  bt-mz.B.24
03:52:56         1126   99.50    0.00    0.00   99.50    20  bt-mz.B.24
03:52:56         1130  112.00    0.00    0.00  112.00    29  bt-mz.B.24
03:52:56         1131  105.50    0.00    0.00  105.50     8  bt-mz.B.24
03:52:56         1135  108.50    0.50    0.00  109.00    25  bt-mz.B.24
03:52:56         1136   94.00    0.00    0.00   94.00    15  bt-mz.B.24
03:52:56         1138  107.00    0.00    0.00  107.00    12  bt-mz.B.24
03:52:56         1140  101.50    0.00    0.00  101.50     3  bt-mz.B.24
03:52:56         1141  111.00    0.00    0.00  111.00    18  bt-mz.B.24
03:52:56         1144  111.00    0.00    0.00  111.00    11  bt-mz.B.24
03:52:56         1147  105.00    0.00    0.00  105.00    26  bt-mz.B.24
03:52:56         1148  109.50    0.00    0.00  109.50     7  bt-mz.B.24
03:52:56         1150  109.00    0.00    0.00  109.00     6  bt-mz.B.24
03:52:56         3158    0.00    0.50    0.00    0.50    25  kondemand/25
03:52:56         3180    0.00    0.50    0.00    0.50     2  kipmi0
03:52:56         3852    0.00    0.50    0.00    0.50    24  pbs_mom

03:52:56          PID    %usr %system  %guest    %CPU   CPU  Command
03:52:58         1063    0.00    0.50    0.00    0.50     9  jbd2/sda1-8
03:52:58         1098    0.50    0.50    0.00    1.00    27  top
03:52:58         1100    0.50    2.00    0.00    2.50    13  pidstat
03:52:58         1102    0.50    1.50    0.00    2.00    19  pidstat
03:52:58         1111  115.50    0.00    0.00  115.50    18  bt-mz.B.24
03:52:58         1112  115.50    0.00    0.00  115.50     5  bt-mz.B.24
03:52:58         1113  110.50    0.00    0.00  110.50     4  bt-mz.B.24
03:52:58         1114  104.50    0.00    0.00  104.50    21  bt-mz.B.24
03:52:58         1115  112.00    0.00    0.00  112.00     9  bt-mz.B.24
03:52:58         1116  104.00    0.00    0.00  104.00     3  bt-mz.B.24
03:52:58         1117  100.50    0.50    0.00  101.00    15  bt-mz.B.24
03:52:58         1118  106.00    0.00    0.00  106.00    28  bt-mz.B.24
03:52:58         1119  111.50    0.00    0.00  111.50     0  bt-mz.B.24
03:52:58         1121  114.50    0.00    0.00  114.50    25  bt-mz.B.24
03:52:58         1123  115.50    0.00    0.00  115.50    17  bt-mz.B.24
03:52:58         1124  108.50    0.00    0.00  108.50    30  bt-mz.B.24
03:52:58         1126  110.50    0.00    0.00  110.50    20  bt-mz.B.24
03:52:58         1130  113.00    0.00    0.00  113.00    31  bt-mz.B.24
03:52:58         1131  110.50    0.00    0.00  110.50     8  bt-mz.B.24
03:52:58         1135  108.00    0.00    0.00  108.00    24  bt-mz.B.24
03:52:58         1136  104.00    0.00    0.00  104.00    12  bt-mz.B.24
03:52:58         1138  108.00    0.00    0.00  108.00     9  bt-mz.B.24
03:52:58         1140  105.00    0.00    0.00  105.00    19  bt-mz.B.24
03:52:58         1141  111.50    0.00    0.00  111.50     2  bt-mz.B.24
03:52:58         1144  114.00    0.00    0.00  114.00    11  bt-mz.B.24
03:52:58         1147  110.00    0.00    0.00  110.00    26  bt-mz.B.24
03:52:58         1148  111.00    0.50    0.00  111.50    23  bt-mz.B.24
03:52:58         1150  115.00    0.00    0.00  115.00     6  bt-mz.B.24
03:52:58         3145    0.00    0.50    0.00    0.50    12  kondemand/12
03:52:58         3156    0.00    0.50    0.00    0.50    23  kondemand/23

03:52:58          PID    %usr %system  %guest    %CPU   CPU  Command
03:53:00         1098    1.00    1.00    0.00    2.00    11  top
03:53:00         1100    0.50    1.50    0.00    2.00    13  pidstat
03:53:00         1102    1.00    3.00    0.00    4.00     3  pidstat
03:53:00         1111  116.50    0.00    0.00  116.50    18  bt-mz.B.24
03:53:00         1112  110.00    0.50    0.00  110.50    21  bt-mz.B.24
03:53:00         1113  116.50    0.00    0.00  116.50    17  bt-mz.B.24
03:53:00         1114  107.00    0.00    0.00  107.00     5  bt-mz.B.24
03:53:00         1115  101.00    0.00    0.00  101.00    10  bt-mz.B.24
03:53:00         1116  108.00    0.00    0.00  108.00    20  bt-mz.B.24
03:53:00         1117  112.50    0.00    0.00  112.50     8  bt-mz.B.24
03:53:00         1118  113.00    0.00    0.00  113.00    12  bt-mz.B.24
03:53:00         1119  114.00    0.00    0.00  114.00    16  bt-mz.B.24
03:53:00         1121  112.00    0.00    0.00  112.00     9  bt-mz.B.24
03:53:00         1123  109.50    0.00    0.00  109.50     1  bt-mz.B.24
03:53:00         1124  111.00    0.00    0.00  111.00    30  bt-mz.B.24
03:53:00         1126  106.50    0.50    0.00  107.00     2  bt-mz.B.24
03:53:00         1130  109.50    0.50    0.00  110.00    15  bt-mz.B.24
03:53:00         1131  111.50    0.00    0.00  111.50    25  bt-mz.B.24
03:53:00         1135  111.00    0.00    0.00  111.00    27  bt-mz.B.24
03:53:00         1136  111.00    0.50    0.00  111.50    31  bt-mz.B.24
03:53:00         1138  104.00    0.00    0.00  104.00    29  bt-mz.B.24
03:53:00         1140  108.00    0.00    0.00  108.00     3  bt-mz.B.24
03:53:00         1141  115.00    0.00    0.00  115.00     6  bt-mz.B.24
03:53:00         1144  109.00    0.00    0.00  109.00    24  bt-mz.B.24
03:53:00         1147  110.50    0.50    0.00  111.00    26  bt-mz.B.24
03:53:00         1148  116.00    0.00    0.00  116.00    23  bt-mz.B.24
03:53:00         1150  110.00    0.50    0.00  110.50    22  bt-mz.B.24

03:53:00          PID    %usr %system  %guest    %CPU   CPU  Command
03:53:02         1098    0.00    0.50    0.00    0.50    27  top
03:53:02         1100    0.50    2.00    0.00    2.50    13  pidstat
03:53:02         1102    1.00    2.00    0.00    3.00     3  pidstat
03:53:02         1111  115.50    0.00    0.00  115.50     0  bt-mz.B.24
03:53:02         1112  102.00    0.00    0.00  102.00     5  bt-mz.B.24
03:53:02         1113  114.00    0.00    0.00  114.00     1  bt-mz.B.24
03:53:02         1114  111.50    0.00    0.00  111.50    21  bt-mz.B.24
03:53:02         1115  112.50    0.00    0.00  112.50    10  bt-mz.B.24
03:53:02         1116  109.50    0.00    0.00  109.50     4  bt-mz.B.24
03:53:02         1117  110.00    0.00    0.00  110.00    29  bt-mz.B.24
03:53:02         1118  112.50    0.00    0.00  112.50    12  bt-mz.B.24
03:53:02         1119  108.50    0.00    0.00  108.50    16  bt-mz.B.24
03:53:02         1121  103.50    0.00    0.00  103.50     9  bt-mz.B.24
03:53:02         1123  100.50    0.00    0.00  100.50    17  bt-mz.B.24
03:53:02         1124  112.00    0.00    0.00  112.00    14  bt-mz.B.24
03:53:02         1126  106.50    0.00    0.00  106.50     2  bt-mz.B.24
03:53:02         1130  101.00    0.50    0.00  101.50    15  bt-mz.B.24
03:53:02         1131  100.50    0.00    0.00  100.50    25  bt-mz.B.24
03:53:02         1135  111.00    0.00    0.00  111.00    27  bt-mz.B.24
03:53:02         1136  110.50    0.00    0.00  110.50    31  bt-mz.B.24
03:53:02         1138  103.50    0.00    0.00  103.50    29  bt-mz.B.24
03:53:02         1140  112.50    0.00    0.00  112.50    19  bt-mz.B.24
03:53:02         1141  109.50    0.00    0.00  109.50    20  bt-mz.B.24
03:53:02         1144  111.50    0.00    0.00  111.50    24  bt-mz.B.24
03:53:02         1147  101.50    0.00    0.00  101.50    26  bt-mz.B.24
03:53:02         1148  115.00    0.00    0.00  115.00    23  bt-mz.B.24
03:53:02         1150  109.00    0.00    0.00  109.00    22  bt-mz.B.24
03:53:02         3148    0.00    0.50    0.00    0.50    15  kondemand/15
03:53:02         3150    0.00    0.50    0.00    0.50    17  kondemand/17
03:53:02         3157    0.00    0.50    0.00    0.50    24  kondemand/24
03:53:02         3160    0.00    0.50    0.00    0.50    27  kondemand/27

03:53:02          PID    %usr %system  %guest    %CPU   CPU  Command
03:53:04         1098    1.00    0.50    0.00    1.50    27  top
03:53:04         1100    0.50    1.50    0.00    2.00    13  pidstat
03:53:04         1102    1.00    1.50    0.00    2.50    19  pidstat
03:53:04         1111  113.50    0.00    0.00  113.50    18  bt-mz.B.24
03:53:04         1112   99.50    0.00    0.00   99.50     5  bt-mz.B.24
03:53:04         1113  112.00    0.00    0.00  112.00    17  bt-mz.B.24
03:53:04         1114  110.00    0.00    0.00  110.00     6  bt-mz.B.24
03:53:04         1115  110.00    0.00    0.00  110.00    10  bt-mz.B.24
03:53:04         1116   99.00    0.50    0.00   99.50     4  bt-mz.B.24
03:53:04         1117  108.50    0.00    0.00  108.50    27  bt-mz.B.24
03:53:04         1118  112.00    0.00    0.00  112.00    12  bt-mz.B.24
03:53:04         1119  101.50    0.00    0.00  101.50     0  bt-mz.B.24
03:53:04         1121  101.50    0.00    0.00  101.50    14  bt-mz.B.24
03:53:04         1123   99.50    0.00    0.00   99.50     1  bt-mz.B.24
03:53:04         1124  109.50    0.50    0.00  110.00    30  bt-mz.B.24
03:53:04         1126  111.50    0.00    0.00  111.50     2  bt-mz.B.24
03:53:04         1130   98.00    0.50    0.00   98.50    31  bt-mz.B.24
03:53:04         1131  102.50    0.00    0.00  102.50    25  bt-mz.B.24
03:53:04         1135  112.00    0.00    0.00  112.00    11  bt-mz.B.24
03:53:04         1136  108.00    0.00    0.00  108.00    15  bt-mz.B.24
03:53:04         1138   98.50    0.00    0.00   98.50    29  bt-mz.B.24
03:53:04         1140  111.50    0.00    0.00  111.50     3  bt-mz.B.24
03:53:04         1141  107.00    0.00    0.00  107.00    20  bt-mz.B.24
03:53:04         1144  111.50    0.00    0.00  111.50     8  bt-mz.B.24
03:53:04         1147   99.50    0.00    0.00   99.50    26  bt-mz.B.24
03:53:04         1148  112.00    0.00    0.00  112.00     7  bt-mz.B.24
03:53:04         1150  112.50    0.00    0.00  112.50    22  bt-mz.B.24
03:53:04         3139    0.00    0.50    0.00    0.50     6  kondemand/6
03:53:04         3141    0.00    0.50    0.00    0.50     8  kondemand/8
03:53:04         3180    0.00    0.50    0.00    0.50    18  kipmi0

03:53:04          PID    %usr %system  %guest    %CPU   CPU  Command
03:53:06         1098    0.50    1.00    0.00    1.50    27  top
03:53:06         1100    1.00    1.50    0.00    2.50    29  pidstat
03:53:06         1102    0.50    1.00    0.00    1.50    19  pidstat
03:53:06         1103    0.00    0.50    0.00    0.50     2  mpstat
03:53:06         1111  115.00    0.00    0.00  115.00    18  bt-mz.B.24
03:53:06         1112  111.50    0.00    0.00  111.50     5  bt-mz.B.24
03:53:06         1113  103.00    0.00    0.00  103.00     1  bt-mz.B.24
03:53:06         1114  108.00    0.00    0.00  108.00    22  bt-mz.B.24
03:53:06         1115  106.50    0.00    0.00  106.50    26  bt-mz.B.24
03:53:06         1116   92.50    0.00    0.00   92.50     2  bt-mz.B.24
03:53:06         1117  109.00    0.00    0.00  109.00    11  bt-mz.B.24
03:53:06         1118  112.00    0.00    0.00  112.00    12  bt-mz.B.24
03:53:06         1119   95.00    0.00    0.00   95.00    17  bt-mz.B.24
03:53:06         1121  105.50    0.00    0.00  105.50    25  bt-mz.B.24
03:53:06         1123  106.50    0.00    0.00  106.50    16  bt-mz.B.24
03:53:06         1124  104.50    0.00    0.00  104.50    14  bt-mz.B.24
03:53:06         1126  100.50    0.00    0.00  100.50    20  bt-mz.B.24
03:53:06         1130   97.50    0.50    0.00   98.00    15  bt-mz.B.24
03:53:06         1131  101.00    0.00    0.00  101.00    30  bt-mz.B.24
03:53:06         1135  105.00    0.00    0.00  105.00     9  bt-mz.B.24
03:53:06         1136  105.50    0.00    0.00  105.50    31  bt-mz.B.24
03:53:06         1138  108.00    0.00    0.00  108.00    13  bt-mz.B.24
03:53:06         1140  109.50    0.00    0.00  109.50     3  bt-mz.B.24
03:53:06         1141  105.50    0.00    0.00  105.50     4  bt-mz.B.24
03:53:06         1144  110.00    0.00    0.00  110.00    24  bt-mz.B.24
03:53:06         1147   99.00    0.00    0.00   99.00    10  bt-mz.B.24
03:53:06         1148  111.00    0.00    0.00  111.00    23  bt-mz.B.24
03:53:06         1150  106.00    0.00    0.00  106.00     0  bt-mz.B.24
03:53:06         3134    0.00    0.50    0.00    0.50     1  kondemand/1
03:53:06         3151    0.00    0.50    0.00    0.50    18  kondemand/18

03:53:06          PID    %usr %system  %guest    %CPU   CPU  Command
03:53:08         1098    0.50    0.50    0.00    1.00    27  top
03:53:08         1100    0.50    2.00    0.00    2.50    29  pidstat
03:53:08         1102    0.50    1.50    0.00    2.00    19  pidstat
03:53:08         1111  102.50    0.50    0.00  103.00     2  bt-mz.B.24
03:53:08         1112  115.50    0.00    0.00  115.50    21  bt-mz.B.24
03:53:08         1113  103.00    0.00    0.00  103.00     3  bt-mz.B.24
03:53:08         1114  109.50    0.00    0.00  109.50    22  bt-mz.B.24
03:53:08         1115  108.50    0.00    0.00  108.50    26  bt-mz.B.24
03:53:08         1116  101.00    0.00    0.00  101.00    19  bt-mz.B.24
03:53:08         1117  108.00    0.00    0.00  108.00    27  bt-mz.B.24
03:53:08         1118  109.50    0.00    0.00  109.50    28  bt-mz.B.24
03:53:08         1119   95.00    0.00    0.00   95.00    17  bt-mz.B.24
03:53:08         1121  113.00    0.00    0.00  113.00     9  bt-mz.B.24
03:53:08         1123  108.50    0.00    0.00  108.50     5  bt-mz.B.24
03:53:08         1124  105.00    0.00    0.00  105.00    25  bt-mz.B.24
03:53:08         1126   98.50    0.00    0.00   98.50     1  bt-mz.B.24
03:53:08         1130  105.50    0.00    0.00  105.50    15  bt-mz.B.24
03:53:08         1131  111.00    0.00    0.00  111.00    30  bt-mz.B.24
03:53:08         1135  106.50    0.00    0.00  106.50    31  bt-mz.B.24
03:53:08         1136  105.50    0.00    0.00  105.50    11  bt-mz.B.24
03:53:08         1138  106.00    0.00    0.00  106.00    13  bt-mz.B.24
03:53:08         1140  106.50    0.00    0.00  106.50     3  bt-mz.B.24
03:53:08         1141  111.50    0.00    0.00  111.50     6  bt-mz.B.24
03:53:08         1144  108.00    0.00    0.00  108.00    24  bt-mz.B.24
03:53:08         1147  107.00    0.00    0.00  107.00    12  bt-mz.B.24
03:53:08         1148  113.50    0.00    0.00  113.50    23  bt-mz.B.24
03:53:08         1150  102.00    0.00    0.00  102.00    16  bt-mz.B.24
03:53:08         3133    0.00    0.50    0.00    0.50     0  kondemand/0
03:53:08         3136    0.00    0.50    0.00    0.50     3  kondemand/3
03:53:08         3152    0.00    0.50    0.00    0.50    19  kondemand/19
03:53:08         3164    0.00    0.50    0.00    0.50    31  kondemand/31

03:53:08          PID    %usr %system  %guest    %CPU   CPU  Command
03:53:10           41    0.00    0.50    0.00    0.50     9  ksoftirqd/9
03:53:10         1098    0.50    0.50    0.00    1.00    27  top
03:53:10         1100    1.00    1.00    0.00    2.00    13  pidstat
03:53:10         1102    0.50    2.50    0.00    3.00     2  pidstat
03:53:10         3180    0.00    0.50    0.00    0.50     2  kipmi0
03:53:10         4071    0.00 8427.00    0.00 8427.00     3  nfsiod
03:53:10         4128 83574.50 443377.00    0.00 526951.50    17  gmond
03:53:10         4206  502.50 1295.00    0.00 1797.50     8  automount
03:53:10         4237   10.00   24.00    0.00   34.00     2  ntpd
03:53:10        19576    0.00    1.00    0.00    1.00    16  flush-0:23
03:53:10        29740    0.50    1.00    0.00    1.50    19  bash
03:53:10        29805    5.50   15.00    0.00   20.50     8  716705.search6.
