Linux 2.6.32-279.14.1.el6.x86_64 (compute-641-14.local) 	04/21/20 	_x86_64_	(32 CPU)

02:17:21     CPU    %usr   %nice    %sys %iowait    %irq   %soft  %steal  %guest   %idle
02:17:23     all   50.25    0.00   14.42    0.00    0.00    0.22    0.00    0.00   35.11
02:17:25     all   71.65    0.00   12.09    0.00    0.00    0.17    0.00    0.00   16.09
02:17:27     all   71.25    0.00   12.40    0.00    0.00    0.19    0.00    0.00   16.17
02:17:29     all   71.76    0.00   12.14    0.00    0.00    0.20    0.00    0.00   15.89
02:17:31     all   72.62    0.00   11.82    0.00    0.00    0.14    0.00    0.00   15.42
02:17:33     all   67.09    0.00   14.13    0.00    0.00    0.17    0.00    0.00   18.61
02:17:35     all   72.31    0.00   12.04    0.00    0.00    0.16    0.00    0.00   15.50
02:17:37     all   71.53    0.00   12.21    0.00    0.00    0.17    0.00    0.00   16.09
02:17:39     all   71.74    0.00   12.16    0.00    0.00    0.20    0.00    0.00   15.89
02:17:41     all   72.07    0.00   12.07    0.00    0.00    0.16    0.00    0.00   15.70
02:17:43     all   71.93    0.00   12.10    0.00    0.00    0.17    0.00    0.00   15.80
02:17:45     all   72.18    0.00   12.01    0.00    0.00    0.16    0.00    0.00   15.65
02:17:47     all   72.52    0.00   11.93    0.00    0.00    0.14    0.00    0.00   15.41
02:17:49     all   71.62    0.00   12.27    0.00    0.00    0.13    0.00    0.00   15.98
02:17:51     all   71.66    0.00   12.29    0.00    0.00    0.16    0.00    0.00   15.89
02:17:53     all   71.86    0.00   12.15    0.00    0.00    0.16    0.00    0.00   15.83
02:17:55     all   70.65    0.00   12.70    0.00    0.00    0.17    0.00    0.00   16.48
