Linux 2.6.32-279.14.1.el6.x86_64 (compute-641-14.local) 	04/21/20 	_x86_64_	(32 CPU)

02:15:43          PID    %usr %system  %guest    %CPU   CPU  Command
02:15:45         3143    0.00    0.49    0.00    0.49    10  kondemand/10
02:15:45         3157    0.00    0.49    0.00    0.49    24  kondemand/24
02:15:45         3158    0.00    0.49    0.00    0.49    25  kondemand/25
02:15:45         4128    0.00    0.49    0.00    0.49     0  gmond
02:15:45        11422    2.96    1.48    0.00    4.43     8  mpirun
02:15:45        11428    0.49    0.99    0.00    1.48    11  top
02:15:45        11430    0.99    1.48    0.00    2.46    21  pidstat
02:15:45        11432    0.49    1.48    0.00    1.97     4  pidstat
02:15:45        11442  133.00    9.85    0.00  142.86     0  bt-mz.B.32
02:15:45        11443  132.51   16.26    0.00  148.77    17  bt-mz.B.32
02:15:45        11444  130.54   16.75    0.00  147.29    18  bt-mz.B.32
02:15:45        11445  116.26   20.69    0.00  136.95    19  bt-mz.B.32
02:15:45        11446  113.30   22.17    0.00  135.47    20  bt-mz.B.32
02:15:45        11447  113.30   21.18    0.00  134.48     5  bt-mz.B.32
02:15:45        11448  105.42   22.66    0.00  128.08    22  bt-mz.B.32
02:15:45        11449  103.94   23.15    0.00  127.09    23  bt-mz.B.32
02:15:45        11450   99.51   28.08    0.00  127.59    24  bt-mz.B.32
02:15:45        11453   95.57   29.06    0.00  124.63     9  bt-mz.B.32
02:15:45        11454   95.57   31.03    0.00  126.60    26  bt-mz.B.32

02:15:45          PID    %usr %system  %guest    %CPU   CPU  Command
02:15:47         3135    0.00    0.50    0.00    0.50     2  kondemand/2
02:15:47         3180    0.00    0.50    0.00    0.50    16  kipmi0
02:15:47         4128    0.50    0.00    0.00    0.50     0  gmond
02:15:47        11428    0.50    0.50    0.00    1.00    11  top
02:15:47        11430    1.00    1.00    0.00    2.00    21  pidstat
02:15:47        11432    0.50    2.00    0.00    2.50     4  pidstat
02:15:47        11442  172.00    2.00    0.00  174.00     0  bt-mz.B.32
02:15:47        11443  172.50   10.00    0.00  182.50    17  bt-mz.B.32
02:15:47        11444  170.00   10.00    0.00  180.00    18  bt-mz.B.32
02:15:47        11445  146.50   19.00    0.00  165.50    19  bt-mz.B.32
02:15:47        11446  148.00   17.00    0.00  165.00    20  bt-mz.B.32
02:15:47        11447  145.50   18.50    0.00  164.00     5  bt-mz.B.32
02:15:47        11448  132.00   21.50    0.00  153.50    22  bt-mz.B.32
02:15:47        11449  132.50   21.00    0.00  153.50    23  bt-mz.B.32
02:15:47        11450  126.50   26.00    0.00  152.50    24  bt-mz.B.32
02:15:47        11453  122.50   28.00    0.00  150.50     9  bt-mz.B.32
02:15:47        11454  122.50   30.00    0.00  152.50    26  bt-mz.B.32

02:15:47          PID    %usr %system  %guest    %CPU   CPU  Command
02:15:49         3138    0.00    0.50    0.00    0.50     5  kondemand/5
02:15:49         3139    0.00    0.50    0.00    0.50     6  kondemand/6
02:15:49         3144    0.00    0.50    0.00    0.50    11  kondemand/11
02:15:49         3145    0.00    0.50    0.00    0.50    12  kondemand/12
02:15:49         3147    0.00    0.50    0.00    0.50    14  kondemand/14
02:15:49         3150    0.00    0.50    0.00    0.50    17  kondemand/17
02:15:49         3151    0.00    0.50    0.00    0.50    18  kondemand/18
02:15:49         3153    0.00    0.50    0.00    0.50    20  kondemand/20
02:15:49         3160    0.00    0.50    0.00    0.50    27  kondemand/27
02:15:49         3163    0.00    0.50    0.00    0.50    30  kondemand/30
02:15:49         4128    0.00    0.50    0.00    0.50    16  gmond
02:15:49        11428    0.50    1.00    0.00    1.50    27  top
02:15:49        11430    0.50    2.00    0.00    2.50     5  pidstat
02:15:49        11432    0.50    1.50    0.00    2.00    20  pidstat
02:15:49        11442  174.50    2.00    0.00  176.50     0  bt-mz.B.32
02:15:49        11443  176.50   10.00    0.00  186.50    17  bt-mz.B.32
02:15:49        11444  172.00   11.00    0.00  183.00    18  bt-mz.B.32
02:15:49        11445  150.00   17.50    0.00  167.50    19  bt-mz.B.32
02:15:49        11446  149.50   17.50    0.00  167.00     4  bt-mz.B.32
02:15:49        11447  147.50   18.00    0.00  165.50    21  bt-mz.B.32
02:15:49        11448  135.00   20.50    0.00  155.50    22  bt-mz.B.32
02:15:49        11449  135.00   20.00    0.00  155.00    23  bt-mz.B.32
02:15:49        11450  131.00   24.00    0.00  155.00    24  bt-mz.B.32
02:15:49        11453  123.00   28.50    0.00  151.50     9  bt-mz.B.32
02:15:49        11454  124.00   31.00    0.00  155.00    26  bt-mz.B.32

02:15:49          PID    %usr %system  %guest    %CPU   CPU  Command
02:15:51         3133    0.00    0.50    0.00    0.50     0  kondemand/0
02:15:51         3134    0.00    0.50    0.00    0.50     1  kondemand/1
02:15:51         3137    0.00    0.50    0.00    0.50     4  kondemand/4
02:15:51         3155    0.00    0.50    0.00    0.50    22  kondemand/22
02:15:51         3159    0.00    0.50    0.00    0.50    26  kondemand/26
02:15:51         3162    0.00    0.50    0.00    0.50    29  kondemand/29
02:15:51         3180    0.00    0.50    0.00    0.50     0  kipmi0
02:15:51         4128    0.00    0.50    0.00    0.50    16  gmond
02:15:51        11428    1.00    0.50    0.00    1.50    27  top
02:15:51        11430    1.00    1.50    0.00    2.50     5  pidstat
02:15:51        11432    0.50    2.00    0.00    2.50    20  pidstat
02:15:51        11442  173.00    1.50    0.00  174.50     0  bt-mz.B.32
02:15:51        11443  172.50    9.50    0.00  182.00    17  bt-mz.B.32
02:15:51        11444  169.50   11.00    0.00  180.50    18  bt-mz.B.32
02:15:51        11445  146.00   19.00    0.00  165.00    19  bt-mz.B.32
02:15:51        11446  148.00   16.50    0.00  164.50     4  bt-mz.B.32
02:15:51        11447  145.50   17.00    0.00  162.50    21  bt-mz.B.32
02:15:51        11448  132.00   21.00    0.00  153.00    22  bt-mz.B.32
02:15:51        11449  132.00   20.50    0.00  152.50    23  bt-mz.B.32
02:15:51        11450  128.00   24.50    0.00  152.50    24  bt-mz.B.32
02:15:51        11453  121.50   28.50    0.00  150.00     9  bt-mz.B.32
02:15:51        11454  121.00   31.00    0.00  152.00    26  bt-mz.B.32

02:15:51          PID    %usr %system  %guest    %CPU   CPU  Command
02:15:53         3146    0.00    0.50    0.00    0.50    13  kondemand/13
02:15:53        11428    0.50    0.50    0.00    1.00    27  top
02:15:53        11430    0.50    1.50    0.00    2.00     5  pidstat
02:15:53        11432    0.50    2.00    0.00    2.50    20  pidstat
02:15:53        11442  174.00    1.50    0.00  175.50    16  bt-mz.B.32
02:15:53        11443  171.50   11.50    0.00  183.00    17  bt-mz.B.32
02:15:53        11444  170.00   10.00    0.00  180.00    18  bt-mz.B.32
02:15:53        11445  148.50   17.00    0.00  165.50    19  bt-mz.B.32
02:15:53        11446  149.50   16.00    0.00  165.50     4  bt-mz.B.32
02:15:53        11447  145.50   18.50    0.00  164.00    21  bt-mz.B.32
02:15:53        11448  133.00   21.00    0.00  154.00    22  bt-mz.B.32
02:15:53        11449  133.00   20.50    0.00  153.50    23  bt-mz.B.32
02:15:53        11450  128.00   25.00    0.00  153.00    24  bt-mz.B.32
02:15:53        11453  122.00   28.50    0.00  150.50     9  bt-mz.B.32
02:15:53        11454  122.50   30.00    0.00  152.50    26  bt-mz.B.32
