Linux 2.6.32-279.14.1.el6.x86_64 (compute-641-14.local) 	04/21/20 	_x86_64_	(32 CPU)

02:53:10     CPU    %usr   %nice    %sys %iowait    %irq   %soft  %steal  %guest   %idle
02:53:12     all   64.73    0.00    4.86    0.00    0.00    0.11    0.00    0.00   30.30
02:53:14     all   88.37    0.00    0.17    0.00    0.00    0.00    0.00    0.00   11.46
02:53:16     all   92.12    0.00    0.17    0.00    0.00    0.00    0.00    0.00    7.71
02:53:18     all   91.79    0.00    0.16    0.00    0.00    0.00    0.00    0.00    8.05
02:53:20     all   91.44    0.00    0.19    0.00    0.00    0.00    0.00    0.00    8.38
02:53:22     all   90.17    0.00    0.16    0.00    0.00    0.00    0.00    0.00    9.67
02:53:24     all   91.05    0.00    0.17    0.00    0.00    0.00    0.00    0.00    8.78
02:53:26     all   90.84    0.00    0.17    0.00    0.00    0.00    0.00    0.00    8.99
02:53:28     all   90.80    0.00    0.19    0.00    0.00    0.00    0.00    0.00    9.02
02:53:30     all   92.78    0.00    0.16    0.00    0.00    0.00    0.00    0.00    7.07
02:53:32     all   91.09    0.00    0.19    0.00    0.00    0.00    0.00    0.00    8.72
02:53:34     all   91.12    0.00    0.16    0.00    0.00    0.00    0.00    0.00    8.72
02:53:36     all   88.86    0.00    0.16    0.00    0.00    0.00    0.00    0.00   10.99
02:53:38     all   92.63    0.00    0.17    0.00    0.00    0.00    0.00    0.00    7.19
02:53:40     all   89.80    0.00    0.16    0.00    0.00    0.00    0.00    0.00   10.05
02:53:42     all   91.83    0.00    0.20    0.00    0.00    0.00    0.00    0.00    7.96
02:53:44     all   91.10    0.00    0.17    0.00    0.00    0.00    0.00    0.00    8.73
02:53:46     all   90.90    0.00    0.19    0.00    0.00    0.02    0.00    0.00    8.89
02:53:48     all   90.18    0.00    0.19    0.00    0.00    0.00    0.00    0.00    9.63
02:53:50     all   87.90    0.00    0.17    0.00    0.00    0.00    0.00    0.00   11.93
02:53:52     all   91.73    0.00    0.19    0.00    0.00    0.00    0.00    0.00    8.08
02:53:54     all   88.29    0.00    0.19    0.00    0.00    0.00    0.00    0.00   11.52
02:53:56     all   90.70    0.00    0.16    0.02    0.00    0.00    0.00    0.00    9.13
02:53:58     all   91.44    0.00    0.17    0.00    0.00    0.00    0.00    0.00    8.39
02:54:00     all   91.53    0.00    0.16    0.00    0.00    0.00    0.00    0.00    8.31
02:54:02     all   90.05    0.00    0.17    0.00    0.00    0.00    0.00    0.00    9.78
02:54:04     all   91.70    0.00    0.17    0.00    0.00    0.00    0.00    0.00    8.13
02:54:06     all   90.42    0.00    0.16    0.00    0.00    0.00    0.00    0.00    9.42
02:54:08     all   91.76    0.00    0.19    0.00    0.00    0.00    0.00    0.00    8.05
02:54:10     all   86.58    0.00    0.17    0.00    0.00    0.00    0.00    0.00   13.24
02:54:12     all   87.64    0.00    0.16    0.00    0.00    0.00    0.00    0.00   12.21
02:54:14     all   90.23    0.00    0.22    0.00    0.00    0.00    0.00    0.00    9.55
02:54:16     all   91.00    0.00    0.20    0.00    0.00    0.00    0.00    0.00    8.80
02:54:18     all   88.97    0.00    0.20    0.00    0.00    0.00    0.00    0.00   10.83
02:54:20     all   90.22    0.00    0.17    0.00    0.00    0.00    0.00    0.00    9.61
02:54:22     all   90.54    0.00    0.16    0.00    0.00    0.00    0.00    0.00    9.30
02:54:24     all   92.07    0.00    0.17    0.00    0.00    0.00    0.00    0.00    7.75
02:54:26     all   91.48    0.00    0.23    0.00    0.00    0.00    0.00    0.00    8.28
02:54:28     all   91.28    0.00    0.17    0.00    0.00    0.00    0.00    0.00    8.55
02:54:30     all   89.31    0.00    0.17    0.00    0.00    0.00    0.00    0.00   10.52
02:54:32     all   89.73    0.00    0.17    0.00    0.00    0.00    0.00    0.00   10.10
