procs -----------memory---------- ---swap-- -----io---- --system-- -----cpu-----
 r  b   swpd   free   buff  cache   si   so    bi    bo   in   cs us sy id wa st
 8  0      0 64535564 215312 394640    0    0     0     1    0    0 38  2 60  0  0	
45  0      0 64192740 215312 421480    0    0     0     0 28519 39558 61  5 35  0  0	
28  0      0 64194004 215312 421540    0    0     0     0 26254 8443 78  0 22  0  0	
29  0      0 64195856 215312 421600    0    0     0   124 27077 8702 81  0 19  0  0	
25  0      0 64198524 215312 421664    0    0     0     0 27801 8838 83  0 17  0  0	
39  0      0 64200532 215312 421724    0    0     0     0 27333 9181 82  0 18  0  0	
44  0      0 64202508 215312 421784    0    0     0    38 27916 9084 84  0 16  0  0	
25  0      0 64204260 215312 421848    0    0     0     6 27175 8684 81  0 19  0  0	
28  0      0 64206176 215312 421912    0    0     0     0 27053 8954 81  0 19  0  0	
43  0      0 64207972 215312 421972    0    0     0     6 27620 8872 83  0 17  0  0	
55  0      0 64208632 215312 422036    0    0     0     0 27096 9249 81  0 19  0  0	
29  0      0 64209260 215312 422096    0    0     0    84 27514 9304 82  0 18  0  0	
27  0      0 64209252 215312 422156    0    0     0     0 26779 8652 80  0 20  0  0	
35  0      0 64209252 215312 422220    0    0     0     6 27426 8936 82  0 18  0  0	
44  0      0 64209252 215312 422280    0    0     0     0 26985 8726 81  0 19  0  0	
41  0      0 64209152 215312 422348    0    0     0     0 27543 8996 82  0 18  0  0	
35  0      0 64208656 215312 422412    0    0     0  6098 30503 8851 82  0 18  0  0	
30  0      0 64208648 215312 422476    0    0     0     0 27378 8787 82  0 18  0  0	
27  0      0 64208516 215312 422540    0    0     0    16 27214 8812 81  0 18  0  0	
24  0      0 64208516 215312 422604    0    0     0  1342 28621 8716 82  0 18  0  0	
26  0      0 64208376 215312 422664    0    0     0     0 27742 8778 83  0 17  0  0	
procs -----------memory---------- ---swap-- -----io---- --system-- -----cpu-----
 r  b   swpd   free   buff  cache   si   so    bi    bo   in   cs us sy id wa st
29  0      0 64208132 215312 422724    0    0     0     8 26758 8635 80  0 20  0  0	
31  0      0 64208012 215312 422792    0    0     0     0 27020 9240 81  0 19  0  0	
38  0      0 64208144 215312 422852    0    0     0     8 27283 9243 82  0 18  0  0	
44  0      0 64208144 215312 422916    0    0     0     6 27387 9118 82  0 18  0  0	
