Linux 2.6.32-279.14.1.el6.x86_64 (compute-641-14.local) 	04/21/20 	_x86_64_	(32 CPU)

02:32:53          PID    %usr %system  %guest    %CPU   CPU  Command
02:32:55           17    0.00    0.49    0.00    0.49     3  ksoftirqd/3
02:32:55         3137    0.00    0.49    0.00    0.49     4  kondemand/4
02:32:55         3144    0.00    0.49    0.00    0.49    11  kondemand/11
02:32:55         3180    0.00    0.49    0.00    0.49     0  kipmi0
02:32:55         4128    0.49    0.49    0.00    0.98     0  gmond
02:32:55        16677    2.94    1.47    0.00    4.41     8  mpirun
02:32:55        16683    0.98    0.49    0.00    1.47    11  top
02:32:55        16685    0.49    1.96    0.00    2.45    25  pidstat
02:32:55        16687    0.49    1.47    0.00    1.96    18  pidstat
02:32:55        16697  136.76    8.33    0.00  145.10     0  bt-mz.B.32
02:32:55        16698  135.29   16.18    0.00  151.47    17  bt-mz.B.32
02:32:55        16699  133.82   15.20    0.00  149.02     2  bt-mz.B.32
02:32:55        16700  119.61   19.12    0.00  138.73    19  bt-mz.B.32
02:32:55        16701  118.63   19.61    0.00  138.24    20  bt-mz.B.32
02:32:55        16702  115.20   22.06    0.00  137.25    21  bt-mz.B.32
02:32:55        16703  107.84   21.08    0.00  128.92     6  bt-mz.B.32
02:32:55        16704  105.39   22.55    0.00  127.94     7  bt-mz.B.32
02:32:55        16705  103.92   24.51    0.00  128.43    24  bt-mz.B.32
02:32:55        16706   99.51   25.49    0.00  125.00     9  bt-mz.B.32
02:32:55        16708   96.08   30.88    0.00  126.96    10  bt-mz.B.32
02:32:55        16710  100.00   27.45    0.00  127.45    27  bt-mz.B.32
02:32:55        16712   97.06   28.92    0.00  125.98    28  bt-mz.B.32

02:32:55          PID    %usr %system  %guest    %CPU   CPU  Command
02:32:57         3148    0.00    0.50    0.00    0.50    15  kondemand/15
02:32:57         3149    0.00    0.50    0.00    0.50    16  kondemand/16
02:32:57        16683    0.50    1.00    0.00    1.50    11  top
02:32:57        16685    0.50    2.00    0.00    2.50    25  pidstat
02:32:57        16687    1.00    2.00    0.00    3.00     2  pidstat
02:32:57        16697  165.00    5.50    0.00  170.50     0  bt-mz.B.32
02:32:57        16698  164.00   13.50    0.00  177.50    17  bt-mz.B.32
02:32:57        16699  161.50   12.00    0.00  173.50    18  bt-mz.B.32
02:32:57        16700  144.50   17.50    0.00  162.00    19  bt-mz.B.32
02:32:57        16701  144.00   17.50    0.00  161.50    20  bt-mz.B.32
02:32:57        16702  138.00   22.50    0.00  160.50    21  bt-mz.B.32
02:32:57        16703  130.50   20.50    0.00  151.00     6  bt-mz.B.32
02:32:57        16704  127.50   22.50    0.00  150.00     7  bt-mz.B.32
02:32:57        16705  126.00   24.50    0.00  150.50    24  bt-mz.B.32
02:32:57        16706  118.50   27.00    0.00  145.50     9  bt-mz.B.32
02:32:57        16708  117.00   32.50    0.00  149.50    10  bt-mz.B.32
02:32:57        16710  118.50   32.00    0.00  150.50    27  bt-mz.B.32
02:32:57        16712  117.50   31.00    0.00  148.50    28  bt-mz.B.32

02:32:57          PID    %usr %system  %guest    %CPU   CPU  Command
02:32:59         3150    0.00    0.50    0.00    0.50    17  kondemand/17
02:32:59         3158    0.00    0.50    0.00    0.50    25  kondemand/25
02:32:59         3180    0.00    0.50    0.00    0.50    16  kipmi0
02:32:59         4128    0.50    0.50    0.00    1.00    16  gmond
02:32:59        16683    0.50    0.50    0.00    1.00    11  top
02:32:59        16685    0.50    2.00    0.00    2.50    25  pidstat
02:32:59        16687    0.50    2.00    0.00    2.50     2  pidstat
02:32:59        16697  172.50    2.00    0.00  174.50     0  bt-mz.B.32
02:32:59        16698  171.00   11.50    0.00  182.50    17  bt-mz.B.32
02:32:59        16699  170.00   10.00    0.00  180.00    18  bt-mz.B.32
02:32:59        16700  150.50   14.50    0.00  165.00    19  bt-mz.B.32
02:32:59        16701  150.50   15.50    0.00  166.00    20  bt-mz.B.32
02:32:59        16702  145.00   19.50    0.00  164.50    21  bt-mz.B.32
02:32:59        16703  134.00   19.50    0.00  153.50     6  bt-mz.B.32
02:32:59        16704  132.50   20.50    0.00  153.00     7  bt-mz.B.32
02:32:59        16705  129.50   23.50    0.00  153.00    24  bt-mz.B.32
02:32:59        16706  124.50   25.00    0.00  149.50     9  bt-mz.B.32
02:32:59        16708  122.00   30.00    0.00  152.00    10  bt-mz.B.32
02:32:59        16710  125.00   28.50    0.00  153.50    27  bt-mz.B.32
02:32:59        16712  121.00   30.50    0.00  151.50    28  bt-mz.B.32

02:32:59          PID    %usr %system  %guest    %CPU   CPU  Command
02:33:01         3133    0.00    0.50    0.00    0.50     0  kondemand/0
02:33:01         3135    0.00    0.50    0.00    0.50     2  kondemand/2
02:33:01         3136    0.00    0.50    0.00    0.50     3  kondemand/3
02:33:01         3139    0.00    0.50    0.00    0.50     6  kondemand/6
02:33:01         3143    0.00    0.50    0.00    0.50    10  kondemand/10
02:33:01         3146    0.00    0.50    0.00    0.50    13  kondemand/13
02:33:01         3151    0.00    0.50    0.00    0.50    18  kondemand/18
02:33:01         3153    0.00    0.50    0.00    0.50    20  kondemand/20
02:33:01        16683    0.50    0.50    0.00    1.00    11  top
02:33:01        16685    0.50    2.00    0.00    2.50    25  pidstat
02:33:01        16687    0.50    2.00    0.00    2.50     2  pidstat
02:33:01        16697  173.00    1.50    0.00  174.50     0  bt-mz.B.32
02:33:01        16698  172.00   10.50    0.00  182.50    17  bt-mz.B.32
02:33:01        16699  170.50    9.00    0.00  179.50    18  bt-mz.B.32
02:33:01        16700  149.50   16.00    0.00  165.50    19  bt-mz.B.32
02:33:01        16701  150.50   15.50    0.00  166.00    20  bt-mz.B.32
02:33:01        16702  145.50   18.50    0.00  164.00    21  bt-mz.B.32
02:33:01        16703  134.50   19.50    0.00  154.00     6  bt-mz.B.32
02:33:01        16704  130.50   22.00    0.00  152.50     7  bt-mz.B.32
02:33:01        16705  130.00   23.00    0.00  153.00    24  bt-mz.B.32
02:33:01        16706  125.00   24.00    0.00  149.00     9  bt-mz.B.32
02:33:01        16708  120.50   32.00    0.00  152.50    10  bt-mz.B.32
02:33:01        16710  125.00   28.00    0.00  153.00    11  bt-mz.B.32
02:33:01        16712  122.50   29.00    0.00  151.50    28  bt-mz.B.32

02:33:01          PID    %usr %system  %guest    %CPU   CPU  Command
02:33:03           13    0.00    0.50    0.00    0.50     2  ksoftirqd/2
02:33:03         3138    0.00    0.50    0.00    0.50     5  kondemand/5
02:33:03         3159    0.00    0.50    0.00    0.50    26  kondemand/26
02:33:03         3160    0.00    0.50    0.00    0.50    27  kondemand/27
02:33:03         3164    0.00    0.50    0.00    0.50    31  kondemand/31
02:33:03         3195    0.00    0.50    0.00    0.50    12  irqbalance
02:33:03         3808    0.50    0.00    0.00    0.50     8  crond
02:33:03         4128    0.00    0.50    0.00    0.50     0  gmond
02:33:03        16683    0.50    1.00    0.00    1.50    11  top
02:33:03        16685    1.00    1.50    0.00    2.50    25  pidstat
02:33:03        16687    1.00    2.00    0.00    3.00     2  pidstat
02:33:03        16697  172.50    2.00    0.00  174.50     0  bt-mz.B.32
02:33:03        16698  172.00   10.00    0.00  182.00    17  bt-mz.B.32
02:33:03        16699  170.50    9.00    0.00  179.50    18  bt-mz.B.32
02:33:03        16700  149.50   16.50    0.00  166.00    19  bt-mz.B.32
02:33:03        16701  151.00   15.00    0.00  166.00    20  bt-mz.B.32
02:33:03        16702  146.00   18.50    0.00  164.50    21  bt-mz.B.32
02:33:03        16703  133.00   21.00    0.00  154.00     6  bt-mz.B.32
02:33:03        16704  132.50   21.00    0.00  153.50     7  bt-mz.B.32
02:33:03        16705  128.50   25.00    0.00  153.50    24  bt-mz.B.32
02:33:03        16706  125.50   24.00    0.00  149.50     9  bt-mz.B.32
02:33:03        16708  121.00   31.50    0.00  152.50    10  bt-mz.B.32
02:33:03        16710  124.50   28.50    0.00  153.00    11  bt-mz.B.32
02:33:03        16712  122.00   29.00    0.00  151.00    28  bt-mz.B.32
