Linux 2.6.32-279.14.1.el6.x86_64 (compute-641-14.local) 	04/21/20 	_x86_64_	(32 CPU)

02:19:36          PID    %usr %system  %guest    %CPU   CPU  Command
02:19:38         3133    0.00    0.49    0.00    0.49     0  kondemand/0
02:19:38         3139    0.00    0.49    0.00    0.49     6  kondemand/6
02:19:38         3159    0.00    0.49    0.00    0.49    26  kondemand/26
02:19:38         3161    0.00    0.49    0.00    0.49    28  kondemand/28
02:19:38         4128    0.00    0.49    0.00    0.49     0  gmond
02:19:38        13504    2.96    1.97    0.00    4.93    16  mpirun
02:19:38        13510    0.49    0.49    0.00    0.99     5  top
02:19:38        13512    0.49    1.97    0.00    2.46     4  pidstat
02:19:38        13514    0.99    1.48    0.00    2.46    23  pidstat
02:19:38        13524  127.59   11.33    0.00  138.92     0  bt-mz.B.32
02:19:38        13525  126.11   19.21    0.00  145.32    17  bt-mz.B.32
02:19:38        13526  125.12   18.23    0.00  143.35    18  bt-mz.B.32
02:19:38        13527  111.82   22.66    0.00  134.48    19  bt-mz.B.32
02:19:38        13528  109.85   22.17    0.00  132.02    20  bt-mz.B.32
02:19:38        13529  107.88   25.12    0.00  133.00    21  bt-mz.B.32
02:19:38        13530  103.45   21.67    0.00  125.12    22  bt-mz.B.32
02:19:38        13531  102.96   21.18    0.00  124.14    23  bt-mz.B.32
02:19:38        13532   99.51   25.62    0.00  125.12    24  bt-mz.B.32
02:19:38        13533   96.06   26.11    0.00  122.17     9  bt-mz.B.32
02:19:38        13536   90.15   33.99    0.00  124.14    26  bt-mz.B.32
02:19:38        13538   91.63   33.00    0.00  124.63    27  bt-mz.B.32
02:19:38        13539   92.12   30.54    0.00  122.66    28  bt-mz.B.32
02:19:38        13541   88.67   34.48    0.00  123.15    29  bt-mz.B.32

02:19:38          PID    %usr %system  %guest    %CPU   CPU  Command
02:19:40          146    0.00    0.50    0.00    0.50    15  events/15
02:19:40         3156    0.00    0.50    0.00    0.50    23  kondemand/23
02:19:40         3158    0.00    0.50    0.00    0.50    25  kondemand/25
02:19:40         3180    0.00    0.50    0.00    0.50     0  kipmi0
02:19:40         4128    0.00    0.50    0.00    0.50     0  gmond
02:19:40        13510    0.50    0.50    0.00    1.00     5  top
02:19:40        13512    0.50    1.50    0.00    2.00     4  pidstat
02:19:40        13514    0.50    1.50    0.00    2.00     7  pidstat
02:19:40        13524  170.50    1.50    0.00  172.00    16  bt-mz.B.32
02:19:40        13525  169.00   10.50    0.00  179.50    17  bt-mz.B.32
02:19:40        13526  166.50   11.00    0.00  177.50    18  bt-mz.B.32
02:19:40        13527  145.50   17.00    0.00  162.50    19  bt-mz.B.32
02:19:40        13528  146.00   16.50    0.00  162.50    20  bt-mz.B.32
02:19:40        13529  142.00   19.50    0.00  161.50    21  bt-mz.B.32
02:19:40        13530  132.00   20.00    0.00  152.00    22  bt-mz.B.32
02:19:40        13531  130.00   20.00    0.00  150.00    23  bt-mz.B.32
02:19:40        13532  125.50   25.00    0.00  150.50    24  bt-mz.B.32
02:19:40        13533  124.50   23.00    0.00  147.50     9  bt-mz.B.32
02:19:40        13536  116.50   33.50    0.00  150.00    26  bt-mz.B.32
02:19:40        13538  118.50   31.50    0.00  150.00    27  bt-mz.B.32
02:19:40        13539  118.00   30.50    0.00  148.50    28  bt-mz.B.32
02:19:40        13541  115.50   33.50    0.00  149.00    29  bt-mz.B.32

02:19:40          PID    %usr %system  %guest    %CPU   CPU  Command
02:19:42         3136    0.00    0.50    0.00    0.50     3  kondemand/3
02:19:42         3151    0.00    0.50    0.00    0.50    18  kondemand/18
02:19:42         3180    0.00    0.50    0.00    0.50    16  kipmi0
02:19:42        13510    0.50    1.00    0.00    1.50     5  top
02:19:42        13512    0.50    2.00    0.00    2.50     4  pidstat
02:19:42        13514    0.50    1.50    0.00    2.00     7  pidstat
02:19:42        13524  172.50    2.00    0.00  174.50    16  bt-mz.B.32
02:19:42        13525  174.00   10.00    0.00  184.00    17  bt-mz.B.32
02:19:42        13526  170.50   11.00    0.00  181.50    18  bt-mz.B.32
02:19:42        13527  149.50   17.00    0.00  166.50    19  bt-mz.B.32
02:19:42        13528  147.50   17.00    0.00  164.50    20  bt-mz.B.32
02:19:42        13529  144.50   20.00    0.00  164.50     5  bt-mz.B.32
02:19:42        13530  136.00   18.50    0.00  154.50    22  bt-mz.B.32
02:19:42        13531  133.50   20.50    0.00  154.00    23  bt-mz.B.32
02:19:42        13532  129.50   25.00    0.00  154.50    24  bt-mz.B.32
02:19:42        13533  126.50   24.00    0.00  150.50     9  bt-mz.B.32
02:19:42        13536  121.50   31.50    0.00  153.00    26  bt-mz.B.32
02:19:42        13538  122.50   31.00    0.00  153.50    27  bt-mz.B.32
02:19:42        13539  122.50   29.50    0.00  152.00    28  bt-mz.B.32
02:19:42        13541  119.00   33.00    0.00  152.00    29  bt-mz.B.32

02:19:42          PID    %usr %system  %guest    %CPU   CPU  Command
02:19:44         3141    0.00    0.50    0.00    0.50     8  kondemand/8
02:19:44         3143    0.00    0.50    0.00    0.50    10  kondemand/10
02:19:44         3145    0.00    0.50    0.00    0.50    12  kondemand/12
02:19:44         3164    0.00    0.50    0.00    0.50    31  kondemand/31
02:19:44         3195    0.00    0.50    0.00    0.50    28  irqbalance
02:19:44         4128    0.50    0.50    0.00    1.00     0  gmond
02:19:44        13510    0.50    0.50    0.00    1.00    21  top
02:19:44        13512    0.50    2.00    0.00    2.50    20  pidstat
02:19:44        13514    1.00    2.00    0.00    3.00     7  pidstat
02:19:44        13524  174.00    1.50    0.00  175.50     0  bt-mz.B.32
02:19:44        13525  172.50   11.00    0.00  183.50    17  bt-mz.B.32
02:19:44        13526  170.50   10.50    0.00  181.00    18  bt-mz.B.32
02:19:44        13527  150.00   16.50    0.00  166.50    19  bt-mz.B.32
02:19:44        13528  149.50   16.00    0.00  165.50     4  bt-mz.B.32
02:19:44        13529  146.50   19.00    0.00  165.50     5  bt-mz.B.32
02:19:44        13530  134.00   20.50    0.00  154.50    22  bt-mz.B.32
02:19:44        13531  134.00   18.00    0.00  152.00    23  bt-mz.B.32
02:19:44        13532  131.00   23.00    0.00  154.00    24  bt-mz.B.32
02:19:44        13533  127.50   23.00    0.00  150.50     9  bt-mz.B.32
02:19:44        13536  120.50   32.50    0.00  153.00    26  bt-mz.B.32
02:19:44        13538  121.00   32.50    0.00  153.50    27  bt-mz.B.32
02:19:44        13539  122.00   29.50    0.00  151.50    28  bt-mz.B.32
02:19:44        13541  120.50   32.00    0.00  152.50    29  bt-mz.B.32

02:19:44          PID    %usr %system  %guest    %CPU   CPU  Command
02:19:46         3153    0.00    0.50    0.00    0.50    20  kondemand/20
02:19:46         3157    0.00    0.50    0.00    0.50    24  kondemand/24
02:19:46        13510    0.50    0.50    0.00    1.00    21  top
02:19:46        13512    0.50    2.00    0.00    2.50    20  pidstat
02:19:46        13514    1.00    1.50    0.00    2.50     7  pidstat
02:19:46        13524  173.50    1.50    0.00  175.00     0  bt-mz.B.32
02:19:46        13525  172.50   11.00    0.00  183.50    17  bt-mz.B.32
02:19:46        13526  170.00   11.50    0.00  181.50    18  bt-mz.B.32
02:19:46        13527  149.50   17.00    0.00  166.50    19  bt-mz.B.32
02:19:46        13528  149.50   17.00    0.00  166.50     4  bt-mz.B.32
02:19:46        13529  146.00   19.00    0.00  165.00    21  bt-mz.B.32
02:19:46        13530  134.50   21.00    0.00  155.50    22  bt-mz.B.32
02:19:46        13531  133.00   20.50    0.00  153.50     7  bt-mz.B.32
02:19:46        13532  130.00   24.50    0.00  154.50    24  bt-mz.B.32
02:19:46        13533  127.00   24.00    0.00  151.00     9  bt-mz.B.32
02:19:46        13536  121.00   32.50    0.00  153.50    26  bt-mz.B.32
02:19:46        13538  122.50   31.50    0.00  154.00    27  bt-mz.B.32
02:19:46        13539  122.00   30.00    0.00  152.00    28  bt-mz.B.32
02:19:46        13541  119.50   33.00    0.00  152.50    29  bt-mz.B.32
