Linux 2.6.32-279.14.1.el6.x86_64 (compute-641-14.local) 	04/21/20 	_x86_64_	(32 CPU)

02:18:27          PID    %usr %system  %guest    %CPU   CPU  Command
02:18:29         3133    0.00    0.49    0.00    0.49     0  kondemand/0
02:18:29         3136    0.00    0.49    0.00    0.49     3  kondemand/3
02:18:29         3138    0.00    0.49    0.00    0.49     5  kondemand/5
02:18:29         3148    0.00    0.49    0.00    0.49    15  kondemand/15
02:18:29         3180    0.00    0.49    0.00    0.49     0  kipmi0
02:18:29         4128    0.00    0.49    0.00    0.49    16  gmond
02:18:29        12848    2.96    2.46    0.00    5.42    12  mpirun
02:18:29        12854    0.49    0.49    0.00    0.99    16  top
02:18:29        12856    0.99    1.48    0.00    2.46    11  pidstat
02:18:29        12858    0.99    1.48    0.00    2.46    28  pidstat
02:18:29        12868  132.02    9.36    0.00  141.38     0  bt-mz.B.32
02:18:29        12869  133.50   15.27    0.00  148.77    17  bt-mz.B.32
02:18:29        12870  131.03   16.26    0.00  147.29    18  bt-mz.B.32
02:18:29        12871  116.75   20.69    0.00  137.44    19  bt-mz.B.32
02:18:29        12872  117.24   19.21    0.00  136.45    20  bt-mz.B.32
02:18:29        12873  114.29   21.18    0.00  135.47    21  bt-mz.B.32
02:18:29        12874  105.42   22.17    0.00  127.59    22  bt-mz.B.32
02:18:29        12875  103.94   22.66    0.00  126.60     7  bt-mz.B.32
02:18:29        12876  104.93   22.66    0.00  127.59    24  bt-mz.B.32
02:18:29        12878  100.49   24.63    0.00  125.12     9  bt-mz.B.32
02:18:29        12881   95.07   32.02    0.00  127.09    10  bt-mz.B.32
02:18:29        12882   95.07   31.53    0.00  126.60    27  bt-mz.B.32
02:18:29        12886   92.61   32.02    0.00  124.63    28  bt-mz.B.32
02:18:29        12889   94.58   31.53    0.00  126.11    29  bt-mz.B.32

02:18:29          PID    %usr %system  %guest    %CPU   CPU  Command
02:18:31         3137    0.00    0.50    0.00    0.50     4  kondemand/4
02:18:31         3140    0.00    0.50    0.00    0.50     7  kondemand/7
02:18:31         3150    0.00    0.50    0.00    0.50    17  kondemand/17
02:18:31         3154    0.00    0.50    0.00    0.50    21  kondemand/21
02:18:31         3180    0.00    0.50    0.00    0.50     0  kipmi0
02:18:31         4128    0.50    0.50    0.00    1.00     0  gmond
02:18:31        12854    0.50    1.00    0.00    1.50    16  top
02:18:31        12856    0.50    1.50    0.00    2.00    11  pidstat
02:18:31        12858    0.50    1.50    0.00    2.00    12  pidstat
02:18:31        12868  170.50    2.00    0.00  172.50     0  bt-mz.B.32
02:18:31        12869  170.50   10.50    0.00  181.00    17  bt-mz.B.32
02:18:31        12870  168.00   11.00    0.00  179.00    18  bt-mz.B.32
02:18:31        12871  146.00   17.50    0.00  163.50    19  bt-mz.B.32
02:18:31        12872  146.50   18.00    0.00  164.50    20  bt-mz.B.32
02:18:31        12873  143.50   19.50    0.00  163.00    21  bt-mz.B.32
02:18:31        12874  132.50   20.50    0.00  153.00    22  bt-mz.B.32
02:18:31        12875  132.00   20.50    0.00  152.50     7  bt-mz.B.32
02:18:31        12876  129.00   22.00    0.00  151.00    24  bt-mz.B.32
02:18:31        12878  126.00   22.00    0.00  148.00     9  bt-mz.B.32
02:18:31        12881  119.00   31.50    0.00  150.50    10  bt-mz.B.32
02:18:31        12882  119.50   31.00    0.00  150.50    27  bt-mz.B.32
02:18:31        12886  116.00   33.00    0.00  149.00    28  bt-mz.B.32
02:18:31        12889  118.00   32.50    0.00  150.50    29  bt-mz.B.32

02:18:31          PID    %usr %system  %guest    %CPU   CPU  Command
02:18:33         3142    0.00    0.50    0.00    0.50     9  kondemand/9
02:18:33         3146    0.00    0.50    0.00    0.50    13  kondemand/13
02:18:33         3149    0.00    0.50    0.00    0.50    16  kondemand/16
02:18:33         3158    0.00    0.50    0.00    0.50    25  kondemand/25
02:18:33         3160    0.00    0.50    0.00    0.50    27  kondemand/27
02:18:33         3162    0.00    0.50    0.00    0.50    29  kondemand/29
02:18:33        12848    0.00    0.50    0.00    0.50    14  mpirun
02:18:33        12854    1.00    0.50    0.00    1.50    16  top
02:18:33        12856    0.50    2.00    0.00    2.50    11  pidstat
02:18:33        12858    0.50    2.00    0.00    2.50    12  pidstat
02:18:33        12868  171.50    1.50    0.00  173.00    16  bt-mz.B.32
02:18:33        12869  172.00   10.00    0.00  182.00    17  bt-mz.B.32
02:18:33        12870  168.50   11.00    0.00  179.50    18  bt-mz.B.32
02:18:33        12871  148.50   17.00    0.00  165.50    19  bt-mz.B.32
02:18:33        12872  148.50   17.00    0.00  165.50    20  bt-mz.B.32
02:18:33        12873  143.00   20.50    0.00  163.50    21  bt-mz.B.32
02:18:33        12874  132.00   21.50    0.00  153.50    22  bt-mz.B.32
02:18:33        12875  130.50   21.50    0.00  152.00     7  bt-mz.B.32
02:18:33        12876  131.00   22.00    0.00  153.00    24  bt-mz.B.32
02:18:33        12878  127.00   22.50    0.00  149.50     9  bt-mz.B.32
02:18:33        12881  120.00   31.50    0.00  151.50    10  bt-mz.B.32
02:18:33        12882  123.50   29.00    0.00  152.50    27  bt-mz.B.32
02:18:33        12886  119.00   31.50    0.00  150.50    28  bt-mz.B.32
02:18:33        12889  116.50   34.00    0.00  150.50    29  bt-mz.B.32

02:18:33          PID    %usr %system  %guest    %CPU   CPU  Command
02:18:35         3135    0.00    0.50    0.00    0.50     2  kondemand/2
02:18:35         3139    0.00    0.50    0.00    0.50     6  kondemand/6
02:18:35         3156    0.00    0.50    0.00    0.50    23  kondemand/23
02:18:35         3180    0.00    0.50    0.00    0.50    16  kipmi0
02:18:35         4128    0.00    0.50    0.00    0.50     0  gmond
02:18:35        12854    0.50    0.50    0.00    1.00     0  top
02:18:35        12856    0.50    1.50    0.00    2.00    27  pidstat
02:18:35        12858    1.00    1.00    0.00    2.00    28  pidstat
02:18:35        12868  172.50    1.50    0.00  174.00    16  bt-mz.B.32
02:18:35        12869  173.00   10.00    0.00  183.00    17  bt-mz.B.32
02:18:35        12870  170.00   11.50    0.00  181.50    18  bt-mz.B.32
02:18:35        12871  146.50   18.50    0.00  165.00    19  bt-mz.B.32
02:18:35        12872  150.50   16.00    0.00  166.50    20  bt-mz.B.32
02:18:35        12873  146.00   19.00    0.00  165.00    21  bt-mz.B.32
02:18:35        12874  132.50   22.50    0.00  155.00    22  bt-mz.B.32
02:18:35        12875  135.00   19.00    0.00  154.00     7  bt-mz.B.32
02:18:35        12876  131.00   22.00    0.00  153.00    24  bt-mz.B.32
02:18:35        12878  128.50   21.50    0.00  150.00     9  bt-mz.B.32
02:18:35        12881  121.00   32.00    0.00  153.00    10  bt-mz.B.32
02:18:35        12882  121.50   30.50    0.00  152.00    11  bt-mz.B.32
02:18:35        12886  118.00   32.50    0.00  150.50    12  bt-mz.B.32
02:18:35        12889  120.00   32.00    0.00  152.00    29  bt-mz.B.32

02:18:35          PID    %usr %system  %guest    %CPU   CPU  Command
02:18:37         3141    0.00    0.50    0.00    0.50     8  kondemand/8
02:18:37         3159    0.00    0.50    0.00    0.50    26  kondemand/26
02:18:37         3163    0.00    0.50    0.00    0.50    30  kondemand/30
02:18:37         3180    0.00    0.50    0.00    0.50    16  kipmi0
02:18:37         4128    0.50    0.00    0.00    0.50    16  gmond
02:18:37        12854    1.00    1.00    0.00    2.00     0  top
02:18:37        12856    1.00    2.00    0.00    3.00    11  pidstat
02:18:37        12858    0.50    2.00    0.00    2.50    28  pidstat
02:18:37        12868  165.00    4.50    0.00  169.50     0  bt-mz.B.32
02:18:37        12869  166.50   11.00    0.00  177.50    17  bt-mz.B.32
02:18:37        12870  162.00   13.00    0.00  175.00    18  bt-mz.B.32
02:18:37        12871  141.00   20.00    0.00  161.00    19  bt-mz.B.32
02:18:37        12872  144.00   18.00    0.00  162.00    20  bt-mz.B.32
02:18:37        12873  138.50   21.50    0.00  160.00    21  bt-mz.B.32
02:18:37        12874  128.50   22.00    0.00  150.50    22  bt-mz.B.32
02:18:37        12875  127.00   22.50    0.00  149.50     7  bt-mz.B.32
02:18:37        12876  124.50   24.00    0.00  148.50    24  bt-mz.B.32
02:18:37        12878  123.50   23.00    0.00  146.50     9  bt-mz.B.32
02:18:37        12881  113.50   35.00    0.00  148.50    10  bt-mz.B.32
02:18:37        12882  117.50   31.50    0.00  149.00    27  bt-mz.B.32
02:18:37        12886  111.50   35.50    0.00  147.00    12  bt-mz.B.32
02:18:37        12889  115.00   33.50    0.00  148.50    29  bt-mz.B.32
