procs -----------memory---------- ---swap-- -----io---- --system-- -----cpu-----
 r  b   swpd   free   buff  cache   si   so    bi    bo   in   cs us sy id wa st
 7  0      0 64430168 215488 498352    0    0     0     1    0    0 38  2 60  0  0	
36  0      0 64093936 215488 525248    0    0     0    20 29413 91007 61  5 34  0  0	
27  0      0 64093936 215488 525308    0    0     0     0 27369 8585 81  0 18  0  0	
26  0      0 64097644 215500 525360    0    0     0   114 27579 8763 82  0 18  0  0	
25  0      0 64100032 215500 525432    0    0     0     0 26840 8494 80  0 20  0  0	
30  0      0 64101236 215500 525496    0    0     0     0 27225 8820 81  0 18  0  0	
28  0      0 64103896 215500 525556    0    0     0     6 27985 9159 83  0 16  0  0	
28  0      0 64105792 215500 525620    0    0     0     0 27559 8959 82  0 18  0  0	
36  0      0 64106888 215500 525684    0    0     0     0 27406 8807 81  0 19  0  0	
26  0      0 64109044 215500 525748    0    0     0     0 27475 8839 82  0 18  0  0	
29  0      0 64109992 215500 525808    0    0     0   104 28058 8942 84  0 16  0  0	
45  0      0 64110404 215500 525872    0    0     0     6 27959 9234 83  0 17  0  0	
39  0      0 64110380 215500 525932    0    0     0     0 27326 8602 81  0 18  0  0	
29  0      0 64110512 215500 525996    0    0     0     0 26559 8770 79  0 20  0  0	
28  0      0 64110496 215500 526060    0    0     0     0 25874 8780 77  0 22  0  0	
29  0      0 64110372 215500 526128    0    0     0    10 26431 8612 79  0 21  0  0	
32  0      0 64110232 215500 526192    0    0     0    10 26811 8835 80  0 20  0  0	
30  0      0 64110224 215500 526196    0    0     0  1010 27962 9312 82  0 18  0  0	
47  0      0 64109596 215500 526264    0    0     0  5082 29495 8872 81  0 19  0  0	
25  0      0 64109596 215500 526324    0    0     0    14 27892 8910 82  0 17  0  0	
44  0      0 64109348 215500 526388    0    0     0  1342 27711 8869 80  0 20  0  0	
procs -----------memory---------- ---swap-- -----io---- --system-- -----cpu-----
 r  b   swpd   free   buff  cache   si   so    bi    bo   in   cs us sy id wa st
27  0      0 64109348 215500 526452    0    0     0     0 27438 8711 82  0 18  0  0	
28  0      0 64108860 215500 526516    0    0     0     8 27609 8545 82  0 17  0  0	
27  0      0 64108736 215500 526580    0    0     0    10 28051 9010 83  0 16  0  0	
32  0      0 64108736 215500 526644    0    0     0     0 27638 9231 83  0 17  0  0	
34  0      0 64108860 215500 526704    0    0     0     0 27381 8744 82  0 18  0  0	
