Linux 2.6.32-279.14.1.el6.x86_64 (compute-641-14.local) 	04/21/20 	_x86_64_	(32 CPU)

03:00:54     CPU    %usr   %nice    %sys %iowait    %irq   %soft  %steal  %guest   %idle
03:00:56     all   60.78    0.00    4.43    0.00    0.00    0.06    0.00    0.00   34.74
03:00:58     all   81.02    0.00    0.19    0.00    0.00    0.00    0.00    0.00   18.79
03:01:00     all   80.04    0.00    0.17    0.00    0.00    0.00    0.00    0.00   19.79
03:01:02     all   79.07    0.00    0.22    0.00    0.00    0.00    0.00    0.00   20.71
03:01:04     all   80.00    0.00    0.19    0.00    0.00    0.00    0.00    0.00   19.81
03:01:06     all   82.74    0.00    0.17    0.00    0.00    0.00    0.00    0.00   17.09
03:01:08     all   82.24    0.00    0.16    0.00    0.00    0.00    0.00    0.00   17.60
03:01:10     all   82.28    0.00    0.19    0.00    0.00    0.00    0.00    0.00   17.53
03:01:12     all   79.06    0.00    0.19    0.00    0.00    0.00    0.00    0.00   20.76
03:01:14     all   82.61    0.00    0.19    0.00    0.00    0.00    0.00    0.00   17.20
03:01:16     all   81.24    0.00    0.16    0.00    0.00    0.00    0.00    0.00   18.61
03:01:18     all   82.00    0.00    0.17    0.00    0.00    0.00    0.00    0.00   17.82
03:01:20     all   81.58    0.00    0.17    0.00    0.00    0.00    0.00    0.00   18.25
03:01:22     all   81.67    0.00    0.19    0.02    0.00    0.00    0.00    0.00   18.13
03:01:24     all   81.10    0.00    0.16    0.00    0.00    0.00    0.00    0.00   18.74
03:01:26     all   83.24    0.00    0.23    0.00    0.00    0.00    0.00    0.00   16.53
03:01:28     all   81.38    0.00    0.19    0.00    0.00    0.00    0.00    0.00   18.44
03:01:30     all   81.21    0.00    0.19    0.00    0.00    0.00    0.00    0.00   18.60
03:01:32     all   83.79    0.00    0.19    0.00    0.00    0.00    0.00    0.00   16.03
03:01:34     all   82.23    0.00    0.20    0.00    0.00    0.02    0.00    0.00   17.55
03:01:36     all   80.81    0.00    0.17    0.00    0.00    0.00    0.00    0.00   19.02
03:01:38     all   81.66    0.00    0.17    0.00    0.00    0.00    0.00    0.00   18.17
03:01:40     all   80.58    0.00    0.17    0.00    0.00    0.00    0.00    0.00   19.25
03:01:42     all   82.18    0.00    0.17    0.00    0.00    0.00    0.00    0.00   17.65
03:01:44     all   80.48    0.00    0.19    0.00    0.00    0.00    0.00    0.00   19.33
03:01:46     all   82.30    0.00    0.19    0.00    0.00    0.00    0.00    0.00   17.51
