Linux 2.6.32-279.14.1.el6.x86_64 (compute-662-5.local) 	04/21/20 	_x86_64_	(48 CPU)

02:25:09          PID    %usr %system  %guest    %CPU   CPU  Command
02:25:11          165    0.00    0.49    0.00    0.49    40  ksoftirqd/40
02:25:11         4121    0.00    0.49    0.00    0.49    10  kondemand/10
02:25:11         4129    0.00    0.49    0.00    0.49    18  kondemand/18
02:25:11         4131    0.00    0.49    0.00    0.49    20  kondemand/20
02:25:11         4138    0.00    0.49    0.00    0.49    27  kondemand/27
02:25:11         4142    0.00    0.49    0.00    0.49    31  kondemand/31
02:25:11        23393    0.00    0.49    0.00    0.49    15  gmond
02:25:11        38467    3.88    1.46    0.00    5.34    24  mpirun
02:25:11        38473    0.97    1.46    0.00    2.43    38  top
02:25:11        38475    0.49    3.40    0.00    3.88    40  pidstat
02:25:11        38477    0.49    2.91    0.00    3.40     3  pidstat
02:25:11        38487  161.17    8.25    0.00  169.42     0  bt-mz.C.24
02:25:11        38488  159.71    6.80    0.00  166.50    36  bt-mz.C.24
02:25:11        38489  159.71    7.77    0.00  167.48    25  bt-mz.C.24
02:25:11        38490  161.65    7.28    0.00  168.93    37  bt-mz.C.24
02:25:11        38491  160.68    7.77    0.00  168.45     2  bt-mz.C.24
02:25:11        38492  159.22    7.28    0.00  166.50    14  bt-mz.C.24
02:25:11        38493  160.19    7.28    0.00  167.48    27  bt-mz.C.24
02:25:11        38494  161.65    7.28    0.00  168.93    39  bt-mz.C.24
02:25:11        38496  162.14    7.28    0.00  169.42    28  bt-mz.C.24
02:25:11        38498  159.71    7.28    0.00  166.99    16  bt-mz.C.24

02:25:11          PID    %usr %system  %guest    %CPU   CPU  Command
02:25:13          220    0.00    0.50    0.00    0.50    25  events/25
02:25:13          221    0.00    0.50    0.00    0.50    26  events/26
02:25:13          242    0.00    0.50    0.00    0.50    47  events/47
02:25:13         4116    0.00    0.50    0.00    0.50     5  kondemand/5
02:25:13         4125    0.00    0.50    0.00    0.50    14  kondemand/14
02:25:13         4127    0.00    0.50    0.00    0.50    16  kondemand/16
02:25:13         4130    0.00    0.50    0.00    0.50    19  kondemand/19
02:25:13         4133    0.00    0.50    0.00    0.50    22  kondemand/22
02:25:13         4147    0.00    0.50    0.00    0.50    36  kondemand/36
02:25:13         4151    0.00    0.50    0.00    0.50    40  kondemand/40
02:25:13         4174    0.00    0.50    0.00    0.50    24  kipmi0
02:25:13        23393    0.00    0.50    0.00    0.50    15  gmond
02:25:13        38473    1.00    1.00    0.00    2.00    38  top
02:25:13        38475    1.00    3.00    0.00    4.00    40  pidstat
02:25:13        38477    1.00    3.50    0.00    4.50     3  pidstat
02:25:13        38487  197.00    0.00    0.00  197.00     0  bt-mz.C.24
02:25:13        38488  195.00    0.00    0.00  195.00    36  bt-mz.C.24
02:25:13        38489  195.50    0.00    0.00  195.50    25  bt-mz.C.24
02:25:13        38490  196.50    0.00    0.00  196.50    37  bt-mz.C.24
02:25:13        38491  196.00    0.00    0.00  196.00     2  bt-mz.C.24
02:25:13        38492  194.50    0.00    0.00  194.50    38  bt-mz.C.24
02:25:13        38493  193.50    0.00    0.00  193.50    27  bt-mz.C.24
02:25:13        38494  197.00    0.00    0.00  197.00    39  bt-mz.C.24
02:25:13        38496  197.50    0.50    0.00  198.00    28  bt-mz.C.24
02:25:13        38498  194.00    0.00    0.00  194.00    16  bt-mz.C.24

02:25:13          PID    %usr %system  %guest    %CPU   CPU  Command
02:25:15         4111    0.00    0.50    0.00    0.50     0  kondemand/0
02:25:15         4117    0.00    0.50    0.00    0.50     6  kondemand/6
02:25:15         4123    0.00    0.50    0.00    0.50    12  kondemand/12
02:25:15         4128    0.00    0.50    0.00    0.50    17  kondemand/17
02:25:15         4146    0.00    0.50    0.00    0.50    35  kondemand/35
02:25:15         4888    0.50    0.00    0.00    0.50    26  pbs_mom
02:25:15        23393    0.00    0.50    0.00    0.50    15  gmond
02:25:15        38473    1.00    0.50    0.00    1.50    38  top
02:25:15        38475    1.00    3.00    0.00    4.00    40  pidstat
02:25:15        38477    1.50    3.00    0.00    4.50     3  pidstat
02:25:15        38487  193.50    0.00    0.00  193.50     0  bt-mz.C.24
02:25:15        38488  191.00    0.00    0.00  191.00    36  bt-mz.C.24
02:25:15        38489  191.00    0.00    0.00  191.00    25  bt-mz.C.24
02:25:15        38490  192.50    0.00    0.00  192.50    37  bt-mz.C.24
02:25:15        38491  192.00    0.00    0.00  192.00    26  bt-mz.C.24
02:25:15        38492  190.50    0.50    0.00  191.00    38  bt-mz.C.24
02:25:15        38493  192.50    0.00    0.00  192.50    27  bt-mz.C.24
02:25:15        38494  193.50    0.00    0.00  193.50    39  bt-mz.C.24
02:25:15        38496  194.00    0.00    0.00  194.00    28  bt-mz.C.24
02:25:15        38498  194.00    0.00    0.00  194.00    16  bt-mz.C.24

02:25:15          PID    %usr %system  %guest    %CPU   CPU  Command
02:25:17         4114    0.00    0.50    0.00    0.50     3  kondemand/3
02:25:17         4122    0.00    0.50    0.00    0.50    11  kondemand/11
02:25:17         4126    0.00    0.50    0.00    0.50    15  kondemand/15
02:25:17         4132    0.00    0.50    0.00    0.50    21  kondemand/21
02:25:17         4135    0.00    0.50    0.00    0.50    24  kondemand/24
02:25:17         4141    0.00    0.50    0.00    0.50    30  kondemand/30
02:25:17         4150    0.00    0.50    0.00    0.50    39  kondemand/39
02:25:17         4152    0.00    0.50    0.00    0.50    41  kondemand/41
02:25:17         4158    0.00    0.50    0.00    0.50    47  kondemand/47
02:25:17        23393    0.00    0.50    0.00    0.50    15  gmond
02:25:17        38473    0.50    1.50    0.00    2.00    38  top
02:25:17        38475    1.00    3.00    0.00    4.00    40  pidstat
02:25:17        38477    1.00    3.00    0.00    4.00     3  pidstat
02:25:17        38487  196.00    0.50    0.00  196.50     0  bt-mz.C.24
02:25:17        38488  194.00    0.00    0.00  194.00    36  bt-mz.C.24
02:25:17        38489  194.00    0.00    0.00  194.00    25  bt-mz.C.24
02:25:17        38490  195.00    0.00    0.00  195.00    37  bt-mz.C.24
02:25:17        38491  195.00    0.50    0.00  195.50    26  bt-mz.C.24
02:25:17        38492  194.00    0.00    0.00  194.00    38  bt-mz.C.24
02:25:17        38493  192.50    0.00    0.00  192.50    27  bt-mz.C.24
02:25:17        38494  196.00    0.00    0.00  196.00    39  bt-mz.C.24
02:25:17        38496  196.50    0.00    0.00  196.50    28  bt-mz.C.24
02:25:17        38498  193.00    0.50    0.00  193.50    16  bt-mz.C.24

02:25:17          PID    %usr %system  %guest    %CPU   CPU  Command
02:25:19         4113    0.00    0.50    0.00    0.50     2  kondemand/2
02:25:19         4115    0.00    0.50    0.00    0.50     4  kondemand/4
02:25:19        23393    0.00    0.50    0.00    0.50    15  gmond
02:25:19        38473    1.00    1.50    0.00    2.50    38  top
02:25:19        38475    1.00    3.50    0.00    4.50    40  pidstat
02:25:19        38477    1.00    3.50    0.00    4.50    27  pidstat
02:25:19        38487  194.00    0.00    0.00  194.00     0  bt-mz.C.24
02:25:19        38488  192.50    0.00    0.00  192.50    36  bt-mz.C.24
02:25:19        38489  192.50    0.00    0.00  192.50    25  bt-mz.C.24
02:25:19        38490  194.00    0.00    0.00  194.00    37  bt-mz.C.24
02:25:19        38491  193.00    0.00    0.00  193.00    26  bt-mz.C.24
02:25:19        38492  191.50    0.00    0.00  191.50    38  bt-mz.C.24
02:25:19        38493  193.00    0.00    0.00  193.00    27  bt-mz.C.24
02:25:19        38494  194.50    0.00    0.00  194.50    39  bt-mz.C.24
02:25:19        38496  194.50    0.00    0.00  194.50    28  bt-mz.C.24
02:25:19        38498  194.00    0.00    0.00  194.00    16  bt-mz.C.24

02:25:19          PID    %usr %system  %guest    %CPU   CPU  Command
02:25:21         4137    0.00    0.50    0.00    0.50    26  kondemand/26
02:25:21         4140    0.00    0.50    0.00    0.50    29  kondemand/29
02:25:21         4145    0.00    0.50    0.00    0.50    34  kondemand/34
02:25:21         4149    0.00    0.50    0.00    0.50    38  kondemand/38
02:25:21         4153    0.00    0.50    0.00    0.50    42  kondemand/42
02:25:21         4155    0.00    0.50    0.00    0.50    44  kondemand/44
02:25:21         4156    0.00    0.50    0.00    0.50    45  kondemand/45
02:25:21         4888    0.50    1.00    0.00    1.50    26  pbs_mom
02:25:21        23393    0.50    0.00    0.00    0.50    15  gmond
02:25:21        38473    0.50    1.00    0.00    1.50    38  top
02:25:21        38475    1.00    3.00    0.00    4.00    40  pidstat
02:25:21        38477    1.00    3.00    0.00    4.00    27  pidstat
02:25:21        38487  196.00    0.00    0.00  196.00     0  bt-mz.C.24
02:25:21        38488  193.50    0.00    0.00  193.50    36  bt-mz.C.24
02:25:21        38489  194.00    0.00    0.00  194.00    25  bt-mz.C.24
02:25:21        38490  195.00    0.00    0.00  195.00    37  bt-mz.C.24
02:25:21        38491  193.50    0.00    0.00  193.50     2  bt-mz.C.24
02:25:21        38492  193.00    0.00    0.00  193.00    38  bt-mz.C.24
02:25:21        38493  192.00    0.00    0.00  192.00     3  bt-mz.C.24
02:25:21        38494  195.50    0.00    0.00  195.50    39  bt-mz.C.24
02:25:21        38496  196.50    0.00    0.00  196.50    28  bt-mz.C.24
02:25:21        38498  193.50    0.00    0.00  193.50    16  bt-mz.C.24

02:25:21          PID    %usr %system  %guest    %CPU   CPU  Command
02:25:23         4124    0.00    0.50    0.00    0.50    13  kondemand/13
02:25:23         4134    0.00    0.50    0.00    0.50    23  kondemand/23
02:25:23         4148    0.00    0.50    0.00    0.50    37  kondemand/37
02:25:23         4157    0.00    0.50    0.00    0.50    46  kondemand/46
02:25:23         4694    0.00    0.50    0.00    0.50    10  snmpd
02:25:23        23393    0.00    0.50    0.00    0.50    15  gmond
02:25:23        38473    1.00    1.50    0.00    2.50    38  top
02:25:23        38475    1.50    2.50    0.00    4.00    40  pidstat
02:25:23        38477    1.50    2.50    0.00    4.00    27  pidstat
02:25:23        38487  194.50    0.00    0.00  194.50     0  bt-mz.C.24
02:25:23        38488  192.50    0.00    0.00  192.50    36  bt-mz.C.24
02:25:23        38489  192.00    0.50    0.00  192.50    25  bt-mz.C.24
02:25:23        38490  193.50    0.00    0.00  193.50    37  bt-mz.C.24
02:25:23        38491  194.50    0.00    0.00  194.50     2  bt-mz.C.24
02:25:23        38492  192.50    0.00    0.00  192.50    38  bt-mz.C.24
02:25:23        38493  193.00    0.00    0.00  193.00     3  bt-mz.C.24
02:25:23        38494  194.50    0.50    0.00  195.00    39  bt-mz.C.24
02:25:23        38496  194.50    0.00    0.00  194.50    28  bt-mz.C.24
02:25:23        38498  194.00    0.00    0.00  194.00    16  bt-mz.C.24

02:25:23          PID    %usr %system  %guest    %CPU   CPU  Command
02:25:25         4111    0.00    0.50    0.00    0.50     0  kondemand/0
02:25:25         4112    0.00    0.50    0.00    0.50     1  kondemand/1
02:25:25         4119    0.00    0.50    0.00    0.50     8  kondemand/8
02:25:25         4120    0.00    0.50    0.00    0.50     9  kondemand/9
02:25:25         4123    0.00    0.50    0.00    0.50    12  kondemand/12
02:25:25         4129    0.00    0.50    0.00    0.50    18  kondemand/18
02:25:25         4139    0.00    0.50    0.00    0.50    28  kondemand/28
02:25:25        23393    0.00    0.50    0.00    0.50    15  gmond
02:25:25        38473    0.50    1.50    0.00    2.00    38  top
02:25:25        38475    0.50    3.50    0.00    4.00    40  pidstat
02:25:25        38477    1.00    3.00    0.00    4.00    27  pidstat
02:25:25        38487  195.00    0.50    0.00  195.50     0  bt-mz.C.24
02:25:25        38488  193.50    0.50    0.00  194.00    36  bt-mz.C.24
02:25:25        38489  193.50    0.00    0.00  193.50    25  bt-mz.C.24
02:25:25        38490  195.00    0.00    0.00  195.00    37  bt-mz.C.24
02:25:25        38491  194.50    0.00    0.00  194.50    26  bt-mz.C.24
02:25:25        38492  193.00    0.00    0.00  193.00    14  bt-mz.C.24
02:25:25        38493  193.00    0.50    0.00  193.50     3  bt-mz.C.24
02:25:25        38494  195.50    0.00    0.00  195.50    39  bt-mz.C.24
02:25:25        38496  196.00    0.00    0.00  196.00    28  bt-mz.C.24
02:25:25        38498  193.50    0.00    0.00  193.50    16  bt-mz.C.24

02:25:25          PID    %usr %system  %guest    %CPU   CPU  Command
02:25:27         4118    0.00    0.50    0.00    0.50     7  kondemand/7
02:25:27         4131    0.00    0.50    0.00    0.50    20  kondemand/20
02:25:27         4136    0.00    0.50    0.00    0.50    25  kondemand/25
02:25:27         4138    0.00    0.50    0.00    0.50    27  kondemand/27
02:25:27         4143    0.00    0.50    0.00    0.50    32  kondemand/32
02:25:27         4154    0.00    0.50    0.00    0.50    43  kondemand/43
02:25:27        23393    0.00    0.50    0.00    0.50    15  gmond
02:25:27        38473    1.00    1.00    0.00    2.00    38  top
02:25:27        38475    0.50    4.00    0.00    4.50    40  pidstat
02:25:27        38477    1.50    3.00    0.00    4.50    27  pidstat
02:25:27        38487  195.00    0.00    0.00  195.00     0  bt-mz.C.24
02:25:27        38488  192.50    0.00    0.00  192.50    36  bt-mz.C.24
02:25:27        38489  193.00    0.00    0.00  193.00    25  bt-mz.C.24
02:25:27        38490  194.00    0.00    0.00  194.00    37  bt-mz.C.24
02:25:27        38491  193.50    0.00    0.00  193.50    26  bt-mz.C.24
02:25:27        38492  191.50    0.00    0.00  191.50    38  bt-mz.C.24
02:25:27        38493  193.50    0.00    0.00  193.50    27  bt-mz.C.24
02:25:27        38494  195.00    0.00    0.00  195.00    39  bt-mz.C.24
02:25:27        38496  195.50    0.50    0.00  196.00    28  bt-mz.C.24
02:25:27        38498  194.50    0.00    0.00  194.50    16  bt-mz.C.24

02:25:27          PID    %usr %system  %guest    %CPU   CPU  Command
02:25:29         4116    0.00    0.50    0.00    0.50     5  kondemand/5
02:25:29         4121    0.00    0.50    0.00    0.50    10  kondemand/10
02:25:29         4125    0.00    0.50    0.00    0.50    14  kondemand/14
02:25:29         4130    0.00    0.50    0.00    0.50    19  kondemand/19
02:25:29         4133    0.00    0.50    0.00    0.50    22  kondemand/22
02:25:29         4142    0.00    0.50    0.00    0.50    31  kondemand/31
02:25:29         4144    0.00    0.50    0.00    0.50    33  kondemand/33
02:25:29        23393    0.00    0.50    0.00    0.50    15  gmond
02:25:29        38473    0.50    1.50    0.00    2.00    38  top
02:25:29        38475    1.00    2.50    0.00    3.50    40  pidstat
02:25:29        38477    1.00    3.00    0.00    4.00    27  pidstat
02:25:29        38487  195.50    0.00    0.00  195.50     0  bt-mz.C.24
02:25:29        38488  193.50    0.00    0.00  193.50    36  bt-mz.C.24
02:25:29        38489  193.50    0.00    0.00  193.50    25  bt-mz.C.24
02:25:29        38490  195.00    0.00    0.00  195.00    37  bt-mz.C.24
02:25:29        38491  194.00    0.50    0.00  194.50    26  bt-mz.C.24
02:25:29        38492  193.50    0.00    0.00  193.50    38  bt-mz.C.24
02:25:29        38493  192.50    0.00    0.00  192.50     3  bt-mz.C.24
02:25:29        38494  195.00    0.00    0.00  195.00    39  bt-mz.C.24
02:25:29        38496  195.50    0.00    0.00  195.50    28  bt-mz.C.24
02:25:29        38498  193.50    0.00    0.00  193.50    16  bt-mz.C.24

02:25:29          PID    %usr %system  %guest    %CPU   CPU  Command
02:25:31          239    0.00    0.50    0.00    0.50    44  events/44
02:25:31         4117    0.00    0.50    0.00    0.50     6  kondemand/6
02:25:31         4127    0.00    0.50    0.00    0.50    16  kondemand/16
02:25:31         4128    0.00    0.50    0.00    0.50    17  kondemand/17
02:25:31         4147    0.00    0.50    0.00    0.50    36  kondemand/36
02:25:31         4151    0.00    0.50    0.00    0.50    40  kondemand/40
02:25:31        38473    1.00    1.00    0.00    2.00    38  top
02:25:31        38475    1.00    3.00    0.00    4.00    16  pidstat
02:25:31        38477    1.50    3.50    0.00    5.00    27  pidstat
02:25:31        38487  196.00    0.00    0.00  196.00     0  bt-mz.C.24
02:25:31        38488  193.50    0.00    0.00  193.50    36  bt-mz.C.24
02:25:31        38489  193.50    0.00    0.00  193.50    25  bt-mz.C.24
02:25:31        38490  195.00    0.00    0.00  195.00    37  bt-mz.C.24
02:25:31        38491  194.50    0.00    0.00  194.50    26  bt-mz.C.24
02:25:31        38492  193.00    0.00    0.00  193.00    38  bt-mz.C.24
02:25:31        38493  194.00    0.00    0.00  194.00    27  bt-mz.C.24
02:25:31        38494  196.00    0.00    0.00  196.00    39  bt-mz.C.24
02:25:31        38496  196.50    0.00    0.00  196.50    28  bt-mz.C.24
02:25:31        38498  195.50    0.00    0.00  195.50    40  bt-mz.C.24

02:25:31          PID    %usr %system  %guest    %CPU   CPU  Command
02:25:33         4114    0.00    0.50    0.00    0.50     3  kondemand/3
02:25:33         4122    0.00    0.50    0.00    0.50    11  kondemand/11
02:25:33         4123    0.00    0.50    0.00    0.50    12  kondemand/12
02:25:33         4132    0.00    0.50    0.00    0.50    21  kondemand/21
02:25:33        23393    0.50    0.50    0.00    1.00    15  gmond
02:25:33        38473    1.00    1.50    0.00    2.50    38  top
02:25:33        38475    1.00    3.00    0.00    4.00    16  pidstat
02:25:33        38477    1.00    2.50    0.00    3.50    27  pidstat
02:25:33        38479    0.00    0.50    0.00    0.50    29  iostat
02:25:33        38487  193.50    0.00    0.00  193.50     0  bt-mz.C.24
02:25:33        38488  191.50    0.00    0.00  191.50    36  bt-mz.C.24
02:25:33        38489  192.00    0.00    0.00  192.00    25  bt-mz.C.24
02:25:33        38490  193.00    0.50    0.00  193.50    37  bt-mz.C.24
02:25:33        38491  193.00    0.00    0.00  193.00    26  bt-mz.C.24
02:25:33        38492  191.00    0.50    0.00  191.50    38  bt-mz.C.24
02:25:33        38493  191.50    0.50    0.00  192.00     3  bt-mz.C.24
02:25:33        38494  194.00    0.00    0.00  194.00    39  bt-mz.C.24
02:25:33        38496  194.00    0.00    0.00  194.00    28  bt-mz.C.24
02:25:33        38498  192.00    0.00    0.00  192.00    40  bt-mz.C.24

02:25:33          PID    %usr %system  %guest    %CPU   CPU  Command
02:25:35         4111    0.00    0.50    0.00    0.50     0  kondemand/0
02:25:35         4115    0.00    0.50    0.00    0.50     4  kondemand/4
02:25:35         4126    0.00    0.50    0.00    0.50    15  kondemand/15
02:25:35         4141    0.00    0.50    0.00    0.50    30  kondemand/30
02:25:35         4146    0.00    0.50    0.00    0.50    35  kondemand/35
02:25:35         4150    0.00    0.50    0.00    0.50    39  kondemand/39
02:25:35         4152    0.00    0.50    0.00    0.50    41  kondemand/41
02:25:35         4158    0.00    0.50    0.00    0.50    47  kondemand/47
02:25:35         4189    0.00    0.50    0.00    0.50     2  irqbalance
02:25:35        23393    0.00    0.50    0.00    0.50    15  gmond
02:25:35        38473    0.50    1.50    0.00    2.00    38  top
02:25:35        38475    1.50    3.00    0.00    4.50    16  pidstat
02:25:35        38477    1.00    3.50    0.00    4.50    27  pidstat
02:25:35        38487  195.50    0.00    0.00  195.50     0  bt-mz.C.24
02:25:35        38488  193.50    0.00    0.00  193.50    36  bt-mz.C.24
02:25:35        38489  193.50    0.00    0.00  193.50    25  bt-mz.C.24
02:25:35        38490  194.50    0.00    0.00  194.50    37  bt-mz.C.24
02:25:35        38491  194.00    0.00    0.00  194.00    26  bt-mz.C.24
02:25:35        38492  193.00    0.00    0.00  193.00    14  bt-mz.C.24
02:25:35        38493  193.50    0.00    0.00  193.50     3  bt-mz.C.24
02:25:35        38494  195.00    0.50    0.00  195.50    39  bt-mz.C.24
02:25:35        38496  196.00    0.00    0.00  196.00    28  bt-mz.C.24
02:25:35        38498  194.50    0.00    0.00  194.50    40  bt-mz.C.24

02:25:35          PID    %usr %system  %guest    %CPU   CPU  Command
02:25:37         4113    0.00    0.50    0.00    0.50     2  kondemand/2
02:25:37         4135    0.00    0.50    0.00    0.50    24  kondemand/24
02:25:37        23393    0.00    0.50    0.00    0.50    15  gmond
02:25:37        38473    1.00    1.00    0.00    2.00    38  top
02:25:37        38475    1.00    2.50    0.00    3.50    16  pidstat
02:25:37        38477    1.00    2.50    0.00    3.50     3  pidstat
02:25:37        38487  194.00    0.00    0.00  194.00     0  bt-mz.C.24
02:25:37        38488  192.00    0.00    0.00  192.00    36  bt-mz.C.24
02:25:37        38489  192.50    0.00    0.00  192.50    25  bt-mz.C.24
02:25:37        38490  193.50    0.00    0.00  193.50    37  bt-mz.C.24
02:25:37        38491  193.50    0.00    0.00  193.50    26  bt-mz.C.24
02:25:37        38492  191.50    0.00    0.00  191.50    14  bt-mz.C.24
02:25:37        38493  193.00    0.00    0.00  193.00     3  bt-mz.C.24
02:25:37        38494  194.50    0.00    0.00  194.50    39  bt-mz.C.24
02:25:37        38496  194.50    0.00    0.00  194.50    28  bt-mz.C.24
02:25:37        38498  193.00    0.50    0.00  193.50    40  bt-mz.C.24

02:25:37          PID    %usr %system  %guest    %CPU   CPU  Command
02:25:39          223    0.00    0.50    0.00    0.50    28  events/28
02:25:39         4112    0.00    0.50    0.00    0.50     1  kondemand/1
02:25:39         4124    0.00    0.50    0.00    0.50    13  kondemand/13
02:25:39         4134    0.00    0.50    0.00    0.50    23  kondemand/23
02:25:39         4137    0.00    0.50    0.00    0.50    26  kondemand/26
02:25:39         4149    0.00    0.50    0.00    0.50    38  kondemand/38
02:25:39         4153    0.00    0.50    0.00    0.50    42  kondemand/42
02:25:39         4156    0.00    0.50    0.00    0.50    45  kondemand/45
02:25:39        23393    0.00    0.50    0.00    0.50    15  gmond
02:25:39        38473    1.00    1.00    0.00    2.00    38  top
02:25:39        38475    1.50    3.00    0.00    4.50    16  pidstat
02:25:39        38477    1.00    3.50    0.00    4.50    27  pidstat
02:25:39        38487  195.00    0.50    0.00  195.50     0  bt-mz.C.24
02:25:39        38488  193.00    0.00    0.00  193.00    36  bt-mz.C.24
02:25:39        38489  193.00    0.50    0.00  193.50    25  bt-mz.C.24
02:25:39        38490  194.00    0.00    0.00  194.00    37  bt-mz.C.24
02:25:39        38491  194.00    0.50    0.00  194.50    26  bt-mz.C.24
02:25:39        38492  193.00    0.00    0.00  193.00    14  bt-mz.C.24
02:25:39        38493  192.50    0.00    0.00  192.50     3  bt-mz.C.24
02:25:39        38494  195.00    0.00    0.00  195.00    39  bt-mz.C.24
02:25:39        38496  195.50    0.00    0.00  195.50    28  bt-mz.C.24
02:25:39        38498  194.50    0.00    0.00  194.50    40  bt-mz.C.24

02:25:39          PID    %usr %system  %guest    %CPU   CPU  Command
02:25:41         4120    0.00    0.50    0.00    0.50     9  kondemand/9
02:25:41         4129    0.00    0.50    0.00    0.50    18  kondemand/18
02:25:41         4140    0.00    0.50    0.00    0.50    29  kondemand/29
02:25:41         4145    0.00    0.50    0.00    0.50    34  kondemand/34
02:25:41         4148    0.00    0.50    0.00    0.50    37  kondemand/37
02:25:41         4155    0.00    0.50    0.00    0.50    44  kondemand/44
02:25:41         4157    0.00    0.50    0.00    0.50    46  kondemand/46
02:25:41         4694    0.00    0.50    0.00    0.50    10  snmpd
02:25:41        23393    0.00    0.50    0.00    0.50    15  gmond
02:25:41        38473    1.00    1.00    0.00    2.00    38  top
02:25:41        38475    1.00    3.00    0.00    4.00    16  pidstat
02:25:41        38477    1.00    3.50    0.00    4.50    27  pidstat
02:25:41        38487  192.50    0.00    0.00  192.50     0  bt-mz.C.24
02:25:41        38488  190.00    0.00    0.00  190.00    36  bt-mz.C.24
02:25:41        38489  190.00    0.00    0.00  190.00    25  bt-mz.C.24
02:25:41        38490  191.50    0.00    0.00  191.50    37  bt-mz.C.24
02:25:41        38491  191.00    0.00    0.00  191.00    26  bt-mz.C.24
02:25:41        38492  189.50    0.00    0.00  189.50    38  bt-mz.C.24
02:25:41        38493  193.00    0.00    0.00  193.00     3  bt-mz.C.24
02:25:41        38494  192.00    0.00    0.00  192.00    39  bt-mz.C.24
02:25:41        38496  192.50    0.00    0.00  192.50    28  bt-mz.C.24
02:25:41        38498  193.50    0.00    0.00  193.50    40  bt-mz.C.24

02:25:41          PID    %usr %system  %guest    %CPU   CPU  Command
02:25:43         2928    0.00    1.50    0.00    1.50     8  flush-8:0
02:25:43         4119    0.00    0.50    0.00    0.50     8  kondemand/8
02:25:43         4123    0.00    0.50    0.00    0.50    12  kondemand/12
02:25:43         4174    0.00    0.50    0.00    0.50     7  kipmi0
02:25:43        38473    1.00    1.00    0.00    2.00    38  top
02:25:43        38475    1.50    2.50    0.00    4.00    16  pidstat
02:25:43        38477    1.00    3.00    0.00    4.00    27  pidstat
02:25:43        38487  196.00    0.50    0.00  196.50     0  bt-mz.C.24
02:25:43        38488  194.00    0.50    0.00  194.50    36  bt-mz.C.24
02:25:43        38489  195.00    0.00    0.00  195.00    25  bt-mz.C.24
02:25:43        38490  196.00    0.00    0.00  196.00    37  bt-mz.C.24
02:25:43        38491  195.50    0.00    0.00  195.50    26  bt-mz.C.24
02:25:43        38492  194.00    0.00    0.00  194.00    14  bt-mz.C.24
02:25:43        38493  192.00    0.00    0.00  192.00     3  bt-mz.C.24
02:25:43        38494  196.50    0.00    0.00  196.50    39  bt-mz.C.24
02:25:43        38496  197.00    0.50    0.00  197.50    28  bt-mz.C.24
02:25:43        38498  193.00    0.00    0.00  193.00    40  bt-mz.C.24
