Linux 2.6.32-279.14.1.el6.x86_64 (compute-641-14.local) 	04/21/20 	_x86_64_	(32 CPU)

02:10:22          PID    %usr %system  %guest    %CPU   CPU  Command
02:10:24           33    0.00    0.49    0.00    0.49     7  ksoftirqd/7
02:10:24          131    0.00    0.49    0.00    0.49     0  events/0
02:10:24         3143    0.00    0.49    0.00    0.49    10  kondemand/10
02:10:24         3145    0.00    0.49    0.00    0.49    12  kondemand/12
02:10:24         3157    0.00    0.49    0.00    0.49    24  kondemand/24
02:10:24         3159    0.00    0.49    0.00    0.49    26  kondemand/26
02:10:24         3160    0.00    0.49    0.00    0.49    27  kondemand/27
02:10:24         3163    0.00    0.49    0.00    0.49    30  kondemand/30
02:10:24         3164    0.00    0.49    0.00    0.49    31  kondemand/31
02:10:24         3180    0.00    0.49    0.00    0.49     4  kipmi0
02:10:24         3684    0.00    0.49    0.00    0.49     2  snmpd
02:10:24         4128    0.00    0.49    0.00    0.49    16  gmond
02:10:24        10438    2.96    1.48    0.00    4.43    10  mpirun
02:10:24        10444    0.49    0.49    0.00    0.99    11  top
02:10:24        10446    0.49    1.48    0.00    1.97     0  pidstat
02:10:24        10448    0.49    1.48    0.00    1.97     5  pidstat
02:10:24        10458  146.80    8.37    0.00  155.17    16  bt-mz.B.32
02:10:24        10459  136.95   14.29    0.00  151.23    17  bt-mz.B.32
02:10:24        10460  137.44   12.81    0.00  150.25    18  bt-mz.B.32
02:10:24        10461  126.11   16.75    0.00  142.86    19  bt-mz.B.32
02:10:24        10462  123.15   17.73    0.00  140.89    20  bt-mz.B.32
02:10:24        10463  117.24   20.20    0.00  137.44    21  bt-mz.B.32
02:10:24        10464  111.33   20.69    0.00  132.02    22  bt-mz.B.32
02:10:24        10465  108.87   23.15    0.00  132.02    23  bt-mz.B.32
02:10:24        10466  108.87   22.17    0.00  131.03    24  bt-mz.B.32
02:10:24        10469  106.90   22.17    0.00  129.06     9  bt-mz.B.32
02:10:24        10471  105.42   26.11    0.00  131.53    26  bt-mz.B.32
02:10:24        10472  103.94   27.59    0.00  131.53    27  bt-mz.B.32
02:10:24        10475  104.93   26.11    0.00  131.03    28  bt-mz.B.32
02:10:24        10476  106.90   24.14    0.00  131.03    29  bt-mz.B.32

02:10:24          PID    %usr %system  %guest    %CPU   CPU  Command
02:10:26         3134    0.00    0.50    0.00    0.50     1  kondemand/1
02:10:26         3154    0.00    0.50    0.00    0.50    21  kondemand/21
02:10:26         3180    0.00    0.50    0.00    0.50     4  kipmi0
02:10:26         4128    0.00    0.50    0.00    0.50    16  gmond
02:10:26        10444    0.50    1.00    0.00    1.50    11  top
02:10:26        10446    0.50    2.00    0.00    2.50    16  pidstat
02:10:26        10448    1.00    2.00    0.00    3.00    21  pidstat
02:10:26        10458  187.00    1.00    0.00  188.00    16  bt-mz.B.32
02:10:26        10459  169.50   10.00    0.00  179.50    17  bt-mz.B.32
02:10:26        10460  168.50   10.50    0.00  179.00    18  bt-mz.B.32
02:10:26        10461  149.50   14.50    0.00  164.00    19  bt-mz.B.32
02:10:26        10462  149.50   14.00    0.00  163.50    20  bt-mz.B.32
02:10:26        10463  145.00   17.00    0.00  162.00    21  bt-mz.B.32
02:10:26        10464  133.50   20.00    0.00  153.50    22  bt-mz.B.32
02:10:26        10465  131.50   20.50    0.00  152.00    23  bt-mz.B.32
02:10:26        10466  130.50   22.50    0.00  153.00    24  bt-mz.B.32
02:10:26        10469  125.00   24.50    0.00  149.50     9  bt-mz.B.32
02:10:26        10471  122.50   30.50    0.00  153.00    26  bt-mz.B.32
02:10:26        10472  121.50   32.00    0.00  153.50    27  bt-mz.B.32
02:10:26        10475  123.00   29.50    0.00  152.50    28  bt-mz.B.32
02:10:26        10476  127.00   25.50    0.00  152.50    29  bt-mz.B.32

02:10:26          PID    %usr %system  %guest    %CPU   CPU  Command
02:10:28         3148    0.00    0.50    0.00    0.50    15  kondemand/15
02:10:28         3152    0.00    0.50    0.00    0.50    19  kondemand/19
02:10:28         3153    0.00    0.50    0.00    0.50    20  kondemand/20
02:10:28         4128    0.00    0.50    0.00    0.50    16  gmond
02:10:28        10444    0.50    1.00    0.00    1.50    25  top
02:10:28        10446    0.50    2.00    0.00    2.50    16  pidstat
02:10:28        10448    0.50    2.00    0.00    2.50    21  pidstat
02:10:28        10458  190.50    0.00    0.00  190.50     0  bt-mz.B.32
02:10:28        10459  172.00    9.00    0.00  181.00    17  bt-mz.B.32
02:10:28        10460  170.50    9.00    0.00  179.50    18  bt-mz.B.32
02:10:28        10461  149.00   15.50    0.00  164.50    19  bt-mz.B.32
02:10:28        10462  148.50   15.00    0.00  163.50    20  bt-mz.B.32
02:10:28        10463  143.00   17.00    0.00  160.00     5  bt-mz.B.32
02:10:28        10464  134.00   18.50    0.00  152.50    22  bt-mz.B.32
02:10:28        10465  133.00   19.50    0.00  152.50    23  bt-mz.B.32
02:10:28        10466  131.00   21.50    0.00  152.50    24  bt-mz.B.32
02:10:28        10469  125.50   24.50    0.00  150.00     9  bt-mz.B.32
02:10:28        10471  122.00   31.00    0.00  153.00    26  bt-mz.B.32
02:10:28        10472  121.50   31.00    0.00  152.50    27  bt-mz.B.32
02:10:28        10475  123.00   28.50    0.00  151.50    28  bt-mz.B.32
02:10:28        10476  127.00   24.50    0.00  151.50    29  bt-mz.B.32

02:10:28          PID    %usr %system  %guest    %CPU   CPU  Command
02:10:30         3155    0.00    0.50    0.00    0.50    22  kondemand/22
02:10:30         3161    0.00    0.50    0.00    0.50    28  kondemand/28
02:10:30         4128    0.50    0.00    0.00    0.50    16  gmond
02:10:30        10444    0.50    0.50    0.00    1.00    25  top
02:10:30        10446    1.00    1.50    0.00    2.50    16  pidstat
02:10:30        10448    1.00    2.00    0.00    3.00    21  pidstat
02:10:30        10458  187.50    0.50    0.00  188.00     0  bt-mz.B.32
02:10:30        10459  168.00    8.50    0.00  176.50    17  bt-mz.B.32
02:10:30        10460  166.50    9.50    0.00  176.00    18  bt-mz.B.32
02:10:30        10461  149.50   13.50    0.00  163.00    19  bt-mz.B.32
02:10:30        10462  147.50   14.50    0.00  162.00    20  bt-mz.B.32
02:10:30        10463  141.50   19.00    0.00  160.50     5  bt-mz.B.32
02:10:30        10464  132.50   19.50    0.00  152.00    22  bt-mz.B.32
02:10:30        10465  133.50   18.50    0.00  152.00    23  bt-mz.B.32
02:10:30        10466  129.50   21.50    0.00  151.00    24  bt-mz.B.32
02:10:30        10469  126.00   21.00    0.00  147.00     9  bt-mz.B.32
02:10:30        10471  124.50   27.00    0.00  151.50    26  bt-mz.B.32
02:10:30        10472  122.00   30.00    0.00  152.00    27  bt-mz.B.32
02:10:30        10475  122.50   28.00    0.00  150.50    28  bt-mz.B.32
02:10:30        10476  126.00   25.50    0.00  151.50    29  bt-mz.B.32

02:10:30          PID    %usr %system  %guest    %CPU   CPU  Command
02:10:32         3135    0.00    0.50    0.00    0.50     2  kondemand/2
02:10:32         3136    0.00    0.50    0.00    0.50     3  kondemand/3
02:10:32         3149    0.00    0.50    0.00    0.50    16  kondemand/16
02:10:32         3180    0.00    0.50    0.00    0.50     4  kipmi0
02:10:32         4128    0.00    0.50    0.00    0.50    16  gmond
02:10:32        10444    1.00    0.50    0.00    1.50    25  top
02:10:32        10446    0.50    2.00    0.00    2.50    16  pidstat
02:10:32        10448    0.50    1.50    0.00    2.00    21  pidstat
02:10:32        10458  188.50    1.50    0.00  190.00    16  bt-mz.B.32
02:10:32        10459  169.50   10.00    0.00  179.50    17  bt-mz.B.32
02:10:32        10460  168.50   10.50    0.00  179.00    18  bt-mz.B.32
02:10:32        10461  151.50   15.00    0.00  166.50    19  bt-mz.B.32
02:10:32        10462  149.00   15.00    0.00  164.00    20  bt-mz.B.32
02:10:32        10463  143.00   19.50    0.00  162.50     5  bt-mz.B.32
02:10:32        10464  136.00   18.50    0.00  154.50    22  bt-mz.B.32
02:10:32        10465  130.50   21.50    0.00  152.00    23  bt-mz.B.32
02:10:32        10466  131.50   22.50    0.00  154.00    24  bt-mz.B.32
02:10:32        10469  125.50   24.50    0.00  150.00     9  bt-mz.B.32
02:10:32        10471  124.00   31.00    0.00  155.00    26  bt-mz.B.32
02:10:32        10472  123.50   31.50    0.00  155.00    27  bt-mz.B.32
02:10:32        10475  123.50   29.50    0.00  153.00    28  bt-mz.B.32
02:10:32        10476  128.00   25.50    0.00  153.50    29  bt-mz.B.32

02:10:32          PID    %usr %system  %guest    %CPU   CPU  Command
02:10:34         3180    0.00    0.50    0.00    0.50     4  kipmi0
02:10:34        10444    0.50    0.50    0.00    1.00    25  top
02:10:34        10446    1.00    1.50    0.00    2.50     0  pidstat
02:10:34        10448    0.50    2.00    0.00    2.50    21  pidstat
02:10:34        10458  189.00    0.50    0.00  189.50     0  bt-mz.B.32
02:10:34        10459  168.50    9.00    0.00  177.50    17  bt-mz.B.32
02:10:34        10460  168.00    9.00    0.00  177.00    18  bt-mz.B.32
02:10:34        10461  151.00   13.50    0.00  164.50    19  bt-mz.B.32
02:10:34        10462  146.50   16.00    0.00  162.50    20  bt-mz.B.32
02:10:34        10463  142.50   18.00    0.00  160.50     5  bt-mz.B.32
02:10:34        10464  135.00   18.00    0.00  153.00    22  bt-mz.B.32
02:10:34        10465  136.50   17.50    0.00  154.00    23  bt-mz.B.32
02:10:34        10466  132.00   21.00    0.00  153.00    24  bt-mz.B.32
02:10:34        10469  126.00   22.50    0.00  148.50     9  bt-mz.B.32
02:10:34        10471  125.00   28.50    0.00  153.50    26  bt-mz.B.32
02:10:34        10472  124.00   29.00    0.00  153.00    27  bt-mz.B.32
02:10:34        10475  123.50   27.50    0.00  151.00    28  bt-mz.B.32
02:10:34        10476  127.50   25.00    0.00  152.50    29  bt-mz.B.32

02:10:34          PID    %usr %system  %guest    %CPU   CPU  Command
02:10:36         3147    0.00    0.50    0.00    0.50    14  kondemand/14
02:10:36         3852    0.50    0.00    0.00    0.50     8  pbs_mom
02:10:36         4128    0.00    0.50    0.00    0.50    16  gmond
02:10:36        10444    0.50    1.00    0.00    1.50    25  top
02:10:36        10446    0.50    2.00    0.00    2.50     0  pidstat
02:10:36        10448    1.00    1.50    0.00    2.50    21  pidstat
02:10:36        10458  188.50    0.50    0.00  189.00     0  bt-mz.B.32
02:10:36        10459  171.50    8.50    0.00  180.00    17  bt-mz.B.32
02:10:36        10460  170.50    8.50    0.00  179.00    18  bt-mz.B.32
02:10:36        10461  151.50   13.50    0.00  165.00    19  bt-mz.B.32
02:10:36        10462  148.50   16.00    0.00  164.50    20  bt-mz.B.32
02:10:36        10463  145.00   18.00    0.00  163.00     5  bt-mz.B.32
02:10:36        10464  134.50   19.50    0.00  154.00    22  bt-mz.B.32
02:10:36        10465  132.50   20.00    0.00  152.50    23  bt-mz.B.32
02:10:36        10466  132.00   22.00    0.00  154.00    24  bt-mz.B.32
02:10:36        10469  128.00   23.50    0.00  151.50     9  bt-mz.B.32
02:10:36        10471  126.00   28.50    0.00  154.50    26  bt-mz.B.32
02:10:36        10472  125.00   29.50    0.00  154.50    27  bt-mz.B.32
02:10:36        10475  127.00   27.00    0.00  154.00    28  bt-mz.B.32
02:10:36        10476  128.50   25.50    0.00  154.00    29  bt-mz.B.32

02:10:36          PID    %usr %system  %guest    %CPU   CPU  Command
02:10:38         3133    0.00    0.50    0.00    0.50     0  kondemand/0
02:10:38         3180    0.00    0.50    0.00    0.50     4  kipmi0
02:10:38         4128    0.00    0.50    0.00    0.50    16  gmond
02:10:38        10444    0.50    1.00    0.00    1.50    14  top
02:10:38        10446    1.00    1.50    0.00    2.50     0  pidstat
02:10:38        10448    0.50    2.00    0.00    2.50    21  pidstat
02:10:38        10458  188.00    0.50    0.00  188.50    16  bt-mz.B.32
02:10:38        10459  171.50    8.00    0.00  179.50    17  bt-mz.B.32
02:10:38        10460  169.50    9.00    0.00  178.50    18  bt-mz.B.32
02:10:38        10461  150.50   13.50    0.00  164.00    19  bt-mz.B.32
02:10:38        10462  150.50   13.50    0.00  164.00    20  bt-mz.B.32
02:10:38        10463  144.50   16.00    0.00  160.50     5  bt-mz.B.32
02:10:38        10464  133.50   19.50    0.00  153.00    22  bt-mz.B.32
02:10:38        10465  129.50   22.00    0.00  151.50    23  bt-mz.B.32
02:10:38        10466  130.00   22.00    0.00  152.00    24  bt-mz.B.32
02:10:38        10469  126.00   23.00    0.00  149.00     9  bt-mz.B.32
02:10:38        10471  122.50   29.50    0.00  152.00    26  bt-mz.B.32
02:10:38        10472  123.00   29.00    0.00  152.00    27  bt-mz.B.32
02:10:38        10475  124.50   27.50    0.00  152.00    28  bt-mz.B.32
02:10:38        10476  126.50   25.00    0.00  151.50    29  bt-mz.B.32

02:10:38          PID    %usr %system  %guest    %CPU   CPU  Command
02:10:40         3139    0.00    0.50    0.00    0.50     6  kondemand/6
02:10:40         3158    0.00    0.50    0.00    0.50    25  kondemand/25
02:10:40        10444    0.50    0.50    0.00    1.00    14  top
02:10:40        10446    0.50    1.50    0.00    2.00     0  pidstat
02:10:40        10448    0.50    2.00    0.00    2.50    21  pidstat
02:10:40        10458  192.00    0.00    0.00  192.00    16  bt-mz.B.32
02:10:40        10459  172.50    9.00    0.00  181.50    17  bt-mz.B.32
02:10:40        10460  172.00    9.00    0.00  181.00    18  bt-mz.B.32
02:10:40        10461  153.50   13.50    0.00  167.00    19  bt-mz.B.32
02:10:40        10462  152.00   15.00    0.00  167.00    20  bt-mz.B.32
02:10:40        10463  147.00   17.00    0.00  164.00    21  bt-mz.B.32
02:10:40        10464  133.50   20.50    0.00  154.00    22  bt-mz.B.32
02:10:40        10465  132.00   20.50    0.00  152.50    23  bt-mz.B.32
02:10:40        10466  132.00   21.50    0.00  153.50    24  bt-mz.B.32
02:10:40        10469  128.00   24.50    0.00  152.50     9  bt-mz.B.32
02:10:40        10471  124.50   30.00    0.00  154.50    26  bt-mz.B.32
02:10:40        10472  123.50   31.00    0.00  154.50    27  bt-mz.B.32
02:10:40        10475  127.50   28.00    0.00  155.50    28  bt-mz.B.32
02:10:40        10476  129.50   24.50    0.00  154.00    29  bt-mz.B.32

02:10:40          PID    %usr %system  %guest    %CPU   CPU  Command
02:10:42         3151    0.00    0.50    0.00    0.50    18  kondemand/18
02:10:42         4128    0.00    0.50    0.00    0.50    16  gmond
02:10:42        10444    0.50    1.00    0.00    1.50    14  top
02:10:42        10446    0.50    2.00    0.00    2.50     0  pidstat
02:10:42        10448    0.50    1.00    0.00    1.50    21  pidstat
02:10:42        10458  183.50    0.50    0.00  184.00    16  bt-mz.B.32
02:10:42        10459  169.00    9.00    0.00  178.00    17  bt-mz.B.32
02:10:42        10460  168.50    9.00    0.00  177.50    18  bt-mz.B.32
02:10:42        10461  150.50   13.00    0.00  163.50    19  bt-mz.B.32
02:10:42        10462  148.00   14.50    0.00  162.50    20  bt-mz.B.32
02:10:42        10463  142.50   18.00    0.00  160.50    21  bt-mz.B.32
02:10:42        10464  133.50   18.00    0.00  151.50    22  bt-mz.B.32
02:10:42        10465  131.00   19.50    0.00  150.50    23  bt-mz.B.32
02:10:42        10466  130.00   21.00    0.00  151.00    24  bt-mz.B.32
02:10:42        10469  126.00   22.50    0.00  148.50     9  bt-mz.B.32
02:10:42        10471  122.50   29.00    0.00  151.50    26  bt-mz.B.32
02:10:42        10472  122.00   30.00    0.00  152.00    27  bt-mz.B.32
02:10:42        10475  124.00   26.50    0.00  150.50    28  bt-mz.B.32
02:10:42        10476  126.50   24.00    0.00  150.50    29  bt-mz.B.32

02:10:42          PID    %usr %system  %guest    %CPU   CPU  Command
02:10:44         3142    0.00    0.50    0.00    0.50     9  kondemand/9
02:10:44         3150    0.00    0.50    0.00    0.50    17  kondemand/17
02:10:44         3195    0.00    0.50    0.00    0.50    12  irqbalance
02:10:44         4128    0.00    0.50    0.00    0.50     0  gmond
02:10:44        10444    0.50    0.50    0.00    1.00    14  top
02:10:44        10446    0.50    2.00    0.00    2.50     0  pidstat
02:10:44        10448    1.00    2.00    0.00    3.00     5  pidstat
02:10:44        10458  190.00    0.00    0.00  190.00    16  bt-mz.B.32
02:10:44        10459  173.50    8.00    0.00  181.50    17  bt-mz.B.32
02:10:44        10460  171.00   10.00    0.00  181.00    18  bt-mz.B.32
02:10:44        10461  151.00   14.50    0.00  165.50    19  bt-mz.B.32
02:10:44        10462  148.50   16.00    0.00  164.50    20  bt-mz.B.32
02:10:44        10463  143.50   19.00    0.00  162.50     5  bt-mz.B.32
02:10:44        10464  134.00   19.50    0.00  153.50    22  bt-mz.B.32
02:10:44        10465  132.50   21.00    0.00  153.50    23  bt-mz.B.32
02:10:44        10466  130.50   23.00    0.00  153.50    24  bt-mz.B.32
02:10:44        10469  126.00   24.00    0.00  150.00     9  bt-mz.B.32
02:10:44        10471  125.00   29.00    0.00  154.00    26  bt-mz.B.32
02:10:44        10472  123.00   30.50    0.00  153.50    27  bt-mz.B.32
02:10:44        10475  124.50   28.00    0.00  152.50    28  bt-mz.B.32
02:10:44        10476  125.50   27.50    0.00  153.00    29  bt-mz.B.32

02:10:44          PID    %usr %system  %guest    %CPU   CPU  Command
02:10:46         3138    0.00    0.50    0.00    0.50     5  kondemand/5
02:10:46        10444    1.00    0.50    0.00    1.50    14  top
02:10:46        10446    0.50    2.00    0.00    2.50     0  pidstat
02:10:46        10448    1.00    2.00    0.00    3.00    21  pidstat
02:10:46        10450    0.00    0.50    0.00    0.50    13  iostat
02:10:46        10458  186.00    0.50    0.00  186.50    16  bt-mz.B.32
02:10:46        10459  168.50    8.50    0.00  177.00    17  bt-mz.B.32
02:10:46        10460  166.50    9.50    0.00  176.00    18  bt-mz.B.32
02:10:46        10461  149.00   14.00    0.00  163.00    19  bt-mz.B.32
02:10:46        10462  146.50   15.50    0.00  162.00    20  bt-mz.B.32
02:10:46        10463  142.00   18.00    0.00  160.00     5  bt-mz.B.32
02:10:46        10464  133.00   19.50    0.00  152.50    22  bt-mz.B.32
02:10:46        10465  132.50   20.00    0.00  152.50    23  bt-mz.B.32
02:10:46        10466  130.50   21.00    0.00  151.50    24  bt-mz.B.32
02:10:46        10469  125.50   23.00    0.00  148.50     9  bt-mz.B.32
02:10:46        10471  122.50   29.00    0.00  151.50    26  bt-mz.B.32
02:10:46        10472  122.00   29.50    0.00  151.50    27  bt-mz.B.32
02:10:46        10475  123.00   27.50    0.00  150.50    28  bt-mz.B.32
02:10:46        10476  126.50   24.50    0.00  151.00    29  bt-mz.B.32

02:10:46          PID    %usr %system  %guest    %CPU   CPU  Command
02:10:48         3141    0.00    0.50    0.00    0.50     8  kondemand/8
02:10:48         3144    0.00    0.50    0.00    0.50    11  kondemand/11
02:10:48         3162    0.00    0.50    0.00    0.50    29  kondemand/29
02:10:48         3180    0.00    0.50    0.00    0.50     4  kipmi0
02:10:48         4128    0.50    0.50    0.00    1.00     0  gmond
02:10:48        10444    0.50    1.00    0.00    1.50    30  top
02:10:48        10446    0.50    2.00    0.00    2.50    16  pidstat
02:10:48        10448    0.50    1.50    0.00    2.00    21  pidstat
02:10:48        10458  189.50    0.00    0.00  189.50    16  bt-mz.B.32
02:10:48        10459  169.00    9.00    0.00  178.00    17  bt-mz.B.32
02:10:48        10460  168.00    9.50    0.00  177.50    18  bt-mz.B.32
02:10:48        10461  151.00   14.50    0.00  165.50    19  bt-mz.B.32
02:10:48        10462  147.50   15.50    0.00  163.00    20  bt-mz.B.32
02:10:48        10463  142.50   19.00    0.00  161.50     5  bt-mz.B.32
02:10:48        10464  135.00   18.50    0.00  153.50    22  bt-mz.B.32
02:10:48        10465  132.50   20.50    0.00  153.00    23  bt-mz.B.32
02:10:48        10466  133.50   20.00    0.00  153.50    24  bt-mz.B.32
02:10:48        10469  124.00   25.50    0.00  149.50     9  bt-mz.B.32
02:10:48        10471  124.00   30.00    0.00  154.00    26  bt-mz.B.32
02:10:48        10472  125.50   29.00    0.00  154.50    27  bt-mz.B.32
02:10:48        10475  123.50   28.50    0.00  152.00    28  bt-mz.B.32
02:10:48        10476  129.50   24.00    0.00  153.50    29  bt-mz.B.32

02:10:48          PID    %usr %system  %guest    %CPU   CPU  Command
02:10:50           21    0.00    0.50    0.00    0.50     4  ksoftirqd/4
02:10:50         4128    0.00    0.50    0.00    0.50     0  gmond
02:10:50        10444    0.50    0.50    0.00    1.00    30  top
02:10:50        10446    0.50    2.00    0.00    2.50     0  pidstat
02:10:50        10448    0.50    0.50    0.00    1.00    21  pidstat
02:10:50        10458  190.00    0.50    0.00  190.50    16  bt-mz.B.32
02:10:50        10459  172.50    7.50    0.00  180.00    17  bt-mz.B.32
02:10:50        10460  172.00    7.50    0.00  179.50    18  bt-mz.B.32
02:10:50        10461  152.00   13.50    0.00  165.50    19  bt-mz.B.32
02:10:50        10462  151.50   13.50    0.00  165.00    20  bt-mz.B.32
02:10:50        10463  146.50   16.50    0.00  163.00     5  bt-mz.B.32
02:10:50        10464  136.00   18.00    0.00  154.00    22  bt-mz.B.32
02:10:50        10465  132.50   20.00    0.00  152.50    23  bt-mz.B.32
02:10:50        10466  133.00   20.50    0.00  153.50    24  bt-mz.B.32
02:10:50        10469  129.50   22.00    0.00  151.50     9  bt-mz.B.32
02:10:50        10471  126.00   28.50    0.00  154.50    26  bt-mz.B.32
02:10:50        10472  124.50   30.00    0.00  154.50    27  bt-mz.B.32
02:10:50        10475  127.00   27.00    0.00  154.00    28  bt-mz.B.32
02:10:50        10476  128.00   25.00    0.00  153.00    29  bt-mz.B.32

02:10:50          PID    %usr %system  %guest    %CPU   CPU  Command
02:10:52         3137    0.00    0.50    0.00    0.50     4  kondemand/4
02:10:52        10444    1.00    0.50    0.00    1.50    30  top
02:10:52        10446    1.00    1.50    0.00    2.50    16  pidstat
02:10:52        10448    1.00    3.00    0.00    4.00     5  pidstat
02:10:52        10458  189.00    0.00    0.00  189.00     0  bt-mz.B.32
02:10:52        10459  171.00    9.50    0.00  180.50    17  bt-mz.B.32
02:10:52        10460  170.00    9.00    0.00  179.00    18  bt-mz.B.32
02:10:52        10461  152.00   14.00    0.00  166.00    19  bt-mz.B.32
02:10:52        10462  151.00   14.00    0.00  165.00    20  bt-mz.B.32
02:10:52        10463  143.50   17.00    0.00  160.50    21  bt-mz.B.32
02:10:52        10464  135.00   19.50    0.00  154.50    22  bt-mz.B.32
02:10:52        10465  132.00   20.50    0.00  152.50    23  bt-mz.B.32
02:10:52        10466  132.50   21.50    0.00  154.00    24  bt-mz.B.32
02:10:52        10469  128.00   23.50    0.00  151.50     9  bt-mz.B.32
02:10:52        10471  127.00   27.50    0.00  154.50    26  bt-mz.B.32
02:10:52        10472  123.50   30.50    0.00  154.00    27  bt-mz.B.32
02:10:52        10475  126.00   27.50    0.00  153.50    28  bt-mz.B.32
02:10:52        10476  130.50   23.50    0.00  154.00    29  bt-mz.B.32

02:10:52          PID    %usr %system  %guest    %CPU   CPU  Command
02:10:54           25    0.00    0.50    0.00    0.50     5  ksoftirqd/5
02:10:54         3021    0.00    1.00    0.00    1.00    15  flush-8:0
02:10:54         3134    0.00    0.50    0.00    0.50     1  kondemand/1
02:10:54         3140    0.00    0.50    0.00    0.50     7  kondemand/7
02:10:54         3156    0.00    0.50    0.00    0.50    23  kondemand/23
02:10:54         3160    0.00    0.50    0.00    0.50    27  kondemand/27
02:10:54         3164    0.00    0.50    0.00    0.50    31  kondemand/31
02:10:54         3684    0.00    0.50    0.00    0.50     2  snmpd
02:10:54         4128    0.00    0.50    0.00    0.50     0  gmond
02:10:54        10444    0.50    1.00    0.00    1.50    14  top
02:10:54        10446    0.50    2.00    0.00    2.50    16  pidstat
02:10:54        10448    1.00    2.00    0.00    3.00    21  pidstat
02:10:54        10458  192.50    0.50    0.00  193.00    16  bt-mz.B.32
02:10:54        10459  174.50    8.00    0.00  182.50    17  bt-mz.B.32
02:10:54        10460  174.00    8.50    0.00  182.50    18  bt-mz.B.32
02:10:54        10461  153.00   13.00    0.00  166.00    19  bt-mz.B.32
02:10:54        10462  152.00   15.00    0.00  167.00    20  bt-mz.B.32
02:10:54        10463  148.50   17.00    0.00  165.50     5  bt-mz.B.32
02:10:54        10464  134.50   20.00    0.00  154.50    22  bt-mz.B.32
02:10:54        10465  132.00   21.00    0.00  153.00    23  bt-mz.B.32
02:10:54        10466  132.00   21.50    0.00  153.50    24  bt-mz.B.32
02:10:54        10469  128.00   24.00    0.00  152.00     9  bt-mz.B.32
02:10:54        10471  124.00   30.00    0.00  154.00    26  bt-mz.B.32
02:10:54        10472  121.50   33.00    0.00  154.50    27  bt-mz.B.32
02:10:54        10475  125.50   29.50    0.00  155.00    12  bt-mz.B.32
02:10:54        10476  125.50   27.50    0.00  153.00    29  bt-mz.B.32

02:10:54          PID    %usr %system  %guest    %CPU   CPU  Command
02:10:56         3149    0.00    0.50    0.00    0.50    16  kondemand/16
02:10:56         3180    0.00    0.50    0.00    0.50     4  kipmi0
02:10:56         3852    0.00    1.00    0.00    1.00     8  pbs_mom
02:10:56        10444    0.50    1.00    0.00    1.50     9  top
02:10:56        10446    0.50    2.00    0.00    2.50    16  pidstat
02:10:56        10448    0.50    2.00    0.00    2.50    21  pidstat
02:10:56        10458  191.50    0.50    0.00  192.00    16  bt-mz.B.32
02:10:56        10459  172.00    8.50    0.00  180.50    17  bt-mz.B.32
02:10:56        10460  170.00    9.50    0.00  179.50    18  bt-mz.B.32
02:10:56        10461  151.00   14.00    0.00  165.00    19  bt-mz.B.32
02:10:56        10462  148.00   15.50    0.00  163.50    20  bt-mz.B.32
02:10:56        10463  143.00   18.00    0.00  161.00     5  bt-mz.B.32
02:10:56        10464  134.50   19.00    0.00  153.50    22  bt-mz.B.32
02:10:56        10465  135.50   18.50    0.00  154.00    23  bt-mz.B.32
02:10:56        10466  132.50   21.00    0.00  153.50    24  bt-mz.B.32
02:10:56        10469  127.00   22.00    0.00  149.00    25  bt-mz.B.32
02:10:56        10471  126.00   28.00    0.00  154.00    26  bt-mz.B.32
02:10:56        10472  124.50   29.50    0.00  154.00    27  bt-mz.B.32
02:10:56        10475  123.50   28.50    0.00  152.00    12  bt-mz.B.32
02:10:56        10476  128.00   25.50    0.00  153.50    29  bt-mz.B.32

02:10:56          PID    %usr %system  %guest    %CPU   CPU  Command
02:10:58         3133    0.00    0.50    0.00    0.50     0  kondemand/0
02:10:58         3146    0.00    0.50    0.00    0.50    13  kondemand/13
02:10:58         3154    0.00    0.50    0.00    0.50    21  kondemand/21
02:10:58         3157    0.00    0.50    0.00    0.50    24  kondemand/24
02:10:58         3159    0.00    0.50    0.00    0.50    26  kondemand/26
02:10:58         3163    0.00    0.50    0.00    0.50    30  kondemand/30
02:10:58         4128    0.00    0.50    0.00    0.50    16  gmond
02:10:58        10444    0.50    0.50    0.00    1.00     9  top
02:10:58        10446    1.00    1.50    0.00    2.50    16  pidstat
02:10:58        10448    0.50    2.00    0.00    2.50     5  pidstat
02:10:58        10458  183.50    2.00    0.00  185.50    16  bt-mz.B.32
02:10:58        10459  167.00   10.00    0.00  177.00    17  bt-mz.B.32
02:10:58        10460  166.50   10.00    0.00  176.50    18  bt-mz.B.32
02:10:58        10461  148.00   14.50    0.00  162.50    19  bt-mz.B.32
02:10:58        10462  148.00   15.00    0.00  163.00    20  bt-mz.B.32
02:10:58        10463  141.00   18.50    0.00  159.50     5  bt-mz.B.32
02:10:58        10464  129.50   21.50    0.00  151.00    22  bt-mz.B.32
02:10:58        10465  127.00   22.00    0.00  149.00    23  bt-mz.B.32
02:10:58        10466  128.50   22.00    0.00  150.50    24  bt-mz.B.32
02:10:58        10469  126.00   23.00    0.00  149.00     9  bt-mz.B.32
02:10:58        10471  120.50   30.50    0.00  151.00    26  bt-mz.B.32
02:10:58        10472  119.00   32.00    0.00  151.00    27  bt-mz.B.32
02:10:58        10475  122.00   29.00    0.00  151.00    12  bt-mz.B.32
02:10:58        10476  124.50   25.50    0.00  150.00    29  bt-mz.B.32

02:10:58          PID    %usr %system  %guest    %CPU   CPU  Command
02:11:00         3135    0.00    0.50    0.00    0.50     2  kondemand/2
02:11:00         3143    0.00    0.50    0.00    0.50    10  kondemand/10
02:11:00         3145    0.00    0.50    0.00    0.50    12  kondemand/12
02:11:00         3152    0.00    0.50    0.00    0.50    19  kondemand/19
02:11:00         3153    0.00    0.50    0.00    0.50    20  kondemand/20
02:11:00         3180    0.00    0.50    0.00    0.50     4  kipmi0
02:11:00         4128    0.00    0.50    0.00    0.50    16  gmond
02:11:00        10444    0.00    1.00    0.00    1.00     9  top
02:11:00        10446    0.50    1.50    0.00    2.00     5  pidstat
02:11:00        10448    0.50    2.00    0.00    2.50     5  pidstat
02:11:00        10449    0.00    0.50    0.00    0.50    10  mpstat
02:11:00        10458  190.00    0.50    0.00  190.50    16  bt-mz.B.32
02:11:00        10459  170.00    8.00    0.00  178.00    17  bt-mz.B.32
02:11:00        10460  168.00    9.50    0.00  177.50    18  bt-mz.B.32
02:11:00        10461  150.00   14.50    0.00  164.50    19  bt-mz.B.32
02:11:00        10462  147.00   15.00    0.00  162.00    20  bt-mz.B.32
02:11:00        10463  142.50   17.50    0.00  160.00    21  bt-mz.B.32
02:11:00        10464  134.50   18.00    0.00  152.50    22  bt-mz.B.32
02:11:00        10465  131.50   20.00    0.00  151.50    23  bt-mz.B.32
02:11:00        10466  130.50   21.50    0.00  152.00    24  bt-mz.B.32
02:11:00        10469  124.50   22.50    0.00  147.00     9  bt-mz.B.32
02:11:00        10471  123.50   29.50    0.00  153.00    26  bt-mz.B.32
02:11:00        10472  122.00   30.50    0.00  152.50    27  bt-mz.B.32
02:11:00        10475  123.00   28.50    0.00  151.50    12  bt-mz.B.32
02:11:00        10476  125.00   27.00    0.00  152.00    29  bt-mz.B.32

02:11:00          PID    %usr %system  %guest    %CPU   CPU  Command
02:11:02        10444    0.50    1.00    0.00    1.50    25  top
02:11:02        10446    0.50    2.00    0.00    2.50     5  pidstat
02:11:02        10448    0.50    1.50    0.00    2.00     5  pidstat
02:11:02        10458  195.00    0.50    0.00  195.50     0  bt-mz.B.32
02:11:02        10459  172.50    9.00    0.00  181.50    17  bt-mz.B.32
02:11:02        10460  170.50   10.00    0.00  180.50    18  bt-mz.B.32
02:11:02        10461  154.00   14.00    0.00  168.00    19  bt-mz.B.32
02:11:02        10462  151.00   15.00    0.00  166.00    20  bt-mz.B.32
02:11:02        10463  145.00   17.50    0.00  162.50    21  bt-mz.B.32
02:11:02        10464  137.00   19.50    0.00  156.50    22  bt-mz.B.32
02:11:02        10465  137.50   20.50    0.00  158.00    23  bt-mz.B.32
02:11:02        10466  134.50   21.50    0.00  156.00    24  bt-mz.B.32
02:11:02        10469  128.50   24.00    0.00  152.50     9  bt-mz.B.32
02:11:02        10471  127.00   29.00    0.00  156.00    26  bt-mz.B.32
02:11:02        10472  125.50   31.00    0.00  156.50    27  bt-mz.B.32
02:11:02        10475  126.50   27.50    0.00  154.00    12  bt-mz.B.32
02:11:02        10476  131.00   25.00    0.00  156.00    29  bt-mz.B.32

02:11:02          PID    %usr %system  %guest    %CPU   CPU  Command
02:11:04         3136    0.00    0.50    0.00    0.50     3  kondemand/3
02:11:04         3155    0.00    0.50    0.00    0.50    22  kondemand/22
02:11:04         3180    0.00    0.50    0.00    0.50     4  kipmi0
02:11:04         4128    0.50    0.50    0.00    1.00    16  gmond
02:11:04        10444    1.00    0.50    0.00    1.50    25  top
02:11:04        10446    1.00    2.00    0.00    3.00     5  pidstat
02:11:04        10448    1.00    1.50    0.00    2.50    21  pidstat
02:11:04        10450    0.00    0.50    0.00    0.50    13  iostat
02:11:04        10458  192.50    0.00    0.00  192.50     0  bt-mz.B.32
02:11:04        10459  173.00    7.50    0.00  180.50    17  bt-mz.B.32
02:11:04        10460  172.00    8.00    0.00  180.00    18  bt-mz.B.32
02:11:04        10461  153.50   13.00    0.00  166.50    19  bt-mz.B.32
02:11:04        10462  150.50   15.50    0.00  166.00    20  bt-mz.B.32
02:11:04        10463  143.00   17.50    0.00  160.50    21  bt-mz.B.32
02:11:04        10464  137.00   17.50    0.00  154.50    22  bt-mz.B.32
02:11:04        10465  132.50   18.50    0.00  151.00    23  bt-mz.B.32
02:11:04        10466  132.50   21.50    0.00  154.00    24  bt-mz.B.32
02:11:04        10469  130.00   21.50    0.00  151.50     9  bt-mz.B.32
02:11:04        10471  127.00   28.00    0.00  155.00    26  bt-mz.B.32
02:11:04        10472  124.50   30.50    0.00  155.00    27  bt-mz.B.32
02:11:04        10475  127.50   27.00    0.00  154.50    12  bt-mz.B.32
02:11:04        10476  129.00   24.50    0.00  153.50    29  bt-mz.B.32

02:11:04          PID    %usr %system  %guest    %CPU   CPU  Command
02:11:06         3161    0.00    0.50    0.00    0.50    28  kondemand/28
02:11:06         4128    0.00    0.50    0.00    0.50    16  gmond
02:11:06        10444    0.50    1.00    0.00    1.50    25  top
02:11:06        10446    0.50    1.50    0.00    2.00     5  pidstat
02:11:06        10448    0.50    2.00    0.00    2.50     5  pidstat
02:11:06        10458  190.50    0.50    0.00  191.00     0  bt-mz.B.32
02:11:06        10459  174.00    8.00    0.00  182.00    17  bt-mz.B.32
02:11:06        10460  172.00    9.00    0.00  181.00    18  bt-mz.B.32
02:11:06        10461  151.00   14.00    0.00  165.00    19  bt-mz.B.32
02:11:06        10462  151.00   14.50    0.00  165.50    20  bt-mz.B.32
02:11:06        10463  147.00   16.00    0.00  163.00    21  bt-mz.B.32
02:11:06        10464  134.00   19.00    0.00  153.00    22  bt-mz.B.32
02:11:06        10465  131.50   20.50    0.00  152.00    23  bt-mz.B.32
02:11:06        10466  131.00   21.50    0.00  152.50    24  bt-mz.B.32
02:11:06        10469  126.00   24.00    0.00  150.00     9  bt-mz.B.32
02:11:06        10471  122.50   30.00    0.00  152.50    26  bt-mz.B.32
02:11:06        10472  121.00   31.50    0.00  152.50    27  bt-mz.B.32
02:11:06        10475  126.50   27.00    0.00  153.50    12  bt-mz.B.32
02:11:06        10476  127.50   25.00    0.00  152.50    29  bt-mz.B.32
