Linux 2.6.32-279.14.1.el6.x86_64 (compute-641-14.local) 	04/21/20 	_x86_64_	(32 CPU)

02:16:32          PID    %usr %system  %guest    %CPU   CPU  Command
02:16:34         3139    0.00    0.49    0.00    0.49     6  kondemand/6
02:16:34         3141    0.00    0.49    0.00    0.49     8  kondemand/8
02:16:34         3147    0.00    0.49    0.00    0.49    14  kondemand/14
02:16:34         3162    0.00    0.49    0.00    0.49    29  kondemand/29
02:16:34         3180    0.00    0.49    0.00    0.49     0  kipmi0
02:16:34         4128    0.00    0.49    0.00    0.49    16  gmond
02:16:34        11859    2.94    1.96    0.00    4.90    16  mpirun
02:16:34        11865    0.49    0.98    0.00    1.47    16  top
02:16:34        11867    0.98    1.47    0.00    2.45    27  pidstat
02:16:34        11869    0.00    0.98    0.00    0.98    25  pidstat
02:16:34        11879  132.84    9.80    0.00  142.65     0  bt-mz.B.32
02:16:34        11880  133.82   15.20    0.00  149.02    17  bt-mz.B.32
02:16:34        11881  129.41   18.14    0.00  147.55    18  bt-mz.B.32
02:16:34        11882  117.16   20.59    0.00  137.75    19  bt-mz.B.32
02:16:34        11883  115.69   21.57    0.00  137.25    20  bt-mz.B.32
02:16:34        11884  114.22   22.06    0.00  136.27    21  bt-mz.B.32
02:16:34        11885  104.90   23.53    0.00  128.43    22  bt-mz.B.32
02:16:34        11886  104.41   22.06    0.00  126.47    23  bt-mz.B.32
02:16:34        11887  102.94   23.53    0.00  126.47     8  bt-mz.B.32
02:16:34        11888   97.06   26.47    0.00  123.53     9  bt-mz.B.32
02:16:34        11892   96.08   29.90    0.00  125.98    26  bt-mz.B.32
02:16:34        11893   97.55   27.45    0.00  125.00    11  bt-mz.B.32
02:16:34        11894   91.67   33.33    0.00  125.00    28  bt-mz.B.32
02:16:34        11896   94.12   30.88    0.00  125.00    13  bt-mz.B.32

02:16:34          PID    %usr %system  %guest    %CPU   CPU  Command
02:16:36         3146    0.00    0.50    0.00    0.50    13  kondemand/13
02:16:36         3154    0.00    0.50    0.00    0.50    21  kondemand/21
02:16:36         4128    0.50    0.00    0.00    0.50     0  gmond
02:16:36        11865    1.00    0.50    0.00    1.50     0  top
02:16:36        11867    0.50    2.00    0.00    2.50    27  pidstat
02:16:36        11869    1.00    2.50    0.00    3.50    25  pidstat
02:16:36        11879  166.50    4.00    0.00  170.50    16  bt-mz.B.32
02:16:36        11880  166.50   12.50    0.00  179.00    17  bt-mz.B.32
02:16:36        11881  160.50   16.50    0.00  177.00    18  bt-mz.B.32
02:16:36        11882  143.50   19.00    0.00  162.50    19  bt-mz.B.32
02:16:36        11883  142.50   20.50    0.00  163.00    20  bt-mz.B.32
02:16:36        11884  141.50   20.00    0.00  161.50    21  bt-mz.B.32
02:16:36        11885  129.00   22.00    0.00  151.00    22  bt-mz.B.32
02:16:36        11886  128.00   23.00    0.00  151.00    23  bt-mz.B.32
02:16:36        11887  124.00   26.50    0.00  150.50     8  bt-mz.B.32
02:16:36        11888  119.00   28.00    0.00  147.00     9  bt-mz.B.32
02:16:36        11892  118.00   32.00    0.00  150.00    26  bt-mz.B.32
02:16:36        11893  120.00   31.00    0.00  151.00    11  bt-mz.B.32
02:16:36        11894  113.50   35.50    0.00  149.00    28  bt-mz.B.32
02:16:36        11896  117.00   32.50    0.00  149.50    13  bt-mz.B.32

02:16:36          PID    %usr %system  %guest    %CPU   CPU  Command
02:16:38         3133    0.00    0.50    0.00    0.50     0  kondemand/0
02:16:38         3134    0.00    0.50    0.00    0.50     1  kondemand/1
02:16:38         3136    0.00    0.50    0.00    0.50     3  kondemand/3
02:16:38         3180    0.00    0.50    0.00    0.50    16  kipmi0
02:16:38         4128    0.00    0.50    0.00    0.50     0  gmond
02:16:38        11865    0.00    0.50    0.00    0.50     0  top
02:16:38        11867    0.50    1.50    0.00    2.00    27  pidstat
02:16:38        11869    0.50    1.50    0.00    2.00     9  pidstat
02:16:38        11879  172.00    1.50    0.00  173.50     0  bt-mz.B.32
02:16:38        11880  172.00    9.50    0.00  181.50    17  bt-mz.B.32
02:16:38        11881  167.00   12.50    0.00  179.50    18  bt-mz.B.32
02:16:38        11882  148.00   17.00    0.00  165.00    19  bt-mz.B.32
02:16:38        11883  145.50   19.00    0.00  164.50    20  bt-mz.B.32
02:16:38        11884  143.00   20.00    0.00  163.00    21  bt-mz.B.32
02:16:38        11885  133.50   19.50    0.00  153.00    22  bt-mz.B.32
02:16:38        11886  131.50   21.00    0.00  152.50    23  bt-mz.B.32
02:16:38        11887  129.00   23.00    0.00  152.00     8  bt-mz.B.32
02:16:38        11888  125.00   23.50    0.00  148.50    25  bt-mz.B.32
02:16:38        11892  121.50   30.50    0.00  152.00    26  bt-mz.B.32
02:16:38        11893  121.50   29.00    0.00  150.50    11  bt-mz.B.32
02:16:38        11894  117.50   33.50    0.00  151.00    28  bt-mz.B.32
02:16:38        11896  118.00   33.00    0.00  151.00    13  bt-mz.B.32

02:16:38          PID    %usr %system  %guest    %CPU   CPU  Command
02:16:40          151    0.00    0.50    0.00    0.50    20  events/20
02:16:40         3155    0.00    0.50    0.00    0.50    22  kondemand/22
02:16:40         3180    0.00    0.50    0.00    0.50     0  kipmi0
02:16:40         3684    0.00    0.50    0.00    0.50     2  snmpd
02:16:40         4128    0.00    0.50    0.00    0.50     0  gmond
02:16:40        11865    0.50    0.50    0.00    1.00    16  top
02:16:40        11867    1.00    1.50    0.00    2.50    11  pidstat
02:16:40        11869    1.00    2.00    0.00    3.00    25  pidstat
02:16:40        11879  172.00    1.50    0.00  173.50     0  bt-mz.B.32
02:16:40        11880  172.50   10.50    0.00  183.00    17  bt-mz.B.32
02:16:40        11881  168.00   12.50    0.00  180.50    18  bt-mz.B.32
02:16:40        11882  148.00   17.00    0.00  165.00    19  bt-mz.B.32
02:16:40        11883  146.50   19.50    0.00  166.00    20  bt-mz.B.32
02:16:40        11884  146.50   18.00    0.00  164.50    21  bt-mz.B.32
02:16:40        11885  132.50   21.50    0.00  154.00    22  bt-mz.B.32
02:16:40        11886  132.00   21.00    0.00  153.00    23  bt-mz.B.32
02:16:40        11887  128.00   25.00    0.00  153.00     8  bt-mz.B.32
02:16:40        11888  125.50   24.00    0.00  149.50     9  bt-mz.B.32
02:16:40        11892  121.00   32.00    0.00  153.00    26  bt-mz.B.32
02:16:40        11893  125.00   28.50    0.00  153.50    27  bt-mz.B.32
02:16:40        11894  117.50   33.50    0.00  151.00    28  bt-mz.B.32
02:16:40        11896  118.50   33.00    0.00  151.50    13  bt-mz.B.32

02:16:40          PID    %usr %system  %guest    %CPU   CPU  Command
02:16:42          143    0.00    0.50    0.00    0.50    12  events/12
02:16:42         3161    0.00    0.50    0.00    0.50    28  kondemand/28
02:16:42         4128    0.50    0.00    0.00    0.50     0  gmond
02:16:42        11865    0.50    1.00    0.00    1.50    16  top
02:16:42        11867    1.00    1.50    0.00    2.50    11  pidstat
02:16:42        11869    0.50    2.00    0.00    2.50    25  pidstat
02:16:42        11879  167.50    3.50    0.00  171.00     0  bt-mz.B.32
02:16:42        11880  167.50   11.50    0.00  179.00    17  bt-mz.B.32
02:16:42        11881  162.00   15.00    0.00  177.00    18  bt-mz.B.32
02:16:42        11882  147.00   16.00    0.00  163.00    19  bt-mz.B.32
02:16:42        11883  143.50   19.50    0.00  163.00    20  bt-mz.B.32
02:16:42        11884  140.50   21.50    0.00  162.00    21  bt-mz.B.32
02:16:42        11885  129.50   22.00    0.00  151.50    22  bt-mz.B.32
02:16:42        11886  129.50   21.00    0.00  150.50    23  bt-mz.B.32
02:16:42        11887  126.00   24.50    0.00  150.50     8  bt-mz.B.32
02:16:42        11888  122.00   24.50    0.00  146.50     9  bt-mz.B.32
02:16:42        11892  117.00   32.00    0.00  149.00    26  bt-mz.B.32
02:16:42        11893  122.00   29.00    0.00  151.00    27  bt-mz.B.32
02:16:42        11894  114.00   34.50    0.00  148.50    28  bt-mz.B.32
02:16:42        11896  114.00   35.00    0.00  149.00    13  bt-mz.B.32

02:16:42          PID    %usr %system  %guest    %CPU   CPU  Command
02:16:44         3137    0.00    0.50    0.00    0.50     4  kondemand/4
02:16:44         3138    0.00    0.50    0.00    0.50     5  kondemand/5
02:16:44         3142    0.00    0.50    0.00    0.50     9  kondemand/9
02:16:44         3150    0.00    0.50    0.00    0.50    17  kondemand/17
02:16:44         3195    0.00    0.50    0.00    0.50    12  irqbalance
02:16:44        11859    0.50    0.50    0.00    1.00    17  mpirun
02:16:44        11865    0.50    1.00    0.00    1.50    16  top
02:16:44        11867    0.00    2.00    0.00    2.00    15  pidstat
02:16:44        11869    0.50    1.50    0.00    2.00     0  pidstat
