procs -----------memory---------- ---swap-- -----io---- --system-- -----cpu-----
 r  b   swpd   free   buff  cache   si   so    bi    bo   in   cs us sy id wa st
 8  0      0 64660868 214892 288696    0    0     0     1    0    0 38  2 60  0  0	
27  0      0 64447832 214892 298596    0    0     0   118 29459 18638 52 12 36  0  0	
19  0      0 64448756 214892 298656    0    0     0     0 28719 8310 70 10 20  0  0	
26  0      0 64450432 214892 298716    0    0     0    24 28769 8320 70 10 20  0  0	
34  0      0 64451692 214892 298780    0    0     0     6 28858 8356 71 10 19  0  0	
27  0      0 64451848 214892 298840    0    0     0     0 28835 8360 72 10 19  0  0	
23  0      0 64452256 214892 298900    0    0     0     6 28689 8230 70 10 20  0  0	
27  0      0 64452696 214892 298964    0    0     0     0 28771 8287 70 10 19  0  0	
31  0      0 64453240 214892 299024    0    0     0   104 28884 8354 71 10 19  0  0	
27  0      0 64449516 214892 299084    0    0     0     6 28866 8416 71 10 19  0  0	
21  0      0 64449384 214892 299148    0    0     0     0 28728 8382 70 10 20  0  0	
24  0      0 64448756 214892 299208    0    0     0     0 28838 8343 71 10 19  0  0	
32  0      0 64448888 214892 299272    0    0     0    18 28988 8416 72 10 19  0  0	
22  0      0 64448540 214892 299332    0    0     0     0 28827 8386 71 10 19  0  0	
27  0      0 64444548 214892 299392    0    0     0     6 28806 8419 70 10 20  0  0	
32  0      0 64444416 214892 299460    0    0     0     0 28976 8457 71 10 19  0  0	
26  0      0 64444292 214892 299520    0    0     0     8 28980 8499 72 10 19  0  0	
20  0      0 64444316 214892 299580    0    0     0    28 28788 8382 71 10 19  0  0	
26  0      0 64444316 214892 299648    0    0     0  3166 30227 8373 70 10 20  0  0	
24  0      0 64442020 214892 299712    0    0     0     0 28570 8268 70 10 20  0  0	
32  0      0 64441880 214892 299776    0    0     0   596 29413 8477 72 10 19  0  0	
procs -----------memory---------- ---swap-- -----io---- --system-- -----cpu-----
 r  b   swpd   free   buff  cache   si   so    bi    bo   in   cs us sy id wa st
29  0      0 64442004 214892 299836    0    0     0     8 28471 8302 69 10 20  0  0	
25  0      0 64441772 214892 299896    0    0     0     6 28883 8394 71 10 19  0  0	
