Linux 2.6.32-279.14.1.el6.x86_64 (compute-641-14.local) 	04/21/20 	_x86_64_	(32 CPU)

02:44:55          PID    %usr %system  %guest    %CPU   CPU  Command
02:44:57          147    0.00    0.49    0.00    0.49    16  events/16
02:44:57         3133    0.00    0.49    0.00    0.49     0  kondemand/0
02:44:57         3135    0.00    0.49    0.00    0.49     2  kondemand/2
02:44:57         3152    0.00    0.49    0.00    0.49    19  kondemand/19
02:44:57         3180    0.00    0.49    0.00    0.49    16  kipmi0
02:44:57         3290    0.00    0.49    0.00    0.49     6  rpciod/6
02:44:57         3852    0.00    0.49    0.00    0.49     8  pbs_mom
02:44:57         4128    0.00    0.49    0.00    0.49    16  gmond
02:44:57        20914    3.94    1.97    0.00    5.91    29  mpirun
02:44:57        20920    0.49    0.99    0.00    1.48    21  top
02:44:57        20922    0.99    1.48    0.00    2.46    26  pidstat
02:44:57        20924    0.49    0.99    0.00    1.48    25  pidstat
02:44:57        20933   96.06    7.88    0.00  103.94    31  bt-mz.B.24
02:44:57        20934  101.48    6.40    0.00  107.88    17  bt-mz.B.24
02:44:57        20935   89.66    5.91    0.00   95.57    31  bt-mz.B.24
02:44:57        20936   93.60    5.42    0.00   99.01     7  bt-mz.B.24
02:44:57        20937   86.21    6.40    0.00   92.61    24  bt-mz.B.24
02:44:57        20938   89.66    7.39    0.00   97.04    18  bt-mz.B.24
02:44:57        20939   96.06    6.90    0.00  102.96    20  bt-mz.B.24
02:44:57        20940   91.63    6.90    0.00   98.52    16  bt-mz.B.24
02:44:57        20941   86.21    7.39    0.00   93.60     2  bt-mz.B.24
02:44:57        20942   96.55    4.93    0.00  101.48    29  bt-mz.B.24
02:44:57        20944   93.10    6.40    0.00   99.51    25  bt-mz.B.24
02:44:57        20945   91.13    5.91    0.00   97.04    19  bt-mz.B.24
02:44:57        20947   97.54    4.93    0.00  102.46     0  bt-mz.B.24

02:44:57          PID    %usr %system  %guest    %CPU   CPU  Command
02:44:59         3159    0.00    0.50    0.00    0.50    26  kondemand/26
02:44:59         3180    0.00    0.50    0.00    0.50     0  kipmi0
02:44:59        20920    0.00    1.00    0.00    1.00     5  top
02:44:59        20922    1.00    1.49    0.00    2.49    26  pidstat
02:44:59        20924    1.49    2.49    0.00    3.98    25  pidstat
02:44:59        20933  139.30    0.00    0.00  139.30    12  bt-mz.B.24
02:44:59        20934  133.33    0.00    0.00  133.33     1  bt-mz.B.24
02:44:59        20935  126.37    0.00    0.00  126.37    11  bt-mz.B.24
02:44:59        20936  117.41    0.00    0.00  117.41    27  bt-mz.B.24
02:44:59        20937  123.88    0.50    0.00  124.38    28  bt-mz.B.24
02:44:59        20938  133.33    0.00    0.00  133.33    21  bt-mz.B.24
02:44:59        20939  127.86    0.00    0.00  127.86     0  bt-mz.B.24
02:44:59        20940  115.42    0.00    0.00  115.42    19  bt-mz.B.24
02:44:59        20941  117.41    0.00    0.00  117.41    19  bt-mz.B.24
02:44:59        20942  100.50    0.00    0.00  100.50    26  bt-mz.B.24
02:44:59        20944  125.87    0.00    0.00  125.87    10  bt-mz.B.24
02:44:59        20945  130.85    0.00    0.00  130.85     7  bt-mz.B.24
02:44:59        20947  122.39    0.00    0.00  122.39     3  bt-mz.B.24

02:44:59          PID    %usr %system  %guest    %CPU   CPU  Command
02:45:01         1063    0.00    0.50    0.00    0.50     8  jbd2/sda1-8
02:45:01         3140    0.00    0.50    0.00    0.50     7  kondemand/7
02:45:01         3143    0.00    0.50    0.00    0.50    10  kondemand/10
02:45:01         3151    0.00    0.50    0.00    0.50    18  kondemand/18
02:45:01         3154    0.00    0.50    0.00    0.50    21  kondemand/21
02:45:01         3161    0.00    0.50    0.00    0.50    28  kondemand/28
02:45:01         3162    0.00    0.50    0.00    0.50    29  kondemand/29
02:45:01        20920    1.00    0.50    0.00    1.50     5  top
02:45:01        20922    0.50    1.50    0.00    2.00    26  pidstat
02:45:01        20924    0.50    1.00    0.00    1.50     9  pidstat
02:45:01        20933  126.50    0.00    0.00  126.50    14  bt-mz.B.24
02:45:01        20934  129.50    0.00    0.00  129.50     0  bt-mz.B.24
02:45:01        20935  128.50    0.00    0.00  128.50    29  bt-mz.B.24
02:45:01        20936  110.50    0.00    0.00  110.50    15  bt-mz.B.24
02:45:01        20937  116.00    0.00    0.00  116.00    28  bt-mz.B.24
02:45:01        20938  128.00    0.00    0.00  128.00    21  bt-mz.B.24
02:45:01        20939  117.00    0.00    0.00  117.00    23  bt-mz.B.24
02:45:01        20940  117.50    0.00    0.00  117.50    16  bt-mz.B.24
02:45:01        20941  132.00    0.00    0.00  132.00     4  bt-mz.B.24
02:45:01        20942  109.00    0.00    0.00  109.00     9  bt-mz.B.24
02:45:01        20944  125.50    0.50    0.00  126.00    10  bt-mz.B.24
02:45:01        20945  130.00    0.00    0.00  130.00     7  bt-mz.B.24
02:45:01        20947  119.00    0.00    0.00  119.00     6  bt-mz.B.24

02:45:01          PID    %usr %system  %guest    %CPU   CPU  Command
02:45:03         3157    0.00    0.50    0.00    0.50    24  kondemand/24
02:45:03         3180    0.00    0.50    0.00    0.50     0  kipmi0
02:45:03         3808    0.00    0.50    0.00    0.50    24  crond
02:45:03         4128    0.50    0.50    0.00    1.00     0  gmond
02:45:03        20920    0.50    1.00    0.00    1.50     5  top
02:45:03        20922    0.50    2.00    0.00    2.50    26  pidstat
02:45:03        20924    0.50    3.00    0.00    3.50    29  pidstat
02:45:03        20933  124.00    0.00    0.00  124.00     8  bt-mz.B.24
02:45:03        20934  131.50    0.00    0.00  131.50     5  bt-mz.B.24
02:45:03        20935  117.00    0.00    0.00  117.00    10  bt-mz.B.24
02:45:03        20936  114.00    0.00    0.00  114.00    14  bt-mz.B.24
02:45:03        20937  121.50    0.00    0.00  121.50    15  bt-mz.B.24
02:45:03        20938  125.50    0.00    0.00  125.50    23  bt-mz.B.24
02:45:03        20939  123.00    0.00    0.00  123.00    17  bt-mz.B.24
02:45:03        20940  122.50    0.00    0.00  122.50    19  bt-mz.B.24
02:45:03        20941  125.00    0.00    0.00  125.00     4  bt-mz.B.24
02:45:03        20942  118.50    0.00    0.00  118.50    11  bt-mz.B.24
02:45:03        20944  118.00    0.00    0.00  118.00    26  bt-mz.B.24
02:45:03        20945  125.00    0.50    0.00  125.50     3  bt-mz.B.24
02:45:03        20947  124.50    0.00    0.00  124.50     1  bt-mz.B.24

02:45:03          PID    %usr %system  %guest    %CPU   CPU  Command
02:45:05         3153    0.00    0.50    0.00    0.50    20  kondemand/20
02:45:05        20920    0.50    0.50    0.00    1.00     5  top
02:45:05        20922    1.00    1.50    0.00    2.50    10  pidstat
02:45:05        20924    1.00    1.50    0.00    2.50    25  pidstat
02:45:05        20933  115.50    0.00    0.00  115.50    11  bt-mz.B.24
02:45:05        20934  134.00    0.00    0.00  134.00     6  bt-mz.B.24
02:45:05        20935  118.00    0.00    0.00  118.00    26  bt-mz.B.24
02:45:05        20936  128.00    0.00    0.00  128.00    14  bt-mz.B.24
02:45:05        20937  112.00    0.00    0.00  112.00    12  bt-mz.B.24
02:45:05        20938  126.00    0.00    0.00  126.00    18  bt-mz.B.24
02:45:05        20939  131.00    0.00    0.00  131.00     2  bt-mz.B.24
02:45:05        20940  129.50    0.00    0.00  129.50     3  bt-mz.B.24
02:45:05        20941  125.50    0.00    0.00  125.50    16  bt-mz.B.24
02:45:05        20942  118.50    0.00    0.00  118.50     8  bt-mz.B.24
02:45:05        20944  115.50    0.00    0.00  115.50    10  bt-mz.B.24
02:45:05        20945  126.50    0.00    0.00  126.50    20  bt-mz.B.24
02:45:05        20947  129.50    0.00    0.00  129.50    19  bt-mz.B.24

02:45:05          PID    %usr %system  %guest    %CPU   CPU  Command
02:45:07         3136    0.00    0.50    0.00    0.50     3  kondemand/3
02:45:07         3141    0.00    0.50    0.00    0.50     8  kondemand/8
02:45:07         3163    0.00    0.50    0.00    0.50    30  kondemand/30
02:45:07         4128    0.00    0.50    0.00    0.50     0  gmond
02:45:07        20920    0.50    0.50    0.00    1.00     5  top
02:45:07        20922    0.50    2.00    0.00    2.50    10  pidstat
02:45:07        20924    0.50    1.50    0.00    2.00     9  pidstat
02:45:07        20933  127.00    0.00    0.00  127.00    12  bt-mz.B.24
02:45:07        20934  120.00    0.00    0.00  120.00    16  bt-mz.B.24
02:45:07        20935  111.00    0.00    0.00  111.00    24  bt-mz.B.24
02:45:07        20936  111.50    0.00    0.00  111.50    12  bt-mz.B.24
02:45:07        20937  108.00    0.00    0.00  108.00    28  bt-mz.B.24
02:45:07        20938  119.00    0.00    0.00  119.00     1  bt-mz.B.24
02:45:07        20939  122.00    0.00    0.00  122.00     5  bt-mz.B.24
02:45:07        20940  122.00    0.00    0.00  122.00    19  bt-mz.B.24
02:45:07        20941  116.50    0.00    0.00  116.50     6  bt-mz.B.24
02:45:07        20942  121.00    0.00    0.00  121.00    14  bt-mz.B.24
02:45:07        20944  109.50    0.00    0.00  109.50    26  bt-mz.B.24
02:45:07        20945  118.00    0.00    0.00  118.00    20  bt-mz.B.24
02:45:07        20947  105.50    0.00    0.00  105.50     0  bt-mz.B.24

02:45:07          PID    %usr %system  %guest    %CPU   CPU  Command
02:45:09         3164    0.00    0.50    0.00    0.50    31  kondemand/31
02:45:09         4128    0.00    0.50    0.00    0.50     0  gmond
02:45:09        20920    0.50    1.00    0.00    1.50     5  top
02:45:09        20922    0.50    1.50    0.00    2.00    26  pidstat
02:45:09        20924    1.00    2.00    0.00    3.00    25  pidstat
02:45:09        20933  123.00    0.00    0.00  123.00    15  bt-mz.B.24
02:45:09        20934  122.00    0.00    0.00  122.00    23  bt-mz.B.24
02:45:09        20935  124.50    0.00    0.00  124.50     8  bt-mz.B.24
02:45:09        20936  117.00    0.00    0.00  117.00    13  bt-mz.B.24
02:45:09        20937  114.50    0.00    0.00  114.50    12  bt-mz.B.24
02:45:09        20938  123.50    0.50    0.00  124.00     5  bt-mz.B.24
02:45:09        20939  121.50    0.00    0.00  121.50     1  bt-mz.B.24
02:45:09        20940  119.00    0.00    0.00  119.00    16  bt-mz.B.24
02:45:09        20941  114.00    0.00    0.00  114.00    22  bt-mz.B.24
02:45:09        20942  122.50    0.00    0.00  122.50    21  bt-mz.B.24
02:45:09        20944  125.00    0.00    0.00  125.00    14  bt-mz.B.24
02:45:09        20945  117.00    0.00    0.00  117.00    18  bt-mz.B.24
02:45:09        20947  120.00    0.00    0.00  120.00     4  bt-mz.B.24

02:45:09          PID    %usr %system  %guest    %CPU   CPU  Command
02:45:11         3138    0.00    0.50    0.00    0.50     5  kondemand/5
02:45:11         3146    0.00    0.50    0.00    0.50    13  kondemand/13
02:45:11         3149    0.00    0.50    0.00    0.50    16  kondemand/16
02:45:11         3155    0.00    0.50    0.00    0.50    22  kondemand/22
02:45:11        20920    0.50    0.50    0.00    1.00     5  top
02:45:11        20922    0.50    2.00    0.00    2.50    26  pidstat
02:45:11        20924    0.50    2.00    0.00    2.50    25  pidstat
02:45:11        20933  140.00    0.00    0.00  140.00    13  bt-mz.B.24
02:45:11        20934  128.50    0.00    0.00  128.50     7  bt-mz.B.24
02:45:11        20935  130.00    0.00    0.00  130.00    10  bt-mz.B.24
02:45:11        20936  123.00    0.00    0.00  123.00     9  bt-mz.B.24
02:45:11        20937  121.50    0.00    0.00  121.50    31  bt-mz.B.24
02:45:11        20938  117.50    0.00    0.00  117.50     6  bt-mz.B.24
02:45:11        20939  116.50    0.00    0.00  116.50     0  bt-mz.B.24
02:45:11        20940  123.50    0.00    0.00  123.50     3  bt-mz.B.24
02:45:11        20941  118.50    0.00    0.00  118.50    17  bt-mz.B.24
02:45:11        20942  128.00    0.00    0.00  128.00    20  bt-mz.B.24
02:45:11        20944  129.50    0.00    0.00  129.50    30  bt-mz.B.24
02:45:11        20945  124.50    0.00    0.00  124.50    19  bt-mz.B.24
02:45:11        20947  120.50    0.00    0.00  120.50     5  bt-mz.B.24

02:45:11          PID    %usr %system  %guest    %CPU   CPU  Command
02:45:13         3134    0.00    0.50    0.00    0.50     1  kondemand/1
02:45:13         3144    0.00    0.50    0.00    0.50    11  kondemand/11
02:45:13         3148    0.00    0.50    0.00    0.50    15  kondemand/15
02:45:13         3156    0.00    0.50    0.00    0.50    23  kondemand/23
02:45:13         4128    0.00    0.50    0.00    0.50     0  gmond
02:45:13        20920    1.00    1.00    0.00    2.00     5  top
02:45:13        20922    1.00    1.50    0.00    2.50    26  pidstat
02:45:13        20924    0.00    1.00    0.00    1.00     9  pidstat
02:45:13        20926    0.00    0.50    0.00    0.50    27  iostat
02:45:13        20933  118.50    0.00    0.00  118.50     9  bt-mz.B.24
02:45:13        20934  125.50    0.00    0.00  125.50     6  bt-mz.B.24
02:45:13        20935  124.50    0.00    0.00  124.50    13  bt-mz.B.24
02:45:13        20936  117.50    0.00    0.00  117.50    25  bt-mz.B.24
02:45:13        20937  112.00    0.50    0.00  112.50    31  bt-mz.B.24
02:45:13        20938  117.00    0.00    0.00  117.00     2  bt-mz.B.24
02:45:13        20939  114.50    0.00    0.00  114.50    22  bt-mz.B.24
02:45:13        20940  117.50    0.00    0.00  117.50     3  bt-mz.B.24
02:45:13        20941  111.50    0.00    0.00  111.50    16  bt-mz.B.24
02:45:13        20942  108.50    0.00    0.00  108.50    19  bt-mz.B.24
02:45:13        20944  130.50    0.00    0.00  130.50    14  bt-mz.B.24
02:45:13        20945  117.00    0.00    0.00  117.00    23  bt-mz.B.24
02:45:13        20947  125.50    0.00    0.00  125.50    21  bt-mz.B.24

02:45:13          PID    %usr %system  %guest    %CPU   CPU  Command
02:45:15         3142    0.00    0.50    0.00    0.50     9  kondemand/9
02:45:15        20920    0.50    0.50    0.00    1.00     5  top
02:45:15        20922    0.50    1.50    0.00    2.00    26  pidstat
02:45:15        20924    1.00    2.00    0.00    3.00     9  pidstat
02:45:15        20933  129.50    0.00    0.00  129.50    29  bt-mz.B.24
02:45:15        20934  129.00    0.00    0.00  129.00     1  bt-mz.B.24
02:45:15        20935  137.50    0.00    0.00  137.50    13  bt-mz.B.24
02:45:15        20936  114.50    0.00    0.00  114.50     9  bt-mz.B.24
02:45:15        20937  126.50    0.00    0.00  126.50    15  bt-mz.B.24
02:45:15        20938  111.50    0.00    0.00  111.50    22  bt-mz.B.24
02:45:15        20939  122.00    0.00    0.00  122.00     4  bt-mz.B.24
02:45:15        20940  123.00    0.00    0.00  123.00    19  bt-mz.B.24
02:45:15        20941  122.50    0.00    0.00  122.50     0  bt-mz.B.24
02:45:15        20942  116.00    0.00    0.00  116.00     4  bt-mz.B.24
02:45:15        20944  123.50    0.50    0.00  124.00    30  bt-mz.B.24
02:45:15        20945  116.00    0.00    0.00  116.00     7  bt-mz.B.24
02:45:15        20947  123.00    0.00    0.00  123.00    21  bt-mz.B.24

02:45:15          PID    %usr %system  %guest    %CPU   CPU  Command
02:45:17         3139    0.00    0.50    0.00    0.50     6  kondemand/6
02:45:17         3145    0.00    0.50    0.00    0.50    12  kondemand/12
02:45:17         3147    0.00    0.50    0.00    0.50    14  kondemand/14
02:45:17         3158    0.00    0.50    0.00    0.50    25  kondemand/25
02:45:17         4128    0.50    0.50    0.00    1.00     0  gmond
02:45:17        20920    0.50    0.50    0.00    1.00     5  top
02:45:17        20922    0.50    2.00    0.00    2.50    26  pidstat
02:45:17        20924    1.00    2.50    0.00    3.50     9  pidstat
02:45:17        20933  131.00    0.00    0.00  131.00    30  bt-mz.B.24
02:45:17        20934  110.50    0.00    0.00  110.50     3  bt-mz.B.24
02:45:17        20935  128.00    0.00    0.00  128.00    29  bt-mz.B.24
02:45:17        20936  124.00    0.00    0.00  124.00    27  bt-mz.B.24
02:45:17        20937  114.50    0.00    0.00  114.50    14  bt-mz.B.24
02:45:17        20938  114.00    0.00    0.00  114.00    21  bt-mz.B.24
02:45:17        20939  115.00    0.00    0.00  115.00    20  bt-mz.B.24
02:45:17        20940  114.00    0.00    0.00  114.00     3  bt-mz.B.24
02:45:17        20941  119.00    0.00    0.00  119.00    18  bt-mz.B.24
02:45:17        20942  108.00    0.00    0.00  108.00    23  bt-mz.B.24
02:45:17        20944  107.00    0.00    0.00  107.00     1  bt-mz.B.24
02:45:17        20945  118.00    0.00    0.00  118.00     7  bt-mz.B.24
02:45:17        20947  121.50    0.00    0.00  121.50     2  bt-mz.B.24

02:45:17          PID    %usr %system  %guest    %CPU   CPU  Command
02:45:19           57    0.00    0.50    0.00    0.50    13  ksoftirqd/13
02:45:19         3160    0.00    0.50    0.00    0.50    27  kondemand/27
02:45:19         3180    0.00    0.50    0.00    0.50    16  kipmi0
02:45:19        20920    0.50    1.00    0.00    1.50     1  top
02:45:19        20922    0.50    1.50    0.00    2.00    26  pidstat
02:45:19        20924    0.50    1.00    0.00    1.50     9  pidstat
02:45:19        20933  139.00    0.00    0.00  139.00    24  bt-mz.B.24
02:45:19        20934  111.00    0.00    0.00  111.00     2  bt-mz.B.24
02:45:19        20935  130.50    0.00    0.00  130.50    29  bt-mz.B.24
02:45:19        20936  130.50    0.00    0.00  130.50    10  bt-mz.B.24
02:45:19        20937  124.50    0.00    0.00  124.50    31  bt-mz.B.24
02:45:19        20938  117.00    0.00    0.00  117.00    22  bt-mz.B.24
02:45:19        20939  114.00    0.00    0.00  114.00    16  bt-mz.B.24
02:45:19        20940  114.00    0.00    0.00  114.00     0  bt-mz.B.24
02:45:19        20941  115.50    0.00    0.00  115.50    19  bt-mz.B.24
02:45:19        20942  113.50    0.00    0.00  113.50     7  bt-mz.B.24
02:45:19        20944  116.00    0.00    0.00  116.00     7  bt-mz.B.24
02:45:19        20945  113.00    0.00    0.00  113.00    20  bt-mz.B.24
02:45:19        20947  113.00    0.00    0.00  113.00     1  bt-mz.B.24

02:45:19          PID    %usr %system  %guest    %CPU   CPU  Command
02:45:21         3150    0.00    0.50    0.00    0.50    17  kondemand/17
02:45:21         4128    0.00    0.50    0.00    0.50    16  gmond
02:45:21        20920    0.50    0.50    0.00    1.00     1  top
02:45:21        20922    0.50    2.00    0.00    2.50    26  pidstat
02:45:21        20924    0.50    2.00    0.00    2.50    25  pidstat
02:45:21        20933  143.00    0.00    0.00  143.00    27  bt-mz.B.24
02:45:21        20934  117.00    0.00    0.00  117.00     2  bt-mz.B.24
02:45:21        20935  127.50    0.00    0.00  127.50    14  bt-mz.B.24
02:45:21        20936  125.00    0.00    0.00  125.00    24  bt-mz.B.24
02:45:21        20937  132.00    0.00    0.00  132.00     8  bt-mz.B.24
02:45:21        20938  109.50    0.00    0.00  109.50     4  bt-mz.B.24
02:45:21        20939  124.50    0.50    0.00  125.00    16  bt-mz.B.24
02:45:21        20940  115.00    0.00    0.00  115.00    20  bt-mz.B.24
02:45:21        20941  111.00    0.00    0.00  111.00     5  bt-mz.B.24
02:45:21        20942  119.50    0.50    0.00  120.00     7  bt-mz.B.24
02:45:21        20944  103.00    0.00    0.00  103.00    17  bt-mz.B.24
02:45:21        20945  103.00    0.00    0.00  103.00     3  bt-mz.B.24
02:45:21        20947  104.50    0.50    0.00  105.00     3  bt-mz.B.24

02:45:21          PID    %usr %system  %guest    %CPU   CPU  Command
02:45:23         3133    0.00    0.50    0.00    0.50     0  kondemand/0
02:45:23         3137    0.00    0.50    0.00    0.50     4  kondemand/4
02:45:23        20920    0.50    1.00    0.00    1.50     1  top
02:45:23        20922    0.50    2.00    0.00    2.50    26  pidstat
02:45:23        20924    1.00    2.50    0.00    3.50    25  pidstat
02:45:23        20933  136.50    0.00    0.00  136.50    11  bt-mz.B.24
02:45:23        20934  121.50    0.00    0.00  121.50     3  bt-mz.B.24
02:45:23        20935  135.50    0.00    0.00  135.50    14  bt-mz.B.24
02:45:23        20936  132.00    0.00    0.00  132.00    24  bt-mz.B.24
02:45:23        20937  115.00    0.00    0.00  115.00     9  bt-mz.B.24
02:45:23        20938  127.00    0.00    0.00  127.00    16  bt-mz.B.24
02:45:23        20939  110.00    0.00    0.00  110.00    17  bt-mz.B.24
02:45:23        20940  112.00    0.00    0.00  112.00    18  bt-mz.B.24
02:45:23        20941  114.50    0.00    0.00  114.50    22  bt-mz.B.24
02:45:23        20942  117.50    0.00    0.00  117.50     4  bt-mz.B.24
02:45:23        20944  116.00    0.00    0.00  116.00     0  bt-mz.B.24
02:45:23        20945  116.50    0.00    0.00  116.50    23  bt-mz.B.24
02:45:23        20947  107.00    0.00    0.00  107.00    17  bt-mz.B.24

02:45:23          PID    %usr %system  %guest    %CPU   CPU  Command
02:45:25         4128    0.00    0.50    0.00    0.50    16  gmond
02:45:25        20920    0.50    0.50    0.00    1.00     1  top
02:45:25        20922    0.50    1.50    0.00    2.00    26  pidstat
02:45:25        20924    0.50    2.00    0.00    2.50    25  pidstat
02:45:25        20933  145.00    0.00    0.00  145.00     8  bt-mz.B.24
02:45:25        20934  121.00    0.00    0.00  121.00    19  bt-mz.B.24
02:45:25        20935  132.50    0.50    0.00  133.00    31  bt-mz.B.24
02:45:25        20936  127.50    0.00    0.00  127.50    10  bt-mz.B.24
02:45:25        20937  134.00    0.00    0.00  134.00     9  bt-mz.B.24
02:45:25        20938  124.50    0.00    0.00  124.50     6  bt-mz.B.24
02:45:25        20939  114.00    0.00    0.00  114.00    20  bt-mz.B.24
02:45:25        20940  115.00    0.00    0.00  115.00     0  bt-mz.B.24
02:45:25        20941  113.50    0.00    0.00  113.50    22  bt-mz.B.24
02:45:25        20942  114.00    0.00    0.00  114.00    17  bt-mz.B.24
02:45:25        20944  114.50    0.00    0.00  114.50     4  bt-mz.B.24
02:45:25        20945  121.00    0.00    0.00  121.00     7  bt-mz.B.24
02:45:25        20947  113.50    0.00    0.00  113.50    16  bt-mz.B.24

02:45:25          PID    %usr %system  %guest    %CPU   CPU  Command
02:45:27         3135    0.00    0.50    0.00    0.50     2  kondemand/2
02:45:27         3852    0.50    0.50    0.00    1.00    22  pbs_mom
02:45:27        20920    0.50    1.00    0.00    1.50     1  top
02:45:27        20922    0.50    1.50    0.00    2.00    26  pidstat
02:45:27        20924    0.50    2.00    0.00    2.50     9  pidstat
02:45:27        20933  135.50    0.50    0.00  136.00    24  bt-mz.B.24
02:45:27        20934  122.50    0.00    0.00  122.50    19  bt-mz.B.24
02:45:27        20935  122.50    0.00    0.00  122.50    28  bt-mz.B.24
02:45:27        20936  124.50    0.50    0.00  125.00    31  bt-mz.B.24
02:45:27        20937  120.00    0.00    0.00  120.00    14  bt-mz.B.24
02:45:27        20938  116.00    0.00    0.00  116.00    18  bt-mz.B.24
02:45:27        20939  106.00    0.00    0.00  106.00    16  bt-mz.B.24
02:45:27        20940  109.50    0.00    0.00  109.50     7  bt-mz.B.24
02:45:27        20941  112.00    0.50    0.00  112.50     5  bt-mz.B.24
02:45:27        20942  121.50    0.00    0.00  121.50    17  bt-mz.B.24
02:45:27        20944  105.00    0.00    0.00  105.00     3  bt-mz.B.24
02:45:27        20945  116.00    0.00    0.00  116.00     4  bt-mz.B.24
02:45:27        20947  100.00    0.00    0.00  100.00    20  bt-mz.B.24

02:45:27          PID    %usr %system  %guest    %CPU   CPU  Command
02:45:29         3143    0.00    0.50    0.00    0.50    10  kondemand/10
02:45:29         3152    0.00    0.50    0.00    0.50    19  kondemand/19
02:45:29         3180    0.00    0.50    0.00    0.50    16  kipmi0
02:45:29         4128    0.00    0.50    0.00    0.50    16  gmond
02:45:29        20920    0.50    0.50    0.00    1.00     1  top
02:45:29        20922    0.50    2.00    0.00    2.50    26  pidstat
02:45:29        20924    1.00    1.50    0.00    2.50    25  pidstat
02:45:29        20933  143.50    0.00    0.00  143.50    12  bt-mz.B.24
02:45:29        20934  117.50    0.00    0.00  117.50    19  bt-mz.B.24
02:45:29        20935  126.00    0.00    0.00  126.00    11  bt-mz.B.24
02:45:29        20936  125.00    0.00    0.00  125.00    14  bt-mz.B.24
02:45:29        20937  125.50    0.00    0.00  125.50    15  bt-mz.B.24
02:45:29        20938  113.00    0.00    0.00  113.00    20  bt-mz.B.24
02:45:29        20939  113.50    0.00    0.00  113.50    16  bt-mz.B.24
02:45:29        20940  116.00    0.00    0.00  116.00     1  bt-mz.B.24
02:45:29        20941  110.50    0.00    0.00  110.50     7  bt-mz.B.24
02:45:29        20942  123.50    0.00    0.00  123.50     3  bt-mz.B.24
02:45:29        20944  114.00    0.00    0.00  114.00     2  bt-mz.B.24
02:45:29        20945  116.00    0.50    0.00  116.50     6  bt-mz.B.24
02:45:29        20947  118.50    0.00    0.00  118.50    22  bt-mz.B.24

02:45:29          PID    %usr %system  %guest    %CPU   CPU  Command
02:45:31         3021    0.00    1.50    0.00    1.50    12  flush-8:0
02:45:31         3140    0.00    0.50    0.00    0.50     7  kondemand/7
02:45:31         3159    0.00    0.50    0.00    0.50    26  kondemand/26
02:45:31         3684    0.00    0.50    0.00    0.50    22  snmpd
02:45:31         4128    0.50    0.00    0.00    0.50    16  gmond
02:45:31        20920    1.00    0.50    0.00    1.50     1  top
02:45:31        20922    0.50    1.50    0.00    2.00    26  pidstat
02:45:31        20924    0.50    2.00    0.00    2.50     9  pidstat
02:45:31        20933  138.50    0.00    0.00  138.50    28  bt-mz.B.24
02:45:31        20934  118.50    0.50    0.00  119.00    22  bt-mz.B.24
02:45:31        20935  132.00    0.00    0.00  132.00    25  bt-mz.B.24
02:45:31        20936  122.00    0.00    0.00  122.00     8  bt-mz.B.24
02:45:31        20937  131.50    0.00    0.00  131.50    10  bt-mz.B.24
02:45:31        20938  107.50    0.00    0.00  107.50    17  bt-mz.B.24
02:45:31        20939  118.50    0.00    0.00  118.50     2  bt-mz.B.24
02:45:31        20940  122.50    0.50    0.00  123.00     6  bt-mz.B.24
02:45:31        20941  110.50    0.00    0.00  110.50    23  bt-mz.B.24
02:45:31        20942  113.50    0.00    0.00  113.50    18  bt-mz.B.24
02:45:31        20944  109.00    0.00    0.00  109.00     4  bt-mz.B.24
02:45:31        20945  113.00    0.00    0.00  113.00     1  bt-mz.B.24
02:45:31        20947  107.00    0.00    0.00  107.00    19  bt-mz.B.24

02:45:31          PID    %usr %system  %guest    %CPU   CPU  Command
02:45:33         3151    0.00    0.50    0.00    0.50    18  kondemand/18
02:45:33         3161    0.00    0.50    0.00    0.50    28  kondemand/28
02:45:33         3195    0.50    0.00    0.00    0.50    28  irqbalance
02:45:33         4128    0.00    0.50    0.00    0.50    16  gmond
02:45:33        20920    0.50    1.00    0.00    1.50     1  top
02:45:33        20922    0.50    1.50    0.00    2.00    26  pidstat
02:45:33        20924    0.50    2.00    0.00    2.50     9  pidstat
02:45:33        20933  139.00    0.00    0.00  139.00    10  bt-mz.B.24
02:45:33        20934  114.50    0.00    0.00  114.50     2  bt-mz.B.24
02:45:33        20935  131.00    0.00    0.00  131.00     9  bt-mz.B.24
02:45:33        20936  124.00    0.00    0.00  124.00    24  bt-mz.B.24
02:45:33        20937  132.00    0.00    0.00  132.00    12  bt-mz.B.24
02:45:33        20938  121.50    0.00    0.00  121.50    17  bt-mz.B.24
02:45:33        20939  107.00    0.00    0.00  107.00     6  bt-mz.B.24
02:45:33        20940  118.00    0.00    0.00  118.00     6  bt-mz.B.24
02:45:33        20941  114.00    0.00    0.00  114.00    23  bt-mz.B.24
02:45:33        20942  115.00    0.00    0.00  115.00     5  bt-mz.B.24
02:45:33        20944  111.00    0.00    0.00  111.00    21  bt-mz.B.24
02:45:33        20945  117.50    0.00    0.00  117.50     3  bt-mz.B.24
02:45:33        20947  113.00    0.00    0.00  113.00    18  bt-mz.B.24

02:45:33          PID    %usr %system  %guest    %CPU   CPU  Command
02:45:35         3141    0.00    0.50    0.00    0.50     8  kondemand/8
02:45:35         3154    0.00    0.50    0.00    0.50    21  kondemand/21
02:45:35         3157    0.00    0.50    0.00    0.50    24  kondemand/24
02:45:35         3162    0.00    0.50    0.00    0.50    29  kondemand/29
02:45:35        20920    0.50    0.50    0.00    1.00    17  top
02:45:35        20922    1.00    1.50    0.00    2.50    26  pidstat
02:45:35        20924    0.50    1.00    0.00    1.50    25  pidstat
02:45:35        20933  140.50    0.00    0.00  140.50     9  bt-mz.B.24
02:45:35        20934  135.00    0.00    0.00  135.00    20  bt-mz.B.24
02:45:35        20935  134.00    0.00    0.00  134.00    24  bt-mz.B.24
02:45:35        20936  125.50    0.00    0.00  125.50     8  bt-mz.B.24
02:45:35        20937  130.00    0.00    0.00  130.00    10  bt-mz.B.24
02:45:35        20938  120.00    0.00    0.00  120.00     0  bt-mz.B.24
02:45:35        20939  116.50    0.00    0.00  116.50     4  bt-mz.B.24
02:45:35        20940  105.50    0.00    0.00  105.50     0  bt-mz.B.24
02:45:35        20941  117.50    0.00    0.00  117.50    23  bt-mz.B.24
02:45:35        20942  118.50    0.00    0.00  118.50     4  bt-mz.B.24
02:45:35        20944  116.00    0.00    0.00  116.00    19  bt-mz.B.24
02:45:35        20945  118.00    0.00    0.00  118.00    16  bt-mz.B.24
02:45:35        20947  112.50    0.00    0.00  112.50    21  bt-mz.B.24

02:45:35          PID    %usr %system  %guest    %CPU   CPU  Command
02:45:37         3136    0.00    0.50    0.00    0.50     3  kondemand/3
02:45:37         3180    0.00    0.50    0.00    0.50    16  kipmi0
02:45:37         4128    0.00    0.50    0.00    0.50    16  gmond
02:45:37        20920    0.50    0.50    0.00    1.00    17  top
02:45:37        20922    0.50    1.50    0.00    2.00    26  pidstat
02:45:37        20924    1.00    2.50    0.00    3.50    25  pidstat
02:45:37        20933  143.50    0.00    0.00  143.50     9  bt-mz.B.24
02:45:37        20934  118.00    0.00    0.00  118.00     3  bt-mz.B.24
02:45:37        20935  115.00    0.00    0.00  115.00    14  bt-mz.B.24
02:45:37        20936  123.00    0.00    0.00  123.00    31  bt-mz.B.24
02:45:37        20937  123.00    0.00    0.00  123.00    12  bt-mz.B.24
02:45:37        20938  115.00    0.00    0.00  115.00     0  bt-mz.B.24
02:45:37        20939  113.50    0.00    0.00  113.50    22  bt-mz.B.24
02:45:37        20940  105.50    0.00    0.00  105.50    16  bt-mz.B.24
02:45:37        20941  125.00    0.00    0.00  125.00    23  bt-mz.B.24
02:45:37        20942  110.00    0.00    0.00  110.00    19  bt-mz.B.24
02:45:37        20944  112.50    0.00    0.00  112.50     7  bt-mz.B.24
02:45:37        20945  104.50    0.00    0.00  104.50    17  bt-mz.B.24
02:45:37        20947  125.00    0.00    0.00  125.00    21  bt-mz.B.24

02:45:37          PID    %usr %system  %guest    %CPU   CPU  Command
02:45:39         3153    0.00    0.50    0.00    0.50    20  kondemand/20
02:45:39         3163    0.00    0.50    0.00    0.50    30  kondemand/30
02:45:39        20920    1.00    0.50    0.00    1.50    17  top
02:45:39        20922    1.00    1.50    0.00    2.50    26  pidstat
02:45:39        20924    1.00    1.50    0.00    2.50     9  pidstat
02:45:39        20926    0.00    0.50    0.00    0.50    11  iostat
02:45:39        20933  137.50    0.00    0.00  137.50    10  bt-mz.B.24
02:45:39        20934  121.50    0.00    0.00  121.50    23  bt-mz.B.24
02:45:39        20935  125.50    0.50    0.00  126.00    11  bt-mz.B.24
02:45:39        20936  127.50    0.00    0.00  127.50    12  bt-mz.B.24
02:45:39        20937  125.00    0.50    0.00  125.50    14  bt-mz.B.24
02:45:39        20938  103.50    0.00    0.00  103.50    18  bt-mz.B.24
02:45:39        20939  105.50    0.00    0.00  105.50     0  bt-mz.B.24
02:45:39        20940  118.50    0.00    0.00  118.50     4  bt-mz.B.24
02:45:39        20941  112.00    0.00    0.00  112.00     1  bt-mz.B.24
02:45:39        20942  129.50    0.00    0.00  129.50    19  bt-mz.B.24
02:45:39        20944  114.00    0.00    0.00  114.00     7  bt-mz.B.24
02:45:39        20945  110.50    0.00    0.00  110.50    19  bt-mz.B.24
02:45:39        20947  122.00    0.00    0.00  122.00     6  bt-mz.B.24

02:45:39          PID    %usr %system  %guest    %CPU   CPU  Command
02:45:41         3134    0.00    0.50    0.00    0.50     1  kondemand/1
02:45:41         3138    0.00    0.50    0.00    0.50     5  kondemand/5
02:45:41         3149    0.00    0.50    0.00    0.50    16  kondemand/16
02:45:41         4128    0.50    0.50    0.00    1.00    16  gmond
02:45:41        20920    0.50    0.50    0.00    1.00    17  top
02:45:41        20922    1.00    2.00    0.00    3.00    26  pidstat
02:45:41        20924    0.50    1.50    0.00    2.00    25  pidstat
02:45:41        20933  125.00    0.00    0.00  125.00    30  bt-mz.B.24
02:45:41        20934  119.50    0.00    0.00  119.50    17  bt-mz.B.24
02:45:41        20935  124.50    0.00    0.00  124.50    10  bt-mz.B.24
02:45:41        20936  116.50    0.00    0.00  116.50    25  bt-mz.B.24
02:45:41        20937  112.00    0.00    0.00  112.00    12  bt-mz.B.24
02:45:41        20938  111.50    0.00    0.00  111.50     5  bt-mz.B.24
02:45:41        20939  109.50    0.00    0.00  109.50     0  bt-mz.B.24
02:45:41        20940  110.00    0.00    0.00  110.00    20  bt-mz.B.24
02:45:41        20941  116.50    0.50    0.00  117.00     1  bt-mz.B.24
02:45:41        20942  111.50    0.00    0.00  111.50    21  bt-mz.B.24
02:45:41        20944  101.00    0.00    0.00  101.00     4  bt-mz.B.24
02:45:41        20945  118.00    0.00    0.00  118.00    22  bt-mz.B.24
02:45:41        20947  117.50    0.00    0.00  117.50     2  bt-mz.B.24

02:45:41          PID    %usr %system  %guest    %CPU   CPU  Command
02:45:43         3146    0.00    0.50    0.00    0.50    13  kondemand/13
02:45:43         3164    0.00    0.50    0.00    0.50    31  kondemand/31
02:45:43         3195    0.00    0.50    0.00    0.50    28  irqbalance
02:45:43        20920    0.50    1.00    0.00    1.50     1  top
02:45:43        20922    0.50    1.50    0.00    2.00    14  pidstat
02:45:43        20924    0.50    2.50    0.00    3.00     9  pidstat
02:45:43        20933  142.00    0.00    0.00  142.00    30  bt-mz.B.24
02:45:43        20934  129.50    0.00    0.00  129.50     1  bt-mz.B.24
02:45:43        20935  126.50    0.00    0.00  126.50    29  bt-mz.B.24
02:45:43        20936  127.00    0.00    0.00  127.00    27  bt-mz.B.24
02:45:43        20937  125.00    0.00    0.00  125.00     9  bt-mz.B.24
02:45:43        20938  126.00    0.00    0.00  126.00    22  bt-mz.B.24
02:45:43        20939  116.50    0.00    0.00  116.50    20  bt-mz.B.24
02:45:43        20940  124.50    0.00    0.00  124.50    19  bt-mz.B.24
02:45:43        20941  111.50    0.00    0.00  111.50     3  bt-mz.B.24
02:45:43        20942  111.00    0.00    0.00  111.00     0  bt-mz.B.24
02:45:43        20944  112.00    0.50    0.00  112.50    23  bt-mz.B.24
02:45:43        20945  112.00    0.00    0.00  112.00    22  bt-mz.B.24
02:45:43        20947  121.50    0.00    0.00  121.50    16  bt-mz.B.24

02:45:43          PID    %usr %system  %guest    %CPU   CPU  Command
02:45:45         3142    0.00    0.50    0.00    0.50     9  kondemand/9
02:45:45         3144    0.00    0.50    0.00    0.50    11  kondemand/11
02:45:45         3148    0.00    0.50    0.00    0.50    15  kondemand/15
02:45:45         3155    0.00    0.50    0.00    0.50    22  kondemand/22
02:45:45         3156    0.00    0.50    0.00    0.50    23  kondemand/23
02:45:45         3852    0.00    0.50    0.00    0.50    26  pbs_mom
02:45:45         4128    0.00    0.50    0.00    0.50    16  gmond
02:45:45        20920    0.50    0.50    0.00    1.00    17  top
02:45:45        20922    0.50    2.00    0.00    2.50    26  pidstat
02:45:45        20924    1.00    2.00    0.00    3.00     9  pidstat
02:45:45        20933  137.50    0.00    0.00  137.50    10  bt-mz.B.24
02:45:45        20934  113.50    0.00    0.00  113.50    16  bt-mz.B.24
02:45:45        20935  124.50    0.00    0.00  124.50    13  bt-mz.B.24
02:45:45        20936  123.00    0.00    0.00  123.00    30  bt-mz.B.24
02:45:45        20937  124.50    0.00    0.00  124.50     8  bt-mz.B.24
02:45:45        20938  114.50    0.00    0.00  114.50    19  bt-mz.B.24
02:45:45        20939  119.50    0.00    0.00  119.50     4  bt-mz.B.24
02:45:45        20940  110.00    0.00    0.00  110.00     0  bt-mz.B.24
02:45:45        20941  104.50    0.00    0.00  104.50    22  bt-mz.B.24
02:45:45        20942  115.00    0.00    0.00  115.00     3  bt-mz.B.24
02:45:45        20944  112.50    0.00    0.00  112.50     6  bt-mz.B.24
02:45:45        20945  108.00    0.00    0.00  108.00    22  bt-mz.B.24
02:45:45        20947  116.50    0.00    0.00  116.50    23  bt-mz.B.24

02:45:45          PID    %usr %system  %guest    %CPU   CPU  Command
02:45:47         3133    0.00    0.50    0.00    0.50     0  kondemand/0
02:45:47         3139    0.00    0.50    0.00    0.50     6  kondemand/6
02:45:47         3145    0.00    0.50    0.00    0.50    12  kondemand/12
02:45:47         3147    0.00    0.50    0.00    0.50    14  kondemand/14
02:45:47         3158    0.00    0.50    0.00    0.50    25  kondemand/25
02:45:47        20920    0.50    1.00    0.00    1.50    17  top
02:45:47        20922    1.00    1.50    0.00    2.50    10  pidstat
02:45:47        20924    0.50    1.50    0.00    2.00    25  pidstat
02:45:47        20933  139.00    0.00    0.00  139.00     8  bt-mz.B.24
02:45:47        20934  115.50    0.00    0.00  115.50    22  bt-mz.B.24
02:45:47        20935  125.00    0.00    0.00  125.00    26  bt-mz.B.24
02:45:47        20936  129.50    0.50    0.00  130.00    30  bt-mz.B.24
02:45:47        20937  127.50    0.00    0.00  127.50    12  bt-mz.B.24
02:45:47        20938  114.00    0.00    0.00  114.00    19  bt-mz.B.24
02:45:47        20939  104.50    0.00    0.00  104.50    18  bt-mz.B.24
02:45:47        20940  110.00    0.00    0.00  110.00    21  bt-mz.B.24
02:45:47        20941  112.50    0.00    0.00  112.50    16  bt-mz.B.24
02:45:47        20942  110.50    0.00    0.00  110.50     2  bt-mz.B.24
02:45:47        20944  123.50    0.00    0.00  123.50     4  bt-mz.B.24
02:45:47        20945  117.00    0.50    0.00  117.50     6  bt-mz.B.24
02:45:47        20947  114.00    0.00    0.00  114.00    20  bt-mz.B.24

02:45:47          PID    %usr %system  %guest    %CPU   CPU  Command
02:45:49         4128    0.50    0.00    0.00    0.50     0  gmond
02:45:49        20920    0.50    0.50    0.00    1.00    17  top
02:45:49        20922    0.50    1.50    0.00    2.00    26  pidstat
02:45:49        20924    0.50    1.50    0.00    2.00    25  pidstat
02:45:49        20929    0.00    0.50    0.00    0.50    17  vmstat
02:45:49        20933  136.00    0.00    0.00  136.00    12  bt-mz.B.24
02:45:49        20934  119.00    0.00    0.00  119.00    16  bt-mz.B.24
02:45:49        20935  124.50    0.00    0.00  124.50     9  bt-mz.B.24
02:45:49        20936  134.00    0.00    0.00  134.00    30  bt-mz.B.24
02:45:49        20937  127.50    0.00    0.00  127.50     8  bt-mz.B.24
02:45:49        20938  112.00    0.00    0.00  112.00     1  bt-mz.B.24
02:45:49        20939  121.50    0.00    0.00  121.50     2  bt-mz.B.24
02:45:49        20940  107.50    0.00    0.00  107.50    21  bt-mz.B.24
02:45:49        20941  113.50    0.00    0.00  113.50     0  bt-mz.B.24
02:45:49        20942  122.50    0.00    0.00  122.50    17  bt-mz.B.24
02:45:49        20944  112.00    0.00    0.00  112.00     5  bt-mz.B.24
02:45:49        20945  119.50    0.00    0.00  119.50     0  bt-mz.B.24
02:45:49        20947  116.50    0.00    0.00  116.50    22  bt-mz.B.24

02:45:49          PID    %usr %system  %guest    %CPU   CPU  Command
02:45:51          135    0.00    0.50    0.00    0.50     4  events/4
02:45:51         3137    0.00    0.50    0.00    0.50     4  kondemand/4
02:45:51         3150    0.00    0.50    0.00    0.50    17  kondemand/17
02:45:51         3160    0.00    0.50    0.00    0.50    27  kondemand/27
02:45:51         4128    0.00    0.50    0.00    0.50    16  gmond
02:45:51        20920    0.50    1.00    0.00    1.50    17  top
02:45:51        20922    0.50    2.00    0.00    2.50    26  pidstat
02:45:51        20924    0.50    2.00    0.00    2.50    25  pidstat
02:45:51        20933  134.00    0.00    0.00  134.00    12  bt-mz.B.24
02:45:51        20934  123.50    0.00    0.00  123.50    16  bt-mz.B.24
02:45:51        20935  129.00    0.00    0.00  129.00    11  bt-mz.B.24
02:45:51        20936  117.00    0.00    0.00  117.00    29  bt-mz.B.24
02:45:51        20937  131.50    0.00    0.00  131.50    24  bt-mz.B.24
02:45:51        20938  105.50    0.00    0.00  105.50    22  bt-mz.B.24
02:45:51        20939  108.50    0.00    0.00  108.50     0  bt-mz.B.24
02:45:51        20940  116.00    0.50    0.00  116.50     5  bt-mz.B.24
02:45:51        20941  109.00    0.00    0.00  109.00    21  bt-mz.B.24
02:45:51        20942  118.00    0.00    0.00  118.00    23  bt-mz.B.24
02:45:51        20944  114.50    0.00    0.00  114.50    19  bt-mz.B.24
02:45:51        20945  111.00    0.00    0.00  111.00    22  bt-mz.B.24
02:45:51        20947  116.00    0.00    0.00  116.00    17  bt-mz.B.24

02:45:51          PID    %usr %system  %guest    %CPU   CPU  Command
02:45:53         4128    0.00    0.50    0.00    0.50    16  gmond
02:45:53        20920    0.50    0.50    0.00    1.00    17  top
02:45:53        20922    1.00    1.50    0.00    2.50    26  pidstat
02:45:53        20924    1.00    2.50    0.00    3.50    25  pidstat
02:45:53        20933  128.50    0.50    0.00  129.00    28  bt-mz.B.24
02:45:53        20934  119.00    0.00    0.00  119.00     3  bt-mz.B.24
02:45:53        20935  133.00    0.00    0.00  133.00    11  bt-mz.B.24
02:45:53        20936  124.50    0.00    0.00  124.50    10  bt-mz.B.24
02:45:53        20937  121.50    0.00    0.00  121.50    31  bt-mz.B.24
02:45:53        20938  118.50    0.00    0.00  118.50    21  bt-mz.B.24
02:45:53        20939  117.50    0.00    0.00  117.50     2  bt-mz.B.24
02:45:53        20940  118.50    0.00    0.00  118.50    19  bt-mz.B.24
02:45:53        20941  113.50    0.00    0.00  113.50     0  bt-mz.B.24
02:45:53        20942  115.00    0.00    0.00  115.00     5  bt-mz.B.24
02:45:53        20944  117.00    0.00    0.00  117.00    12  bt-mz.B.24
02:45:53        20945  115.00    0.00    0.00  115.00     6  bt-mz.B.24
02:45:53        20947  119.00    0.00    0.00  119.00    16  bt-mz.B.24

02:45:53          PID    %usr %system  %guest    %CPU   CPU  Command
02:45:55         3180    0.00    0.50    0.00    0.50     0  kipmi0
02:45:55        20920    0.50    0.50    0.00    1.00    17  top
02:45:55        20922    0.50    1.50    0.00    2.00    26  pidstat
02:45:55        20924    0.50    2.00    0.00    2.50    25  pidstat
02:45:55        20933  123.00    0.00    0.00  123.00    10  bt-mz.B.24
02:45:55        20934  120.00    0.00    0.00  120.00     5  bt-mz.B.24
02:45:55        20935  119.00    0.00    0.00  119.00    11  bt-mz.B.24
02:45:55        20936  120.50    0.00    0.00  120.50    31  bt-mz.B.24
02:45:55        20937  124.00    0.00    0.00  124.00    15  bt-mz.B.24
02:45:55        20938  115.50    0.00    0.00  115.50     0  bt-mz.B.24
02:45:55        20939  120.00    0.00    0.00  120.00     7  bt-mz.B.24
02:45:55        20940  108.00    0.00    0.00  108.00     3  bt-mz.B.24
02:45:55        20941  110.50    0.00    0.00  110.50    16  bt-mz.B.24
02:45:55        20942  112.00    0.00    0.00  112.00    19  bt-mz.B.24
02:45:55        20944  108.50    0.00    0.00  108.50    28  bt-mz.B.24
02:45:55        20945  127.00    0.00    0.00  127.00    22  bt-mz.B.24
02:45:55        20947  112.00    0.00    0.00  112.00    23  bt-mz.B.24

02:45:55          PID    %usr %system  %guest    %CPU   CPU  Command
02:45:57         3135    0.00    0.50    0.00    0.50     2  kondemand/2
02:45:57         4128    0.00    0.50    0.00    0.50    16  gmond
02:45:57        20920    0.50    1.00    0.00    1.50    17  top
02:45:57        20922    1.00    2.00    0.00    3.00    26  pidstat
02:45:57        20924    1.00    1.50    0.00    2.50    25  pidstat
02:45:57        20933  131.50    0.00    0.00  131.50    31  bt-mz.B.24
02:45:57        20934  132.00    0.00    0.00  132.00     4  bt-mz.B.24
02:45:57        20935  123.50    0.00    0.00  123.50    11  bt-mz.B.24
02:45:57        20936  116.50    0.00    0.00  116.50    12  bt-mz.B.24
02:45:57        20937  129.50    0.00    0.00  129.50    13  bt-mz.B.24
02:45:57        20938  121.00    0.00    0.00  121.00     6  bt-mz.B.24
02:45:57        20939  115.50    0.00    0.00  115.50    20  bt-mz.B.24
02:45:57        20940  117.50    0.00    0.00  117.50    19  bt-mz.B.24
02:45:57        20941  124.00    0.00    0.00  124.00    18  bt-mz.B.24
02:45:57        20942  120.00    0.00    0.00  120.00     2  bt-mz.B.24
02:45:57        20944  120.00    0.00    0.00  120.00     9  bt-mz.B.24
02:45:57        20945  117.50    0.00    0.00  117.50    22  bt-mz.B.24
02:45:57        20947  119.50    0.00    0.00  119.50    18  bt-mz.B.24

02:45:57          PID    %usr %system  %guest    %CPU   CPU  Command
02:45:59         3140    0.00    0.50    0.00    0.50     7  kondemand/7
02:45:59         3143    0.00    0.50    0.00    0.50    10  kondemand/10
02:45:59         3152    0.00    0.50    0.00    0.50    19  kondemand/19
02:45:59        20920    0.50    0.50    0.00    1.00    22  top
02:45:59        20922    0.50    1.00    0.00    1.50    10  pidstat
02:45:59        20924    0.50    1.50    0.00    2.00    25  pidstat
02:45:59        20925    0.00    0.50    0.00    0.50    20  mpstat
02:45:59        20933  129.50    0.00    0.00  129.50    15  bt-mz.B.24
02:45:59        20934  127.50    0.00    0.00  127.50    16  bt-mz.B.24
02:45:59        20935  121.00    0.00    0.00  121.00    28  bt-mz.B.24
02:45:59        20936  118.00    0.00    0.00  118.00    12  bt-mz.B.24
02:45:59        20937  124.00    0.00    0.00  124.00    29  bt-mz.B.24
02:45:59        20938  119.50    0.00    0.00  119.50     5  bt-mz.B.24
02:45:59        20939  118.00    0.00    0.00  118.00     3  bt-mz.B.24
02:45:59        20940  117.00    0.00    0.00  117.00    19  bt-mz.B.24
02:45:59        20941  120.00    0.00    0.00  120.00    17  bt-mz.B.24
02:45:59        20942  114.00    0.00    0.00  114.00     4  bt-mz.B.24
02:45:59        20944  117.00    0.00    0.00  117.00    27  bt-mz.B.24
02:45:59        20945  120.50    0.00    0.00  120.50     6  bt-mz.B.24
02:45:59        20947  127.00    0.50    0.00  127.50    22  bt-mz.B.24

02:45:59          PID    %usr %system  %guest    %CPU   CPU  Command
02:46:01         3159    0.00    0.50    0.00    0.50    26  kondemand/26
02:46:01         3180    0.00    0.50    0.00    0.50     0  kipmi0
02:46:01         4128    0.50    0.50    0.00    1.00    16  gmond
02:46:01        20920    1.00    1.00    0.00    2.00     6  top
02:46:01        20922    0.50    2.00    0.00    2.50    10  pidstat
02:46:01        20924    0.50    1.50    0.00    2.00    25  pidstat
02:46:01        20933  132.50    0.00    0.00  132.50    24  bt-mz.B.24
02:46:01        20934  126.50    0.00    0.00  126.50    19  bt-mz.B.24
02:46:01        20935  124.50    0.00    0.00  124.50    13  bt-mz.B.24
02:46:01        20936  117.00    0.00    0.00  117.00    25  bt-mz.B.24
02:46:01        20937  118.00    0.00    0.00  118.00    29  bt-mz.B.24
02:46:01        20938  115.50    0.00    0.00  115.50    18  bt-mz.B.24
02:46:01        20939  115.00    0.00    0.00  115.00     1  bt-mz.B.24
02:46:01        20940  120.50    0.00    0.00  120.50     3  bt-mz.B.24
02:46:01        20941  125.50    0.00    0.00  125.50     1  bt-mz.B.24
02:46:01        20942  121.00    0.00    0.00  121.00     0  bt-mz.B.24
02:46:01        20944  125.50    0.50    0.00  126.00    11  bt-mz.B.24
02:46:01        20945  123.50    0.00    0.00  123.50    22  bt-mz.B.24
02:46:01        20947  106.00    0.00    0.00  106.00    17  bt-mz.B.24

02:46:01          PID    %usr %system  %guest    %CPU   CPU  Command
02:46:03          160    0.00    0.50    0.00    0.50    29  events/29
02:46:03          162    0.00    0.50    0.00    0.50    31  events/31
02:46:03         3141    0.00    0.50    0.00    0.50     8  kondemand/8
02:46:03         3808    0.50    0.00    0.00    0.50    24  crond
02:46:03        20920    0.50    0.50    0.00    1.00     6  top
02:46:03        20922    1.00    1.50    0.00    2.50    26  pidstat
02:46:03        20924    1.00    2.00    0.00    3.00    25  pidstat
02:46:03        20933  138.50    0.00    0.00  138.50    30  bt-mz.B.24
02:46:03        20934  116.00    0.00    0.00  116.00    17  bt-mz.B.24
02:46:03        20935  120.50    0.00    0.00  120.50     8  bt-mz.B.24
02:46:03        20936  115.00    0.00    0.00  115.00    27  bt-mz.B.24
02:46:03        20937  117.00    0.00    0.00  117.00    11  bt-mz.B.24
02:46:03        20938  120.50    0.00    0.00  120.50    21  bt-mz.B.24
02:46:03        20939  125.50    0.00    0.00  125.50    20  bt-mz.B.24
02:46:03        20940  106.00    0.00    0.00  106.00     5  bt-mz.B.24
02:46:03        20941  119.50    0.00    0.00  119.50    19  bt-mz.B.24
02:46:03        20942  125.50    0.50    0.00  126.00     4  bt-mz.B.24
02:46:03        20944  119.00    0.00    0.00  119.00     9  bt-mz.B.24
02:46:03        20945  125.00    0.00    0.00  125.00     6  bt-mz.B.24
02:46:03        20947  109.00    0.00    0.00  109.00    16  bt-mz.B.24

02:46:03          PID    %usr %system  %guest    %CPU   CPU  Command
02:46:05         3161    0.00    0.50    0.00    0.50    28  kondemand/28
02:46:05        20920    0.50    0.00    0.00    0.50     6  top
02:46:05        20922    0.50    2.00    0.00    2.50    26  pidstat
02:46:05        20924    0.50    2.50    0.00    3.00    25  pidstat
02:46:05        20926    0.50    0.00    0.00    0.50    27  iostat
02:46:05        20933  140.00    0.00    0.00  140.00    10  bt-mz.B.24
02:46:05        20934  125.50    0.00    0.00  125.50     4  bt-mz.B.24
02:46:05        20935  129.50    0.00    0.00  129.50    12  bt-mz.B.24
02:46:05        20936  117.00    0.00    0.00  117.00    24  bt-mz.B.24
02:46:05        20937  112.50    0.00    0.00  112.50    11  bt-mz.B.24
02:46:05        20938  113.00    0.00    0.00  113.00     1  bt-mz.B.24
02:46:05        20939  121.50    0.50    0.00  122.00    21  bt-mz.B.24
02:46:05        20940  117.50    0.00    0.00  117.50     4  bt-mz.B.24
02:46:05        20941  118.50    0.00    0.00  118.50     3  bt-mz.B.24
02:46:05        20942  115.50    0.00    0.00  115.50    18  bt-mz.B.24
02:46:05        20944  116.00    0.00    0.00  116.00    13  bt-mz.B.24
02:46:05        20945  115.00    0.00    0.00  115.00     0  bt-mz.B.24
02:46:05        20947  119.00    0.00    0.00  119.00     2  bt-mz.B.24

02:46:05          PID    %usr %system  %guest    %CPU   CPU  Command
02:46:07         3136    0.00    0.50    0.00    0.50     3  kondemand/3
02:46:07         3151    0.00    0.50    0.00    0.50    18  kondemand/18
02:46:07         3157    0.00    0.50    0.00    0.50    24  kondemand/24
02:46:07         3162    0.00    0.50    0.00    0.50    29  kondemand/29
02:46:07         3180    0.00    0.50    0.00    0.50     0  kipmi0
02:46:07         4128    0.00    0.50    0.00    0.50    16  gmond
02:46:07        20920    0.50    1.00    0.00    1.50     6  top
02:46:07        20922    0.00    2.00    0.00    2.00    26  pidstat
02:46:07        20924    1.00    2.00    0.00    3.00    25  pidstat
02:46:07        20926    0.00    0.50    0.00    0.50    11  iostat
02:46:07        20933  134.50    0.00    0.00  134.50    10  bt-mz.B.24
02:46:07        20934  121.50    0.00    0.00  121.50     4  bt-mz.B.24
02:46:07        20935  124.50    0.00    0.00  124.50    15  bt-mz.B.24
02:46:07        20936  129.50    0.00    0.00  129.50    24  bt-mz.B.24
02:46:07        20937  118.00    0.00    0.00  118.00    27  bt-mz.B.24
02:46:07        20938  120.00    0.00    0.00  120.00     3  bt-mz.B.24
02:46:07        20939  131.00    0.00    0.00  131.00    21  bt-mz.B.24
02:46:07        20940  123.50    0.00    0.00  123.50    20  bt-mz.B.24
02:46:07        20941  121.00    0.00    0.00  121.00     2  bt-mz.B.24
02:46:07        20942  124.00    0.00    0.00  124.00     5  bt-mz.B.24
02:46:07        20944  118.00    0.00    0.00  118.00     8  bt-mz.B.24
02:46:07        20945  117.00    0.00    0.00  117.00    16  bt-mz.B.24
02:46:07        20947  115.00    0.00    0.00  115.00    22  bt-mz.B.24

02:46:07          PID    %usr %system  %guest    %CPU   CPU  Command
02:46:09         3154    0.00    0.50    0.00    0.50    21  kondemand/21
02:46:09        20920    1.00    0.50    0.00    1.50     6  top
02:46:09        20922    0.50    2.00    0.00    2.50    26  pidstat
02:46:09        20924    0.50    1.00    0.00    1.50     9  pidstat
02:46:09        20933  129.50    0.00    0.00  129.50    12  bt-mz.B.24
02:46:09        20934  125.50    0.00    0.00  125.50     2  bt-mz.B.24
02:46:09        20935  126.50    0.00    0.00  126.50    31  bt-mz.B.24
02:46:09        20936  109.50    0.00    0.00  109.50    25  bt-mz.B.24
02:46:09        20937  114.50    0.00    0.00  114.50    27  bt-mz.B.24
02:46:09        20938  106.00    0.00    0.00  106.00    23  bt-mz.B.24
02:46:09        20939  108.00    0.00    0.00  108.00    21  bt-mz.B.24
02:46:09        20940  110.00    0.00    0.00  110.00     4  bt-mz.B.24
02:46:09        20941  115.50    0.50    0.00  116.00    20  bt-mz.B.24
02:46:09        20942  117.50    0.00    0.00  117.50     1  bt-mz.B.24
02:46:09        20944  112.00    0.00    0.00  112.00    13  bt-mz.B.24
02:46:09        20945  124.00    0.00    0.00  124.00     0  bt-mz.B.24
02:46:09        20947  119.50    0.00    0.00  119.50    22  bt-mz.B.24

02:46:09          PID    %usr %system  %guest    %CPU   CPU  Command
02:46:11         3133    0.00    0.50    0.00    0.50     0  kondemand/0
02:46:11         3134    0.00    0.50    0.00    0.50     1  kondemand/1
02:46:11         3138    0.00    0.50    0.00    0.50     5  kondemand/5
02:46:11         3149    0.00    0.50    0.00    0.50    16  kondemand/16
02:46:11         3153    0.00    0.50    0.00    0.50    20  kondemand/20
02:46:11         3852    0.00    1.00    0.00    1.00    24  pbs_mom
02:46:11         4128    0.50    0.50    0.00    1.00    16  gmond
02:46:11        20920    0.50    0.50    0.00    1.00     6  top
02:46:11        20922    0.50    1.50    0.00    2.00    26  pidstat
02:46:11        20924    0.50    2.50    0.00    3.00    25  pidstat
02:46:11        20933  137.00    0.00    0.00  137.00     9  bt-mz.B.24
02:46:11        20934  118.00    0.00    0.00  118.00     2  bt-mz.B.24
02:46:11        20935  123.50    0.50    0.00  124.00    12  bt-mz.B.24
02:46:11        20936  115.50    0.00    0.00  115.50    11  bt-mz.B.24
02:46:11        20937  124.00    0.00    0.00  124.00     8  bt-mz.B.24
02:46:11        20938  122.00    0.00    0.00  122.00    23  bt-mz.B.24
02:46:11        20939  117.00    0.00    0.00  117.00    20  bt-mz.B.24
02:46:11        20940  119.50    0.00    0.00  119.50     1  bt-mz.B.24
02:46:11        20941  112.00    0.00    0.00  112.00     3  bt-mz.B.24
02:46:11        20942  120.00    0.00    0.00  120.00     5  bt-mz.B.24
02:46:11        20944  123.50    0.00    0.00  123.50    24  bt-mz.B.24
02:46:11        20945  126.50    0.00    0.00  126.50     6  bt-mz.B.24
02:46:11        20947  122.00    0.00    0.00  122.00     6  bt-mz.B.24

02:46:11          PID    %usr %system  %guest    %CPU   CPU  Command
02:46:13         3146    0.00    0.50    0.00    0.50    13  kondemand/13
02:46:13         3163    0.00    0.50    0.00    0.50    30  kondemand/30
02:46:13        20920    0.50    1.00    0.00    1.50     6  top
02:46:13        20922    0.50    1.50    0.00    2.00    26  pidstat
02:46:13        20924    1.00    1.50    0.00    2.50    25  pidstat
02:46:13        20933  131.50    0.00    0.00  131.50    13  bt-mz.B.24
02:46:13        20934  125.50    0.00    0.00  125.50    17  bt-mz.B.24
02:46:13        20935  117.00    0.00    0.00  117.00    10  bt-mz.B.24
02:46:13        20936  120.00    0.00    0.00  120.00    12  bt-mz.B.24
02:46:13        20937  120.00    0.00    0.00  120.00    31  bt-mz.B.24
02:46:13        20938  122.50    0.00    0.00  122.50     7  bt-mz.B.24
02:46:13        20939  123.00    0.00    0.00  123.00     6  bt-mz.B.24
02:46:13        20940  118.00    0.00    0.00  118.00    22  bt-mz.B.24
02:46:13        20941  122.00    0.00    0.00  122.00    19  bt-mz.B.24
02:46:13        20942  120.50    0.00    0.00  120.50     4  bt-mz.B.24
02:46:13        20944  112.50    0.00    0.00  112.50    31  bt-mz.B.24
02:46:13        20945  124.50    0.00    0.00  124.50     2  bt-mz.B.24
02:46:13        20947  115.50    0.00    0.00  115.50     5  bt-mz.B.24

02:46:13          PID    %usr %system  %guest    %CPU   CPU  Command
02:46:15         3142    0.00    0.50    0.00    0.50     9  kondemand/9
02:46:15         3144    0.00    0.50    0.00    0.50    11  kondemand/11
02:46:15         3145    0.00    0.50    0.00    0.50    12  kondemand/12
02:46:15         3148    0.00    0.50    0.00    0.50    15  kondemand/15
02:46:15         3164    0.00    0.50    0.00    0.50    31  kondemand/31
02:46:15         3852    0.50    0.00    0.00    0.50    24  pbs_mom
02:46:15         4128    0.00    0.50    0.00    0.50     0  gmond
02:46:15        20920    0.50    0.50    0.00    1.00     6  top
02:46:15        20922    0.50    2.00    0.00    2.50    26  pidstat
02:46:15        20924    0.50    2.00    0.00    2.50     9  pidstat
02:46:15        20933  133.00    0.00    0.00  133.00    13  bt-mz.B.24
02:46:15        20934  127.50    0.00    0.00  127.50    18  bt-mz.B.24
02:46:15        20935  125.00    0.00    0.00  125.00    10  bt-mz.B.24
02:46:15        20936  120.50    0.00    0.00  120.50    25  bt-mz.B.24
02:46:15        20937  117.50    0.00    0.00  117.50    24  bt-mz.B.24
02:46:15        20938  123.00    0.00    0.00  123.00     7  bt-mz.B.24
02:46:15        20939  111.00    0.00    0.00  111.00    21  bt-mz.B.24
02:46:15        20940  125.00    0.00    0.00  125.00     6  bt-mz.B.24
02:46:15        20941  119.00    0.00    0.00  119.00    23  bt-mz.B.24
02:46:15        20942  123.50    0.00    0.00  123.50    19  bt-mz.B.24
02:46:15        20944  117.50    0.50    0.00  118.00    29  bt-mz.B.24
02:46:15        20945  112.00    0.00    0.00  112.00     2  bt-mz.B.24
02:46:15        20947  124.50    0.00    0.00  124.50     4  bt-mz.B.24

02:46:15          PID    %usr %system  %guest    %CPU   CPU  Command
02:46:17         3139    0.00    0.50    0.00    0.50     6  kondemand/6
02:46:17         3147    0.00    0.50    0.00    0.50    14  kondemand/14
02:46:17         3180    0.00    0.50    0.00    0.50     0  kipmi0
02:46:17         4128    0.50    0.00    0.00    0.50     1  gmond
02:46:17        20920    1.00    0.50    0.00    1.50     6  top
02:46:17        20922    1.00    1.50    0.00    2.50    10  pidstat
02:46:17        20924    0.50    2.00    0.00    2.50     9  pidstat
02:46:17        20933  135.50    0.00    0.00  135.50    26  bt-mz.B.24
02:46:17        20934  134.00    0.00    0.00  134.00     5  bt-mz.B.24
02:46:17        20935  129.00    0.00    0.00  129.00    14  bt-mz.B.24
02:46:17        20936  127.50    0.00    0.00  127.50    15  bt-mz.B.24
02:46:17        20937  126.50    0.50    0.00  127.00    29  bt-mz.B.24
02:46:17        20938  126.50    0.00    0.00  126.50    18  bt-mz.B.24
02:46:17        20939  117.50    0.00    0.00  117.50     7  bt-mz.B.24
02:46:17        20940  127.00    0.00    0.00  127.00     6  bt-mz.B.24
02:46:17        20941  130.00    0.00    0.00  130.00    23  bt-mz.B.24
02:46:17        20942  128.00    0.00    0.00  128.00    17  bt-mz.B.24
02:46:17        20944  113.50    0.00    0.00  113.50    13  bt-mz.B.24
02:46:17        20945  124.50    0.00    0.00  124.50    20  bt-mz.B.24
02:46:17        20947  129.50    0.00    0.00  129.50    17  bt-mz.B.24
