Linux 2.6.32-279.14.1.el6.x86_64 (compute-641-14.local) 	04/21/20 	_x86_64_	(32 CPU)

02:46:17     CPU    %usr   %nice    %sys %iowait    %irq   %soft  %steal  %guest   %idle
02:46:19     all   69.05    0.00    4.68    0.00    0.00    0.06    0.00    0.00   26.21
02:46:21     all   90.45    0.00    0.17    0.00    0.00    0.00    0.00    0.00    9.38
02:46:23     all   88.32    0.00    0.17    0.00    0.00    0.00    0.00    0.00   11.50
02:46:25     all   89.12    0.00    0.17    0.00    0.00    0.00    0.00    0.00   10.71
02:46:27     all   90.38    0.00    0.16    0.00    0.00    0.00    0.00    0.00    9.47
02:46:29     all   90.62    0.00    0.17    0.02    0.00    0.00    0.00    0.00    9.19
02:46:31     all   89.59    0.00    0.14    0.00    0.00    0.00    0.00    0.00   10.27
02:46:33     all   87.47    0.00    0.20    0.00    0.00    0.00    0.00    0.00   12.33
02:46:35     all   92.45    0.00    0.17    0.00    0.00    0.00    0.00    0.00    7.38
02:46:37     all   87.97    0.00    0.16    0.00    0.00    0.00    0.00    0.00   11.88
02:46:39     all   89.89    0.00    0.22    0.00    0.00    0.00    0.00    0.00    9.89
02:46:41     all   90.84    0.00    0.17    0.00    0.00    0.00    0.00    0.00    8.99
02:46:43     all   89.08    0.00    0.17    0.00    0.00    0.00    0.00    0.00   10.75
02:46:45     all   88.68    0.00    0.19    0.00    0.00    0.00    0.00    0.00   11.13
02:46:47     all   92.12    0.00    0.19    0.00    0.00    0.00    0.00    0.00    7.69
02:46:49     all   91.73    0.00    0.19    0.00    0.00    0.00    0.00    0.00    8.08
02:46:51     all   91.06    0.00    0.20    0.00    0.00    0.00    0.00    0.00    8.74
02:46:53     all   88.65    0.00    0.22    0.00    0.00    0.00    0.00    0.00   11.13
02:46:55     all   87.39    0.00    0.17    0.00    0.00    0.02    0.00    0.00   12.42
02:46:57     all   90.34    0.00    0.19    0.00    0.00    0.00    0.00    0.00    9.47
02:46:59     all   90.49    0.00    0.17    0.00    0.00    0.00    0.00    0.00    9.34
02:47:01     all   91.09    0.00    0.14    0.00    0.00    0.00    0.00    0.00    8.77
02:47:03     all   88.65    0.00    0.20    0.00    0.00    0.00    0.00    0.00   11.14
02:47:05     all   91.83    0.00    0.16    0.00    0.00    0.00    0.00    0.00    8.01
02:47:07     all   91.38    0.00    0.17    0.00    0.00    0.00    0.00    0.00    8.45
02:47:09     all   89.33    0.00    0.17    0.00    0.00    0.00    0.00    0.00   10.50
02:47:11     all   90.38    0.00    0.16    0.00    0.00    0.00    0.00    0.00    9.46
02:47:13     all   90.43    0.00    0.19    0.00    0.00    0.00    0.00    0.00    9.38
02:47:15     all   88.67    0.00    0.17    0.00    0.00    0.00    0.00    0.00   11.16
02:47:17     all   87.86    0.00    0.17    0.00    0.00    0.00    0.00    0.00   11.97
02:47:19     all   90.95    0.00    0.17    0.00    0.00    0.00    0.00    0.00    8.88
02:47:21     all   91.23    0.00    0.20    0.00    0.00    0.00    0.00    0.00    8.56
02:47:23     all   93.00    0.00    0.19    0.00    0.00    0.00    0.00    0.00    6.81
02:47:25     all   91.78    0.00    0.17    0.00    0.00    0.00    0.00    0.00    8.05
02:47:27     all   90.67    0.00    0.17    0.00    0.00    0.00    0.00    0.00    9.16
02:47:29     all   93.03    0.00    0.20    0.00    0.00    0.00    0.00    0.00    6.77
02:47:31     all   89.95    0.00    0.13    0.00    0.00    0.00    0.00    0.00    9.92
02:47:33     all   91.28    0.00    0.17    0.00    0.00    0.00    0.00    0.00    8.55
02:47:35     all   90.11    0.00    0.14    0.00    0.00    0.00    0.00    0.00    9.75
02:47:37     all   91.64    0.00    0.17    0.02    0.00    0.00    0.00    0.00    8.17
02:47:39     all   89.36    0.00    0.16    0.00    0.00    0.00    0.00    0.00   10.49
