Linux 2.6.32-279.14.1.el6.x86_64 (compute-641-14.local) 	04/21/20 	_x86_64_	(32 CPU)

02:10:22     CPU    %usr   %nice    %sys %iowait    %irq   %soft  %steal  %guest   %idle
02:10:24     all   55.72    0.00   10.73    0.00    0.00    0.06    0.00    0.00   33.49
02:10:26     all   69.65    0.00   10.45    0.00    0.00    0.05    0.00    0.00   19.85
02:10:28     all   70.33    0.00   10.22    0.00    0.00    0.02    0.00    0.00   19.43
02:10:30     all   70.25    0.00   10.20    0.00    0.00    0.05    0.00    0.00   19.50
02:10:32     all   68.95    0.00   10.69    0.00    0.00    0.03    0.00    0.00   20.33
02:10:34     all   70.18    0.00   10.16    0.00    0.00    0.03    0.00    0.00   19.63
02:10:36     all   69.50    0.00   10.57    0.02    0.00    0.03    0.00    0.00   19.89
02:10:38     all   69.79    0.00   10.42    0.00    0.00    0.05    0.00    0.00   19.74
02:10:40     all   70.45    0.00   10.10    0.00    0.00    0.02    0.00    0.00   19.43
02:10:42     all   70.59    0.00    9.94    0.00    0.00    0.05    0.00    0.00   19.42
02:10:44     all   70.33    0.00   10.15    0.00    0.00    0.03    0.00    0.00   19.49
02:10:46     all   69.90    0.00   10.33    0.00    0.00    0.05    0.00    0.00   19.72
02:10:48     all   69.74    0.00   10.55    0.00    0.00    0.03    0.00    0.00   19.68
02:10:50     all   70.01    0.00   10.22    0.00    0.00    0.05    0.00    0.00   19.72
02:10:52     all   70.17    0.00   10.17    0.00    0.00    0.03    0.00    0.00   19.62
02:10:54     all   70.83    0.00   10.02    0.02    0.00    0.05    0.00    0.00   19.09
02:10:56     all   70.79    0.00    9.95    0.00    0.00    0.06    0.00    0.00   19.19
02:10:58     all   68.26    0.00   10.91    0.00    0.00    0.03    0.00    0.00   20.80
02:11:00     all   70.40    0.00   10.28    0.00    0.00    0.03    0.00    0.00   19.28
02:11:02     all   69.90    0.00   10.46    0.00    0.00    0.05    0.00    0.00   19.59
02:11:04     all   70.09    0.00   10.33    0.00    0.00    0.05    0.00    0.00   19.53
02:11:06     all   71.31    0.00    9.75    0.00    0.00    0.03    0.00    0.00   18.91
