Linux 2.6.32-279.14.1.el6.x86_64 (compute-662-5.local) 	04/21/20 	_x86_64_	(48 CPU)

02:08:25          PID    %usr %system  %guest    %CPU   CPU  Command
02:08:27          195    0.00    0.49    0.00    0.49     0  events/0
02:08:27         4122    0.00    0.49    0.00    0.49    11  kondemand/11
02:08:27         4174    0.00    0.97    0.00    0.97    24  kipmi0
02:08:27        23393    0.49    1.46    0.00    1.94    39  gmond
02:08:27        29727    5.34    1.46    0.00    6.80    24  mpirun
02:08:27        29733    0.97    0.49    0.00    1.46    15  top
02:08:27        29735    0.97    2.91    0.00    3.88    40  pidstat
02:08:27        29737    0.97    2.91    0.00    3.88    28  pidstat
02:08:27        29748   21.84    7.28    0.00   29.13     0  bt-mz.B.24
02:08:27        29749   20.39    5.83    0.00   26.21    36  bt-mz.B.24
02:08:27        29750   21.36    6.31    0.00   27.67    25  bt-mz.B.24
02:08:27        29751   19.90    5.83    0.00   25.73    37  bt-mz.B.24
02:08:27        29752   19.90    5.34    0.00   25.24     2  bt-mz.B.24
02:08:27        29753   20.39    7.28    0.00   27.67    14  bt-mz.B.24
02:08:27        29754   20.87    6.31    0.00   27.18    27  bt-mz.B.24
02:08:27        29755   20.39    7.28    0.00   27.67    39  bt-mz.B.24
02:08:27        29756   16.99    6.31    0.00   23.30     4  bt-mz.B.24
02:08:27        29757   16.99    6.31    0.00   23.30    16  bt-mz.B.24
02:08:27        29760   20.39    6.80    0.00   27.18    29  bt-mz.B.24
02:08:27        29762   18.93    5.83    0.00   24.76    17  bt-mz.B.24
02:08:27        29763   20.39    4.85    0.00   25.24    30  bt-mz.B.24
02:08:27        29765   19.42    5.83    0.00   25.24    42  bt-mz.B.24

02:08:27          PID    %usr %system  %guest    %CPU   CPU  Command
02:08:29          501    0.00    0.50    0.00    0.50    41  khugepaged
02:08:29         4113    0.00    0.50    0.00    0.50     2  kondemand/2
02:08:29         4123    0.00    0.50    0.00    0.50    12  kondemand/12
02:08:29         4141    0.00    0.50    0.00    0.50    30  kondemand/30
02:08:29         4888    0.00    0.50    0.00    0.50     3  pbs_mom
02:08:29        29733    0.50    1.00    0.00    1.50    15  top
02:08:29        29735    2.00    2.50    0.00    4.50    40  pidstat
02:08:29        29737    1.50    3.50    0.00    5.00    28  pidstat
02:08:29        29748  196.50    0.00    0.00  196.50     0  bt-mz.B.24
02:08:29        29749  179.50    0.00    0.00  179.50    36  bt-mz.B.24
02:08:29        29750  178.00    0.00    0.00  178.00    25  bt-mz.B.24
02:08:29        29751  171.50    0.00    0.00  171.50    37  bt-mz.B.24
02:08:29        29752  170.50    0.50    0.00  171.00     2  bt-mz.B.24
02:08:29        29753  171.50    0.00    0.00  171.50    14  bt-mz.B.24
02:08:29        29754  170.00    0.00    0.00  170.00    27  bt-mz.B.24
02:08:29        29755  169.00    0.00    0.00  169.00    39  bt-mz.B.24
02:08:29        29756  167.50    0.00    0.00  167.50     4  bt-mz.B.24
02:08:29        29757  173.00    0.50    0.00  173.50    16  bt-mz.B.24
02:08:29        29760  171.00    0.00    0.00  171.00    29  bt-mz.B.24
02:08:29        29762  171.00    0.50    0.00  171.50    17  bt-mz.B.24
02:08:29        29763  170.50    0.00    0.00  170.50    30  bt-mz.B.24
02:08:29        29765  172.50    0.00    0.00  172.50    42  bt-mz.B.24

02:08:29          PID    %usr %system  %guest    %CPU   CPU  Command
02:08:31         4114    0.00    0.50    0.00    0.50     3  kondemand/3
02:08:31         4694    0.00    0.50    0.00    0.50    35  snmpd
02:08:31        23393    0.00    0.50    0.00    0.50    15  gmond
02:08:31        29733    1.50    1.00    0.00    2.50    15  top
02:08:31        29735    1.00    3.00    0.00    4.00    40  pidstat
02:08:31        29737    1.00    2.50    0.00    3.50    28  pidstat
02:08:31        29748  196.50    0.00    0.00  196.50     0  bt-mz.B.24
02:08:31        29749  179.00    0.00    0.00  179.00    36  bt-mz.B.24
02:08:31        29750  177.00    0.00    0.00  177.00    25  bt-mz.B.24
02:08:31        29751  170.00    0.00    0.00  170.00    37  bt-mz.B.24
02:08:31        29752  168.50    0.00    0.00  168.50     2  bt-mz.B.24
02:08:31        29753  169.50    0.00    0.00  169.50    14  bt-mz.B.24
02:08:31        29754  167.50    0.50    0.00  168.00    27  bt-mz.B.24
02:08:31        29755  166.00    0.00    0.00  166.00    39  bt-mz.B.24
02:08:31        29756  167.50    0.00    0.00  167.50     4  bt-mz.B.24
02:08:31        29757  172.50    0.00    0.00  172.50    16  bt-mz.B.24
02:08:31        29760  169.00    0.00    0.00  169.00    29  bt-mz.B.24
02:08:31        29762  168.50    0.00    0.00  168.50    17  bt-mz.B.24
02:08:31        29763  168.00    0.00    0.00  168.00    30  bt-mz.B.24
02:08:31        29765  170.50    0.00    0.00  170.50    42  bt-mz.B.24

02:08:31          PID    %usr %system  %guest    %CPU   CPU  Command
02:08:33         4111    0.00    0.50    0.00    0.50     0  kondemand/0
02:08:33         4128    0.00    0.50    0.00    0.50    17  kondemand/17
02:08:33         4130    0.00    0.50    0.00    0.50    19  kondemand/19
02:08:33         4136    0.00    0.50    0.00    0.50    25  kondemand/25
02:08:33         4155    0.00    0.50    0.00    0.50    44  kondemand/44
02:08:33         4158    0.00    0.50    0.00    0.50    47  kondemand/47
02:08:33        23393    0.50    0.00    0.00    0.50    15  gmond
02:08:33        29733    0.50    1.00    0.00    1.50    15  top
02:08:33        29735    1.00    2.50    0.00    3.50    40  pidstat
02:08:33        29737    1.00    3.00    0.00    4.00    28  pidstat
02:08:33        29748  196.00    0.00    0.00  196.00     0  bt-mz.B.24
02:08:33        29749  178.50    0.00    0.00  178.50    36  bt-mz.B.24
02:08:33        29750  177.00    0.00    0.00  177.00    25  bt-mz.B.24
02:08:33        29751  171.00    0.00    0.00  171.00    37  bt-mz.B.24
02:08:33        29752  169.50    0.00    0.00  169.50     2  bt-mz.B.24
02:08:33        29753  170.50    0.00    0.00  170.50    14  bt-mz.B.24
02:08:33        29754  169.00    0.00    0.00  169.00    27  bt-mz.B.24
02:08:33        29755  167.00    0.00    0.00  167.00    15  bt-mz.B.24
02:08:33        29756  164.50    0.00    0.00  164.50     4  bt-mz.B.24
02:08:33        29757  169.00    0.00    0.00  169.00    16  bt-mz.B.24
02:08:33        29760  169.50    0.00    0.00  169.50    29  bt-mz.B.24
02:08:33        29762  170.00    0.00    0.00  170.00    17  bt-mz.B.24
02:08:33        29763  169.50    0.00    0.00  169.50    30  bt-mz.B.24
02:08:33        29765  171.50    0.00    0.00  171.50    42  bt-mz.B.24

02:08:33          PID    %usr %system  %guest    %CPU   CPU  Command
02:08:35         4131    0.00    0.50    0.00    0.50    20  kondemand/20
02:08:35         4143    0.00    0.50    0.00    0.50    32  kondemand/32
02:08:35         4144    0.00    0.50    0.00    0.50    33  kondemand/33
02:08:35         4189    0.50    0.00    0.00    0.50    24  irqbalance
02:08:35        29733    1.00    1.00    0.00    2.00    39  top
02:08:35        29735    1.00    3.50    0.00    4.50    40  pidstat
02:08:35        29737    2.00    3.00    0.00    5.00    28  pidstat
02:08:35        29748  201.50    0.00    0.00  201.50     0  bt-mz.B.24
02:08:35        29749  183.50    0.00    0.00  183.50    36  bt-mz.B.24
02:08:35        29750  182.00    0.00    0.00  182.00    25  bt-mz.B.24
02:08:35        29751  175.00    0.00    0.00  175.00    37  bt-mz.B.24
02:08:35        29752  174.00    0.00    0.00  174.00     2  bt-mz.B.24
02:08:35        29753  174.50    0.00    0.00  174.50    14  bt-mz.B.24
02:08:35        29754  173.00    0.00    0.00  173.00    27  bt-mz.B.24
02:08:35        29755  172.00    0.00    0.00  172.00    15  bt-mz.B.24
02:08:35        29756  172.00    0.00    0.00  172.00    28  bt-mz.B.24
02:08:35        29757  178.50    0.00    0.00  178.50    16  bt-mz.B.24
02:08:35        29760  174.00    0.00    0.00  174.00    29  bt-mz.B.24
02:08:35        29762  174.00    0.00    0.00  174.00    17  bt-mz.B.24
02:08:35        29763  173.50    0.00    0.00  173.50    30  bt-mz.B.24
02:08:35        29765  175.50    0.00    0.00  175.50    42  bt-mz.B.24

02:08:35          PID    %usr %system  %guest    %CPU   CPU  Command
02:08:37         4146    0.00    0.50    0.00    0.50    35  kondemand/35
02:08:37        23393    0.50    0.50    0.00    1.00    39  gmond
02:08:37        29733    1.00    1.50    0.00    2.50    15  top
02:08:37        29735    1.00    3.00    0.00    4.00    40  pidstat
02:08:37        29737    1.00    3.00    0.00    4.00     4  pidstat
02:08:37        29739    0.00    0.50    0.00    0.50    41  iostat
02:08:37        29748  193.00    0.00    0.00  193.00     0  bt-mz.B.24
02:08:37        29749  176.00    0.00    0.00  176.00    36  bt-mz.B.24
02:08:37        29750  175.00    0.00    0.00  175.00    25  bt-mz.B.24
02:08:37        29751  168.50    0.50    0.00  169.00    37  bt-mz.B.24
02:08:37        29752  167.00    0.50    0.00  167.50     2  bt-mz.B.24
02:08:37        29753  168.00    0.00    0.00  168.00    14  bt-mz.B.24
02:08:37        29754  166.50    0.00    0.00  166.50    27  bt-mz.B.24
02:08:37        29755  164.50    0.00    0.00  164.50    39  bt-mz.B.24
02:08:37        29756  164.00    0.00    0.00  164.00    28  bt-mz.B.24
02:08:37        29757  168.50    0.00    0.00  168.50    16  bt-mz.B.24
02:08:37        29760  167.50    0.00    0.00  167.50    29  bt-mz.B.24
02:08:37        29762  167.50    0.00    0.00  167.50    17  bt-mz.B.24
02:08:37        29763  166.50    0.00    0.00  166.50    30  bt-mz.B.24
02:08:37        29765  169.00    0.00    0.00  169.00    42  bt-mz.B.24

02:08:37          PID    %usr %system  %guest    %CPU   CPU  Command
02:08:39          237    0.00    0.50    0.00    0.50    42  events/42
02:08:39          241    0.00    0.50    0.00    0.50    46  events/46
02:08:39         4117    0.00    0.50    0.00    0.50     6  kondemand/6
02:08:39         4119    0.00    0.50    0.00    0.50     8  kondemand/8
02:08:39         4145    0.00    0.50    0.00    0.50    34  kondemand/34
02:08:39         4153    0.00    0.50    0.00    0.50    42  kondemand/42
02:08:39         4156    0.00    0.50    0.00    0.50    45  kondemand/45
02:08:39        29733    0.50    1.00    0.00    1.50    39  top
02:08:39        29735    0.50    3.00    0.00    3.50    40  pidstat
02:08:39        29737    1.00    3.00    0.00    4.00     4  pidstat
02:08:39        29748  195.50    0.00    0.00  195.50     0  bt-mz.B.24
02:08:39        29749  179.00    0.00    0.00  179.00    36  bt-mz.B.24
02:08:39        29750  177.00    0.00    0.00  177.00    25  bt-mz.B.24
02:08:39        29751  171.00    0.00    0.00  171.00    37  bt-mz.B.24
02:08:39        29752  170.00    0.00    0.00  170.00     2  bt-mz.B.24
02:08:39        29753  171.00    0.00    0.00  171.00    14  bt-mz.B.24
02:08:39        29754  169.00    0.00    0.00  169.00    27  bt-mz.B.24
02:08:39        29755  167.50    0.00    0.00  167.50    39  bt-mz.B.24
02:08:39        29756  165.50    0.00    0.00  165.50    28  bt-mz.B.24
02:08:39        29757  170.50    0.00    0.00  170.50    16  bt-mz.B.24
02:08:39        29760  170.00    0.00    0.00  170.00    29  bt-mz.B.24
02:08:39        29762  170.50    0.00    0.00  170.50    17  bt-mz.B.24
02:08:39        29763  170.00    0.00    0.00  170.00    30  bt-mz.B.24
02:08:39        29765  172.00    0.00    0.00  172.00    42  bt-mz.B.24

02:08:39          PID    %usr %system  %guest    %CPU   CPU  Command
02:08:41         4116    0.00    0.50    0.00    0.50     5  kondemand/5
02:08:41         4126    0.00    0.50    0.00    0.50    15  kondemand/15
02:08:41         4127    0.00    0.50    0.00    0.50    16  kondemand/16
02:08:41         4138    0.00    0.50    0.00    0.50    27  kondemand/27
02:08:41        23393    0.00    0.50    0.00    0.50    15  gmond
02:08:41        29733    1.00    1.00    0.00    2.00    15  top
02:08:41        29735    1.00    3.50    0.00    4.50    16  pidstat
02:08:41        29737    1.50    3.50    0.00    5.00     4  pidstat
02:08:41        29748  198.00    0.00    0.00  198.00     0  bt-mz.B.24
02:08:41        29749  180.50    0.00    0.00  180.50    36  bt-mz.B.24
02:08:41        29750  179.00    0.00    0.00  179.00    25  bt-mz.B.24
02:08:41        29751  172.00    0.00    0.00  172.00    37  bt-mz.B.24
02:08:41        29752  170.00    0.00    0.00  170.00     2  bt-mz.B.24
02:08:41        29753  171.00    0.00    0.00  171.00    14  bt-mz.B.24
02:08:41        29754  169.50    0.00    0.00  169.50    27  bt-mz.B.24
02:08:41        29755  169.00    0.00    0.00  169.00    39  bt-mz.B.24
02:08:41        29756  170.00    0.00    0.00  170.00    28  bt-mz.B.24
02:08:41        29757  174.00    0.00    0.00  174.00    40  bt-mz.B.24
02:08:41        29760  170.50    0.00    0.00  170.50    29  bt-mz.B.24
02:08:41        29762  170.00    0.00    0.00  170.00    17  bt-mz.B.24
02:08:41        29763  169.50    0.00    0.00  169.50    30  bt-mz.B.24
02:08:41        29765  172.00    0.00    0.00  172.00    42  bt-mz.B.24

02:08:41          PID    %usr %system  %guest    %CPU   CPU  Command
02:08:43         4112    0.00    0.50    0.00    0.50     1  kondemand/1
02:08:43         4120    0.00    0.50    0.00    0.50     9  kondemand/9
02:08:43         4133    0.00    0.50    0.00    0.50    22  kondemand/22
02:08:43         4135    0.00    0.50    0.00    0.50    24  kondemand/24
02:08:43         4142    0.00    0.50    0.00    0.50    31  kondemand/31
02:08:43         4157    0.00    0.50    0.00    0.50    46  kondemand/46
02:08:43        23393    0.50    0.00    0.00    0.50    15  gmond
02:08:43        29733    1.50    1.00    0.00    2.50    15  top
02:08:43        29735    1.50    2.50    0.00    4.00    16  pidstat
02:08:43        29737    1.00    2.50    0.00    3.50     4  pidstat
02:08:43        29748  195.50    0.00    0.00  195.50     0  bt-mz.B.24
02:08:43        29749  178.00    0.00    0.00  178.00    36  bt-mz.B.24
02:08:43        29750  176.50    0.00    0.00  176.50    25  bt-mz.B.24
02:08:43        29751  170.00    0.00    0.00  170.00    37  bt-mz.B.24
02:08:43        29752  169.00    0.50    0.00  169.50     2  bt-mz.B.24
02:08:43        29753  170.00    0.00    0.00  170.00    14  bt-mz.B.24
02:08:43        29754  168.50    0.00    0.00  168.50    27  bt-mz.B.24
02:08:43        29755  166.50    0.00    0.00  166.50    39  bt-mz.B.24
02:08:43        29756  164.00    0.00    0.00  164.00    28  bt-mz.B.24
02:08:43        29757  168.00    0.00    0.00  168.00    40  bt-mz.B.24
02:08:43        29760  169.00    0.00    0.00  169.00    29  bt-mz.B.24
02:08:43        29762  169.50    0.00    0.00  169.50    17  bt-mz.B.24
02:08:43        29763  169.00    0.00    0.00  169.00    30  bt-mz.B.24
02:08:43        29765  170.50    0.00    0.00  170.50    42  bt-mz.B.24

02:08:43          PID    %usr %system  %guest    %CPU   CPU  Command
02:08:45          222    0.00    0.50    0.00    0.50    27  events/27
02:08:45         4189    0.00    0.50    0.00    0.50    24  irqbalance
02:08:45         4694    0.00    0.50    0.00    0.50    35  snmpd
02:08:45        29733    0.50    1.50    0.00    2.00    39  top
02:08:45        29735    1.00    3.00    0.00    4.00    16  pidstat
02:08:45        29737    1.00    2.50    0.00    3.50    28  pidstat
02:08:45        29748  196.00    0.00    0.00  196.00     0  bt-mz.B.24
02:08:45        29749  180.00    0.00    0.00  180.00    36  bt-mz.B.24
02:08:45        29750  179.00    0.00    0.00  179.00    25  bt-mz.B.24
02:08:45        29751  171.50    0.00    0.00  171.50    37  bt-mz.B.24
02:08:45        29752  170.00    0.00    0.00  170.00     2  bt-mz.B.24
02:08:45        29753  171.00    0.00    0.00  171.00    14  bt-mz.B.24
02:08:45        29754  169.50    0.00    0.00  169.50    27  bt-mz.B.24
02:08:45        29755  167.50    0.00    0.00  167.50    15  bt-mz.B.24
02:08:45        29756  169.00    0.00    0.00  169.00     4  bt-mz.B.24
02:08:45        29757  172.50    0.00    0.00  172.50    40  bt-mz.B.24
02:08:45        29760  170.50    0.00    0.00  170.50    29  bt-mz.B.24
02:08:45        29762  170.50    0.00    0.00  170.50    17  bt-mz.B.24
02:08:45        29763  170.00    0.00    0.00  170.00    30  bt-mz.B.24
02:08:45        29765  172.00    0.00    0.00  172.00    42  bt-mz.B.24

02:08:45          PID    %usr %system  %guest    %CPU   CPU  Command
02:08:47         4124    0.00    0.50    0.00    0.50    13  kondemand/13
02:08:47         4134    0.00    0.50    0.00    0.50    23  kondemand/23
02:08:47         4137    0.00    0.50    0.00    0.50    26  kondemand/26
02:08:47         4147    0.00    0.50    0.00    0.50    36  kondemand/36
02:08:47         4148    0.00    0.50    0.00    0.50    37  kondemand/37
02:08:47         4149    0.00    0.50    0.00    0.50    38  kondemand/38
02:08:47         4150    0.00    0.50    0.00    0.50    39  kondemand/39
02:08:47         4151    0.00    0.50    0.00    0.50    40  kondemand/40
02:08:47        23393    0.00    0.50    0.00    0.50    15  gmond
02:08:47        29733    1.00    1.00    0.00    2.00    39  top
02:08:47        29735    1.00    3.50    0.00    4.50    16  pidstat
02:08:47        29737    1.00    3.50    0.00    4.50     4  pidstat
02:08:47        29748  198.00    0.00    0.00  198.00     0  bt-mz.B.24
02:08:47        29749  179.50    0.00    0.00  179.50    36  bt-mz.B.24
02:08:47        29750  177.50    0.00    0.00  177.50    25  bt-mz.B.24
02:08:47        29751  171.50    0.00    0.00  171.50    37  bt-mz.B.24
02:08:47        29752  170.00    0.50    0.00  170.50     2  bt-mz.B.24
02:08:47        29753  171.00    0.00    0.00  171.00    14  bt-mz.B.24
02:08:47        29754  169.50    0.00    0.00  169.50    27  bt-mz.B.24
02:08:47        29755  168.00    0.00    0.00  168.00    39  bt-mz.B.24
02:08:47        29756  166.50    0.50    0.00  167.00    28  bt-mz.B.24
02:08:47        29757  172.00    0.00    0.00  172.00    40  bt-mz.B.24
02:08:47        29760  170.50    0.00    0.00  170.50    29  bt-mz.B.24
02:08:47        29762  170.50    0.00    0.00  170.50    17  bt-mz.B.24
02:08:47        29763  169.50    0.50    0.00  170.00    30  bt-mz.B.24
02:08:47        29765  172.00    0.00    0.00  172.00    42  bt-mz.B.24

02:08:47          PID    %usr %system  %guest    %CPU   CPU  Command
02:08:49           21    0.00    0.50    0.00    0.50     4  ksoftirqd/4
02:08:49         4115    0.00    0.50    0.00    0.50     4  kondemand/4
02:08:49         4132    0.00    0.50    0.00    0.50    21  kondemand/21
02:08:49         4140    0.00    0.50    0.00    0.50    29  kondemand/29
02:08:49         4154    0.00    0.50    0.00    0.50    43  kondemand/43
02:08:49         4174    0.00    0.50    0.00    0.50    24  kipmi0
02:08:49        23393    0.50    0.50    0.00    1.00    15  gmond
02:08:49        29733    1.00    1.00    0.00    2.00    39  top
02:08:49        29735    1.00    3.00    0.00    4.00    40  pidstat
02:08:49        29737    1.50    4.00    0.00    5.50     4  pidstat
02:08:49        29748  197.50    0.00    0.00  197.50     0  bt-mz.B.24
02:08:49        29749  181.00    0.00    0.00  181.00    36  bt-mz.B.24
02:08:49        29750  179.50    0.00    0.00  179.50    25  bt-mz.B.24
02:08:49        29751  173.50    0.00    0.00  173.50    37  bt-mz.B.24
02:08:49        29752  172.00    0.00    0.00  172.00     2  bt-mz.B.24
02:08:49        29753  173.00    0.00    0.00  173.00    14  bt-mz.B.24
02:08:49        29754  171.50    0.00    0.00  171.50    27  bt-mz.B.24
02:08:49        29755  170.00    0.00    0.00  170.00    39  bt-mz.B.24
02:08:49        29756  168.50    0.00    0.00  168.50    28  bt-mz.B.24
02:08:49        29757  173.50    0.00    0.00  173.50    16  bt-mz.B.24
02:08:49        29760  172.50    0.00    0.00  172.50    29  bt-mz.B.24
02:08:49        29762  172.50    0.00    0.00  172.50    17  bt-mz.B.24
02:08:49        29763  172.00    0.00    0.00  172.00    30  bt-mz.B.24
02:08:49        29765  174.50    0.00    0.00  174.50    42  bt-mz.B.24

02:08:49          PID    %usr %system  %guest    %CPU   CPU  Command
02:08:51         4118    0.00    0.50    0.00    0.50     7  kondemand/7
02:08:51         4123    0.00    0.50    0.00    0.50    12  kondemand/12
02:08:51         4125    0.00    0.50    0.00    0.50    14  kondemand/14
02:08:51         4888    0.50    1.00    0.00    1.50     2  pbs_mom
02:08:51        29733    1.00    1.00    0.00    2.00    15  top
02:08:51        29735    1.00    3.00    0.00    4.00    16  pidstat
02:08:51        29737    1.00    2.00    0.00    3.00     4  pidstat
02:08:51        29739    0.00    0.50    0.00    0.50    41  iostat
02:08:51        29748  194.00    0.00    0.00  194.00     0  bt-mz.B.24
02:08:51        29749  175.00    0.00    0.00  175.00    36  bt-mz.B.24
02:08:51        29750  173.50    0.00    0.00  173.50    25  bt-mz.B.24
02:08:51        29751  166.50    0.00    0.00  166.50    37  bt-mz.B.24
02:08:51        29752  164.00    0.00    0.00  164.00     2  bt-mz.B.24
02:08:51        29753  166.00    0.00    0.00  166.00    14  bt-mz.B.24
02:08:51        29754  164.00    0.00    0.00  164.00    27  bt-mz.B.24
02:08:51        29755  163.00    0.00    0.00  163.00    39  bt-mz.B.24
02:08:51        29756  165.00    0.00    0.00  165.00    28  bt-mz.B.24
02:08:51        29757  169.00    0.00    0.00  169.00    40  bt-mz.B.24
02:08:51        29760  165.00    0.00    0.00  165.00    29  bt-mz.B.24
02:08:51        29762  165.00    0.00    0.00  165.00    17  bt-mz.B.24
02:08:51        29763  164.50    0.00    0.00  164.50    30  bt-mz.B.24
02:08:51        29765  166.50    0.00    0.00  166.50    42  bt-mz.B.24

02:08:51          PID    %usr %system  %guest    %CPU   CPU  Command
02:08:53         4111    0.00    0.50    0.00    0.50     0  kondemand/0
02:08:53         4121    0.00    0.50    0.00    0.50    10  kondemand/10
02:08:53         4122    0.00    0.50    0.00    0.50    11  kondemand/11
02:08:53         4129    0.00    0.50    0.00    0.50    18  kondemand/18
02:08:53         4139    0.00    0.50    0.00    0.50    28  kondemand/28
02:08:53        23393    0.00    0.50    0.00    0.50    15  gmond
02:08:53        29733    1.00    1.50    0.00    2.50    15  top
02:08:53        29735    0.50    3.00    0.00    3.50    16  pidstat
02:08:53        29737    0.50    4.00    0.00    4.50    28  pidstat
02:08:53        29748  197.00    0.00    0.00  197.00     0  bt-mz.B.24
02:08:53        29749  181.00    0.00    0.00  181.00    36  bt-mz.B.24
02:08:53        29750  179.50    0.00    0.00  179.50    25  bt-mz.B.24
02:08:53        29751  173.00    0.00    0.00  173.00    37  bt-mz.B.24
02:08:53        29752  172.00    0.00    0.00  172.00     2  bt-mz.B.24
02:08:53        29753  173.00    0.00    0.00  173.00    14  bt-mz.B.24
02:08:53        29754  171.50    0.00    0.00  171.50    27  bt-mz.B.24
02:08:53        29755  170.00    0.00    0.00  170.00    39  bt-mz.B.24
02:08:53        29756  166.50    0.00    0.00  166.50     4  bt-mz.B.24
02:08:53        29757  171.00    0.00    0.00  171.00    16  bt-mz.B.24
02:08:53        29760  172.50    0.00    0.00  172.50    29  bt-mz.B.24
02:08:53        29762  172.50    0.00    0.00  172.50    17  bt-mz.B.24
02:08:53        29763  172.00    0.00    0.00  172.00    30  bt-mz.B.24
02:08:53        29765  174.00    0.00    0.00  174.00    42  bt-mz.B.24

02:08:53          PID    %usr %system  %guest    %CPU   CPU  Command
02:08:55         4152    0.00    0.50    0.00    0.50    41  kondemand/41
02:08:55        29733    1.00    1.00    0.00    2.00    15  top
02:08:55        29735    1.50    3.00    0.00    4.50    16  pidstat
02:08:55        29737    1.50    3.00    0.00    4.50    28  pidstat
02:08:55        29748  197.50    0.00    0.00  197.50     0  bt-mz.B.24
02:08:55        29749  180.50    0.00    0.00  180.50    36  bt-mz.B.24
02:08:55        29750  178.00    0.00    0.00  178.00    25  bt-mz.B.24
02:08:55        29751  171.00    0.00    0.00  171.00    37  bt-mz.B.24
02:08:55        29752  169.50    0.50    0.00  170.00     2  bt-mz.B.24
02:08:55        29753  170.50    0.00    0.00  170.50    14  bt-mz.B.24
02:08:55        29754  169.00    0.00    0.00  169.00    27  bt-mz.B.24
02:08:55        29755  167.00    0.00    0.00  167.00    15  bt-mz.B.24
02:08:55        29756  168.50    0.00    0.00  168.50     4  bt-mz.B.24
02:08:55        29757  172.50    0.00    0.00  172.50    40  bt-mz.B.24
02:08:55        29760  169.50    0.00    0.00  169.50    29  bt-mz.B.24
02:08:55        29762  170.00    0.00    0.00  170.00    17  bt-mz.B.24
02:08:55        29763  169.00    0.00    0.00  169.00    30  bt-mz.B.24
02:08:55        29765  171.50    0.00    0.00  171.50    42  bt-mz.B.24

02:08:55          PID    %usr %system  %guest    %CPU   CPU  Command
02:08:57         4113    0.00    0.50    0.00    0.50     2  kondemand/2
02:08:57         4114    0.00    0.50    0.00    0.50     3  kondemand/3
02:08:57        23393    0.50    0.50    0.00    1.00    15  gmond
02:08:57        29727    0.00    0.50    0.00    0.50    24  mpirun
02:08:57        29733    0.50    1.00    0.00    1.50    15  top
02:08:57        29735    1.50    2.50    0.00    4.00    40  pidstat
02:08:57        29737    1.00    3.00    0.00    4.00    28  pidstat
02:08:57        29748  197.50    0.00    0.00  197.50     0  bt-mz.B.24
02:08:57        29749  179.50    0.00    0.00  179.50    36  bt-mz.B.24
02:08:57        29750  178.50    0.00    0.00  178.50    25  bt-mz.B.24
02:08:57        29751  172.50    0.00    0.00  172.50    37  bt-mz.B.24
02:08:57        29752  171.00    0.00    0.00  171.00     2  bt-mz.B.24
02:08:57        29753  172.00    0.00    0.00  172.00    14  bt-mz.B.24
02:08:57        29754  170.00    0.00    0.00  170.00    27  bt-mz.B.24
02:08:57        29755  169.50    0.00    0.00  169.50    15  bt-mz.B.24
02:08:57        29756  166.50    0.00    0.00  166.50     4  bt-mz.B.24
02:08:57        29757  171.00    0.00    0.00  171.00    16  bt-mz.B.24
02:08:57        29760  171.00    0.00    0.00  171.00    29  bt-mz.B.24
02:08:57        29762  171.00    0.00    0.00  171.00    17  bt-mz.B.24
02:08:57        29763  170.50    0.00    0.00  170.50    30  bt-mz.B.24
02:08:57        29765  172.50    0.00    0.00  172.50    42  bt-mz.B.24

02:08:57          PID    %usr %system  %guest    %CPU   CPU  Command
02:08:59         4128    0.00    0.50    0.00    0.50    17  kondemand/17
02:08:59         4141    0.00    0.50    0.00    0.50    30  kondemand/30
02:08:59        23393    0.00    0.50    0.00    0.50    39  gmond
02:08:59        29733    1.00    1.00    0.00    2.00    16  top
02:08:59        29735    1.50    3.00    0.00    4.50    40  pidstat
02:08:59        29737    1.00    2.50    0.00    3.50     4  pidstat
02:08:59        29748  195.00    0.00    0.00  195.00     0  bt-mz.B.24
02:08:59        29749  178.50    0.00    0.00  178.50    36  bt-mz.B.24
02:08:59        29750  177.00    0.00    0.00  177.00    25  bt-mz.B.24
02:08:59        29751  170.50    0.00    0.00  170.50    37  bt-mz.B.24
02:08:59        29752  169.50    0.00    0.00  169.50     2  bt-mz.B.24
02:08:59        29753  170.50    0.00    0.00  170.50    14  bt-mz.B.24
02:08:59        29754  169.00    0.00    0.00  169.00    27  bt-mz.B.24
02:08:59        29755  167.50    0.00    0.00  167.50    15  bt-mz.B.24
02:08:59        29756  167.00    0.00    0.00  167.00    28  bt-mz.B.24
02:08:59        29757  170.00    0.00    0.00  170.00    16  bt-mz.B.24
02:08:59        29760  170.00    0.00    0.00  170.00    29  bt-mz.B.24
02:08:59        29762  170.00    0.00    0.00  170.00    17  bt-mz.B.24
02:08:59        29763  169.50    0.00    0.00  169.50    30  bt-mz.B.24
02:08:59        29765  171.50    0.00    0.00  171.50    42  bt-mz.B.24

02:08:59          PID    %usr %system  %guest    %CPU   CPU  Command
02:09:01         4130    0.00    0.50    0.00    0.50    19  kondemand/19
02:09:01         4131    0.00    0.50    0.00    0.50    20  kondemand/20
02:09:01         4818    0.50    0.00    0.00    0.50    10  crond
02:09:01        29733    1.00    1.00    0.00    2.00    40  top
02:09:01        29735    0.50    3.00    0.00    3.50    40  pidstat
02:09:01        29737    1.50    3.50    0.00    5.00    28  pidstat
02:09:01        29748  197.00    0.00    0.00  197.00     0  bt-mz.B.24
02:09:01        29749  179.00    0.00    0.00  179.00    36  bt-mz.B.24
02:09:01        29750  177.00    0.00    0.00  177.00    25  bt-mz.B.24
02:09:01        29751  170.00    0.00    0.00  170.00    37  bt-mz.B.24
02:09:01        29752  168.00    0.50    0.00  168.50     2  bt-mz.B.24
02:09:01        29753  169.50    0.00    0.00  169.50    14  bt-mz.B.24
02:09:01        29754  168.00    0.00    0.00  168.00    27  bt-mz.B.24
02:09:01        29755  167.00    0.00    0.00  167.00    15  bt-mz.B.24
02:09:01        29756  166.50    0.00    0.00  166.50     4  bt-mz.B.24
02:09:01        29757  173.00    0.00    0.00  173.00    16  bt-mz.B.24
02:09:01        29760  169.00    0.00    0.00  169.00    29  bt-mz.B.24
02:09:01        29762  169.00    0.00    0.00  169.00    17  bt-mz.B.24
02:09:01        29763  168.50    0.00    0.00  168.50    30  bt-mz.B.24
02:09:01        29765  170.00    0.00    0.00  170.00    42  bt-mz.B.24

02:09:01          PID    %usr %system  %guest    %CPU   CPU  Command
02:09:03         2928    0.00    1.50    0.00    1.50     1  flush-8:0
02:09:03         4136    0.00    0.50    0.00    0.50    25  kondemand/25
02:09:03        23393    0.50    0.00    0.00    0.50    39  gmond
02:09:03        29733    1.00    1.00    0.00    2.00    40  top
02:09:03        29735    1.00    3.50    0.00    4.50    40  pidstat
02:09:03        29737    1.50    2.50    0.00    4.00    28  pidstat
02:09:03        29742    0.00    0.50    0.00    0.50    18  vmstat
02:09:03        29748  195.50    0.50    0.00  196.00     0  bt-mz.B.24
02:09:03        29749  179.50    0.00    0.00  179.50    36  bt-mz.B.24
02:09:03        29750  177.00    0.00    0.00  177.00    25  bt-mz.B.24
02:09:03        29751  172.00    0.00    0.00  172.00    37  bt-mz.B.24
02:09:03        29752  170.50    0.00    0.00  170.50     2  bt-mz.B.24
02:09:03        29753  171.50    0.00    0.00  171.50    14  bt-mz.B.24
02:09:03        29754  169.50    0.00    0.00  169.50    27  bt-mz.B.24
02:09:03        29755  169.00    0.00    0.00  169.00    15  bt-mz.B.24
02:09:03        29756  166.00    0.00    0.00  166.00     4  bt-mz.B.24
02:09:03        29757  169.00    0.00    0.00  169.00    16  bt-mz.B.24
02:09:03        29760  170.50    0.00    0.00  170.50    29  bt-mz.B.24
02:09:03        29762  170.50    0.00    0.00  170.50    17  bt-mz.B.24
02:09:03        29763  170.00    0.00    0.00  170.00    30  bt-mz.B.24
02:09:03        29765  172.50    0.00    0.00  172.50    42  bt-mz.B.24

02:09:03          PID    %usr %system  %guest    %CPU   CPU  Command
02:09:05         4112    0.00    0.50    0.00    0.50     1  kondemand/1
02:09:05         4117    0.00    0.50    0.00    0.50     6  kondemand/6
02:09:05         4119    0.00    0.50    0.00    0.50     8  kondemand/8
02:09:05         4126    0.00    0.50    0.00    0.50    15  kondemand/15
02:09:05         4127    0.00    0.50    0.00    0.50    16  kondemand/16
02:09:05         4143    0.00    0.50    0.00    0.50    32  kondemand/32
02:09:05         4144    0.00    0.50    0.00    0.50    33  kondemand/33
02:09:05         4155    0.00    0.50    0.00    0.50    44  kondemand/44
02:09:05         4158    0.00    0.50    0.00    0.50    47  kondemand/47
02:09:05         4189    0.50    0.00    0.00    0.50    24  irqbalance
02:09:05        23393    0.00    0.50    0.00    0.50    39  gmond
02:09:05        29733    1.00    1.50    0.00    2.50    40  top
02:09:05        29735    1.00    2.50    0.00    3.50    40  pidstat
02:09:05        29737    1.00    3.00    0.00    4.00    28  pidstat
02:09:05        29748  198.50    0.00    0.00  198.50     0  bt-mz.B.24
02:09:05        29749  180.00    0.00    0.00  180.00    36  bt-mz.B.24
02:09:05        29750  178.50    0.00    0.00  178.50    25  bt-mz.B.24
02:09:05        29751  171.00    0.00    0.00  171.00    37  bt-mz.B.24
02:09:05        29752  170.00    0.00    0.00  170.00     2  bt-mz.B.24
02:09:05        29753  170.50    0.00    0.00  170.50    14  bt-mz.B.24
02:09:05        29754  169.00    0.00    0.00  169.00    27  bt-mz.B.24
02:09:05        29755  168.00    0.00    0.00  168.00    15  bt-mz.B.24
02:09:05        29756  169.00    0.00    0.00  169.00     4  bt-mz.B.24
02:09:05        29757  173.00    0.00    0.00  173.00    16  bt-mz.B.24
02:09:05        29760  170.00    0.00    0.00  170.00    29  bt-mz.B.24
02:09:05        29762  170.00    0.00    0.00  170.00    17  bt-mz.B.24
02:09:05        29763  169.50    0.00    0.00  169.50    30  bt-mz.B.24
02:09:05        29765  171.50    0.00    0.00  171.50    42  bt-mz.B.24

02:09:05          PID    %usr %system  %guest    %CPU   CPU  Command
02:09:07          232    0.00    0.50    0.00    0.50    37  events/37
02:09:07         4116    0.00    0.50    0.00    0.50     5  kondemand/5
02:09:07         4135    0.00    0.50    0.00    0.50    24  kondemand/24
02:09:07         4146    0.00    0.50    0.00    0.50    35  kondemand/35
02:09:07        29733    0.50    1.50    0.00    2.00    40  top
02:09:07        29735    1.50    2.50    0.00    4.00    40  pidstat
02:09:07        29737    1.00    3.00    0.00    4.00    28  pidstat
02:09:07        29748  195.50    0.00    0.00  195.50     0  bt-mz.B.24
02:09:07        29749  178.50    0.00    0.00  178.50    36  bt-mz.B.24
02:09:07        29750  177.50    0.50    0.00  178.00    25  bt-mz.B.24
02:09:07        29751  171.50    0.00    0.00  171.50    37  bt-mz.B.24
02:09:07        29752  169.50    0.50    0.00  170.00     2  bt-mz.B.24
02:09:07        29753  171.00    0.00    0.00  171.00    14  bt-mz.B.24
02:09:07        29754  169.50    0.00    0.00  169.50    27  bt-mz.B.24
02:09:07        29755  168.50    0.00    0.00  168.50    15  bt-mz.B.24
02:09:07        29756  164.50    0.00    0.00  164.50     4  bt-mz.B.24
02:09:07        29757  169.50    0.00    0.00  169.50    16  bt-mz.B.24
02:09:07        29760  170.00    0.00    0.00  170.00    29  bt-mz.B.24
02:09:07        29762  170.50    0.00    0.00  170.50    17  bt-mz.B.24
02:09:07        29763  169.50    0.00    0.00  169.50    30  bt-mz.B.24
02:09:07        29765  172.00    0.00    0.00  172.00    42  bt-mz.B.24

02:09:07          PID    %usr %system  %guest    %CPU   CPU  Command
02:09:09         4120    0.00    0.50    0.00    0.50     9  kondemand/9
02:09:09         4145    0.00    0.50    0.00    0.50    34  kondemand/34
02:09:09         4153    0.00    0.50    0.00    0.50    42  kondemand/42
02:09:09         4156    0.00    0.50    0.00    0.50    45  kondemand/45
02:09:09        23393    0.50    0.50    0.00    1.00    39  gmond
02:09:09        29733    0.50    1.00    0.00    1.50    16  top
02:09:09        29735    1.50    3.00    0.00    4.50    20  pidstat
02:09:09        29737    1.00    3.50    0.00    4.50    28  pidstat
02:09:09        29738    0.00    0.50    0.00    0.50    26  mpstat
02:09:09        29739    0.00    0.50    0.00    0.50    41  iostat
02:09:09        29748  200.50    0.00    0.00  200.50     0  bt-mz.B.24
02:09:09        29749  183.00    0.00    0.00  183.00    36  bt-mz.B.24
02:09:09        29750  181.00    0.00    0.00  181.00    25  bt-mz.B.24
02:09:09        29751  174.00    0.00    0.00  174.00    37  bt-mz.B.24
02:09:09        29752  173.00    0.00    0.00  173.00     2  bt-mz.B.24
02:09:09        29753  173.50    0.00    0.00  173.50    14  bt-mz.B.24
02:09:09        29754  172.00    0.00    0.00  172.00    27  bt-mz.B.24
02:09:09        29755  171.50    0.00    0.00  171.50    15  bt-mz.B.24
02:09:09        29756  172.50    0.00    0.00  172.50     4  bt-mz.B.24
02:09:09        29757  175.50    0.00    0.00  175.50    40  bt-mz.B.24
02:09:09        29760  173.00    0.00    0.00  173.00    29  bt-mz.B.24
02:09:09        29762  173.00    0.00    0.00  173.00    17  bt-mz.B.24
02:09:09        29763  172.50    0.00    0.00  172.50    30  bt-mz.B.24
02:09:09        29765  174.50    0.50    0.00  175.00    42  bt-mz.B.24

02:09:09          PID    %usr %system  %guest    %CPU   CPU  Command
02:09:11          214    0.00    0.50    0.00    0.50    19  events/19
02:09:11         4133    0.00    0.50    0.00    0.50    22  kondemand/22
02:09:11         4138    0.00    0.50    0.00    0.50    27  kondemand/27
02:09:11        29733    1.00    1.00    0.00    2.00    16  top
02:09:11        29735    0.50    3.00    0.00    3.50    20  pidstat
02:09:11        29737    1.00    2.50    0.00    3.50    28  pidstat
02:09:11        29748  193.50    0.00    0.00  193.50     0  bt-mz.B.24
02:09:11        29749  176.00    0.00    0.00  176.00    36  bt-mz.B.24
02:09:11        29750  174.50    0.00    0.00  174.50    25  bt-mz.B.24
02:09:11        29751  168.00    0.00    0.00  168.00    37  bt-mz.B.24
02:09:11        29752  166.50    0.00    0.00  166.50     2  bt-mz.B.24
02:09:11        29753  168.00    0.00    0.00  168.00    14  bt-mz.B.24
02:09:11        29754  166.00    0.00    0.00  166.00    27  bt-mz.B.24
02:09:11        29755  165.00    0.00    0.00  165.00    15  bt-mz.B.24
02:09:11        29756  164.50    0.00    0.00  164.50     4  bt-mz.B.24
02:09:11        29757  169.50    0.00    0.00  169.50    40  bt-mz.B.24
02:09:11        29760  167.00    0.00    0.00  167.00    29  bt-mz.B.24
02:09:11        29762  167.00    0.00    0.00  167.00    17  bt-mz.B.24
02:09:11        29763  166.50    0.00    0.00  166.50    30  bt-mz.B.24
02:09:11        29765  168.50    0.00    0.00  168.50    42  bt-mz.B.24

02:09:11          PID    %usr %system  %guest    %CPU   CPU  Command
02:09:13         4111    0.00    0.50    0.00    0.50     0  kondemand/0
02:09:13         4115    0.00    0.50    0.00    0.50     4  kondemand/4
02:09:13         4123    0.00    0.50    0.00    0.50    12  kondemand/12
02:09:13         4124    0.00    0.50    0.00    0.50    13  kondemand/13
02:09:13         4134    0.00    0.50    0.00    0.50    23  kondemand/23
02:09:13         4142    0.00    0.50    0.00    0.50    31  kondemand/31
02:09:13         4157    0.00    0.50    0.00    0.50    46  kondemand/46
02:09:13        23393    0.50    0.00    0.00    0.50    39  gmond
02:09:13        29733    1.50    1.00    0.00    2.50    40  top
02:09:13        29735    1.50    3.00    0.00    4.50    20  pidstat
02:09:13        29737    0.50    2.00    0.00    2.50    28  pidstat
02:09:13        29748  195.00    0.00    0.00  195.00     0  bt-mz.B.24
02:09:13        29749  178.50    0.00    0.00  178.50    36  bt-mz.B.24
02:09:13        29750  177.50    0.00    0.00  177.50    25  bt-mz.B.24
02:09:13        29751  171.00    0.00    0.00  171.00    37  bt-mz.B.24
02:09:13        29752  169.50    0.50    0.00  170.00     2  bt-mz.B.24
02:09:13        29753  170.00    0.00    0.00  170.00    14  bt-mz.B.24
02:09:13        29754  169.00    0.00    0.00  169.00    27  bt-mz.B.24
02:09:13        29755  168.50    0.00    0.00  168.50    15  bt-mz.B.24
02:09:13        29756  166.00    0.00    0.00  166.00    28  bt-mz.B.24
02:09:13        29757  171.00    0.00    0.00  171.00    16  bt-mz.B.24
02:09:13        29760  170.00    0.00    0.00  170.00    29  bt-mz.B.24
02:09:13        29762  170.00    0.00    0.00  170.00    17  bt-mz.B.24
02:09:13        29763  169.00    0.50    0.00  169.50    30  bt-mz.B.24
02:09:13        29765  171.50    0.00    0.00  171.50    42  bt-mz.B.24
