Linux 2.6.32-279.14.1.el6.x86_64 (compute-641-14.local) 	04/21/20 	_x86_64_	(32 CPU)

03:50:30     CPU    %usr   %nice    %sys %iowait    %irq   %soft  %steal  %guest   %idle
03:50:32     all   62.11    0.00    5.13    0.00    0.00    0.05    0.00    0.00   32.71
03:50:34     all   81.40    0.00    0.19    0.00    0.00    0.00    0.00    0.00   18.41
03:50:36     all   81.71    0.00    0.17    0.00    0.00    0.00    0.00    0.00   18.12
03:50:38     all   81.32    0.00    0.17    0.00    0.00    0.00    0.00    0.00   18.51
03:50:40     all   78.62    0.00    0.17    0.00    0.00    0.00    0.00    0.00   21.21
03:50:42     all   79.94    0.00    0.22    0.02    0.00    0.00    0.00    0.00   19.83
03:50:44     all   80.26    0.00    0.17    0.00    0.00    0.00    0.00    0.00   19.57
03:50:46     all   78.25    0.00    0.19    0.00    0.00    0.00    0.00    0.00   21.56
03:50:48     all   80.03    0.00    0.19    0.00    0.00    0.00    0.00    0.00   19.78
03:50:50     all   82.01    0.00    0.16    0.00    0.00    0.00    0.00    0.00   17.84
03:50:52     all   81.56    0.00    0.17    0.00    0.00    0.00    0.00    0.00   18.27
03:50:54     all   81.19    0.00    0.17    0.00    0.00    0.00    0.00    0.00   18.64
03:50:56     all   80.39    0.00    0.17    0.00    0.00    0.00    0.00    0.00   19.44
03:50:58     all   83.15    0.00    0.17    0.00    0.00    0.00    0.00    0.00   16.67
03:51:00     all   82.39    0.00    0.19    0.00    0.00    0.00    0.00    0.00   17.42
03:51:02     all   82.46    0.00    0.22    0.02    0.00    0.02    0.00    0.00   17.29
03:51:04     all   81.11    0.00    0.16    0.00    0.00    0.00    0.00    0.00   18.73
03:51:06     all   83.15    0.00    0.19    0.00    0.00    0.00    0.00    0.00   16.66
03:51:08     all   80.95    0.00    0.20    0.00    0.00    0.00    0.00    0.00   18.85
03:51:10     all   81.05    0.00    0.17    0.00    0.00    0.00    0.00    0.00   18.78
03:51:12     all   81.24    0.00    0.17    0.00    0.00    0.00    0.00    0.00   18.59
03:51:14     all   80.06    0.00    0.16    0.00    0.00    0.00    0.00    0.00   19.78
03:51:16     all   81.43    0.00    0.19    0.00    0.00    0.00    0.00    0.00   18.38
03:51:18     all   81.22    0.00    0.19    0.02    0.00    0.00    0.00    0.00   18.58
03:51:20     all   82.12    0.00    0.19    0.00    0.00    0.00    0.00    0.00   17.69
03:51:22     all   81.95    0.00    0.17    0.00    0.00    0.00    0.00    0.00   17.88
