Linux 2.6.32-279.14.1.el6.x86_64 (compute-662-5.local) 	04/21/20 	_x86_64_	(48 CPU)

02:18:28          PID    %usr %system  %guest    %CPU   CPU  Command
02:18:30          141    0.00    0.49    0.00    0.49    34  ksoftirqd/34
02:18:30         4137    0.00    0.49    0.00    0.49    26  kondemand/26
02:18:30         4153    0.00    0.49    0.00    0.49    42  kondemand/42
02:18:30         4155    0.00    0.49    0.00    0.49    44  kondemand/44
02:18:30         4157    0.00    0.49    0.00    0.49    46  kondemand/46
02:18:30         4174    0.00    0.98    0.00    0.98    24  kipmi0
02:18:30        32888    4.88    2.44    0.00    7.32    26  mpirun
02:18:30        32894    0.49    0.98    0.00    1.46    38  top
02:18:30        32896    1.46    2.44    0.00    3.90     3  pidstat
02:18:30        32898    0.49    1.95    0.00    2.44    39  pidstat
02:18:30        32908   23.41    8.78    0.00   32.20     0  bt-mz.B.24
02:18:30        32909   22.93    8.29    0.00   31.22    36  bt-mz.B.24
02:18:30        32910   21.95    8.78    0.00   30.73     1  bt-mz.B.24
02:18:30        32911   20.49    7.80    0.00   28.29    37  bt-mz.B.24
02:18:30        32912   20.49    7.32    0.00   27.80     2  bt-mz.B.24
02:18:30        32913   20.00    6.34    0.00   26.34    38  bt-mz.B.24
02:18:30        32914   18.54    7.32    0.00   25.85    27  bt-mz.B.24
02:18:30        32915   19.02    7.80    0.00   26.83    15  bt-mz.B.24
02:18:30        32916   19.02    7.32    0.00   26.34     4  bt-mz.B.24
02:18:30        32918   20.00    7.80    0.00   27.80    40  bt-mz.B.24
02:18:30        32920   20.49    7.32    0.00   27.80     5  bt-mz.B.24
02:18:30        32922   20.00    6.34    0.00   26.34    41  bt-mz.B.24
02:18:30        32923   20.49    7.32    0.00   27.80    30  bt-mz.B.24
02:18:30        32925   19.51    6.83    0.00   26.34    42  bt-mz.B.24

02:18:30          PID    %usr %system  %guest    %CPU   CPU  Command
02:18:32          198    0.00    0.50    0.00    0.50     3  events/3
02:18:32         4127    0.00    0.50    0.00    0.50    16  kondemand/16
02:18:32         4128    0.00    0.50    0.00    0.50    17  kondemand/17
02:18:32         4136    0.00    0.50    0.00    0.50    25  kondemand/25
02:18:32         4140    0.00    0.50    0.00    0.50    29  kondemand/29
02:18:32         4694    0.00    0.50    0.00    0.50    34  snmpd
02:18:32        23393    0.50    0.00    0.00    0.50    15  gmond
02:18:32        32894    0.50    1.50    0.00    2.00    38  top
02:18:32        32896    1.00    3.00    0.00    4.00    27  pidstat
02:18:32        32898    2.00    4.00    0.00    6.00    15  pidstat
02:18:32        32908  197.50    0.00    0.00  197.50     0  bt-mz.B.24
02:18:32        32909  181.00    0.50    0.00  181.50    36  bt-mz.B.24
02:18:32        32910  180.00    0.50    0.00  180.50     1  bt-mz.B.24
02:18:32        32911  171.50    0.00    0.00  171.50    37  bt-mz.B.24
02:18:32        32912  171.50    0.50    0.00  172.00     2  bt-mz.B.24
02:18:32        32913  170.50    0.00    0.00  170.50    14  bt-mz.B.24
02:18:32        32914  169.00    0.00    0.00  169.00     3  bt-mz.B.24
02:18:32        32915  166.00    0.00    0.00  166.00    39  bt-mz.B.24
02:18:32        32916  169.00    0.00    0.00  169.00     4  bt-mz.B.24
02:18:32        32918  172.50    0.50    0.00  173.00    40  bt-mz.B.24
02:18:32        32920  169.50    0.00    0.00  169.50     5  bt-mz.B.24
02:18:32        32922  170.00    0.00    0.00  170.00    41  bt-mz.B.24
02:18:32        32923  169.50    0.00    0.00  169.50    30  bt-mz.B.24
02:18:32        32925  170.50    0.00    0.00  170.50    42  bt-mz.B.24

02:18:32          PID    %usr %system  %guest    %CPU   CPU  Command
02:18:34         4113    0.00    0.50    0.00    0.50     2  kondemand/2
02:18:34         4130    0.00    0.50    0.00    0.50    19  kondemand/19
02:18:34         4141    0.00    0.50    0.00    0.50    30  kondemand/30
02:18:34         4888    0.00    0.50    0.00    0.50    26  pbs_mom
02:18:34        23393    1.00    0.00    0.00    1.00    15  gmond
02:18:34        32894    1.00    1.00    0.00    2.00    38  top
02:18:34        32896    1.00    2.50    0.00    3.50     3  pidstat
02:18:34        32898    0.50    3.50    0.00    4.00    15  pidstat
02:18:34        32908  195.50    0.00    0.00  195.50     0  bt-mz.B.24
02:18:34        32909  180.50    0.00    0.00  180.50    36  bt-mz.B.24
02:18:34        32910  180.00    0.00    0.00  180.00     1  bt-mz.B.24
02:18:34        32911  172.00    0.00    0.00  172.00    37  bt-mz.B.24
02:18:34        32912  172.00    0.00    0.00  172.00     2  bt-mz.B.24
02:18:34        32913  170.50    0.00    0.00  170.50    14  bt-mz.B.24
02:18:34        32914  171.00    0.50    0.00  171.50    27  bt-mz.B.24
02:18:34        32915  169.50    0.00    0.00  169.50    39  bt-mz.B.24
02:18:34        32916  170.00    0.00    0.00  170.00     4  bt-mz.B.24
02:18:34        32918  172.50    0.00    0.00  172.50    40  bt-mz.B.24
02:18:34        32920  170.00    0.50    0.00  170.50     5  bt-mz.B.24
02:18:34        32922  170.50    0.00    0.00  170.50    41  bt-mz.B.24
02:18:34        32923  170.00    0.00    0.00  170.00    30  bt-mz.B.24
02:18:34        32925  171.00    0.00    0.00  171.00    42  bt-mz.B.24

02:18:34          PID    %usr %system  %guest    %CPU   CPU  Command
02:18:36          157    0.00    0.50    0.00    0.50    38  ksoftirqd/38
02:18:36         4117    0.00    0.50    0.00    0.50     6  kondemand/6
02:18:36         4119    0.00    0.50    0.00    0.50     8  kondemand/8
02:18:36         4124    0.00    0.50    0.00    0.50    13  kondemand/13
02:18:36         4134    0.00    0.50    0.00    0.50    23  kondemand/23
02:18:36         4142    0.00    0.50    0.00    0.50    31  kondemand/31
02:18:36         4148    0.00    0.50    0.00    0.50    37  kondemand/37
02:18:36         4149    0.00    0.50    0.00    0.50    38  kondemand/38
02:18:36         4888    0.50    1.00    0.00    1.50     2  pbs_mom
02:18:36        23393    0.50    0.00    0.00    0.50    15  gmond
02:18:36        32894    1.00    1.00    0.00    2.00    38  top
02:18:36        32896    1.00    3.00    0.00    4.00     3  pidstat
02:18:36        32898    1.00    2.00    0.00    3.00    15  pidstat
02:18:36        32908  196.00    0.00    0.00  196.00     0  bt-mz.B.24
02:18:36        32909  180.50    0.00    0.00  180.50    36  bt-mz.B.24
02:18:36        32910  178.00    0.00    0.00  178.00     1  bt-mz.B.24
02:18:36        32911  170.00    0.00    0.00  170.00    37  bt-mz.B.24
02:18:36        32912  169.00    0.00    0.00  169.00     2  bt-mz.B.24
02:18:36        32913  169.50    0.00    0.00  169.50    38  bt-mz.B.24
02:18:36        32914  167.00    0.00    0.00  167.00    27  bt-mz.B.24
02:18:36        32915  166.50    0.50    0.00  167.00    39  bt-mz.B.24
02:18:36        32916  168.00    0.00    0.00  168.00     4  bt-mz.B.24
02:18:36        32918  171.00    0.00    0.00  171.00    40  bt-mz.B.24
02:18:36        32920  168.50    0.00    0.00  168.50     5  bt-mz.B.24
02:18:36        32922  168.50    0.00    0.00  168.50    41  bt-mz.B.24
02:18:36        32923  168.50    0.00    0.00  168.50    30  bt-mz.B.24
02:18:36        32925  169.50    0.00    0.00  169.50    42  bt-mz.B.24

02:18:36          PID    %usr %system  %guest    %CPU   CPU  Command
02:18:38         4111    0.00    0.50    0.00    0.50     0  kondemand/0
02:18:38         4114    0.00    0.50    0.00    0.50     3  kondemand/3
02:18:38         4121    0.00    0.50    0.00    0.50    10  kondemand/10
02:18:38         4146    0.00    0.50    0.00    0.50    35  kondemand/35
02:18:38         4154    0.00    0.50    0.00    0.50    43  kondemand/43
02:18:38         4156    0.00    0.50    0.00    0.50    45  kondemand/45
02:18:38        23393    1.00    0.00    0.00    1.00    15  gmond
02:18:38        32894    0.50    1.00    0.00    1.50    14  top
02:18:38        32896    1.00    3.00    0.00    4.00     3  pidstat
02:18:38        32898    0.50    4.50    0.00    5.00    15  pidstat
02:18:38        32908  198.00    0.00    0.00  198.00     0  bt-mz.B.24
02:18:38        32909  182.00    0.00    0.00  182.00    36  bt-mz.B.24
02:18:38        32910  180.50    0.50    0.00  181.00     1  bt-mz.B.24
02:18:38        32911  171.50    0.00    0.00  171.50    37  bt-mz.B.24
02:18:38        32912  172.00    0.00    0.00  172.00     2  bt-mz.B.24
02:18:38        32913  171.50    0.00    0.00  171.50    14  bt-mz.B.24
02:18:38        32914  170.00    0.00    0.00  170.00    27  bt-mz.B.24
02:18:38        32915  167.50    0.00    0.00  167.50    39  bt-mz.B.24
02:18:38        32916  169.50    0.00    0.00  169.50     4  bt-mz.B.24
02:18:38        32918  173.00    0.00    0.00  173.00    40  bt-mz.B.24
02:18:38        32920  170.50    0.00    0.00  170.50     5  bt-mz.B.24
02:18:38        32922  170.00    0.00    0.00  170.00    41  bt-mz.B.24
02:18:38        32923  170.00    0.00    0.00  170.00    30  bt-mz.B.24
02:18:38        32925  170.50    0.50    0.00  171.00    42  bt-mz.B.24

02:18:38          PID    %usr %system  %guest    %CPU   CPU  Command
02:18:40           61    0.00    0.50    0.00    0.50    14  ksoftirqd/14
02:18:40         4122    0.00    0.50    0.00    0.50    11  kondemand/11
02:18:40         4123    0.00    0.50    0.00    0.50    12  kondemand/12
02:18:40         4139    0.00    0.50    0.00    0.50    28  kondemand/28
02:18:40         4145    0.00    0.50    0.00    0.50    34  kondemand/34
02:18:40        23393    1.00    0.00    0.00    1.00    15  gmond
02:18:40        32894    1.00    1.50    0.00    2.50    14  top
02:18:40        32896    1.00    2.50    0.00    3.50    27  pidstat
02:18:40        32898    1.00    3.00    0.00    4.00    15  pidstat
02:18:40        32908  198.50    0.00    0.00  198.50     0  bt-mz.B.24
02:18:40        32909  182.50    0.00    0.00  182.50    36  bt-mz.B.24
02:18:40        32910  181.00    0.00    0.00  181.00     1  bt-mz.B.24
02:18:40        32911  173.00    0.00    0.00  173.00    37  bt-mz.B.24
02:18:40        32912  173.00    0.00    0.00  173.00     2  bt-mz.B.24
02:18:40        32913  171.50    0.50    0.00  172.00    14  bt-mz.B.24
02:18:40        32914  168.50    0.00    0.00  168.50     3  bt-mz.B.24
02:18:40        32915  167.50    0.00    0.00  167.50    39  bt-mz.B.24
02:18:40        32916  170.50    0.00    0.00  170.50     4  bt-mz.B.24
02:18:40        32918  173.50    0.00    0.00  173.50    40  bt-mz.B.24
02:18:40        32920  171.00    0.00    0.00  171.00     5  bt-mz.B.24
02:18:40        32922  171.50    0.00    0.00  171.50    41  bt-mz.B.24
02:18:40        32923  170.50    0.50    0.00  171.00    30  bt-mz.B.24
02:18:40        32925  172.00    0.00    0.00  172.00    42  bt-mz.B.24

02:18:40          PID    %usr %system  %guest    %CPU   CPU  Command
02:18:42         4120    0.00    0.50    0.00    0.50     9  kondemand/9
02:18:42         4126    0.00    0.50    0.00    0.50    15  kondemand/15
02:18:42         4129    0.00    0.50    0.00    0.50    18  kondemand/18
02:18:42         4131    0.00    0.50    0.00    0.50    20  kondemand/20
02:18:42         4138    0.00    0.50    0.00    0.50    27  kondemand/27
02:18:42         4147    0.00    0.50    0.00    0.50    36  kondemand/36
02:18:42         4158    0.00    0.50    0.00    0.50    47  kondemand/47
02:18:42        23393    1.00    0.00    0.00    1.00    15  gmond
02:18:42        32888    0.00    0.50    0.00    0.50    12  mpirun
02:18:42        32894    1.00    1.00    0.00    2.00    38  top
02:18:42        32896    0.50    2.00    0.00    2.50    27  pidstat
02:18:42        32898    1.00    2.00    0.00    3.00    15  pidstat
02:18:42        32900    0.00    0.50    0.00    0.50    25  iostat
02:18:42        32911  164.50    0.00    0.00  164.50    37  bt-mz.B.24
02:18:42        32912  165.50    0.00    0.00  165.50     2  bt-mz.B.24
02:18:42        32913  164.00    0.00    0.00  164.00    14  bt-mz.B.24
02:18:42        32914  165.00    0.00    0.00  165.00     3  bt-mz.B.24
02:18:42        32915  163.50    0.00    0.00  163.50    39  bt-mz.B.24
02:18:42        32918  166.00    0.50    0.00  166.50    40  bt-mz.B.24
02:18:42        32920  163.00    0.00    0.00  163.00     5  bt-mz.B.24
02:18:42        32922  163.50    0.50    0.00  164.00    41  bt-mz.B.24
02:18:42        32923  163.50    0.00    0.00  163.50    30  bt-mz.B.24
02:18:42        32925  164.00    0.00    0.00  164.00    42  bt-mz.B.24
