Linux 2.6.32-279.14.1.el6.x86_64 (compute-641-14.local) 	04/21/20 	_x86_64_	(32 CPU)

02:09:38          PID    %usr %system  %guest    %CPU   CPU  Command
02:09:40         3133    0.00    0.49    0.00    0.49     0  kondemand/0
02:09:40         3141    0.00    0.49    0.00    0.49     8  kondemand/8
02:09:40         3149    0.00    0.49    0.00    0.49    16  kondemand/16
02:09:40         3684    0.49    0.00    0.00    0.49     2  snmpd
02:09:40         4128    0.00    0.49    0.00    0.49    16  gmond
02:09:40        10325    3.43    1.47    0.00    4.90    17  mpirun
02:09:40        10331    0.49    0.49    0.00    0.98    27  top
02:09:40        10333    0.49    1.47    0.00    1.96     4  pidstat
02:09:40        10335    0.49    1.47    0.00    1.96    26  pidstat
02:09:40        10345  148.53    9.31    0.00  157.84    16  bt-mz.B.32
02:09:40        10346  136.27   13.73    0.00  150.00     1  bt-mz.B.32
02:09:40        10347  133.82   14.71    0.00  148.53    18  bt-mz.B.32
02:09:40        10348  125.49   16.18    0.00  141.67    19  bt-mz.B.32
02:09:40        10349  116.18   19.61    0.00  135.78    20  bt-mz.B.32
02:09:40        10350  119.12   18.14    0.00  137.25    21  bt-mz.B.32
02:09:40        10351  112.25   19.12    0.00  131.37    22  bt-mz.B.32
02:09:40        10352  109.31   20.59    0.00  129.90    23  bt-mz.B.32
02:09:40        10353  106.37   23.53    0.00  129.90    24  bt-mz.B.32
02:09:40        10356  104.41   23.04    0.00  127.45     9  bt-mz.B.32
02:09:40        10357  101.96   27.45    0.00  129.41    10  bt-mz.B.32
02:09:40        10359  105.39   24.51    0.00  129.90    11  bt-mz.B.32
02:09:40        10360   99.51   29.41    0.00  128.92    12  bt-mz.B.32
02:09:40        10362  100.49   28.92    0.00  129.41    29  bt-mz.B.32

02:09:40          PID    %usr %system  %guest    %CPU   CPU  Command
02:09:42          147    0.00    0.50    0.00    0.50    16  events/16
02:09:42         3144    0.00    0.50    0.00    0.50    11  kondemand/11
02:09:42         3151    0.00    0.50    0.00    0.50    18  kondemand/18
02:09:42         3180    0.00    0.50    0.00    0.50    20  kipmi0
02:09:42         4128    0.50    0.00    0.00    0.50    16  gmond
02:09:42        10331    1.00    1.00    0.00    2.00    27  top
02:09:42        10333    1.00    2.00    0.00    3.00    20  pidstat
02:09:42        10335    1.00    3.00    0.00    4.00    26  pidstat
02:09:42        10345  192.00    0.50    0.00  192.50     0  bt-mz.B.32
02:09:42        10346  175.00    8.50    0.00  183.50     1  bt-mz.B.32
02:09:42        10347  173.00    8.00    0.00  181.00    18  bt-mz.B.32
02:09:42        10348  149.00   16.00    0.00  165.00    19  bt-mz.B.32
02:09:42        10349  150.00   15.00    0.00  165.00     4  bt-mz.B.32
02:09:42        10350  148.00   16.00    0.00  164.00    21  bt-mz.B.32
02:09:42        10351  134.50   19.00    0.00  153.50    22  bt-mz.B.32
02:09:42        10352  133.00   21.00    0.00  154.00    23  bt-mz.B.32
02:09:42        10353  127.50   25.50    0.00  153.00    24  bt-mz.B.32
02:09:42        10356  127.00   23.00    0.00  150.00     9  bt-mz.B.32
02:09:42        10357  121.50   31.50    0.00  153.00    10  bt-mz.B.32
02:09:42        10359  128.00   25.50    0.00  153.50    11  bt-mz.B.32
02:09:42        10360  120.50   32.50    0.00  153.00    12  bt-mz.B.32
02:09:42        10362  119.50   33.00    0.00  152.50    29  bt-mz.B.32

02:09:42          PID    %usr %system  %guest    %CPU   CPU  Command
02:09:44         3138    0.00    0.50    0.00    0.50     5  kondemand/5
02:09:44         3140    0.00    0.50    0.00    0.50     7  kondemand/7
02:09:44         3164    0.00    0.50    0.00    0.50    31  kondemand/31
02:09:44         4128    0.00    0.50    0.00    0.50    16  gmond
02:09:44        10331    0.50    0.50    0.00    1.00    13  top
02:09:44        10333    0.50    1.50    0.00    2.00    20  pidstat
02:09:44        10335    1.00    1.50    0.00    2.50    26  pidstat
02:09:44        10345  193.00    0.50    0.00  193.50     0  bt-mz.B.32
02:09:44        10346  171.50    9.00    0.00  180.50     1  bt-mz.B.32
02:09:44        10347  169.00    9.50    0.00  178.50    18  bt-mz.B.32
02:09:44        10348  153.50   13.50    0.00  167.00    19  bt-mz.B.32
02:09:44        10349  146.50   16.00    0.00  162.50     4  bt-mz.B.32
02:09:44        10350  145.50   16.50    0.00  162.00    21  bt-mz.B.32
02:09:44        10351  138.50   16.50    0.00  155.00    22  bt-mz.B.32
02:09:44        10352  134.50   20.50    0.00  155.00    23  bt-mz.B.32
02:09:44        10353  132.00   23.00    0.00  155.00    24  bt-mz.B.32
02:09:44        10356  128.50   22.00    0.00  150.50     9  bt-mz.B.32
02:09:44        10357  124.00   28.50    0.00  152.50    10  bt-mz.B.32
02:09:44        10359  130.50   24.00    0.00  154.50    11  bt-mz.B.32
02:09:44        10360  122.00   29.50    0.00  151.50    12  bt-mz.B.32
02:09:44        10362  124.50   30.00    0.00  154.50    29  bt-mz.B.32

02:09:44          PID    %usr %system  %guest    %CPU   CPU  Command
02:09:46         3162    0.00    0.50    0.00    0.50    29  kondemand/29
02:09:46        10331    0.00    1.00    0.00    1.00    13  top
02:09:46        10333    1.00    2.00    0.00    3.00    20  pidstat
02:09:46        10335    0.00    1.00    0.00    1.00    10  pidstat
02:09:46        10345  187.50    0.00    0.00  187.50    16  bt-mz.B.32
02:09:46        10346  169.50    9.00    0.00  178.50     1  bt-mz.B.32
02:09:46        10347  169.00    9.00    0.00  178.00    18  bt-mz.B.32
02:09:46        10348  151.50   14.00    0.00  165.50    19  bt-mz.B.32
02:09:46        10349  147.50   14.00    0.00  161.50     4  bt-mz.B.32
02:09:46        10350  146.00   16.50    0.00  162.50    21  bt-mz.B.32
02:09:46        10351  135.00   18.50    0.00  153.50    22  bt-mz.B.32
02:09:46        10352  132.00   20.00    0.00  152.00    23  bt-mz.B.32
02:09:46        10353  130.00   22.50    0.00  152.50    24  bt-mz.B.32
02:09:46        10356  129.00   21.00    0.00  150.00     9  bt-mz.B.32
02:09:46        10357  127.50   26.50    0.00  154.00    10  bt-mz.B.32
02:09:46        10359  128.50   24.50    0.00  153.00    11  bt-mz.B.32
02:09:46        10360  121.00   31.50    0.00  152.50    12  bt-mz.B.32
02:09:46        10362  121.00   31.50    0.00  152.50    29  bt-mz.B.32

02:09:46          PID    %usr %system  %guest    %CPU   CPU  Command
02:09:48         3150    0.00    0.50    0.00    0.50    17  kondemand/17
02:09:48         3156    0.00    0.50    0.00    0.50    23  kondemand/23
02:09:48         3180    0.00    0.50    0.00    0.50     4  kipmi0
02:09:48         4128    0.00    0.50    0.00    0.50    16  gmond
02:09:48        10331    1.00    0.50    0.00    1.50    13  top
02:09:48        10333    0.00    2.00    0.00    2.00     4  pidstat
02:09:48        10335    1.00    3.00    0.00    4.00    10  pidstat
02:09:48        10345  193.00    0.50    0.00  193.50    16  bt-mz.B.32
02:09:48        10346  171.50    9.50    0.00  181.00     1  bt-mz.B.32
02:09:48        10347  171.00    9.50    0.00  180.50    18  bt-mz.B.32
02:09:48        10348  153.00   13.50    0.00  166.50    19  bt-mz.B.32
02:09:48        10349  151.50   13.50    0.00  165.00    20  bt-mz.B.32
02:09:48        10350  148.50   16.00    0.00  164.50    21  bt-mz.B.32
02:09:48        10351  135.00   19.00    0.00  154.00    22  bt-mz.B.32
02:09:48        10352  130.00   22.00    0.00  152.00    23  bt-mz.B.32
02:09:48        10353  130.50   23.50    0.00  154.00    24  bt-mz.B.32
02:09:48        10356  130.00   22.50    0.00  152.50     9  bt-mz.B.32
02:09:48        10357  124.50   29.00    0.00  153.50    26  bt-mz.B.32
02:09:48        10359  128.00   26.00    0.00  154.00    11  bt-mz.B.32
02:09:48        10360  125.50   29.50    0.00  155.00    12  bt-mz.B.32
02:09:48        10362  122.00   31.00    0.00  153.00    29  bt-mz.B.32

02:09:48          PID    %usr %system  %guest    %CPU   CPU  Command
02:09:50         3142    0.00    0.50    0.00    0.50     9  kondemand/9
02:09:50         3146    0.00    0.50    0.00    0.50    13  kondemand/13
02:09:50         3160    0.00    0.50    0.00    0.50    27  kondemand/27
02:09:50         4128    0.50    0.00    0.00    0.50    16  gmond
02:09:50        10331    0.00    1.00    0.00    1.00    13  top
02:09:50        10333    0.50    2.00    0.00    2.50     4  pidstat
02:09:50        10335    0.50    1.00    0.00    1.50    10  pidstat
02:09:50        10345  186.50    2.00    0.00  188.50     0  bt-mz.B.32
02:09:50        10346  168.00   10.00    0.00  178.00     1  bt-mz.B.32
02:09:50        10347  166.50   10.50    0.00  177.00    18  bt-mz.B.32
02:09:50        10348  149.50   15.00    0.00  164.50    19  bt-mz.B.32
02:09:50        10349  146.50   15.00    0.00  161.50    20  bt-mz.B.32
02:09:50        10350  144.00   17.50    0.00  161.50    21  bt-mz.B.32
02:09:50        10351  133.00   19.50    0.00  152.50    22  bt-mz.B.32
02:09:50        10352  128.50   23.00    0.00  151.50    23  bt-mz.B.32
02:09:50        10353  127.00   24.50    0.00  151.50    24  bt-mz.B.32
02:09:50        10356  127.00   22.50    0.00  149.50     9  bt-mz.B.32
02:09:50        10357  123.00   28.50    0.00  151.50    10  bt-mz.B.32
02:09:50        10359  127.50   24.50    0.00  152.00    11  bt-mz.B.32
02:09:50        10360  120.00   31.50    0.00  151.50    12  bt-mz.B.32
02:09:50        10362  118.50   32.00    0.00  150.50    29  bt-mz.B.32

02:09:50          PID    %usr %system  %guest    %CPU   CPU  Command
02:09:52          158    0.00    0.50    0.00    0.50    27  events/27
02:09:52         3137    0.00    0.50    0.00    0.50     4  kondemand/4
02:09:52         3154    0.00    0.50    0.00    0.50    21  kondemand/21
02:09:52         4128    0.00    0.50    0.00    0.50     0  gmond
02:09:52        10331    0.50    0.50    0.00    1.00    13  top
02:09:52        10333    0.50    2.00    0.00    2.50     4  pidstat
02:09:52        10335    0.50    2.50    0.00    3.00    10  pidstat
02:09:52        10345  192.50    0.50    0.00  193.00     0  bt-mz.B.32
02:09:52        10346  172.50    9.00    0.00  181.50     1  bt-mz.B.32
02:09:52        10347  172.00    8.50    0.00  180.50    18  bt-mz.B.32
02:09:52        10348  149.00   15.50    0.00  164.50    19  bt-mz.B.32
02:09:52        10349  150.00   15.00    0.00  165.00    20  bt-mz.B.32
02:09:52        10350  146.00   17.00    0.00  163.00    21  bt-mz.B.32
02:09:52        10351  133.50   19.50    0.00  153.00    22  bt-mz.B.32
02:09:52        10352  134.00   20.00    0.00  154.00    23  bt-mz.B.32
02:09:52        10353  127.50   25.50    0.00  153.00    24  bt-mz.B.32
02:09:52        10356  126.00   23.50    0.00  149.50     9  bt-mz.B.32
02:09:52        10357  121.00   31.00    0.00  152.00    26  bt-mz.B.32
02:09:52        10359  125.50   27.50    0.00  153.00    11  bt-mz.B.32
02:09:52        10360  118.00   33.50    0.00  151.50    12  bt-mz.B.32
02:09:52        10362  119.00   33.00    0.00  152.00    29  bt-mz.B.32

02:09:52          PID    %usr %system  %guest    %CPU   CPU  Command
02:09:54          140    0.00    0.50    0.00    0.50     9  events/9
02:09:54         3143    0.00    0.50    0.00    0.50    10  kondemand/10
02:09:54         3145    0.00    0.50    0.00    0.50    12  kondemand/12
02:09:54         3148    0.00    0.50    0.00    0.50    15  kondemand/15
02:09:54         3180    0.00    0.50    0.00    0.50     4  kipmi0
02:09:54         4128    0.00    0.50    0.00    0.50     0  gmond
02:09:54        10331    1.00    1.00    0.00    2.00    13  top
02:09:54        10333    1.00    1.50    0.00    2.50     0  pidstat
02:09:54        10335    1.00    2.00    0.00    3.00    10  pidstat
02:09:54        10337    0.00    0.50    0.00    0.50    13  iostat
02:09:54        10345  189.50    1.00    0.00  190.50    16  bt-mz.B.32
02:09:54        10346  167.00   11.00    0.00  178.00     1  bt-mz.B.32
02:09:54        10347  166.50   10.50    0.00  177.00    18  bt-mz.B.32
02:09:54        10348  148.50   15.00    0.00  163.50    19  bt-mz.B.32
02:09:54        10349  149.50   14.00    0.00  163.50    20  bt-mz.B.32
02:09:54        10350  144.50   16.50    0.00  161.00    21  bt-mz.B.32
02:09:54        10351  135.50   19.50    0.00  155.00    22  bt-mz.B.32
02:09:54        10352  134.50   20.00    0.00  154.50    23  bt-mz.B.32
02:09:54        10353  131.00   23.50    0.00  154.50    24  bt-mz.B.32
02:09:54        10356  128.00   22.50    0.00  150.50     9  bt-mz.B.32
02:09:54        10357  121.00   31.50    0.00  152.50    26  bt-mz.B.32
02:09:54        10359  126.00   26.50    0.00  152.50    11  bt-mz.B.32
02:09:54        10360  119.00   32.50    0.00  151.50    12  bt-mz.B.32
02:09:54        10362  119.50   31.50    0.00  151.00    29  bt-mz.B.32

02:09:54          PID    %usr %system  %guest    %CPU   CPU  Command
02:09:56          105    0.00    0.50    0.00    0.50    25  ksoftirqd/25
02:09:56         3152    0.00    0.50    0.00    0.50    19  kondemand/19
02:09:56         3155    0.00    0.50    0.00    0.50    22  kondemand/22
02:09:56        10331    0.00    1.00    0.00    1.00    13  top
02:09:56        10333    1.00    2.00    0.00    3.00     4  pidstat
02:09:56        10335    1.00    2.00    0.00    3.00    10  pidstat
02:09:56        10345  189.00    1.00    0.00  190.00     0  bt-mz.B.32
02:09:56        10346  170.50    9.00    0.00  179.50     1  bt-mz.B.32
02:09:56        10347  170.00   10.00    0.00  180.00    18  bt-mz.B.32
02:09:56        10348  154.00   14.50    0.00  168.50    19  bt-mz.B.32
02:09:56        10349  148.50   15.50    0.00  164.00    20  bt-mz.B.32
02:09:56        10350  147.00   17.00    0.00  164.00    21  bt-mz.B.32
02:09:56        10351  134.00   19.50    0.00  153.50    22  bt-mz.B.32
02:09:56        10352  132.50   21.00    0.00  153.50    23  bt-mz.B.32
02:09:56        10353  129.00   24.50    0.00  153.50    24  bt-mz.B.32
02:09:56        10356  127.50   22.50    0.00  150.00     9  bt-mz.B.32
02:09:56        10357  124.00   29.50    0.00  153.50    10  bt-mz.B.32
02:09:56        10359  133.50   23.00    0.00  156.50    11  bt-mz.B.32
02:09:56        10360  120.00   33.50    0.00  153.50    12  bt-mz.B.32
02:09:56        10362  126.00   29.00    0.00  155.00    29  bt-mz.B.32

02:09:56          PID    %usr %system  %guest    %CPU   CPU  Command
02:09:58         3134    0.00    0.50    0.00    0.50     1  kondemand/1
02:09:58         3147    0.00    0.50    0.00    0.50    14  kondemand/14
02:09:58         3153    0.00    0.50    0.00    0.50    20  kondemand/20
02:09:58         3180    0.00    0.50    0.00    0.50    20  kipmi0
02:09:58         4128    0.00    0.50    0.00    0.50     0  gmond
02:09:58        10331    1.00    0.50    0.00    1.50    13  top
02:09:58        10333    0.50    1.50    0.00    2.00    20  pidstat
02:09:58        10335    0.50    2.00    0.00    2.50    10  pidstat
02:09:58        10345  192.50    0.50    0.00  193.00     0  bt-mz.B.32
02:09:58        10346  173.50    8.50    0.00  182.00     1  bt-mz.B.32
02:09:58        10347  172.00    8.50    0.00  180.50    18  bt-mz.B.32
02:09:58        10348  154.50   13.50    0.00  168.00    19  bt-mz.B.32
02:09:58        10349  151.00   14.00    0.00  165.00     4  bt-mz.B.32
02:09:58        10350  149.50   15.50    0.00  165.00    21  bt-mz.B.32
02:09:58        10351  135.50   19.50    0.00  155.00    22  bt-mz.B.32
02:09:58        10352  130.50   22.00    0.00  152.50    23  bt-mz.B.32
02:09:58        10353  131.00   23.50    0.00  154.50    24  bt-mz.B.32
02:09:58        10356  134.00   19.50    0.00  153.50     9  bt-mz.B.32
02:09:58        10357  128.50   26.50    0.00  155.00    10  bt-mz.B.32
02:09:58        10359  130.50   24.50    0.00  155.00    11  bt-mz.B.32
02:09:58        10360  124.50   30.50    0.00  155.00    12  bt-mz.B.32
02:09:58        10362  125.50   29.50    0.00  155.00    29  bt-mz.B.32

02:09:58          PID    %usr %system  %guest    %CPU   CPU  Command
02:10:00         3133    0.00    0.50    0.00    0.50     0  kondemand/0
02:10:00         3157    0.00    0.50    0.00    0.50    24  kondemand/24
02:10:00         3159    0.00    0.50    0.00    0.50    26  kondemand/26
02:10:00         3161    0.00    0.50    0.00    0.50    28  kondemand/28
02:10:00         3163    0.00    0.50    0.00    0.50    30  kondemand/30
02:10:00         4128    0.00    0.50    0.00    0.50     0  gmond
02:10:00        10331    0.00    1.00    0.00    1.00    13  top
02:10:00        10333    1.00    2.00    0.00    3.00    20  pidstat
02:10:00        10335    0.50    2.00    0.00    2.50    26  pidstat
02:10:00        10345  190.50    0.00    0.00  190.50    16  bt-mz.B.32
02:10:00        10346  169.50    9.00    0.00  178.50     1  bt-mz.B.32
02:10:00        10347  169.00    9.00    0.00  178.00    18  bt-mz.B.32
02:10:00        10348  147.50   16.00    0.00  163.50    19  bt-mz.B.32
02:10:00        10349  148.50   13.00    0.00  161.50     4  bt-mz.B.32
02:10:00        10350  146.00   16.50    0.00  162.50    21  bt-mz.B.32
02:10:00        10351  131.50   20.00    0.00  151.50    22  bt-mz.B.32
02:10:00        10352  130.00   20.00    0.00  150.00    23  bt-mz.B.32
02:10:00        10353  127.00   24.00    0.00  151.00    24  bt-mz.B.32
02:10:00        10356  126.50   22.50    0.00  149.00     9  bt-mz.B.32
02:10:00        10357  123.00   28.00    0.00  151.00    10  bt-mz.B.32
02:10:00        10359  126.00   25.00    0.00  151.00    11  bt-mz.B.32
02:10:00        10360  119.00   32.00    0.00  151.00    12  bt-mz.B.32
02:10:00        10362  120.00   30.00    0.00  150.00    13  bt-mz.B.32

02:10:00          PID    %usr %system  %guest    %CPU   CPU  Command
02:10:02         3136    0.00    0.50    0.00    0.50     3  kondemand/3
02:10:02         3808    0.50    0.00    0.00    0.50    14  crond
02:10:02        10331    1.00    0.50    0.00    1.50    13  top
02:10:02        10333    0.50    1.50    0.00    2.00     4  pidstat
02:10:02        10335    0.50    1.50    0.00    2.00    26  pidstat
02:10:02        10345  191.50    0.50    0.00  192.00     0  bt-mz.B.32
02:10:02        10346  171.00    9.00    0.00  180.00     1  bt-mz.B.32
02:10:02        10347  170.50    8.50    0.00  179.00    18  bt-mz.B.32
02:10:02        10348  150.50   14.50    0.00  165.00    19  bt-mz.B.32
02:10:02        10349  149.50   15.00    0.00  164.50    20  bt-mz.B.32
02:10:02        10350  144.50   16.50    0.00  161.00    21  bt-mz.B.32
02:10:02        10351  134.50   19.00    0.00  153.50    22  bt-mz.B.32
02:10:02        10352  133.00   21.50    0.00  154.50    23  bt-mz.B.32
02:10:02        10353  129.50   23.50    0.00  153.00    24  bt-mz.B.32
02:10:02        10356  125.00   24.00    0.00  149.00     9  bt-mz.B.32
02:10:02        10357  122.50   30.50    0.00  153.00    10  bt-mz.B.32
02:10:02        10359  127.00   26.50    0.00  153.50    11  bt-mz.B.32
02:10:02        10360  119.50   32.00    0.00  151.50    12  bt-mz.B.32
02:10:02        10362  119.50   32.50    0.00  152.00    13  bt-mz.B.32

02:10:02          PID    %usr %system  %guest    %CPU   CPU  Command
02:10:04          135    0.00    0.50    0.00    0.50     4  events/4
02:10:04          341    0.00    0.50    0.00    0.50     0  khugepaged
02:10:04         3139    0.00    0.50    0.00    0.50     6  kondemand/6
02:10:04         3158    0.00    0.50    0.00    0.50    25  kondemand/25
02:10:04         3180    0.00    0.50    0.00    0.50     4  kipmi0
02:10:04         4128    0.00    0.50    0.00    0.50     0  gmond
02:10:04        10331    0.50    1.00    0.00    1.50    29  top
02:10:04        10333    0.50    1.50    0.00    2.00     4  pidstat
02:10:04        10335    1.00    2.50    0.00    3.50    26  pidstat
02:10:04        10345  192.50    0.00    0.00  192.50    16  bt-mz.B.32
02:10:04        10346  170.50    9.50    0.00  180.00     1  bt-mz.B.32
02:10:04        10347  169.50   10.00    0.00  179.50    18  bt-mz.B.32
02:10:04        10348  152.50   14.00    0.00  166.50    19  bt-mz.B.32
02:10:04        10349  149.50   13.50    0.00  163.00    20  bt-mz.B.32
02:10:04        10350  146.50   16.50    0.00  163.00    21  bt-mz.B.32
02:10:04        10351  137.50   17.50    0.00  155.00    22  bt-mz.B.32
02:10:04        10352  134.00   20.50    0.00  154.50    23  bt-mz.B.32
02:10:04        10353  133.00   22.00    0.00  155.00    24  bt-mz.B.32
02:10:04        10356  129.50   21.50    0.00  151.00     9  bt-mz.B.32
02:10:04        10357  126.00   26.50    0.00  152.50    10  bt-mz.B.32
02:10:04        10359  130.50   24.50    0.00  155.00    11  bt-mz.B.32
02:10:04        10360  122.00   30.50    0.00  152.50    12  bt-mz.B.32
02:10:04        10362  124.50   30.00    0.00  154.50    13  bt-mz.B.32

02:10:04          PID    %usr %system  %guest    %CPU   CPU  Command
02:10:06         3135    0.00    0.50    0.00    0.50     2  kondemand/2
02:10:06         3149    0.00    0.50    0.00    0.50    16  kondemand/16
02:10:06         4128    0.50    0.50    0.00    1.00    16  gmond
02:10:06        10331    0.50    0.50    0.00    1.00    29  top
02:10:06        10333    1.00    2.00    0.00    3.00    20  pidstat
02:10:06        10335    1.00    2.50    0.00    3.50    26  pidstat
02:10:06        10345  194.00    0.50    0.00  194.50    16  bt-mz.B.32
02:10:06        10346  173.50    9.50    0.00  183.00     1  bt-mz.B.32
02:10:06        10347  174.50    8.00    0.00  182.50    18  bt-mz.B.32
02:10:06        10348  155.00   14.50    0.00  169.50    19  bt-mz.B.32
02:10:06        10349  154.00   13.50    0.00  167.50     4  bt-mz.B.32
02:10:06        10350  152.00   15.00    0.00  167.00    21  bt-mz.B.32
02:10:06        10351  137.00   19.00    0.00  156.00    22  bt-mz.B.32
02:10:06        10352  131.50   22.00    0.00  153.50    23  bt-mz.B.32
02:10:06        10353  130.50   24.50    0.00  155.00    24  bt-mz.B.32
02:10:06        10356  131.00   23.50    0.00  154.50     9  bt-mz.B.32
02:10:06        10357  127.50   28.00    0.00  155.50    10  bt-mz.B.32
02:10:06        10359  130.50   25.50    0.00  156.00    11  bt-mz.B.32
02:10:06        10360  125.50   32.00    0.00  157.50    12  bt-mz.B.32
02:10:06        10362  123.50   31.50    0.00  155.00    13  bt-mz.B.32

02:10:06          PID    %usr %system  %guest    %CPU   CPU  Command
02:10:08         3180    0.00    0.50    0.00    0.50    20  kipmi0
02:10:08        10331    0.50    1.00    0.00    1.50    29  top
02:10:08        10333    1.00    1.50    0.00    2.50    20  pidstat
02:10:08        10335    0.50    1.50    0.00    2.00    26  pidstat
02:10:08        10345  187.50    0.50    0.00  188.00    16  bt-mz.B.32
02:10:08        10346  169.00    9.00    0.00  178.00     1  bt-mz.B.32
02:10:08        10347  168.50    8.50    0.00  177.00    18  bt-mz.B.32
02:10:08        10348  147.50   15.50    0.00  163.00    19  bt-mz.B.32
02:10:08        10349  148.50   13.00    0.00  161.50     4  bt-mz.B.32
02:10:08        10350  144.50   17.00    0.00  161.50    21  bt-mz.B.32
02:10:08        10351  132.50   18.50    0.00  151.00    22  bt-mz.B.32
02:10:08        10352  130.00   21.00    0.00  151.00    23  bt-mz.B.32
02:10:08        10353  127.50   23.50    0.00  151.00    24  bt-mz.B.32
02:10:08        10356  126.50   22.00    0.00  148.50     9  bt-mz.B.32
02:10:08        10357  119.50   31.00    0.00  150.50    10  bt-mz.B.32
02:10:08        10359  125.00   26.50    0.00  151.50    11  bt-mz.B.32
02:10:08        10360  119.50   30.50    0.00  150.00    12  bt-mz.B.32
02:10:08        10362  118.50   31.50    0.00  150.00    13  bt-mz.B.32

02:10:08          PID    %usr %system  %guest    %CPU   CPU  Command
02:10:10         3021    0.00    0.50    0.00    0.50    31  flush-8:0
02:10:10         4128    0.00    0.50    0.00    0.50    16  gmond
02:10:10        10331    0.50    1.00    0.00    1.50    29  top
02:10:10        10333    0.50    2.00    0.00    2.50    20  pidstat
02:10:10        10335    0.50    2.00    0.00    2.50    26  pidstat
02:10:10        10345  191.00    0.00    0.00  191.00     0  bt-mz.B.32
02:10:10        10346  169.00   10.50    0.00  179.50     1  bt-mz.B.32
02:10:10        10347  169.00   10.00    0.00  179.00    18  bt-mz.B.32
02:10:10        10348  150.50   15.00    0.00  165.50    19  bt-mz.B.32
02:10:10        10349  149.00   15.00    0.00  164.00     4  bt-mz.B.32
02:10:10        10350  145.50   15.50    0.00  161.00    21  bt-mz.B.32
02:10:10        10351  136.00   18.00    0.00  154.00    22  bt-mz.B.32
02:10:10        10352  134.00   20.50    0.00  154.50    23  bt-mz.B.32
02:10:10        10353  129.50   24.00    0.00  153.50    24  bt-mz.B.32
02:10:10        10356  125.50   23.50    0.00  149.00     9  bt-mz.B.32
02:10:10        10357  123.00   30.00    0.00  153.00    10  bt-mz.B.32
02:10:10        10359  128.00   25.50    0.00  153.50    11  bt-mz.B.32
02:10:10        10360  119.00   32.50    0.00  151.50    12  bt-mz.B.32
02:10:10        10362  123.00   30.00    0.00  153.00    29  bt-mz.B.32

02:10:10          PID    %usr %system  %guest    %CPU   CPU  Command
02:10:12         3151    0.00    0.50    0.00    0.50    18  kondemand/18
02:10:12         3852    0.50    1.00    0.00    1.50    24  pbs_mom
02:10:12        10331    0.50    0.50    0.00    1.00    29  top
02:10:12        10333    1.00    1.50    0.00    2.50    20  pidstat
02:10:12        10335    1.00    2.50    0.00    3.50    26  pidstat
02:10:12        10345  192.00    0.50    0.00  192.50     0  bt-mz.B.32
02:10:12        10346  172.50    9.00    0.00  181.50     1  bt-mz.B.32
02:10:12        10347  171.00    8.00    0.00  179.00    18  bt-mz.B.32
02:10:12        10348  154.00   14.00    0.00  168.00    19  bt-mz.B.32
02:10:12        10349  149.50   14.50    0.00  164.00     4  bt-mz.B.32
02:10:12        10350  149.00   16.00    0.00  165.00    21  bt-mz.B.32
02:10:12        10351  137.50   18.50    0.00  156.00    22  bt-mz.B.32
02:10:12        10352  134.50   20.00    0.00  154.50    23  bt-mz.B.32
02:10:12        10353  133.00   23.00    0.00  156.00    24  bt-mz.B.32
02:10:12        10356  131.00   21.50    0.00  152.50     9  bt-mz.B.32
02:10:12        10357  126.00   27.50    0.00  153.50    10  bt-mz.B.32
02:10:12        10359  131.00   25.00    0.00  156.00    11  bt-mz.B.32
02:10:12        10360  123.00   31.50    0.00  154.50    12  bt-mz.B.32
02:10:12        10362  125.50   29.00    0.00  154.50    13  bt-mz.B.32

02:10:12          PID    %usr %system  %guest    %CPU   CPU  Command
02:10:14          160    0.00    0.50    0.00    0.50    29  events/29
02:10:14         3138    0.00    0.50    0.00    0.50     5  kondemand/5
02:10:14         3144    0.00    0.50    0.00    0.50    11  kondemand/11
02:10:14         3180    0.00    0.50    0.00    0.50    20  kipmi0
02:10:14         3195    0.00    0.50    0.00    0.50    28  irqbalance
02:10:14         4128    0.00    0.50    0.00    0.50    16  gmond
02:10:14        10331    0.50    1.00    0.00    1.50    29  top
02:10:14        10333    0.50    2.00    0.00    2.50    20  pidstat
02:10:14        10335    0.50    2.50    0.00    3.00    26  pidstat
02:10:14        10336    0.00    0.50    0.00    0.50    28  mpstat
02:10:14        10337    0.00    0.50    0.00    0.50    13  iostat
02:10:14        10345  194.50    0.50    0.00  195.00     0  bt-mz.B.32
02:10:14        10346  172.50    9.00    0.00  181.50     1  bt-mz.B.32
02:10:14        10347  173.50    8.00    0.00  181.50    18  bt-mz.B.32
02:10:14        10348  153.50   13.50    0.00  167.00    19  bt-mz.B.32
02:10:14        10349  151.50   14.50    0.00  166.00     4  bt-mz.B.32
02:10:14        10350  150.00   15.50    0.00  165.50    21  bt-mz.B.32
02:10:14        10351  136.00   18.00    0.00  154.00    22  bt-mz.B.32
02:10:14        10352  130.50   21.50    0.00  152.00    23  bt-mz.B.32
02:10:14        10353  128.50   25.00    0.00  153.50    24  bt-mz.B.32
02:10:14        10356  131.00   21.50    0.00  152.50     9  bt-mz.B.32
02:10:14        10357  126.50   28.00    0.00  154.50    10  bt-mz.B.32
02:10:14        10359  127.00   27.00    0.00  154.00    11  bt-mz.B.32
02:10:14        10360  124.00   31.00    0.00  155.00    12  bt-mz.B.32
02:10:14        10362  120.00   33.00    0.00  153.00    13  bt-mz.B.32

02:10:14          PID    %usr %system  %guest    %CPU   CPU  Command
02:10:16         3141    0.00    0.50    0.00    0.50     8  kondemand/8
02:10:16         3150    0.00    0.50    0.00    0.50    17  kondemand/17
02:10:16         4128    0.00    0.50    0.00    0.50    16  gmond
02:10:16        10331    1.00    0.50    0.00    1.50    13  top
02:10:16        10333    0.50    2.00    0.00    2.50     4  pidstat
02:10:16        10335    0.00    2.00    0.00    2.00    26  pidstat
02:10:16        10345  190.50    0.00    0.00  190.50     0  bt-mz.B.32
02:10:16        10346  172.00    8.50    0.00  180.50     1  bt-mz.B.32
02:10:16        10347  170.00    9.00    0.00  179.00    18  bt-mz.B.32
02:10:16        10348  148.00   16.00    0.00  164.00    19  bt-mz.B.32
02:10:16        10349  149.00   15.00    0.00  164.00    20  bt-mz.B.32
02:10:16        10350  145.50   16.00    0.00  161.50    21  bt-mz.B.32
02:10:16        10351  133.50   19.00    0.00  152.50    22  bt-mz.B.32
02:10:16        10352  132.50   21.00    0.00  153.50    23  bt-mz.B.32
02:10:16        10353  128.50   23.00    0.00  151.50    24  bt-mz.B.32
02:10:16        10356  126.00   23.00    0.00  149.00     9  bt-mz.B.32
02:10:16        10357  121.50   30.50    0.00  152.00    10  bt-mz.B.32
02:10:16        10359  126.00   26.00    0.00  152.00    11  bt-mz.B.32
02:10:16        10360  119.50   31.50    0.00  151.00    12  bt-mz.B.32
02:10:16        10362  119.00   31.50    0.00  150.50    13  bt-mz.B.32

02:10:16          PID    %usr %system  %guest    %CPU   CPU  Command
02:10:18         3140    0.00    0.50    0.00    0.50     7  kondemand/7
02:10:18         4128    0.50    0.00    0.00    0.50    16  gmond
02:10:18        10331    0.50    1.00    0.00    1.50    29  top
02:10:18        10333    0.50    1.50    0.00    2.00    20  pidstat
02:10:18        10335    1.00    2.50    0.00    3.50    10  pidstat
02:10:18        10345  192.00    0.50    0.00  192.50     0  bt-mz.B.32
02:10:18        10346  169.50    9.50    0.00  179.00     1  bt-mz.B.32
02:10:18        10347  169.00   10.00    0.00  179.00    18  bt-mz.B.32
02:10:18        10348  152.50   14.50    0.00  167.00    19  bt-mz.B.32
02:10:18        10349  148.00   16.00    0.00  164.00    20  bt-mz.B.32
02:10:18        10350  147.00   16.00    0.00  163.00    21  bt-mz.B.32
02:10:18        10351  138.00   17.50    0.00  155.50    22  bt-mz.B.32
02:10:18        10352  135.00   20.00    0.00  155.00    23  bt-mz.B.32
02:10:18        10353  133.00   22.00    0.00  155.00    24  bt-mz.B.32
02:10:18        10356  128.50   22.00    0.00  150.50     9  bt-mz.B.32
02:10:18        10357  125.50   27.00    0.00  152.50    10  bt-mz.B.32
02:10:18        10359  131.00   25.00    0.00  156.00    11  bt-mz.B.32
02:10:18        10360  121.50   31.50    0.00  153.00    12  bt-mz.B.32
02:10:18        10362  124.50   31.00    0.00  155.50    13  bt-mz.B.32

02:10:18          PID    %usr %system  %guest    %CPU   CPU  Command
02:10:20          121    0.00    0.50    0.00    0.50    29  ksoftirqd/29
02:10:20         3133    0.00    0.50    0.00    0.50     0  kondemand/0
02:10:20         3156    0.00    0.50    0.00    0.50    23  kondemand/23
02:10:20         3180    0.00    0.50    0.00    0.50     4  kipmi0
02:10:20         4128    0.00    0.50    0.00    0.50    16  gmond
02:10:20        10331    0.50    0.50    0.00    1.00    29  top
02:10:20        10333    0.50    2.00    0.00    2.50    20  pidstat
02:10:20        10335    0.00    1.00    0.00    1.00    26  pidstat
02:10:20        10345  191.00    0.00    0.00  191.00     0  bt-mz.B.32
02:10:20        10346  171.00    8.00    0.00  179.00     1  bt-mz.B.32
02:10:20        10347  170.00    8.50    0.00  178.50    18  bt-mz.B.32
02:10:20        10348  151.50   14.50    0.00  166.00    19  bt-mz.B.32
02:10:20        10349  148.00   13.50    0.00  161.50     4  bt-mz.B.32
02:10:20        10350  146.50   15.50    0.00  162.00    21  bt-mz.B.32
02:10:20        10351  134.50   19.00    0.00  153.50    22  bt-mz.B.32
02:10:20        10352  130.50   21.50    0.00  152.00    23  bt-mz.B.32
02:10:20        10353  130.50   23.50    0.00  154.00    24  bt-mz.B.32
02:10:20        10356  129.00   22.00    0.00  151.00     9  bt-mz.B.32
02:10:20        10357  126.00   27.50    0.00  153.50    10  bt-mz.B.32
02:10:20        10359  128.50   25.00    0.00  153.50    11  bt-mz.B.32
02:10:20        10360  122.50   29.50    0.00  152.00    12  bt-mz.B.32
02:10:20        10362  123.50   28.50    0.00  152.00    29  bt-mz.B.32

02:10:20          PID    %usr %system  %guest    %CPU   CPU  Command
02:10:22         3137    0.00    0.50    0.00    0.50     4  kondemand/4
02:10:22         3142    0.00    0.50    0.00    0.50     9  kondemand/9
02:10:22         3146    0.00    0.50    0.00    0.50    13  kondemand/13
02:10:22         3162    0.00    0.50    0.00    0.50    29  kondemand/29
02:10:22        10331    0.50    1.00    0.00    1.50    13  top
02:10:22        10333    1.00    1.50    0.00    2.50     0  pidstat
02:10:22        10335    1.50    2.50    0.00    4.00    26  pidstat
02:10:22        10345  195.50    0.50    0.00  196.00     0  bt-mz.B.32
02:10:22        10346  178.00    8.50    0.00  186.50     1  bt-mz.B.32
02:10:22        10347  176.50    9.00    0.00  185.50    18  bt-mz.B.32
02:10:22        10348  157.00   13.50    0.00  170.50    19  bt-mz.B.32
02:10:22        10349  159.00   12.50    0.00  171.50    20  bt-mz.B.32
02:10:22        10350  153.50   16.00    0.00  169.50    21  bt-mz.B.32
02:10:22        10351  138.50   18.50    0.00  157.00    22  bt-mz.B.32
02:10:22        10352  133.50   22.00    0.00  155.50    23  bt-mz.B.32
02:10:22        10353  131.50   25.00    0.00  156.50    24  bt-mz.B.32
02:10:22        10356  132.50   22.50    0.00  155.00     9  bt-mz.B.32
02:10:22        10357  128.00   29.00    0.00  157.00    10  bt-mz.B.32
02:10:22        10359  130.50   26.50    0.00  157.00    11  bt-mz.B.32
02:10:22        10360  126.50   32.00    0.00  158.50    12  bt-mz.B.32
02:10:22        10362  122.00   33.50    0.00  155.50    29  bt-mz.B.32
