Linux 2.6.32-279.14.1.el6.x86_64 (compute-641-14.local) 	04/21/20 	_x86_64_	(32 CPU)

02:21:46          PID    %usr %system  %guest    %CPU   CPU  Command
02:21:48          157    0.00    0.49    0.00    0.49    26  events/26
02:21:48         3135    0.00    0.49    0.00    0.49     2  kondemand/2
02:21:48         3180    0.00    0.49    0.00    0.49    16  kipmi0
02:21:48         4128    0.49    0.49    0.00    0.99    16  gmond
02:21:48        14662    2.46    1.48    0.00    3.94     0  mpirun
02:21:48        14668    0.49    0.99    0.00    1.48    11  top
02:21:48        14670    0.49    1.48    0.00    1.97    21  pidstat
02:21:48        14672    0.49    1.48    0.00    1.97    25  pidstat
02:21:48        14682  135.47    9.36    0.00  144.83     0  bt-mz.B.32
02:21:48        14683  134.98   14.29    0.00  149.26     1  bt-mz.B.32
02:21:48        14684  131.53   16.26    0.00  147.78    18  bt-mz.B.32
02:21:48        14685  117.73   20.69    0.00  138.42    19  bt-mz.B.32
02:21:48        14686  116.26   20.20    0.00  136.45    20  bt-mz.B.32
02:21:48        14687  113.30   21.18    0.00  134.48     5  bt-mz.B.32
02:21:48        14688  104.93   22.66    0.00  127.59    22  bt-mz.B.32
02:21:48        14689  102.96   23.65    0.00  126.60    23  bt-mz.B.32
02:21:48        14690  100.49   27.09    0.00  127.59    24  bt-mz.B.32
02:21:48        14692  100.49   23.15    0.00  123.65     9  bt-mz.B.32
02:21:48        14695   96.06   30.05    0.00  126.11    26  bt-mz.B.32
02:21:48        14696   95.57   31.03    0.00  126.60    27  bt-mz.B.32
02:21:48        14699   94.09   31.03    0.00  125.12    28  bt-mz.B.32
02:21:48        14701   95.57   30.05    0.00  125.62    29  bt-mz.B.32

02:21:48          PID    %usr %system  %guest    %CPU   CPU  Command
02:21:50         3156    0.00    0.50    0.00    0.50    23  kondemand/23
02:21:50         3180    0.00    0.50    0.00    0.50    16  kipmi0
02:21:50         4128    0.00    0.50    0.00    0.50     0  gmond
02:21:50        14668    0.50    0.00    0.00    0.50    11  top
02:21:50        14670    0.50    1.50    0.00    2.00    21  pidstat
02:21:50        14672    1.00    1.50    0.00    2.50    25  pidstat
02:21:50        14682  173.50    2.00    0.00  175.50     0  bt-mz.B.32
02:21:50        14683  173.00    9.50    0.00  182.50     1  bt-mz.B.32
02:21:50        14684  167.00   12.00    0.00  179.00    18  bt-mz.B.32
02:21:50        14685  148.00   17.00    0.00  165.00    19  bt-mz.B.32
02:21:50        14686  150.50   15.00    0.00  165.50    20  bt-mz.B.32
02:21:50        14687  146.00   17.50    0.00  163.50     5  bt-mz.B.32
02:21:50        14688  132.00   21.50    0.00  153.50    22  bt-mz.B.32
02:21:50        14689  132.00   21.00    0.00  153.00    23  bt-mz.B.32
02:21:50        14690  126.00   26.50    0.00  152.50    24  bt-mz.B.32
02:21:50        14692  127.00   22.00    0.00  149.00     9  bt-mz.B.32
02:21:50        14695  118.00   33.50    0.00  151.50    26  bt-mz.B.32
02:21:50        14696  121.00   30.50    0.00  151.50    11  bt-mz.B.32
02:21:50        14699  119.50   31.50    0.00  151.00    28  bt-mz.B.32
02:21:50        14701  120.00   30.50    0.00  150.50    29  bt-mz.B.32

02:21:50          PID    %usr %system  %guest    %CPU   CPU  Command
02:21:52         3144    0.00    0.50    0.00    0.50    11  kondemand/11
02:21:52         3163    0.00    0.50    0.00    0.50    30  kondemand/30
02:21:52         3180    0.00    0.50    0.00    0.50     0  kipmi0
02:21:52        14668    0.50    1.00    0.00    1.50    27  top
02:21:52        14670    0.50    2.00    0.00    2.50    21  pidstat
02:21:52        14672    0.50    1.00    0.00    1.50     9  pidstat
02:21:52        14682  174.50    2.00    0.00  176.50     0  bt-mz.B.32
02:21:52        14683  174.50    8.50    0.00  183.00     1  bt-mz.B.32
02:21:52        14684  170.50   11.00    0.00  181.50    18  bt-mz.B.32
02:21:52        14685  149.50   16.50    0.00  166.00    19  bt-mz.B.32
02:21:52        14686  152.00   14.50    0.00  166.50    20  bt-mz.B.32
02:21:52        14687  146.50   17.50    0.00  164.00     5  bt-mz.B.32
02:21:52        14688  132.50   22.00    0.00  154.50    22  bt-mz.B.32
02:21:52        14689  132.50   21.00    0.00  153.50    23  bt-mz.B.32
02:21:52        14690  123.50   28.50    0.00  152.00    24  bt-mz.B.32
02:21:52        14692  129.50   21.00    0.00  150.50    25  bt-mz.B.32
02:21:52        14695  122.00   30.50    0.00  152.50    26  bt-mz.B.32
02:21:52        14696  124.00   29.00    0.00  153.00    11  bt-mz.B.32
02:21:52        14699  121.50   30.00    0.00  151.50    28  bt-mz.B.32
02:21:52        14701  123.00   29.50    0.00  152.50    29  bt-mz.B.32

02:21:52          PID    %usr %system  %guest    %CPU   CPU  Command
02:21:54          113    0.00    0.50    0.00    0.50    27  ksoftirqd/27
02:21:54         3136    0.00    0.50    0.00    0.50     3  kondemand/3
02:21:54         3138    0.00    0.50    0.00    0.50     5  kondemand/5
02:21:54         3149    0.00    0.50    0.00    0.50    16  kondemand/16
02:21:54         3154    0.00    0.50    0.00    0.50    21  kondemand/21
02:21:54         3158    0.00    0.50    0.00    0.50    25  kondemand/25
02:21:54         3195    0.00    0.50    0.00    0.50    12  irqbalance
02:21:54         4128    0.00    0.50    0.00    0.50    16  gmond
02:21:54        14668    0.50    1.00    0.00    1.50    27  top
02:21:54        14670    1.00    1.50    0.00    2.50    21  pidstat
02:21:54        14672    1.00    2.50    0.00    3.50     9  pidstat
02:21:54        14682  175.00    1.50    0.00  176.50    16  bt-mz.B.32
02:21:54        14683  175.00    9.50    0.00  184.50     1  bt-mz.B.32
02:21:54        14684  170.50   10.50    0.00  181.00    18  bt-mz.B.32
02:21:54        14685  148.00   18.00    0.00  166.00    19  bt-mz.B.32
02:21:54        14686  150.50   16.00    0.00  166.50    20  bt-mz.B.32
02:21:54        14687  148.00   16.00    0.00  164.00     5  bt-mz.B.32
02:21:54        14688  131.50   22.50    0.00  154.00    22  bt-mz.B.32
02:21:54        14689  131.00   22.50    0.00  153.50    23  bt-mz.B.32
02:21:54        14690  127.50   25.00    0.00  152.50    24  bt-mz.B.32
02:21:54        14692  126.00   22.00    0.00  148.00    25  bt-mz.B.32
02:21:54        14695  122.00   30.50    0.00  152.50    26  bt-mz.B.32
02:21:54        14696  121.50   31.50    0.00  153.00    11  bt-mz.B.32
02:21:54        14699  120.00   31.50    0.00  151.50    28  bt-mz.B.32
02:21:54        14701  118.50   33.00    0.00  151.50    29  bt-mz.B.32

02:21:54          PID    %usr %system  %guest    %CPU   CPU  Command
02:21:56         3134    0.00    0.50    0.00    0.50     1  kondemand/1
02:21:56         3146    0.00    0.50    0.00    0.50    13  kondemand/13
02:21:56         3160    0.00    0.50    0.00    0.50    27  kondemand/27
02:21:56         3180    0.00    0.50    0.00    0.50    16  kipmi0
02:21:56         4128    0.50    0.00    0.00    0.50    16  gmond
02:21:56        14668    1.00    0.50    0.00    1.50    11  top
02:21:56        14670    0.50    2.00    0.00    2.50    21  pidstat
02:21:56        14672    1.00    2.00    0.00    3.00     9  pidstat
02:21:56        14682  167.00    4.50    0.00  171.50     0  bt-mz.B.32
02:21:56        14683  165.50   12.00    0.00  177.50     1  bt-mz.B.32
02:21:56        14684  161.50   14.00    0.00  175.50    18  bt-mz.B.32
02:21:56        14685  143.50   18.50    0.00  162.00    19  bt-mz.B.32
02:21:56        14686  144.00   17.50    0.00  161.50    20  bt-mz.B.32
02:21:56        14687  141.50   18.50    0.00  160.00     5  bt-mz.B.32
02:21:56        14688  126.00   24.00    0.00  150.00    22  bt-mz.B.32
02:21:56        14689  127.50   23.00    0.00  150.50    23  bt-mz.B.32
02:21:56        14690  122.00   28.50    0.00  150.50    24  bt-mz.B.32
02:21:56        14692  122.50   24.00    0.00  146.50    25  bt-mz.B.32
02:21:56        14695  116.00   33.00    0.00  149.00    26  bt-mz.B.32
02:21:56        14696  116.00   33.50    0.00  149.50    27  bt-mz.B.32
02:21:56        14699  114.50   34.00    0.00  148.50    28  bt-mz.B.32
02:21:56        14701  116.00   32.50    0.00  148.50    29  bt-mz.B.32

02:21:56          PID    %usr %system  %guest    %CPU   CPU  Command
02:21:58         3133    0.00    0.50    0.00    0.50     0  kondemand/0
02:21:58         3140    0.00    0.50    0.00    0.50     7  kondemand/7
02:21:58         3142    0.00    0.50    0.00    0.50     9  kondemand/9
02:21:58         3147    0.00    0.50    0.00    0.50    14  kondemand/14
02:21:58         3152    0.00    0.50    0.00    0.50    19  kondemand/19
02:21:58         4128    0.00    0.50    0.00    0.50    16  gmond
02:21:58        14668    0.50    1.00    0.00    1.50    27  top
02:21:58        14670    1.00    1.50    0.00    2.50    21  pidstat
02:21:58        14672    0.50    2.00    0.00    2.50     9  pidstat
02:21:58        14682  174.50    1.50    0.00  176.00     0  bt-mz.B.32
02:21:58        14683  172.50   10.50    0.00  183.00     1  bt-mz.B.32
02:21:58        14684  168.50   11.50    0.00  180.00    18  bt-mz.B.32
02:21:58        14685  149.50   17.00    0.00  166.50    19  bt-mz.B.32
02:21:58        14686  149.00   17.00    0.00  166.00    20  bt-mz.B.32
02:21:58        14687  146.00   18.00    0.00  164.00     5  bt-mz.B.32
02:21:58        14688  132.50   22.00    0.00  154.50    22  bt-mz.B.32
02:21:58        14689  130.50   21.50    0.00  152.00    23  bt-mz.B.32
02:21:58        14690  125.50   27.00    0.00  152.50    24  bt-mz.B.32
02:21:58        14692  127.50   21.50    0.00  149.00    25  bt-mz.B.32
02:21:58        14695  119.00   32.50    0.00  151.50    26  bt-mz.B.32
02:21:58        14696  121.50   31.00    0.00  152.50    27  bt-mz.B.32
02:21:58        14699  119.50   31.00    0.00  150.50    28  bt-mz.B.32
02:21:58        14701  119.00   32.00    0.00  151.00    29  bt-mz.B.32
