Linux 2.6.32-279.14.1.el6.x86_64 (compute-641-14.local) 	04/21/20 	_x86_64_	(32 CPU)

03:16:47          PID    %usr %system  %guest    %CPU   CPU  Command
03:16:49           65    0.00    0.49    0.00    0.49    15  ksoftirqd/15
03:16:49         3150    0.00    0.49    0.00    0.49    17  kondemand/17
03:16:49         3158    0.00    0.49    0.00    0.49    25  kondemand/25
03:16:49         3160    0.00    0.49    0.00    0.49    27  kondemand/27
03:16:49         3852    0.49    0.00    0.00    0.49    17  pbs_mom
03:16:49         4128    0.00    0.49    0.00    0.49    17  gmond
03:16:49        26747    2.96    1.97    0.00    4.93    17  mpirun
03:16:49        26753    0.49    0.49    0.00    0.99    27  top
03:16:49        26755    0.99    1.97    0.00    2.96     1  pidstat
03:16:49        26757    0.49    1.97    0.00    2.46    30  pidstat
03:16:49        26766   63.55    6.40    0.00   69.95     3  bt-mz.B.24
03:16:49        26767   91.63    5.91    0.00   97.54    12  bt-mz.B.24
03:16:49        26768   92.12    5.91    0.00   98.03    26  bt-mz.B.24
03:16:49        26769   93.10    5.42    0.00   98.52    11  bt-mz.B.24
03:16:49        26770   92.12    5.42    0.00   97.54    18  bt-mz.B.24
03:16:49        26771   92.12    5.42    0.00   97.54    10  bt-mz.B.24
03:16:49        26772   87.68    5.42    0.00   93.10    19  bt-mz.B.24
03:16:49        26773   73.40    5.42    0.00   78.82     6  bt-mz.B.24
03:16:49        26774   92.12    4.43    0.00   96.55    30  bt-mz.B.24
03:16:49        26775   92.61    5.42    0.00   98.03     4  bt-mz.B.24
03:16:49        26776   81.28    5.42    0.00   86.70    16  bt-mz.B.24
03:16:49        26777   91.13    5.91    0.00   97.04    24  bt-mz.B.24
03:16:49        26780   77.34    4.93    0.00   82.27    22  bt-mz.B.24
03:16:49        26782   91.13    5.91    0.00   97.04    21  bt-mz.B.24
03:16:49        26784   92.12    4.43    0.00   96.55    25  bt-mz.B.24
03:16:49        26785   67.49    5.42    0.00   72.91    23  bt-mz.B.24

03:16:49          PID    %usr %system  %guest    %CPU   CPU  Command
03:16:51         3180    0.00    0.50    0.00    0.50    18  kipmi0
03:16:51        26753    0.50    0.50    0.00    1.00    27  top
03:16:51        26755    0.50    1.50    0.00    2.00     1  pidstat
03:16:51        26757    1.00    1.00    0.00    2.00    30  pidstat
03:16:51        26766  107.00    0.00    0.00  107.00     7  bt-mz.B.24
03:16:51        26767  110.50    0.00    0.00  110.50    28  bt-mz.B.24
03:16:51        26768  111.00    0.00    0.00  111.00    29  bt-mz.B.24
03:16:51        26769  108.50    0.00    0.00  108.50    10  bt-mz.B.24
03:16:51        26770  101.50    0.00    0.00  101.50     2  bt-mz.B.24
03:16:51        26771  110.00    0.00    0.00  110.00    27  bt-mz.B.24
03:16:51        26772  104.50    0.00    0.00  104.50    21  bt-mz.B.24
03:16:51        26773  105.00    0.00    0.00  105.00     3  bt-mz.B.24
03:16:51        26774  107.00    0.00    0.00  107.00    30  bt-mz.B.24
03:16:51        26775  101.00    0.00    0.00  101.00     1  bt-mz.B.24
03:16:51        26776  107.50    0.00    0.00  107.50    16  bt-mz.B.24
03:16:51        26777  109.00    0.00    0.00  109.00    24  bt-mz.B.24
03:16:51        26780   96.00    0.00    0.00   96.00     4  bt-mz.B.24
03:16:51        26782  107.50    0.00    0.00  107.50    19  bt-mz.B.24
03:16:51        26784  109.00    0.00    0.00  109.00     9  bt-mz.B.24
03:16:51        26785  103.50    0.00    0.00  103.50    12  bt-mz.B.24

03:16:51          PID    %usr %system  %guest    %CPU   CPU  Command
03:16:53           73    0.00    0.50    0.00    0.50    17  ksoftirqd/17
03:16:53         3155    0.00    0.50    0.00    0.50    22  kondemand/22
03:16:53         3162    0.00    0.50    0.00    0.50    29  kondemand/29
03:16:53         3180    0.00    0.50    0.00    0.50     2  kipmi0
03:16:53         3195    0.00    0.50    0.00    0.50    28  irqbalance
03:16:53         4128    0.50    0.00    0.00    0.50     1  gmond
03:16:53        26753    0.50    0.50    0.00    1.00    11  top
03:16:53        26755    0.50    1.50    0.00    2.00     1  pidstat
03:16:53        26757    0.50    2.00    0.00    2.50    30  pidstat
03:16:53        26766  111.50    0.00    0.00  111.50     4  bt-mz.B.24
03:16:53        26767  110.50    0.00    0.00  110.50    27  bt-mz.B.24
03:16:53        26768  104.50    0.00    0.00  104.50    13  bt-mz.B.24
03:16:53        26769  106.50    0.00    0.00  106.50    10  bt-mz.B.24
03:16:53        26770  106.00    0.00    0.00  106.00     7  bt-mz.B.24
03:16:53        26771  105.00    0.00    0.00  105.00    28  bt-mz.B.24
03:16:53        26772   97.50    0.00    0.00   97.50     5  bt-mz.B.24
03:16:53        26773  107.00    0.00    0.00  107.00     3  bt-mz.B.24
03:16:53        26774  109.00    0.00    0.00  109.00    15  bt-mz.B.24
03:16:53        26775   96.50    0.50    0.00   97.00    17  bt-mz.B.24
03:16:53        26776   99.50    0.00    0.00   99.50    23  bt-mz.B.24
03:16:53        26777  103.00    0.00    0.00  103.00    14  bt-mz.B.24
03:16:53        26780   97.00    0.50    0.00   97.50    20  bt-mz.B.24
03:16:53        26782  102.50    0.00    0.00  102.50     0  bt-mz.B.24
03:16:53        26784  111.50    0.50    0.00  112.00    25  bt-mz.B.24
03:16:53        26785  105.00    0.00    0.00  105.00     8  bt-mz.B.24

03:16:53          PID    %usr %system  %guest    %CPU   CPU  Command
03:16:55         3141    0.00    0.50    0.00    0.50     8  kondemand/8
03:16:55         3151    0.00    0.50    0.00    0.50    18  kondemand/18
03:16:55         3153    0.00    0.50    0.00    0.50    20  kondemand/20
03:16:55         3180    0.00    0.50    0.00    0.50     2  kipmi0
03:16:55         4128    0.00    0.50    0.00    0.50     1  gmond
03:16:55        26753    0.50    1.00    0.00    1.50    11  top
03:16:55        26755    0.50    2.00    0.00    2.50     1  pidstat
03:16:55        26757    1.00    2.00    0.00    3.00    30  pidstat
03:16:55        26766  108.00    0.00    0.00  108.00     9  bt-mz.B.24
03:16:55        26767  107.00    0.00    0.00  107.00    27  bt-mz.B.24
03:16:55        26768  102.50    0.00    0.00  102.50     9  bt-mz.B.24
03:16:55        26769  108.00    0.00    0.00  108.00    10  bt-mz.B.24
03:16:55        26770  103.00    0.00    0.00  103.00     4  bt-mz.B.24
03:16:55        26771  114.00    0.00    0.00  114.00    28  bt-mz.B.24
03:16:55        26772  108.00    0.00    0.00  108.00     7  bt-mz.B.24
03:16:55        26773  109.00    0.00    0.00  109.00    23  bt-mz.B.24
03:16:55        26774  112.00    0.00    0.00  112.00    15  bt-mz.B.24
03:16:55        26775  110.50    0.00    0.00  110.50    17  bt-mz.B.24
03:16:55        26776   99.50    0.00    0.00   99.50     1  bt-mz.B.24
03:16:55        26777  113.50    0.00    0.00  113.50    30  bt-mz.B.24
03:16:55        26780  105.50    0.00    0.00  105.50    20  bt-mz.B.24
03:16:55        26782  112.50    0.00    0.00  112.50     0  bt-mz.B.24
03:16:55        26784  105.50    0.00    0.00  105.50    25  bt-mz.B.24
03:16:55        26785  112.50    0.00    0.00  112.50    24  bt-mz.B.24

03:16:55          PID    %usr %system  %guest    %CPU   CPU  Command
03:16:57         3142    0.00    0.50    0.00    0.50     9  kondemand/9
03:16:57         3852    0.50    0.50    0.00    1.00    14  pbs_mom
03:16:57         4128    0.00    0.50    0.00    0.50    17  gmond
03:16:57        26753    0.50    0.50    0.00    1.00    27  top
03:16:57        26755    0.50    2.00    0.00    2.50     1  pidstat
03:16:57        26757    1.00    2.00    0.00    3.00    14  pidstat
03:16:57        26766  104.50    0.00    0.00  104.50    14  bt-mz.B.24
03:16:57        26767  113.50    0.00    0.00  113.50    27  bt-mz.B.24
03:16:57        26768   93.50    0.00    0.00   93.50    26  bt-mz.B.24
03:16:57        26769  101.00    0.00    0.00  101.00    31  bt-mz.B.24
03:16:57        26770  109.00    0.00    0.00  109.00    19  bt-mz.B.24
03:16:57        26771  109.00    0.00    0.00  109.00    28  bt-mz.B.24
03:16:57        26772  106.00    0.00    0.00  106.00     6  bt-mz.B.24
03:16:57        26773  110.50    0.00    0.00  110.50     5  bt-mz.B.24
03:16:57        26774  108.50    0.00    0.00  108.50    15  bt-mz.B.24
03:16:57        26775  107.00    0.00    0.00  107.00     2  bt-mz.B.24
03:16:57        26776  110.50    0.00    0.00  110.50    17  bt-mz.B.24
03:16:57        26777  111.00    0.00    0.00  111.00    10  bt-mz.B.24
03:16:57        26780  105.00    0.00    0.00  105.00     4  bt-mz.B.24
03:16:57        26782  110.50    0.00    0.00  110.50     0  bt-mz.B.24
03:16:57        26784  102.00    0.00    0.00  102.00     9  bt-mz.B.24
03:16:57        26785  108.50    0.00    0.00  108.50    24  bt-mz.B.24

03:16:57          PID    %usr %system  %guest    %CPU   CPU  Command
03:16:59         3143    0.00    0.50    0.00    0.50    10  kondemand/10
03:16:59         3146    0.00    0.50    0.00    0.50    13  kondemand/13
03:16:59        26753    0.50    0.50    0.00    1.00    27  top
03:16:59        26755    1.00    1.50    0.00    2.50     1  pidstat
03:16:59        26757    0.50    1.00    0.00    1.50    14  pidstat
03:16:59        26766  114.50    0.00    0.00  114.50    10  bt-mz.B.24
03:16:59        26767  103.00    0.00    0.00  103.00     9  bt-mz.B.24
03:16:59        26768  107.00    0.00    0.00  107.00    30  bt-mz.B.24
03:16:59        26769  110.00    0.00    0.00  110.00    15  bt-mz.B.24
03:16:59        26770  106.50    0.00    0.00  106.50     0  bt-mz.B.24
03:16:59        26771  108.00    0.50    0.00  108.50    12  bt-mz.B.24
03:16:59        26772  112.50    0.00    0.00  112.50    17  bt-mz.B.24
03:16:59        26773   98.00    0.50    0.00   98.50    20  bt-mz.B.24
03:16:59        26774   96.50    0.00    0.00   96.50    11  bt-mz.B.24
03:16:59        26775  111.50    0.00    0.00  111.50    19  bt-mz.B.24
03:16:59        26776   93.50    0.00    0.00   93.50    18  bt-mz.B.24
03:16:59        26777   93.50    0.00    0.00   93.50    28  bt-mz.B.24
03:16:59        26780  107.50    0.00    0.00  107.50     3  bt-mz.B.24
03:16:59        26782  104.50    0.00    0.00  104.50     7  bt-mz.B.24
03:16:59        26784  111.00    0.00    0.00  111.00    25  bt-mz.B.24
03:16:59        26785  111.00    0.50    0.00  111.50    24  bt-mz.B.24

03:16:59          PID    %usr %system  %guest    %CPU   CPU  Command
03:17:01         3137    0.00    0.50    0.00    0.50     4  kondemand/4
03:17:01        26753    1.00    1.00    0.00    2.00    27  top
03:17:01        26755    1.00    1.50    0.00    2.50    17  pidstat
03:17:01        26757    1.00    2.00    0.00    3.00    14  pidstat
03:17:01        26766  112.50    0.50    0.00  113.00     8  bt-mz.B.24
03:17:01        26767  112.50    0.00    0.00  112.50    30  bt-mz.B.24
03:17:01        26768  109.50    0.00    0.00  109.50    13  bt-mz.B.24
03:17:01        26769  105.50    0.00    0.00  105.50    15  bt-mz.B.24
03:17:01        26770  112.00    0.00    0.00  112.00     0  bt-mz.B.24
03:17:01        26771  109.50    0.00    0.00  109.50    12  bt-mz.B.24
03:17:01        26772  111.00    0.00    0.00  111.00     1  bt-mz.B.24
03:17:01        26773  110.00    0.00    0.00  110.00    16  bt-mz.B.24
03:17:01        26774  111.00    0.00    0.00  111.00    11  bt-mz.B.24
03:17:01        26775  100.00    0.00    0.00  100.00    18  bt-mz.B.24
03:17:01        26776   98.00    0.00    0.00   98.00    20  bt-mz.B.24
03:17:01        26777  106.00    0.00    0.00  106.00    14  bt-mz.B.24
03:17:01        26780  113.00    0.00    0.00  113.00     3  bt-mz.B.24
03:17:01        26782  112.00    0.50    0.00  112.50     4  bt-mz.B.24
03:17:01        26784  110.00    0.00    0.00  110.00    25  bt-mz.B.24
03:17:01        26785  103.50    0.00    0.00  103.50    24  bt-mz.B.24

03:17:01          PID    %usr %system  %guest    %CPU   CPU  Command
03:17:03         3149    0.00    0.50    0.00    0.50    16  kondemand/16
03:17:03         3163    0.00    0.50    0.00    0.50    30  kondemand/30
03:17:03         4128    0.00    0.50    0.00    0.50    17  gmond
03:17:03        26753    0.50    0.50    0.00    1.00    27  top
03:17:03        26755    0.50    1.50    0.00    2.00    17  pidstat
03:17:03        26757    1.00    1.00    0.00    2.00    14  pidstat
03:17:03        26766  108.00    0.00    0.00  108.00    10  bt-mz.B.24
03:17:03        26767  112.50    0.00    0.00  112.50    30  bt-mz.B.24
03:17:03        26768  111.50    0.00    0.00  111.50    29  bt-mz.B.24
03:17:03        26769  105.00    0.50    0.00  105.50    31  bt-mz.B.24
03:17:03        26770  108.00    0.50    0.00  108.50    17  bt-mz.B.24
03:17:03        26771  110.50    0.00    0.00  110.50    28  bt-mz.B.24
03:17:03        26772  101.50    0.00    0.00  101.50     5  bt-mz.B.24
03:17:03        26773  109.00    0.00    0.00  109.00     4  bt-mz.B.24
03:17:03        26774  104.00    0.00    0.00  104.00     8  bt-mz.B.24
03:17:03        26775  109.50    0.00    0.00  109.50    18  bt-mz.B.24
03:17:03        26776  104.00    0.50    0.00  104.50     2  bt-mz.B.24
03:17:03        26777  108.00    0.00    0.00  108.00    27  bt-mz.B.24
03:17:03        26780  109.00    0.00    0.00  109.00     3  bt-mz.B.24
03:17:03        26782   96.50    0.00    0.00   96.50     1  bt-mz.B.24
03:17:03        26784  107.00    0.00    0.00  107.00    25  bt-mz.B.24
03:17:03        26785  110.00    0.00    0.00  110.00    24  bt-mz.B.24

03:17:03          PID    %usr %system  %guest    %CPU   CPU  Command
03:17:05         3152    0.00    0.50    0.00    0.50    19  kondemand/19
03:17:05         3351    0.00    0.50    0.00    0.50     7  hald
03:17:05        26753    0.50    1.00    0.00    1.50    11  top
03:17:05        26755    0.50    2.00    0.00    2.50     1  pidstat
03:17:05        26757    0.50    2.50    0.00    3.00    14  pidstat
03:17:05        26759    0.00    0.50    0.00    0.50    17  iostat
03:17:05        26766  118.00    0.50    0.00  118.50    26  bt-mz.B.24
03:17:05        26767  106.50    0.00    0.00  106.50    30  bt-mz.B.24
03:17:05        26768  111.50    0.00    0.00  111.50    14  bt-mz.B.24
03:17:05        26769  109.50    0.00    0.00  109.50    24  bt-mz.B.24
03:17:05        26770  111.00    0.00    0.00  111.00    17  bt-mz.B.24
03:17:05        26771  107.00    0.00    0.00  107.00    12  bt-mz.B.24
03:17:05        26772  110.00    0.00    0.00  110.00     7  bt-mz.B.24
03:17:05        26773  111.50    0.00    0.00  111.50     4  bt-mz.B.24
03:17:05        26774  111.50    0.00    0.00  111.50    13  bt-mz.B.24
03:17:05        26775  112.00    0.50    0.00  112.50    18  bt-mz.B.24
03:17:05        26776  106.50    0.00    0.00  106.50    23  bt-mz.B.24
03:17:05        26777  114.00    0.00    0.00  114.00    11  bt-mz.B.24
03:17:05        26780  105.50    0.50    0.00  106.00    16  bt-mz.B.24
03:17:05        26782  110.00    0.00    0.00  110.00     6  bt-mz.B.24
03:17:05        26784  110.00    0.00    0.00  110.00    27  bt-mz.B.24
03:17:05        26785  108.50    0.00    0.00  108.50     8  bt-mz.B.24

03:17:05          PID    %usr %system  %guest    %CPU   CPU  Command
03:17:07         4128    0.00    0.50    0.00    0.50     1  gmond
03:17:07        26753    0.50    0.50    0.00    1.00    11  top
03:17:07        26755    0.50    1.50    0.00    2.00     1  pidstat
03:17:07        26757    0.50    2.00    0.00    2.50    14  pidstat
03:17:07        26766  103.50    0.00    0.00  103.50     9  bt-mz.B.24
03:17:07        26767  105.00    0.00    0.00  105.00    31  bt-mz.B.24
03:17:07        26768  109.50    0.00    0.00  109.50    15  bt-mz.B.24
03:17:07        26769  109.00    0.00    0.00  109.00    29  bt-mz.B.24
03:17:07        26770  102.00    0.00    0.00  102.00    17  bt-mz.B.24
03:17:07        26771  112.00    0.00    0.00  112.00    28  bt-mz.B.24
03:17:07        26772  109.00    0.00    0.00  109.00    20  bt-mz.B.24
03:17:07        26773  103.00    0.00    0.00  103.00     4  bt-mz.B.24
03:17:07        26774  108.50    0.00    0.00  108.50    30  bt-mz.B.24
03:17:07        26775  112.50    0.00    0.00  112.50     0  bt-mz.B.24
03:17:07        26776  111.00    0.00    0.00  111.00     7  bt-mz.B.24
03:17:07        26777  107.00    0.50    0.00  107.50    11  bt-mz.B.24
03:17:07        26780  108.00    0.00    0.00  108.00    16  bt-mz.B.24
03:17:07        26782  114.50    0.00    0.00  114.50     6  bt-mz.B.24
03:17:07        26784  110.50    0.00    0.00  110.50     8  bt-mz.B.24
03:17:07        26785  108.50    0.00    0.00  108.50    25  bt-mz.B.24

03:17:07          PID    %usr %system  %guest    %CPU   CPU  Command
03:17:09         3135    0.00    0.50    0.00    0.50     2  kondemand/2
03:17:09         3154    0.00    0.50    0.00    0.50    21  kondemand/21
03:17:09         3161    0.00    0.50    0.00    0.50    28  kondemand/28
03:17:09         3180    0.00    1.00    0.00    1.00    16  kipmi0
03:17:09        26753    0.50    0.50    0.00    1.00    31  top
03:17:09        26755    1.00    1.50    0.00    2.50    17  pidstat
03:17:09        26757    0.50    1.50    0.00    2.00    30  pidstat
03:17:09        26766  106.00    0.00    0.00  106.00     9  bt-mz.B.24
03:17:09        26767  112.50    0.00    0.00  112.50    31  bt-mz.B.24
03:17:09        26768  110.00    0.50    0.00  110.50    15  bt-mz.B.24
03:17:09        26769  106.00    0.00    0.00  106.00    11  bt-mz.B.24
03:17:09        26770  107.50    0.00    0.00  107.50     1  bt-mz.B.24
03:17:09        26771  107.50    0.50    0.00  108.00    12  bt-mz.B.24
03:17:09        26772   99.50    0.00    0.00   99.50     0  bt-mz.B.24
03:17:09        26773   96.50    0.00    0.00   96.50     3  bt-mz.B.24
03:17:09        26774  107.50    0.00    0.00  107.50    13  bt-mz.B.24
03:17:09        26775   99.50    0.00    0.00   99.50    16  bt-mz.B.24
03:17:09        26776  106.00    0.00    0.00  106.00     6  bt-mz.B.24
03:17:09        26777  102.50    0.00    0.00  102.50    25  bt-mz.B.24
03:17:09        26780  103.50    0.00    0.00  103.50    20  bt-mz.B.24
03:17:09        26782   95.00    0.00    0.00   95.00    22  bt-mz.B.24
03:17:09        26784  110.00    0.50    0.00  110.50    24  bt-mz.B.24
03:17:09        26785  104.50    0.50    0.00  105.00    14  bt-mz.B.24

03:17:09          PID    %usr %system  %guest    %CPU   CPU  Command
03:17:11         3133    0.00    0.50    0.00    0.50     0  kondemand/0
03:17:11         3134    0.00    0.50    0.00    0.50     1  kondemand/1
03:17:11         3140    0.00    0.50    0.00    0.50     7  kondemand/7
03:17:11         3180    0.00    0.50    0.00    0.50    16  kipmi0
03:17:11         4128    0.50    0.50    0.00    1.00     1  gmond
03:17:11        26753    0.50    1.00    0.00    1.50    31  top
03:17:11        26755    1.00    1.50    0.00    2.50    17  pidstat
03:17:11        26757    1.00    1.50    0.00    2.50    30  pidstat
03:17:11        26766  113.50    0.00    0.00  113.50    29  bt-mz.B.24
03:17:11        26767  109.00    0.00    0.00  109.00    13  bt-mz.B.24
03:17:11        26768  111.50    0.00    0.00  111.50    14  bt-mz.B.24
03:17:11        26769  103.00    0.00    0.00  103.00    11  bt-mz.B.24
03:17:11        26770  108.50    0.00    0.00  108.50     1  bt-mz.B.24
03:17:11        26771  105.00    0.50    0.00  105.50    27  bt-mz.B.24
03:17:11        26772  109.00    0.00    0.00  109.00    16  bt-mz.B.24
03:17:11        26773  111.50    0.00    0.00  111.50    19  bt-mz.B.24
03:17:11        26774  109.50    0.00    0.00  109.50    12  bt-mz.B.24
03:17:11        26775  107.50    0.00    0.00  107.50     0  bt-mz.B.24
03:17:11        26776  105.50    0.00    0.00  105.50     4  bt-mz.B.24
03:17:11        26777  110.50    0.00    0.00  110.50    25  bt-mz.B.24
03:17:11        26780  105.50    0.00    0.00  105.50    20  bt-mz.B.24
03:17:11        26782  111.50    0.00    0.00  111.50    22  bt-mz.B.24
03:17:11        26784  112.50    0.00    0.00  112.50     8  bt-mz.B.24
03:17:11        26785  108.50    0.00    0.00  108.50    30  bt-mz.B.24

03:17:11          PID    %usr %system  %guest    %CPU   CPU  Command
03:17:13         3145    0.00    0.50    0.00    0.50    12  kondemand/12
03:17:13         3156    0.00    0.50    0.00    0.50    23  kondemand/23
03:17:13         3164    0.00    0.50    0.00    0.50    31  kondemand/31
03:17:13        26753    1.00    0.50    0.00    1.50    31  top
03:17:13        26755    1.00    1.50    0.00    2.50    17  pidstat
03:17:13        26757    1.00    2.00    0.00    3.00    14  pidstat
03:17:13        26766  115.00    0.00    0.00  115.00    27  bt-mz.B.24
03:17:13        26767  111.50    0.00    0.00  111.50    13  bt-mz.B.24
03:17:13        26768  115.00    0.00    0.00  115.00    24  bt-mz.B.24
03:17:13        26769  103.00    0.00    0.00  103.00     9  bt-mz.B.24
03:17:13        26770  103.50    0.00    0.00  103.50     1  bt-mz.B.24
03:17:13        26771  109.00    0.00    0.00  109.00    10  bt-mz.B.24
03:17:13        26772  107.50    0.00    0.00  107.50     4  bt-mz.B.24
03:17:13        26773  104.50    0.00    0.00  104.50     5  bt-mz.B.24
03:17:13        26774  108.00    0.00    0.00  108.00    12  bt-mz.B.24
03:17:13        26775  110.00    0.00    0.00  110.00    16  bt-mz.B.24
03:17:13        26776  110.50    0.00    0.00  110.50     3  bt-mz.B.24
03:17:13        26777  111.00    0.00    0.00  111.00    11  bt-mz.B.24
03:17:13        26780  104.00    0.00    0.00  104.00    18  bt-mz.B.24
03:17:13        26782  107.00    0.00    0.00  107.00    19  bt-mz.B.24
03:17:13        26784  104.00    0.00    0.00  104.00    31  bt-mz.B.24
03:17:13        26785   97.50    0.00    0.00   97.50    29  bt-mz.B.24

03:17:13          PID    %usr %system  %guest    %CPU   CPU  Command
03:17:15        26753    0.00    0.50    0.00    0.50    15  top
03:17:15        26755    0.50    2.00    0.00    2.50    17  pidstat
03:17:15        26757    0.00    1.50    0.00    1.50    14  pidstat
03:17:15        26766  111.50    0.00    0.00  111.50    14  bt-mz.B.24
03:17:15        26767  107.00    0.50    0.00  107.50    29  bt-mz.B.24
03:17:15        26768  108.50    0.00    0.00  108.50    24  bt-mz.B.24
03:17:15        26769  111.50    0.00    0.00  111.50    15  bt-mz.B.24
03:17:15        26770  112.50    0.00    0.00  112.50     1  bt-mz.B.24
03:17:15        26771  113.00    0.00    0.00  113.00    26  bt-mz.B.24
03:17:15        26772  105.50    0.00    0.00  105.50     0  bt-mz.B.24
03:17:15        26773  109.00    0.00    0.00  109.00     5  bt-mz.B.24
03:17:15        26774  106.00    0.00    0.00  106.00    28  bt-mz.B.24
03:17:15        26775  109.00    0.00    0.00  109.00    16  bt-mz.B.24
03:17:15        26776  112.00    0.00    0.00  112.00    19  bt-mz.B.24
03:17:15        26777  113.50    0.00    0.00  113.50    27  bt-mz.B.24
03:17:15        26780  105.00    0.00    0.00  105.00     4  bt-mz.B.24
03:17:15        26782  102.50    0.00    0.00  102.50    22  bt-mz.B.24
03:17:15        26784  110.50    0.00    0.00  110.50    31  bt-mz.B.24
03:17:15        26785  104.00    0.00    0.00  104.00    13  bt-mz.B.24

03:17:15          PID    %usr %system  %guest    %CPU   CPU  Command
03:17:17         3136    0.00    0.50    0.00    0.50     3  kondemand/3
03:17:17         3148    0.00    0.50    0.00    0.50    15  kondemand/15
03:17:17         3157    0.00    0.50    0.00    0.50    24  kondemand/24
03:17:17         4128    0.00    0.50    0.00    0.50    17  gmond
03:17:17        26753    0.50    1.00    0.00    1.50    15  top
03:17:17        26755    0.50    1.50    0.00    2.00     1  pidstat
03:17:17        26757    0.50    2.50    0.00    3.00    30  pidstat
03:17:17        26766  108.50    0.00    0.00  108.50    12  bt-mz.B.24
03:17:17        26767  112.00    0.00    0.00  112.00    29  bt-mz.B.24
03:17:17        26768  102.00    0.00    0.00  102.00     8  bt-mz.B.24
03:17:17        26769  103.00    0.00    0.00  103.00    27  bt-mz.B.24
03:17:17        26770  108.00    0.00    0.00  108.00    17  bt-mz.B.24
03:17:17        26771  113.50    0.00    0.00  113.50    10  bt-mz.B.24
03:17:17        26772  110.00    0.00    0.00  110.00     0  bt-mz.B.24
03:17:17        26773   86.50    0.00    0.00   86.50     2  bt-mz.B.24
03:17:17        26774  114.00    0.00    0.00  114.00    28  bt-mz.B.24
03:17:17        26775  107.50    0.00    0.00  107.50    16  bt-mz.B.24
03:17:17        26776  107.00    0.00    0.00  107.00     3  bt-mz.B.24
03:17:17        26777  109.00    0.00    0.00  109.00    24  bt-mz.B.24
03:17:17        26780  112.00    0.00    0.00  112.00    19  bt-mz.B.24
03:17:17        26782  113.00    0.00    0.00  113.00    22  bt-mz.B.24
03:17:17        26784  104.00    0.00    0.00  104.00    15  bt-mz.B.24
03:17:17        26785  105.00    0.50    0.00  105.50    13  bt-mz.B.24

03:17:17          PID    %usr %system  %guest    %CPU   CPU  Command
03:17:19         3180    0.00    0.50    0.00    0.50    16  kipmi0
03:17:19        26753    1.00    0.50    0.00    1.50    15  top
03:17:19        26755    1.00    1.50    0.00    2.50    17  pidstat
03:17:19        26757    1.00    2.00    0.00    3.00    30  pidstat
03:17:19        26766  113.50    0.00    0.00  113.50    28  bt-mz.B.24
03:17:19        26767  112.00    0.00    0.00  112.00    29  bt-mz.B.24
03:17:19        26768  107.50    0.00    0.00  107.50    24  bt-mz.B.24
03:17:19        26769  107.00    0.00    0.00  107.00     8  bt-mz.B.24
03:17:19        26770  105.50    0.00    0.00  105.50    23  bt-mz.B.24
03:17:19        26771  107.50    0.00    0.00  107.50    10  bt-mz.B.24
03:17:19        26772  105.50    0.00    0.00  105.50    17  bt-mz.B.24
03:17:19        26773  109.00    0.00    0.00  109.00    18  bt-mz.B.24
03:17:19        26774   99.00    0.50    0.00   99.50    30  bt-mz.B.24
03:17:19        26775  109.50    0.00    0.00  109.50    22  bt-mz.B.24
03:17:19        26776  107.50    0.00    0.00  107.50     3  bt-mz.B.24
03:17:19        26777  105.50    0.00    0.00  105.50    12  bt-mz.B.24
03:17:19        26780  109.00    0.00    0.00  109.00    20  bt-mz.B.24
03:17:19        26782  106.50    0.00    0.00  106.50    19  bt-mz.B.24
03:17:19        26784  112.00    0.00    0.00  112.00    31  bt-mz.B.24
03:17:19        26785  100.00    0.50    0.00  100.50    13  bt-mz.B.24

03:17:19          PID    %usr %system  %guest    %CPU   CPU  Command
03:17:21          131    0.00    0.50    0.00    0.50     0  events/0
03:17:21         3021    0.00    1.00    0.00    1.00    12  flush-8:0
03:17:21         3138    0.00    0.50    0.00    0.50     5  kondemand/5
03:17:21         3139    0.00    0.50    0.00    0.50     6  kondemand/6
03:17:21         3147    0.00    0.50    0.00    0.50    14  kondemand/14
03:17:21         3180    0.00    0.50    0.00    0.50     0  kipmi0
03:17:21         4128    0.00    0.50    0.00    0.50    17  gmond
03:17:21        26753    0.50    1.00    0.00    1.50    31  top
03:17:21        26755    0.50    1.50    0.00    2.00    17  pidstat
03:17:21        26757    1.00    1.50    0.00    2.50    30  pidstat
03:17:21        26766  106.00    0.00    0.00  106.00    13  bt-mz.B.24
03:17:21        26767  116.00    0.00    0.00  116.00    29  bt-mz.B.24
03:17:21        26768  103.50    0.00    0.00  103.50    24  bt-mz.B.24
03:17:21        26769  107.50    0.00    0.00  107.50    15  bt-mz.B.24
03:17:21        26770  109.50    0.00    0.00  109.50    18  bt-mz.B.24
03:17:21        26771  111.00    0.00    0.00  111.00    10  bt-mz.B.24
03:17:21        26772  101.50    0.00    0.00  101.50    17  bt-mz.B.24
03:17:21        26773  103.00    0.00    0.00  103.00     6  bt-mz.B.24
03:17:21        26774  105.00    0.00    0.00  105.00    28  bt-mz.B.24
03:17:21        26775  110.50    0.00    0.00  110.50     4  bt-mz.B.24
03:17:21        26776  109.50    0.00    0.00  109.50     7  bt-mz.B.24
03:17:21        26777  108.50    0.00    0.00  108.50    12  bt-mz.B.24
03:17:21        26780  106.00    0.00    0.00  106.00     4  bt-mz.B.24
03:17:21        26782  108.50    0.00    0.00  108.50     5  bt-mz.B.24
03:17:21        26784  110.50    0.00    0.00  110.50    31  bt-mz.B.24
03:17:21        26785   94.50    0.00    0.00   94.50    12  bt-mz.B.24

03:17:21          PID    %usr %system  %guest    %CPU   CPU  Command
03:17:23         3144    0.00    0.50    0.00    0.50    11  kondemand/11
03:17:23         3159    0.00    0.50    0.00    0.50    26  kondemand/26
03:17:23         3684    0.00    0.50    0.00    0.50    22  snmpd
03:17:23        26753    0.00    1.00    0.00    1.00    31  top
03:17:23        26755    1.00    2.00    0.00    3.00    17  pidstat
03:17:23        26757    0.50    2.00    0.00    2.50    30  pidstat
03:17:23        26766  107.00    0.50    0.00  107.50    13  bt-mz.B.24
03:17:23        26767  108.50    0.00    0.00  108.50    29  bt-mz.B.24
03:17:23        26768  110.50    0.00    0.00  110.50     8  bt-mz.B.24
03:17:23        26769  106.50    0.00    0.00  106.50    15  bt-mz.B.24
03:17:23        26770  109.50    0.00    0.00  109.50     2  bt-mz.B.24
03:17:23        26771  109.50    0.00    0.00  109.50    10  bt-mz.B.24
03:17:23        26772  108.50    0.00    0.00  108.50     1  bt-mz.B.24
03:17:23        26773  106.50    0.00    0.00  106.50    21  bt-mz.B.24
03:17:23        26774  108.50    0.00    0.00  108.50    28  bt-mz.B.24
03:17:23        26775   98.50    0.00    0.00   98.50     1  bt-mz.B.24
03:17:23        26776  111.00    0.50    0.00  111.50    23  bt-mz.B.24
03:17:23        26777   96.00    0.00    0.00   96.00    24  bt-mz.B.24
03:17:23        26780   95.50    0.00    0.00   95.50    16  bt-mz.B.24
03:17:23        26782  109.50    0.00    0.00  109.50     5  bt-mz.B.24
03:17:23        26784  100.50    0.00    0.00  100.50    31  bt-mz.B.24
03:17:23        26785  101.50    0.00    0.00  101.50    12  bt-mz.B.24

03:17:23          PID    %usr %system  %guest    %CPU   CPU  Command
03:17:25         3141    0.00    0.50    0.00    0.50     8  kondemand/8
03:17:25         3150    0.00    0.50    0.00    0.50    17  kondemand/17
03:17:25         4128    0.00    0.50    0.00    0.50    17  gmond
03:17:25        26753    0.50    0.50    0.00    1.00    14  top
03:17:25        26755    0.50    1.50    0.00    2.00    17  pidstat
03:17:25        26757    0.50    2.00    0.00    2.50    30  pidstat
03:17:25        26766  114.50    0.50    0.00  115.00    13  bt-mz.B.24
03:17:25        26767  115.50    0.00    0.00  115.50    29  bt-mz.B.24
03:17:25        26768   96.00    0.00    0.00   96.00    24  bt-mz.B.24
03:17:25        26769  112.50    0.00    0.00  112.50    10  bt-mz.B.24
03:17:25        26770  106.50    0.00    0.00  106.50    18  bt-mz.B.24
03:17:25        26771  104.00    0.50    0.00  104.50     9  bt-mz.B.24
03:17:25        26772  112.00    0.00    0.00  112.00     1  bt-mz.B.24
03:17:25        26773  113.50    0.00    0.00  113.50    21  bt-mz.B.24
03:17:25        26774  113.50    0.00    0.00  113.50    12  bt-mz.B.24
03:17:25        26775  106.50    0.00    0.00  106.50    19  bt-mz.B.24
03:17:25        26776  109.00    0.00    0.00  109.00    17  bt-mz.B.24
03:17:25        26777  100.50    0.00    0.00  100.50    24  bt-mz.B.24
03:17:25        26780  106.50    0.00    0.00  106.50    16  bt-mz.B.24
03:17:25        26782  107.00    0.00    0.00  107.00     4  bt-mz.B.24
03:17:25        26784  113.50    0.00    0.00  113.50    15  bt-mz.B.24
03:17:25        26785   90.50    0.50    0.00   91.00     8  bt-mz.B.24

03:17:25          PID    %usr %system  %guest    %CPU   CPU  Command
03:17:27         3180    0.00    0.50    0.00    0.50     0  kipmi0
03:17:27        26753    0.50    1.00    0.00    1.50    30  top
03:17:27        26755    0.50    2.00    0.00    2.50     1  pidstat
03:17:27        26757    1.00    1.50    0.00    2.50    14  pidstat
03:17:27        26766   98.00    0.00    0.00   98.00    13  bt-mz.B.24
03:17:27        26767  104.00    0.00    0.00  104.00    29  bt-mz.B.24
03:17:27        26768   98.50    0.50    0.00   99.00    13  bt-mz.B.24
03:17:27        26769  106.50    0.00    0.00  106.50    26  bt-mz.B.24
03:17:27        26770   99.50    0.00    0.00   99.50    18  bt-mz.B.24
03:17:27        26771  106.50    0.00    0.00  106.50    10  bt-mz.B.24
03:17:27        26772  107.50    0.00    0.00  107.50    17  bt-mz.B.24
03:17:27        26773  112.00    0.00    0.00  112.00     5  bt-mz.B.24
03:17:27        26774  100.00    0.00    0.00  100.00    28  bt-mz.B.24
03:17:27        26775  107.00    0.00    0.00  107.00     3  bt-mz.B.24
03:17:27        26776  103.00    0.00    0.00  103.00     2  bt-mz.B.24
03:17:27        26777  101.00    0.50    0.00  101.50    12  bt-mz.B.24
03:17:27        26780  105.50    0.00    0.00  105.50    16  bt-mz.B.24
03:17:27        26782  104.00    0.00    0.00  104.00    20  bt-mz.B.24
03:17:27        26784  112.00    0.00    0.00  112.00    15  bt-mz.B.24
03:17:27        26785  105.00    0.00    0.00  105.00    24  bt-mz.B.24

03:17:27          PID    %usr %system  %guest    %CPU   CPU  Command
03:17:29         3158    0.00    0.50    0.00    0.50    25  kondemand/25
03:17:29         3160    0.00    0.50    0.00    0.50    27  kondemand/27
03:17:29         3162    0.00    0.50    0.00    0.50    29  kondemand/29
03:17:29         4128    0.50    0.50    0.00    1.00     1  gmond
03:17:29        26753    0.50    0.50    0.00    1.00    30  top
03:17:29        26755    1.00    1.50    0.00    2.50     1  pidstat
03:17:29        26757    0.50    1.50    0.00    2.00    30  pidstat
03:17:29        26766   90.50    0.50    0.00   91.00    24  bt-mz.B.24
03:17:29        26767  104.50    0.00    0.00  104.50    12  bt-mz.B.24
03:17:29        26768  104.50    0.00    0.00  104.50     9  bt-mz.B.24
03:17:29        26769   99.50    0.00    0.00   99.50    26  bt-mz.B.24
03:17:29        26770  107.00    0.00    0.00  107.00     2  bt-mz.B.24
03:17:29        26771  105.00    0.00    0.00  105.00    25  bt-mz.B.24
03:17:29        26772  109.50    0.00    0.00  109.50     4  bt-mz.B.24
03:17:29        26773  108.00    0.00    0.00  108.00    21  bt-mz.B.24
03:17:29        26774  105.00    0.00    0.00  105.00    12  bt-mz.B.24
03:17:29        26775  103.00    0.00    0.00  103.00    17  bt-mz.B.24
03:17:29        26776  108.50    0.00    0.00  108.50     1  bt-mz.B.24
03:17:29        26777   99.00    0.00    0.00   99.00    25  bt-mz.B.24
03:17:29        26780  106.00    0.50    0.00  106.50    16  bt-mz.B.24
03:17:29        26782  108.50    0.00    0.00  108.50    20  bt-mz.B.24
03:17:29        26784  107.50    0.00    0.00  107.50    15  bt-mz.B.24
03:17:29        26785  110.00    0.00    0.00  110.00     8  bt-mz.B.24

03:17:29          PID    %usr %system  %guest    %CPU   CPU  Command
03:17:31         3146    0.00    0.50    0.00    0.50    13  kondemand/13
03:17:31         3180    0.00    0.50    0.00    0.50    16  kipmi0
03:17:31        26753    0.50    1.00    0.00    1.50    30  top
03:17:31        26755    0.50    2.00    0.00    2.50     1  pidstat
03:17:31        26757    1.00    2.00    0.00    3.00    14  pidstat
03:17:31        26758    0.00    0.50    0.00    0.50    28  mpstat
03:17:31        26766  110.50    0.00    0.00  110.50    25  bt-mz.B.24
03:17:31        26767  110.00    0.50    0.00  110.50    12  bt-mz.B.24
03:17:31        26768   98.50    0.00    0.00   98.50    27  bt-mz.B.24
03:17:31        26769  110.50    0.00    0.00  110.50    10  bt-mz.B.24
03:17:31        26770  106.00    0.00    0.00  106.00     3  bt-mz.B.24
03:17:31        26771   93.50    0.00    0.00   93.50    13  bt-mz.B.24
03:17:31        26772   96.00    0.00    0.00   96.00    18  bt-mz.B.24
03:17:31        26773  106.50    0.50    0.00  107.00    22  bt-mz.B.24
03:17:31        26774   99.00    0.00    0.00   99.00    28  bt-mz.B.24
03:17:31        26775  107.00    0.00    0.00  107.00     2  bt-mz.B.24
03:17:31        26776  100.00    0.00    0.00  100.00    19  bt-mz.B.24
03:17:31        26777  101.00    0.00    0.00  101.00     9  bt-mz.B.24
03:17:31        26780  104.00    0.00    0.00  104.00    16  bt-mz.B.24
03:17:31        26782  110.00    0.50    0.00  110.50    20  bt-mz.B.24
03:17:31        26784  109.50    0.00    0.00  109.50    15  bt-mz.B.24
03:17:31        26785  105.50    0.00    0.00  105.50     8  bt-mz.B.24

03:17:31          PID    %usr %system  %guest    %CPU   CPU  Command
03:17:33         3142    0.00    0.50    0.00    0.50     9  kondemand/9
03:17:33        26753    0.50    0.50    0.00    1.00    14  top
03:17:33        26755    1.00    1.50    0.00    2.50     1  pidstat
03:17:33        26757    1.00    1.50    0.00    2.50    14  pidstat
03:17:33        26759    0.00    0.50    0.00    0.50     1  iostat
03:17:33        26762    0.00    0.50    0.00    0.50    27  vmstat
03:17:33        26766  107.00    0.00    0.00  107.00    13  bt-mz.B.24
03:17:33        26767   98.50    0.00    0.00   98.50     9  bt-mz.B.24
03:17:33        26768  110.00    0.00    0.00  110.00    10  bt-mz.B.24
03:17:33        26769   99.00    0.50    0.00   99.50    26  bt-mz.B.24
03:17:33        26770  111.00    0.00    0.00  111.00    19  bt-mz.B.24
03:17:33        26771  111.00    0.00    0.00  111.00    29  bt-mz.B.24
03:17:33        26772  110.50    0.00    0.00  110.50    17  bt-mz.B.24
03:17:33        26773  106.50    0.00    0.00  106.50    22  bt-mz.B.24
03:17:33        26774  111.00    0.00    0.00  111.00    28  bt-mz.B.24
03:17:33        26775  103.00    0.00    0.00  103.00    18  bt-mz.B.24
03:17:33        26776  107.00    0.00    0.00  107.00    23  bt-mz.B.24
03:17:33        26777   97.00    0.00    0.00   97.00     9  bt-mz.B.24
03:17:33        26780  105.50    0.00    0.00  105.50    16  bt-mz.B.24
03:17:33        26782  109.50    0.00    0.00  109.50    20  bt-mz.B.24
03:17:33        26784  111.50    0.50    0.00  112.00    15  bt-mz.B.24
03:17:33        26785  111.50    0.00    0.00  111.50    24  bt-mz.B.24

03:17:33          PID    %usr %system  %guest    %CPU   CPU  Command
03:17:35           37    0.00    0.50    0.00    0.50     8  ksoftirqd/8
03:17:35         3143    0.00    0.50    0.00    0.50    10  kondemand/10
03:17:35         3153    0.00    0.50    0.00    0.50    20  kondemand/20
03:17:35         3155    0.00    0.50    0.00    0.50    22  kondemand/22
03:17:35         4128    0.00    0.50    0.00    0.50    17  gmond
03:17:35        26753    1.00    0.50    0.00    1.50    14  top
03:17:35        26755    0.50    1.50    0.00    2.00    17  pidstat
03:17:35        26757    0.00    1.50    0.00    1.50    14  pidstat
03:17:35        26766  113.00    0.00    0.00  113.00     8  bt-mz.B.24
03:17:35        26767  109.00    0.00    0.00  109.00    25  bt-mz.B.24
03:17:35        26768  112.00    0.00    0.00  112.00    30  bt-mz.B.24
03:17:35        26769  108.50    0.00    0.00  108.50    14  bt-mz.B.24
03:17:35        26770  114.00    0.00    0.00  114.00     3  bt-mz.B.24
03:17:35        26771  107.50    0.50    0.00  108.00    28  bt-mz.B.24
03:17:35        26772  110.00    0.00    0.00  110.00    21  bt-mz.B.24
03:17:35        26773  112.00    0.00    0.00  112.00     4  bt-mz.B.24
03:17:35        26774  110.00    0.00    0.00  110.00    24  bt-mz.B.24
03:17:35        26775  107.00    0.00    0.00  107.00    20  bt-mz.B.24
03:17:35        26776  106.00    0.00    0.00  106.00     7  bt-mz.B.24
03:17:35        26777  103.00    0.00    0.00  103.00    10  bt-mz.B.24
03:17:35        26780  107.50    0.00    0.00  107.50     0  bt-mz.B.24
03:17:35        26782  110.00    0.00    0.00  110.00     2  bt-mz.B.24
03:17:35        26784  107.50    0.00    0.00  107.50    31  bt-mz.B.24
03:17:35        26785  108.50    0.00    0.00  108.50    26  bt-mz.B.24

03:17:35          PID    %usr %system  %guest    %CPU   CPU  Command
03:17:37         3133    0.00    0.50    0.00    0.50     0  kondemand/0
03:17:37         3137    0.00    0.50    0.00    0.50     4  kondemand/4
03:17:37         3149    0.00    0.50    0.00    0.50    16  kondemand/16
03:17:37         3151    0.00    0.50    0.00    0.50    18  kondemand/18
03:17:37         3180    0.00    0.50    0.00    0.50     0  kipmi0
03:17:37        26753    0.50    1.00    0.00    1.50    30  top
03:17:37        26755    0.50    2.00    0.00    2.50    17  pidstat
03:17:37        26757    1.50    2.50    0.00    4.00    30  pidstat
03:17:37        26766  116.50    0.00    0.00  116.50    26  bt-mz.B.24
03:17:37        26767  115.00    0.00    0.00  115.00    25  bt-mz.B.24
03:17:37        26768  107.50    0.00    0.00  107.50    24  bt-mz.B.24
03:17:37        26769  107.50    0.00    0.00  107.50    11  bt-mz.B.24
03:17:37        26770  108.50    0.00    0.00  108.50     1  bt-mz.B.24
03:17:37        26771  110.00    0.00    0.00  110.00    27  bt-mz.B.24
03:17:37        26772  105.00    0.00    0.00  105.00    23  bt-mz.B.24
03:17:37        26773  109.00    0.00    0.00  109.00     2  bt-mz.B.24
03:17:37        26774  112.50    0.00    0.00  112.50     8  bt-mz.B.24
03:17:37        26775  108.00    0.00    0.00  108.00    20  bt-mz.B.24
03:17:37        26776  100.50    0.00    0.00  100.50    19  bt-mz.B.24
03:17:37        26777  106.50    0.00    0.00  106.50    28  bt-mz.B.24
03:17:37        26780  115.50    0.00    0.00  115.50    16  bt-mz.B.24
03:17:37        26782  112.50    0.00    0.00  112.50    18  bt-mz.B.24
03:17:37        26784  114.50    0.00    0.00  114.50    31  bt-mz.B.24
03:17:37        26785  100.00    0.00    0.00  100.00     9  bt-mz.B.24

03:17:37          PID    %usr %system  %guest    %CPU   CPU  Command
03:17:39         4128    0.00    0.50    0.00    0.50     1  gmond
03:17:39        26753    0.50    0.50    0.00    1.00    30  top
03:17:39        26755    0.00    2.00    0.00    2.00    17  pidstat
03:17:39        26757    0.00    1.00    0.00    1.00    30  pidstat
03:17:39        26766  116.50    0.00    0.00  116.50    10  bt-mz.B.24
03:17:39        26767  110.50    0.00    0.00  110.50    25  bt-mz.B.24
03:17:39        26768  110.00    0.00    0.00  110.00    24  bt-mz.B.24
03:17:39        26769  110.50    0.50    0.00  111.00     8  bt-mz.B.24
03:17:39        26770  109.00    0.00    0.00  109.00     5  bt-mz.B.24
03:17:39        26771  105.50    0.00    0.00  105.50    27  bt-mz.B.24
03:17:39        26772  110.50    0.00    0.00  110.50     7  bt-mz.B.24
03:17:39        26773  103.50    0.00    0.00  103.50    19  bt-mz.B.24
03:17:39        26774  108.50    0.00    0.00  108.50    12  bt-mz.B.24
03:17:39        26775  107.50    0.00    0.00  107.50    23  bt-mz.B.24
03:17:39        26776  107.00    0.00    0.00  107.00     3  bt-mz.B.24
03:17:39        26777  103.00    0.00    0.00  103.00    14  bt-mz.B.24
03:17:39        26780  110.00    0.00    0.00  110.00    16  bt-mz.B.24
03:17:39        26782  105.50    0.00    0.00  105.50     2  bt-mz.B.24
03:17:39        26784  111.00    0.00    0.00  111.00    31  bt-mz.B.24
03:17:39        26785  101.50    0.00    0.00  101.50     9  bt-mz.B.24
