Linux 2.6.32-279.14.1.el6.x86_64 (compute-641-14.local) 	04/21/20 	_x86_64_	(32 CPU)

03:21:00     CPU    %usr   %nice    %sys %iowait    %irq   %soft  %steal  %guest   %idle
03:21:02     all   60.48    0.00    4.57    0.00    0.00    0.05    0.00    0.00   34.90
03:21:04     all   82.40    0.00    0.22    0.00    0.00    0.02    0.00    0.00   17.36
03:21:06     all   81.11    0.00    0.19    0.00    0.00    0.00    0.00    0.00   18.71
03:21:08     all   80.47    0.00    0.22    0.00    0.00    0.00    0.00    0.00   19.32
03:21:10     all   80.19    0.00    0.17    0.00    0.00    0.00    0.00    0.00   19.63
03:21:12     all   81.48    0.00    0.20    0.02    0.00    0.00    0.00    0.00   18.30
03:21:14     all   81.53    0.00    0.19    0.00    0.00    0.00    0.00    0.00   18.28
03:21:16     all   80.47    0.00    0.19    0.00    0.00    0.00    0.00    0.00   19.35
03:21:18     all   80.36    0.00    0.17    0.00    0.00    0.00    0.00    0.00   19.47
03:21:20     all   79.74    0.00    0.19    0.00    0.00    0.00    0.00    0.00   20.07
03:21:22     all   78.65    0.00    0.16    0.00    0.00    0.00    0.00    0.00   21.19
03:21:24     all   80.98    0.00    0.17    0.00    0.00    0.00    0.00    0.00   18.85
03:21:26     all   80.29    0.00    0.16    0.00    0.00    0.00    0.00    0.00   19.55
03:21:28     all   80.75    0.00    0.23    0.00    0.00    0.00    0.00    0.00   19.02
03:21:30     all   81.48    0.00    0.19    0.00    0.00    0.00    0.00    0.00   18.33
03:21:32     all   79.37    0.00    0.19    0.00    0.00    0.00    0.00    0.00   20.44
03:21:34     all   80.54    0.00    0.19    0.00    0.00    0.00    0.00    0.00   19.27
03:21:36     all   81.37    0.00    0.20    0.00    0.00    0.02    0.00    0.00   18.41
03:21:38     all   81.80    0.00    0.17    0.00    0.00    0.00    0.00    0.00   18.02
03:21:40     all   82.25    0.00    0.16    0.00    0.00    0.00    0.00    0.00   17.60
03:21:42     all   80.70    0.00    0.23    0.00    0.00    0.00    0.00    0.00   19.07
03:21:44     all   81.92    0.00    0.19    0.02    0.00    0.00    0.00    0.00   17.88
03:21:46     all   82.15    0.00    0.20    0.00    0.00    0.00    0.00    0.00   17.65
03:21:48     all   80.86    0.00    0.19    0.00    0.00    0.00    0.00    0.00   18.96
03:21:50     all   80.37    0.00    0.17    0.00    0.00    0.00    0.00    0.00   19.46
03:21:52     all   78.95    0.00    0.17    0.00    0.00    0.00    0.00    0.00   20.88
03:21:54     all   80.89    0.00    0.20    0.00    0.00    0.00    0.00    0.00   18.91
