Linux 2.6.32-279.14.1.el6.x86_64 (compute-641-14.local) 	04/21/20 	_x86_64_	(32 CPU)

03:55:44     CPU    %usr   %nice    %sys %iowait    %irq   %soft  %steal  %guest   %idle
03:55:46     all   61.40    0.00    4.20    0.00    0.00    0.08    0.00    0.00   34.32
03:55:48     all   80.41    0.00    0.17    0.00    0.00    0.00    0.00    0.00   19.42
03:55:50     all   80.72    0.00    0.20    0.00    0.00    0.00    0.00    0.00   19.08
03:55:52     all   79.85    0.00    0.17    0.00    0.00    0.00    0.00    0.00   19.97
03:55:54     all   81.25    0.00    0.14    0.00    0.00    0.00    0.00    0.00   18.61
03:55:56     all   81.91    0.00    0.14    0.00    0.00    0.00    0.00    0.00   17.95
03:55:58     all   81.80    0.00    0.17    0.00    0.00    0.00    0.00    0.00   18.02
03:56:00     all   80.78    0.00    0.17    0.00    0.00    0.00    0.00    0.00   19.05
03:56:02     all   81.33    0.00    0.16    0.00    0.00    0.00    0.00    0.00   18.52
03:56:04     all   80.43    0.00    0.19    0.05    0.00    0.00    0.00    0.00   19.34
03:56:06     all   80.72    0.00    0.17    0.00    0.00    0.00    0.00    0.00   19.11
03:56:08     all   82.49    0.00    0.17    0.00    0.00    0.00    0.00    0.00   17.34
03:56:10     all   82.18    0.00    0.17    0.00    0.00    0.00    0.00    0.00   17.64
03:56:12     all   81.79    0.00    0.17    0.02    0.00    0.00    0.00    0.00   18.02
03:56:14     all   82.17    0.00    0.17    0.00    0.00    0.00    0.00    0.00   17.66
03:56:16     all   80.76    0.00    0.17    0.00    0.00    0.00    0.00    0.00   19.07
03:56:18     all   79.95    0.00    0.17    0.00    0.00    0.00    0.00    0.00   19.88
03:56:20     all   79.78    0.00    0.17    0.00    0.00    0.00    0.00    0.00   20.05
03:56:22     all   80.07    0.00    0.19    0.00    0.00    0.02    0.00    0.00   19.73
03:56:24     all   78.63    0.00    0.16    0.00    0.00    0.00    0.00    0.00   21.21
03:56:26     all   82.63    0.00    0.17    0.00    0.00    0.00    0.00    0.00   17.20
03:56:28     all   80.92    0.00    0.19    0.00    0.00    0.00    0.00    0.00   18.89
03:56:30     all   78.43    0.00    0.19    0.00    0.00    0.00    0.00    0.00   21.38
03:56:32     all   80.50    0.00    0.23    0.00    0.00    0.00    0.00    0.00   19.27
03:56:34     all   80.35    0.00    0.17    0.00    0.00    0.00    0.00    0.00   19.47
