Linux 2.6.32-279.14.1.el6.x86_64 (compute-641-14.local) 	04/21/20 	_x86_64_	(32 CPU)

04:14:20          PID    %usr %system  %guest    %CPU   CPU  Command
04:14:22          109    0.00    0.49    0.00    0.49    26  ksoftirqd/26
04:14:22         3156    0.00    0.49    0.00    0.49    23  kondemand/23
04:14:22         3180    0.00    0.49    0.00    0.49    16  kipmi0
04:14:22         4128    0.00    0.49    0.00    0.49    17  gmond
04:14:22         5674    3.92    1.96    0.00    5.88    18  mpirun
04:14:22         5680    0.49    0.49    0.00    0.98    11  top
04:14:22         5682    0.49    1.96    0.00    2.45    26  pidstat
04:14:22         5684    0.00    0.98    0.00    0.98    21  pidstat
04:14:22         5693   85.29    5.88    0.00   91.18    24  bt-mz.B.24
04:14:22         5694   81.37    5.39    0.00   86.76     2  bt-mz.B.24
04:14:22         5695   89.22    4.90    0.00   94.12    21  bt-mz.B.24
04:14:22         5696   80.39    5.39    0.00   85.78     3  bt-mz.B.24
04:14:22         5697   73.53    5.88    0.00   79.41     4  bt-mz.B.24
04:14:22         5698   85.78    5.88    0.00   91.67    10  bt-mz.B.24
04:14:22         5699   75.00    6.37    0.00   81.37    23  bt-mz.B.24
04:14:22         5700   83.82    5.88    0.00   89.71    18  bt-mz.B.24
04:14:22         5701   82.84    5.88    0.00   88.73    20  bt-mz.B.24
04:14:22         5702   86.27    4.41    0.00   90.69    28  bt-mz.B.24
04:14:22         5704   82.84    5.88    0.00   88.73    22  bt-mz.B.24
04:14:22         5706   87.25    3.92    0.00   91.18     8  bt-mz.B.24
04:14:22         5709   78.43    5.88    0.00   84.31     6  bt-mz.B.24
04:14:22         5711   87.75    4.41    0.00   92.16     9  bt-mz.B.24
04:14:22         5712   86.27    5.88    0.00   92.16    14  bt-mz.B.24
04:14:22         5714   77.45    5.39    0.00   82.84     0  bt-mz.B.24
04:14:22         5716   72.06    5.39    0.00   77.45    17  bt-mz.B.24
04:14:22         5718   80.39    5.88    0.00   86.27     7  bt-mz.B.24
04:14:22         5721   69.61    5.88    0.00   75.49     1  bt-mz.B.24

04:14:22          PID    %usr %system  %guest    %CPU   CPU  Command
04:14:24         3684    0.00    0.50    0.00    0.50    22  snmpd
04:14:24         5680    0.50    0.50    0.00    1.00    11  top
04:14:24         5682    1.00    1.50    0.00    2.50    26  pidstat
04:14:24         5684    1.00    2.50    0.00    3.50    21  pidstat
04:14:24         5693  110.50    0.00    0.00  110.50    10  bt-mz.B.24
04:14:24         5694   97.50    0.00    0.00   97.50     4  bt-mz.B.24
04:14:24         5695  107.50    0.00    0.00  107.50     0  bt-mz.B.24
04:14:24         5696  110.00    0.00    0.00  110.00    19  bt-mz.B.24
04:14:24         5697  104.00    0.00    0.00  104.00    21  bt-mz.B.24
04:14:24         5698  110.00    0.50    0.00  110.50    15  bt-mz.B.24
04:14:24         5699  111.50    0.00    0.00  111.50     7  bt-mz.B.24
04:14:24         5700  112.00    0.50    0.00  112.50    18  bt-mz.B.24
04:14:24         5701   89.50    0.00    0.00   89.50     4  bt-mz.B.24
04:14:24         5702  113.50    0.50    0.00  114.00    12  bt-mz.B.24
04:14:24         5704   80.00    0.00    0.00   80.00     6  bt-mz.B.24
04:14:24         5706  108.00    0.00    0.00  108.00     8  bt-mz.B.24
04:14:24         5709  100.50    0.00    0.00  100.50     2  bt-mz.B.24
04:14:24         5711  112.50    0.00    0.00  112.50     9  bt-mz.B.24
04:14:24         5712  112.00    0.00    0.00  112.00    14  bt-mz.B.24
04:14:24         5714  104.00    0.00    0.00  104.00    17  bt-mz.B.24
04:14:24         5716  105.00    0.00    0.00  105.00     1  bt-mz.B.24
04:14:24         5718   82.00    0.00    0.00   82.00    22  bt-mz.B.24
04:14:24         5721   79.00    0.00    0.00   79.00     6  bt-mz.B.24

04:14:24          PID    %usr %system  %guest    %CPU   CPU  Command
04:14:26         3141    0.00    0.50    0.00    0.50     8  kondemand/8
04:14:26         3148    0.00    0.50    0.00    0.50    15  kondemand/15
04:14:26         3151    0.00    0.50    0.00    0.50    18  kondemand/18
04:14:26         3157    0.00    0.50    0.00    0.50    24  kondemand/24
04:14:26         5680    0.50    0.50    0.00    1.00    27  top
04:14:26         5682    0.50    1.50    0.00    2.00    26  pidstat
04:14:26         5684    0.50    1.50    0.00    2.00     5  pidstat
04:14:26         5693  116.50    0.00    0.00  116.50    26  bt-mz.B.24
04:14:26         5694   99.00    0.00    0.00   99.00    18  bt-mz.B.24
04:14:26         5695  106.00    0.00    0.00  106.00    19  bt-mz.B.24
04:14:26         5696  103.00    0.00    0.00  103.00     3  bt-mz.B.24
04:14:26         5697  109.00    0.00    0.00  109.00     4  bt-mz.B.24
04:14:26         5698  107.50    0.00    0.00  107.50    10  bt-mz.B.24
04:14:26         5699  107.50    0.00    0.00  107.50    23  bt-mz.B.24
04:14:26         5700  100.50    0.00    0.00  100.50     9  bt-mz.B.24
04:14:26         5701   91.50    0.00    0.00   91.50     7  bt-mz.B.24
04:14:26         5702  112.50    0.00    0.00  112.50    12  bt-mz.B.24
04:14:26         5704   99.50    0.00    0.00   99.50     6  bt-mz.B.24
04:14:26         5706  113.50    0.00    0.00  113.50     8  bt-mz.B.24
04:14:26         5709   96.00    0.00    0.00   96.00     1  bt-mz.B.24
04:14:26         5711  111.50    0.00    0.00  111.50    25  bt-mz.B.24
04:14:26         5712  108.50    0.00    0.00  108.50    14  bt-mz.B.24
04:14:26         5714  105.50    0.00    0.00  105.50    16  bt-mz.B.24
04:14:26         5716   95.00    0.00    0.00   95.00     2  bt-mz.B.24
04:14:26         5718   96.50    0.00    0.00   96.50     5  bt-mz.B.24
04:14:26         5721   90.50    0.50    0.00   91.00    21  bt-mz.B.24

04:14:26          PID    %usr %system  %guest    %CPU   CPU  Command
04:14:28         3142    0.00    0.50    0.00    0.50     9  kondemand/9
04:14:28         3160    0.00    0.50    0.00    0.50    27  kondemand/27
04:14:28         3162    0.00    0.50    0.00    0.50    29  kondemand/29
04:14:28         3180    0.00    0.50    0.00    0.50     4  kipmi0
04:14:28         4128    0.50    0.50    0.00    1.00    17  gmond
04:14:28         5680    0.50    0.50    0.00    1.00    27  top
04:14:28         5682    0.50    2.00    0.00    2.50    10  pidstat
04:14:28         5684    1.00    2.00    0.00    3.00     5  pidstat
04:14:28         5693  122.50    0.00    0.00  122.50    26  bt-mz.B.24
04:14:28         5694  103.50    0.00    0.00  103.50     2  bt-mz.B.24
04:14:28         5695  114.00    0.00    0.00  114.00    25  bt-mz.B.24
04:14:28         5696  106.00    0.00    0.00  106.00     3  bt-mz.B.24
04:14:28         5697  107.00    0.00    0.00  107.00    20  bt-mz.B.24
04:14:28         5698  109.00    0.00    0.00  109.00     9  bt-mz.B.24
04:14:28         5699  112.00    0.00    0.00  112.00     7  bt-mz.B.24
04:14:28         5700  112.50    0.00    0.00  112.50    14  bt-mz.B.24
04:14:28         5701  108.50    0.00    0.00  108.50    22  bt-mz.B.24
04:14:28         5702  109.50    0.00    0.00  109.50    27  bt-mz.B.24
04:14:28         5704  107.00    0.00    0.00  107.00     4  bt-mz.B.24
04:14:28         5706  111.50    0.00    0.00  111.50    28  bt-mz.B.24
04:14:28         5709  110.50    0.00    0.00  110.50     1  bt-mz.B.24
04:14:28         5711  115.50    0.00    0.00  115.50    29  bt-mz.B.24
04:14:28         5712  111.00    0.00    0.00  111.00    12  bt-mz.B.24
04:14:28         5714  110.50    0.50    0.00  111.00    16  bt-mz.B.24
04:14:28         5716   97.00    0.00    0.00   97.00     0  bt-mz.B.24
04:14:28         5718   99.50    0.00    0.00   99.50    19  bt-mz.B.24
04:14:28         5721  101.00    0.00    0.00  101.00     4  bt-mz.B.24

04:14:28          PID    %usr %system  %guest    %CPU   CPU  Command
04:14:30          154    0.00    0.50    0.00    0.50    23  events/23
04:14:30         3163    0.00    0.50    0.00    0.50    30  kondemand/30
04:14:30         5680    0.50    1.00    0.00    1.50    27  top
04:14:30         5682    1.00    2.00    0.00    3.00    10  pidstat
04:14:30         5684    0.50    2.00    0.00    2.50     5  pidstat
04:14:30         5693  118.00    0.00    0.00  118.00    26  bt-mz.B.24
04:14:30         5694  107.00    0.00    0.00  107.00     4  bt-mz.B.24
04:14:30         5695  111.00    0.00    0.00  111.00    25  bt-mz.B.24
04:14:30         5696  103.50    0.00    0.00  103.50    18  bt-mz.B.24
04:14:30         5697  105.00    0.00    0.00  105.00    16  bt-mz.B.24
04:14:30         5698  102.00    0.00    0.00  102.00    24  bt-mz.B.24
04:14:30         5699  103.50    0.00    0.00  103.50    23  bt-mz.B.24
04:14:30         5700  108.50    0.00    0.00  108.50    12  bt-mz.B.24
04:14:30         5701   94.00    0.00    0.00   94.00     4  bt-mz.B.24
04:14:30         5702  107.00    0.00    0.00  107.00     8  bt-mz.B.24
04:14:30         5704  103.50    0.00    0.00  103.50    18  bt-mz.B.24
04:14:30         5706  113.00    0.50    0.00  113.50    28  bt-mz.B.24
04:14:30         5709  108.50    0.00    0.00  108.50    17  bt-mz.B.24
04:14:30         5711  109.50    0.00    0.00  109.50    13  bt-mz.B.24
04:14:30         5712  111.50    0.00    0.00  111.50    11  bt-mz.B.24
04:14:30         5714  101.00    0.00    0.00  101.00     0  bt-mz.B.24
04:14:30         5716  100.00    0.00    0.00  100.00     7  bt-mz.B.24
04:14:30         5718  109.00    0.50    0.00  109.50     3  bt-mz.B.24
04:14:30         5721  106.50    0.00    0.00  106.50    22  bt-mz.B.24

04:14:30          PID    %usr %system  %guest    %CPU   CPU  Command
04:14:32          113    0.00    0.50    0.00    0.50    27  ksoftirqd/27
04:14:32         3140    0.00    0.50    0.00    0.50     7  kondemand/7
04:14:32         3143    0.00    0.50    0.00    0.50    10  kondemand/10
04:14:32         3180    0.00    1.00    0.00    1.00     4  kipmi0
04:14:32         4128    0.00    0.50    0.00    0.50    17  gmond
04:14:32         5680    1.00    0.50    0.00    1.50    27  top
04:14:32         5682    1.00    1.50    0.00    2.50    10  pidstat
04:14:32         5684    0.50    2.00    0.00    2.50    21  pidstat
04:14:32         5693  119.00    0.00    0.00  119.00    26  bt-mz.B.24
04:14:32         5694  106.00    0.00    0.00  106.00    18  bt-mz.B.24
04:14:32         5695  111.00    0.00    0.00  111.00    25  bt-mz.B.24
04:14:32         5696  109.50    0.00    0.00  109.50     2  bt-mz.B.24
04:14:32         5697  105.00    0.00    0.00  105.00    16  bt-mz.B.24
04:14:32         5698  112.50    0.50    0.00  113.00     8  bt-mz.B.24
04:14:32         5699  102.00    0.00    0.00  102.00    23  bt-mz.B.24
04:14:32         5700  105.50    0.00    0.00  105.50    10  bt-mz.B.24
04:14:32         5701  106.00    0.00    0.00  106.00    22  bt-mz.B.24
04:14:32         5702  115.50    0.00    0.00  115.50    15  bt-mz.B.24
04:14:32         5704  100.00    0.00    0.00  100.00    19  bt-mz.B.24
04:14:32         5706  115.50    0.00    0.00  115.50    12  bt-mz.B.24
04:14:32         5709  111.00    0.00    0.00  111.00     1  bt-mz.B.24
04:14:32         5711  115.50    0.00    0.00  115.50    13  bt-mz.B.24
04:14:32         5712  116.00    0.00    0.00  116.00    27  bt-mz.B.24
04:14:32         5714  113.00    0.00    0.00  113.00     0  bt-mz.B.24
04:14:32         5716  107.50    0.00    0.00  107.50     3  bt-mz.B.24
04:14:32         5718   95.00    0.00    0.00   95.00     7  bt-mz.B.24
04:14:32         5721  106.50    0.00    0.00  106.50     5  bt-mz.B.24

04:14:32          PID    %usr %system  %guest    %CPU   CPU  Command
04:14:34         3144    0.00    0.50    0.00    0.50    11  kondemand/11
04:14:34         3180    0.00    0.50    0.00    0.50     4  kipmi0
04:14:34         5680    0.50    0.50    0.00    1.00    31  top
04:14:34         5682    1.00    1.50    0.00    2.50    10  pidstat
04:14:34         5684    0.50    1.50    0.00    2.00    21  pidstat
04:14:34         5693  112.50    0.00    0.00  112.50    26  bt-mz.B.24
04:14:34         5694   98.00    0.00    0.00   98.00     2  bt-mz.B.24
04:14:34         5695  110.50    0.00    0.00  110.50    25  bt-mz.B.24
04:14:34         5696   95.50    0.00    0.00   95.50     0  bt-mz.B.24
04:14:34         5697  107.00    0.00    0.00  107.00    16  bt-mz.B.24
04:14:34         5698  111.00    0.00    0.00  111.00    24  bt-mz.B.24
04:14:34         5699  102.50    0.00    0.00  102.50     4  bt-mz.B.24
04:14:34         5700  103.00    0.00    0.00  103.00    13  bt-mz.B.24
04:14:34         5701  107.50    0.00    0.00  107.50    22  bt-mz.B.24
04:14:34         5702  114.00    0.00    0.00  114.00    15  bt-mz.B.24
04:14:34         5704  109.50    0.00    0.00  109.50     3  bt-mz.B.24
04:14:34         5706  110.00    0.00    0.00  110.00    31  bt-mz.B.24
04:14:34         5709  107.00    0.00    0.00  107.00    19  bt-mz.B.24
04:14:34         5711  111.00    0.00    0.00  111.00    12  bt-mz.B.24
04:14:34         5712  102.00    0.00    0.00  102.00     8  bt-mz.B.24
04:14:34         5714  100.00    0.00    0.00  100.00     1  bt-mz.B.24
04:14:34         5716  104.50    0.00    0.00  104.50    18  bt-mz.B.24
04:14:34         5718  107.50    0.00    0.00  107.50     7  bt-mz.B.24
04:14:34         5721  106.50    0.00    0.00  106.50     0  bt-mz.B.24

04:14:34          PID    %usr %system  %guest    %CPU   CPU  Command
04:14:36          148    0.00    0.50    0.00    0.50    17  events/17
04:14:36         3147    0.00    0.50    0.00    0.50    14  kondemand/14
04:14:36         3161    0.00    0.50    0.00    0.50    28  kondemand/28
04:14:36         3180    0.00    0.50    0.00    0.50     4  kipmi0
04:14:36         4128    0.00    0.50    0.00    0.50     1  gmond
04:14:36         5680    0.50    1.00    0.00    1.50    31  top
04:14:36         5682    0.00    1.50    0.00    1.50    10  pidstat
04:14:36         5684    1.00    2.00    0.00    3.00    21  pidstat
04:14:36         5693  109.50    0.00    0.00  109.50    26  bt-mz.B.24
04:14:36         5694  110.50    0.00    0.00  110.50    17  bt-mz.B.24
04:14:36         5695  118.00    0.00    0.00  118.00    25  bt-mz.B.24
04:14:36         5696  106.00    0.00    0.00  106.00    16  bt-mz.B.24
04:14:36         5697  112.50    0.00    0.00  112.50     0  bt-mz.B.24
04:14:36         5698  114.00    0.00    0.00  114.00    24  bt-mz.B.24
04:14:36         5699  109.00    0.00    0.00  109.00    23  bt-mz.B.24
04:14:36         5700   91.50    0.00    0.00   91.50    28  bt-mz.B.24
04:14:36         5701   88.50    0.00    0.00   88.50     4  bt-mz.B.24
04:14:36         5702  115.00    0.00    0.00  115.00    15  bt-mz.B.24
04:14:36         5704  112.00    0.00    0.00  112.00    19  bt-mz.B.24
04:14:36         5706  114.00    0.00    0.00  114.00    29  bt-mz.B.24
04:14:36         5709  113.00    0.00    0.00  113.00    22  bt-mz.B.24
04:14:36         5711   85.50    0.00    0.00   85.50     8  bt-mz.B.24
04:14:36         5712  114.00    0.00    0.00  114.00    11  bt-mz.B.24
04:14:36         5714  102.50    0.00    0.00  102.50     1  bt-mz.B.24
04:14:36         5716   94.50    0.00    0.00   94.50     5  bt-mz.B.24
04:14:36         5718  104.00    0.00    0.00  104.00     7  bt-mz.B.24
04:14:36         5721  103.00    0.00    0.00  103.00    21  bt-mz.B.24

04:14:36          PID    %usr %system  %guest    %CPU   CPU  Command
04:14:38         3137    0.00    0.50    0.00    0.50     4  kondemand/4
04:14:38         3158    0.00    0.50    0.00    0.50    25  kondemand/25
04:14:38         3164    0.00    0.50    0.00    0.50    31  kondemand/31
04:14:38         5680    0.50    0.50    0.00    1.00    31  top
04:14:38         5682    1.00    1.50    0.00    2.50    10  pidstat
04:14:38         5684    0.50    1.50    0.00    2.00    21  pidstat
04:14:38         5686    0.00    0.50    0.00    0.50    25  iostat
04:14:38         5693  108.00    0.00    0.00  108.00    26  bt-mz.B.24
04:14:38         5694  104.00    0.00    0.00  104.00    17  bt-mz.B.24
04:14:38         5695  113.50    0.00    0.00  113.50     9  bt-mz.B.24
04:14:38         5696  113.00    0.00    0.00  113.00     6  bt-mz.B.24
04:14:38         5697  102.50    0.00    0.00  102.50     0  bt-mz.B.24
04:14:38         5698  108.00    0.00    0.00  108.00    31  bt-mz.B.24
04:14:38         5699  106.50    0.00    0.00  106.50    19  bt-mz.B.24
04:14:38         5700  114.00    0.00    0.00  114.00    28  bt-mz.B.24
04:14:38         5701  101.50    0.00    0.00  101.50     3  bt-mz.B.24
04:14:38         5702  111.00    0.00    0.00  111.00    15  bt-mz.B.24
04:14:38         5704  116.50    0.00    0.00  116.50     2  bt-mz.B.24
04:14:38         5706  115.50    0.00    0.00  115.50    13  bt-mz.B.24
04:14:38         5709  104.50    0.00    0.00  104.50    16  bt-mz.B.24
04:14:38         5711  115.50    0.00    0.00  115.50     8  bt-mz.B.24
04:14:38         5712  116.50    0.00    0.00  116.50    11  bt-mz.B.24
04:14:38         5714  103.00    0.00    0.00  103.00     1  bt-mz.B.24
04:14:38         5716  109.00    0.00    0.00  109.00     5  bt-mz.B.24
04:14:38         5718  106.50    0.00    0.00  106.50    20  bt-mz.B.24
04:14:38         5721  102.00    0.00    0.00  102.00    21  bt-mz.B.24

04:14:38          PID    %usr %system  %guest    %CPU   CPU  Command
04:14:40         3136    0.00    0.50    0.00    0.50     3  kondemand/3
04:14:40         3180    0.00    1.50    0.00    1.50     2  kipmi0
04:14:40         4128    0.00    0.50    0.00    0.50    17  gmond
04:14:40         5680    0.50    0.50    0.00    1.00    31  top
04:14:40         5682    0.50    2.00    0.00    2.50    10  pidstat
04:14:40         5684    0.50    2.00    0.00    2.50    21  pidstat
04:14:40         5693  104.50    0.00    0.00  104.50    10  bt-mz.B.24
04:14:40         5694  104.00    0.00    0.00  104.00    23  bt-mz.B.24
04:14:40         5695  117.00    0.00    0.00  117.00     9  bt-mz.B.24
04:14:40         5696  111.00    0.00    0.00  111.00     6  bt-mz.B.24
04:14:40         5697  105.50    0.00    0.00  105.50    16  bt-mz.B.24
04:14:40         5698   99.50    0.00    0.00   99.50    11  bt-mz.B.24
04:14:40         5699  104.50    0.50    0.00  105.00     1  bt-mz.B.24
04:14:40         5700  111.50    0.00    0.00  111.50    28  bt-mz.B.24
04:14:40         5701  105.00    0.00    0.00  105.00     2  bt-mz.B.24
04:14:40         5702  101.50    0.00    0.00  101.50     8  bt-mz.B.24
04:14:40         5704  109.50    0.50    0.00  110.00    18  bt-mz.B.24
04:14:40         5706  113.50    0.00    0.00  113.50    13  bt-mz.B.24
04:14:40         5709  104.50    0.00    0.00  104.50    17  bt-mz.B.24
04:14:40         5711  102.00    0.00    0.00  102.00    24  bt-mz.B.24
04:14:40         5712  109.50    0.00    0.00  109.50    27  bt-mz.B.24
04:14:40         5714  101.50    0.00    0.00  101.50     3  bt-mz.B.24
04:14:40         5716  108.50    0.00    0.00  108.50     5  bt-mz.B.24
04:14:40         5718  104.50    0.00    0.00  104.50     4  bt-mz.B.24
04:14:40         5721  100.50    0.50    0.00  101.00    21  bt-mz.B.24

04:14:40          PID    %usr %system  %guest    %CPU   CPU  Command
04:14:42         3153    0.00    0.50    0.00    0.50    20  kondemand/20
04:14:42         3159    0.00    0.50    0.00    0.50    26  kondemand/26
04:14:42         3852    0.00    1.00    0.00    1.00    25  pbs_mom
04:14:42         4128    0.50    0.00    0.00    0.50    17  gmond
04:14:42         5680    1.00    0.50    0.00    1.50    31  top
04:14:42         5682    0.50    1.50    0.00    2.00    10  pidstat
04:14:42         5684    1.00    2.00    0.00    3.00    21  pidstat
04:14:42         5693  111.00    0.00    0.00  111.00     9  bt-mz.B.24
04:14:42         5694  105.00    0.00    0.00  105.00     3  bt-mz.B.24
04:14:42         5695  110.00    0.00    0.00  110.00    12  bt-mz.B.24
04:14:42         5696  102.50    0.00    0.00  102.50     7  bt-mz.B.24
04:14:42         5697  106.50    0.00    0.00  106.50     6  bt-mz.B.24
04:14:42         5698  105.00    0.00    0.00  105.00    25  bt-mz.B.24
04:14:42         5699   99.00    0.00    0.00   99.00     0  bt-mz.B.24
04:14:42         5700  110.50    0.00    0.00  110.50    11  bt-mz.B.24
04:14:42         5701  109.00    0.00    0.00  109.00     2  bt-mz.B.24
04:14:42         5702  109.50    0.00    0.00  109.50    28  bt-mz.B.24
04:14:42         5704  101.00    0.00    0.00  101.00    18  bt-mz.B.24
04:14:42         5706  113.00    0.00    0.00  113.00    13  bt-mz.B.24
04:14:42         5709  106.50    0.50    0.00  107.00     1  bt-mz.B.24
04:14:42         5711  106.50    0.00    0.00  106.50    24  bt-mz.B.24
04:14:42         5712  103.00    0.00    0.00  103.00    31  bt-mz.B.24
04:14:42         5714  109.50    0.00    0.00  109.50    19  bt-mz.B.24
04:14:42         5716   97.50    0.00    0.00   97.50    16  bt-mz.B.24
04:14:42         5718  100.00    0.00    0.00  100.00    17  bt-mz.B.24
04:14:42         5721  111.00    0.00    0.00  111.00     5  bt-mz.B.24

04:14:42          PID    %usr %system  %guest    %CPU   CPU  Command
04:14:44         3134    0.00    0.50    0.00    0.50     1  kondemand/1
04:14:44         3180    0.00    0.50    0.00    0.50     2  kipmi0
04:14:44         5680    0.50    1.00    0.00    1.50    31  top
04:14:44         5682    1.00    2.00    0.00    3.00    10  pidstat
04:14:44         5684    0.50    1.50    0.00    2.00    21  pidstat
04:14:44         5693  114.50    0.00    0.00  114.50    30  bt-mz.B.24
04:14:44         5694  113.50    0.00    0.00  113.50    19  bt-mz.B.24
04:14:44         5695  114.50    0.00    0.00  114.50    15  bt-mz.B.24
04:14:44         5696  108.50    0.00    0.00  108.50     4  bt-mz.B.24
04:14:44         5697  100.00    0.00    0.00  100.00     7  bt-mz.B.24
04:14:44         5698  107.00    0.00    0.00  107.00     8  bt-mz.B.24
04:14:44         5699   91.50    0.00    0.00   91.50     6  bt-mz.B.24
04:14:44         5700  111.00    0.00    0.00  111.00    26  bt-mz.B.24
04:14:44         5701  106.00    0.00    0.00  106.00     3  bt-mz.B.24
04:14:44         5702  114.50    0.00    0.00  114.50    12  bt-mz.B.24
04:14:44         5704  112.00    0.00    0.00  112.00     2  bt-mz.B.24
04:14:44         5706  112.50    0.00    0.00  112.50    13  bt-mz.B.24
04:14:44         5709  105.00    0.00    0.00  105.00    16  bt-mz.B.24
04:14:44         5711  110.00    0.00    0.00  110.00    25  bt-mz.B.24
04:14:44         5712  112.00    0.00    0.00  112.00    11  bt-mz.B.24
04:14:44         5714   95.50    0.00    0.00   95.50    22  bt-mz.B.24
04:14:44         5716  109.50    0.50    0.00  110.00     5  bt-mz.B.24
04:14:44         5718  106.00    0.00    0.00  106.00     1  bt-mz.B.24
04:14:44         5721  106.00    0.00    0.00  106.00    18  bt-mz.B.24

04:14:44          PID    %usr %system  %guest    %CPU   CPU  Command
04:14:46         3133    0.00    0.50    0.00    0.50     0  kondemand/0
04:14:46         3138    0.00    0.50    0.00    0.50     5  kondemand/5
04:14:46         3180    0.00    0.50    0.00    0.50     2  kipmi0
04:14:46         4128    0.00    0.50    0.00    0.50    17  gmond
04:14:46         5680    0.50    0.50    0.00    1.00    31  top
04:14:46         5682    0.50    1.50    0.00    2.00    10  pidstat
04:14:46         5684    1.00    2.00    0.00    3.00    21  pidstat
04:14:46         5693  119.50    0.00    0.00  119.50    14  bt-mz.B.24
04:14:46         5694  102.00    0.00    0.00  102.00     4  bt-mz.B.24
04:14:46         5695  116.50    0.00    0.00  116.50    15  bt-mz.B.24
04:14:46         5696  103.00    0.00    0.00  103.00     0  bt-mz.B.24
04:14:46         5697  113.00    0.00    0.00  113.00     1  bt-mz.B.24
04:14:46         5698  111.50    0.50    0.00  112.00    10  bt-mz.B.24
04:14:46         5699  109.00    0.00    0.00  109.00     5  bt-mz.B.24
04:14:46         5700  108.00    0.50    0.00  108.50    26  bt-mz.B.24
04:14:46         5701  103.50    0.00    0.00  103.50    19  bt-mz.B.24
04:14:46         5702  115.50    0.00    0.00  115.50    28  bt-mz.B.24
04:14:46         5704  111.00    0.00    0.00  111.00    18  bt-mz.B.24
04:14:46         5706  116.50    0.00    0.00  116.50    29  bt-mz.B.24
04:14:46         5709  114.50    0.00    0.00  114.50    16  bt-mz.B.24
04:14:46         5711  117.00    0.00    0.00  117.00    25  bt-mz.B.24
04:14:46         5712  106.00    0.00    0.00  106.00    27  bt-mz.B.24
04:14:46         5714  113.50    0.00    0.00  113.50     6  bt-mz.B.24
04:14:46         5716  106.50    0.00    0.00  106.50    17  bt-mz.B.24
04:14:46         5718  101.00    0.00    0.00  101.00    21  bt-mz.B.24
04:14:46         5721  104.00    0.00    0.00  104.00    20  bt-mz.B.24

04:14:46          PID    %usr %system  %guest    %CPU   CPU  Command
04:14:48          125    0.00    0.50    0.00    0.50    30  ksoftirqd/30
04:14:48         3135    0.00    0.50    0.00    0.50     2  kondemand/2
04:14:48         3139    0.00    0.50    0.00    0.50     6  kondemand/6
04:14:48         5680    0.50    1.00    0.00    1.50    31  top
04:14:48         5682    1.00    1.50    0.00    2.50    26  pidstat
04:14:48         5684    0.00    1.00    0.00    1.00    21  pidstat
04:14:48         5693  117.50    0.00    0.00  117.50    14  bt-mz.B.24
04:14:48         5694   95.00    0.50    0.00   95.50    20  bt-mz.B.24
04:14:48         5695  111.00    0.00    0.00  111.00    25  bt-mz.B.24
04:14:48         5696  109.00    0.00    0.00  109.00     0  bt-mz.B.24
04:14:48         5697  101.00    0.50    0.00  101.50     1  bt-mz.B.24
04:14:48         5698  103.50    0.00    0.00  103.50     9  bt-mz.B.24
04:14:48         5699  104.50    0.00    0.00  104.50    21  bt-mz.B.24
04:14:48         5700  105.50    0.00    0.00  105.50    10  bt-mz.B.24
04:14:48         5701  108.50    0.00    0.00  108.50     3  bt-mz.B.24
04:14:48         5702  109.00    0.00    0.00  109.00    28  bt-mz.B.24
04:14:48         5704   99.50    0.00    0.00   99.50    19  bt-mz.B.24
04:14:48         5706  109.00    0.00    0.00  109.00    13  bt-mz.B.24
04:14:48         5709   98.50    0.00    0.00   98.50     5  bt-mz.B.24
04:14:48         5711  103.50    0.00    0.00  103.50    29  bt-mz.B.24
04:14:48         5712  101.50    0.50    0.00  102.00     8  bt-mz.B.24
04:14:48         5714  103.50    0.00    0.00  103.50     6  bt-mz.B.24
04:14:48         5716  106.50    0.00    0.00  106.50    17  bt-mz.B.24
04:14:48         5718  100.00    0.00    0.00  100.00     4  bt-mz.B.24
04:14:48         5721   95.00    0.00    0.00   95.00    18  bt-mz.B.24

04:14:48          PID    %usr %system  %guest    %CPU   CPU  Command
04:14:50         3145    0.00    0.50    0.00    0.50    12  kondemand/12
04:14:50         3154    0.00    0.50    0.00    0.50    21  kondemand/21
04:14:50         5680    0.50    0.50    0.00    1.00    31  top
04:14:50         5682    0.50    1.50    0.00    2.00    26  pidstat
04:14:50         5684    1.00    2.00    0.00    3.00    21  pidstat
04:14:50         5693  118.00    0.50    0.00  118.50    10  bt-mz.B.24
04:14:50         5694  104.00    0.00    0.00  104.00     3  bt-mz.B.24
04:14:50         5695  110.50    0.00    0.00  110.50    29  bt-mz.B.24
04:14:50         5696  101.00    0.00    0.00  101.00    20  bt-mz.B.24
04:14:50         5697  112.00    0.00    0.00  112.00     1  bt-mz.B.24
04:14:50         5698  112.50    0.00    0.00  112.50     9  bt-mz.B.24
04:14:50         5699  107.00    0.00    0.00  107.00    21  bt-mz.B.24
04:14:50         5700  113.00    0.00    0.00  113.00    15  bt-mz.B.24
04:14:50         5701  107.50    0.50    0.00  108.00    19  bt-mz.B.24
04:14:50         5702  113.00    0.00    0.00  113.00    26  bt-mz.B.24
04:14:50         5704  106.50    0.00    0.00  106.50    21  bt-mz.B.24
04:14:50         5706  111.00    0.00    0.00  111.00    14  bt-mz.B.24
04:14:50         5709  101.00    0.00    0.00  101.00     5  bt-mz.B.24
04:14:50         5711  109.50    0.50    0.00  110.00    13  bt-mz.B.24
04:14:50         5712  113.50    0.00    0.00  113.50     8  bt-mz.B.24
04:14:50         5714  110.50    0.00    0.00  110.50     7  bt-mz.B.24
04:14:50         5716  109.50    0.00    0.00  109.50    16  bt-mz.B.24
04:14:50         5718   99.50    0.50    0.00  100.00    17  bt-mz.B.24
04:14:50         5721  109.00    0.00    0.00  109.00     2  bt-mz.B.24

04:14:50          PID    %usr %system  %guest    %CPU   CPU  Command
04:14:52         4128    0.50    0.50    0.00    1.00    17  gmond
04:14:52         5680    0.50    0.50    0.00    1.00    31  top
04:14:52         5682    1.00    2.00    0.00    3.00    26  pidstat
04:14:52         5684    1.00    2.50    0.00    3.50     5  pidstat
04:14:52         5693  109.50    0.00    0.00  109.50    29  bt-mz.B.24
04:14:52         5694  110.00    0.00    0.00  110.00    19  bt-mz.B.24
04:14:52         5695  103.50    0.00    0.00  103.50    11  bt-mz.B.24
04:14:52         5696  107.50    0.00    0.00  107.50     4  bt-mz.B.24
04:14:52         5697  100.00    0.00    0.00  100.00     1  bt-mz.B.24
04:14:52         5698  107.00    0.00    0.00  107.00    15  bt-mz.B.24
04:14:52         5699   91.50    0.00    0.00   91.50     7  bt-mz.B.24
04:14:52         5700  107.50    0.00    0.00  107.50     8  bt-mz.B.24
04:14:52         5701  100.50    0.00    0.00  100.50     3  bt-mz.B.24
04:14:52         5702  107.50    0.00    0.00  107.50    10  bt-mz.B.24
04:14:52         5704  107.50    0.00    0.00  107.50    23  bt-mz.B.24
04:14:52         5706  110.00    0.00    0.00  110.00    25  bt-mz.B.24
04:14:52         5709   91.50    0.00    0.00   91.50    22  bt-mz.B.24
04:14:52         5711  109.00    0.00    0.00  109.00    13  bt-mz.B.24
04:14:52         5712  107.50    0.00    0.00  107.50    30  bt-mz.B.24
04:14:52         5714  103.50    0.00    0.00  103.50    21  bt-mz.B.24
04:14:52         5716   99.50    0.00    0.00   99.50    16  bt-mz.B.24
04:14:52         5718   95.50    0.00    0.00   95.50    17  bt-mz.B.24
04:14:52         5721  110.50    0.00    0.00  110.50     2  bt-mz.B.24

04:14:52          PID    %usr %system  %guest    %CPU   CPU  Command
04:14:54         3021    0.00    1.00    0.00    1.00    19  flush-8:0
04:14:54         3149    0.00    0.50    0.00    0.50    16  kondemand/16
04:14:54         3150    0.00    0.50    0.00    0.50    17  kondemand/17
04:14:54         3180    0.00    0.50    0.00    0.50     6  kipmi0
04:14:54         3195    0.00    0.50    0.00    0.50    26  irqbalance
04:14:54         5680    0.50    1.00    0.00    1.50    15  top
04:14:54         5682    0.50    1.50    0.00    2.00    26  pidstat
04:14:54         5684    0.50    1.50    0.00    2.00    21  pidstat
04:14:54         5693  116.00    0.00    0.00  116.00    29  bt-mz.B.24
04:14:54         5694  109.50    0.00    0.00  109.50     3  bt-mz.B.24
04:14:54         5695  110.50    0.00    0.00  110.50    27  bt-mz.B.24
04:14:54         5696  110.50    0.00    0.00  110.50     4  bt-mz.B.24
04:14:54         5697  108.50    0.00    0.00  108.50     7  bt-mz.B.24
04:14:54         5698  107.00    0.50    0.00  107.50    15  bt-mz.B.24
04:14:54         5699  104.50    0.00    0.00  104.50    25  bt-mz.B.24
04:14:54         5700  107.00    0.00    0.00  107.00    28  bt-mz.B.24
04:14:54         5701  100.50    0.00    0.00  100.50    19  bt-mz.B.24
04:14:54         5702  112.00    0.00    0.00  112.00     8  bt-mz.B.24
04:14:54         5704  100.50    0.00    0.00  100.50     6  bt-mz.B.24
04:14:54         5706  112.50    0.00    0.00  112.50     9  bt-mz.B.24
04:14:54         5709  104.00    0.00    0.00  104.00    20  bt-mz.B.24
04:14:54         5711  110.00    0.00    0.00  110.00    12  bt-mz.B.24
04:14:54         5712  110.50    0.00    0.00  110.50    14  bt-mz.B.24
04:14:54         5714  105.00    0.00    0.00  105.00    22  bt-mz.B.24
04:14:54         5716  107.00    0.00    0.00  107.00    16  bt-mz.B.24
04:14:54         5718  106.00    0.00    0.00  106.00     1  bt-mz.B.24
04:14:54         5721  110.00    0.00    0.00  110.00     2  bt-mz.B.24

04:14:54          PID    %usr %system  %guest    %CPU   CPU  Command
04:14:56         3146    0.00    0.50    0.00    0.50    13  kondemand/13
04:14:56         3152    0.00    0.50    0.00    0.50    19  kondemand/19
04:14:56         3180    0.00    0.50    0.00    0.50     7  kipmi0
04:14:56         3684    0.00    0.50    0.00    0.50     6  snmpd
04:14:56         4128    0.00    0.50    0.00    0.50    17  gmond
04:14:56         5680    1.00    0.50    0.00    1.50    31  top
04:14:56         5682    0.50    2.00    0.00    2.50    26  pidstat
04:14:56         5684    0.50    2.00    0.00    2.50    21  pidstat
04:14:56         5693  121.50    0.00    0.00  121.50     8  bt-mz.B.24
04:14:56         5694  116.50    0.00    0.00  116.50    17  bt-mz.B.24
04:14:56         5695  117.50    0.50    0.00  118.00    13  bt-mz.B.24
04:14:56         5696  112.50    0.00    0.00  112.50    22  bt-mz.B.24
04:14:56         5697  113.50    0.00    0.00  113.50    23  bt-mz.B.24
04:14:56         5698  108.50    0.00    0.00  108.50    29  bt-mz.B.24
04:14:56         5699  113.50    0.00    0.00  113.50    11  bt-mz.B.24
04:14:56         5700  116.00    0.00    0.00  116.00     9  bt-mz.B.24
04:14:56         5701  118.00    0.00    0.00  118.00     1  bt-mz.B.24
04:14:56         5702  113.00    0.00    0.00  113.00    15  bt-mz.B.24
04:14:56         5704  114.00    0.00    0.00  114.00    16  bt-mz.B.24
04:14:56         5706  114.00    0.00    0.00  114.00    10  bt-mz.B.24
04:14:56         5709  110.00    0.00    0.00  110.00     7  bt-mz.B.24
04:14:56         5711  112.00    0.00    0.00  112.00    30  bt-mz.B.24
04:14:56         5712  113.00    0.00    0.00  113.00    27  bt-mz.B.24
04:14:56         5714  115.00    0.00    0.00  115.00     6  bt-mz.B.24
04:14:56         5716  117.00    0.00    0.00  117.00     2  bt-mz.B.24
04:14:56         5718  110.50    0.00    0.00  110.50    20  bt-mz.B.24
04:14:56         5721  111.00    0.50    0.00  111.50     5  bt-mz.B.24

04:14:56          PID    %usr %system  %guest    %CPU   CPU  Command
04:14:58         1063    0.00    0.50    0.00    0.50    12  jbd2/sda1-8
04:14:58         3141    0.00    0.50    0.00    0.50     8  kondemand/8
04:14:58         3155    0.00    0.50    0.00    0.50    22  kondemand/22
04:14:58         3180    0.00    0.50    0.00    0.50    23  kipmi0
04:14:58         5680    0.50    0.50    0.00    1.00    31  top
04:14:58         5682    0.00    2.00    0.00    2.00    10  pidstat
04:14:58         5684    0.50    1.00    0.00    1.50    21  pidstat
04:14:58         5693  109.50    0.00    0.00  109.50    27  bt-mz.B.24
04:14:58         5694  107.00    0.00    0.00  107.00     3  bt-mz.B.24
04:14:58         5695  109.00    0.00    0.00  109.00    13  bt-mz.B.24
04:14:58         5696  110.00    0.50    0.00  110.50     0  bt-mz.B.24
04:14:58         5697  105.00    0.00    0.00  105.00     7  bt-mz.B.24
04:14:58         5698  105.50    0.00    0.00  105.50    29  bt-mz.B.24
04:14:58         5699  108.50    0.00    0.00  108.50    24  bt-mz.B.24
04:14:58         5700  105.50    0.00    0.00  105.50    25  bt-mz.B.24
04:14:58         5701  110.00    0.00    0.00  110.00     2  bt-mz.B.24
04:14:58         5702  112.50    0.00    0.00  112.50     9  bt-mz.B.24
04:14:58         5704  112.00    0.00    0.00  112.00    18  bt-mz.B.24
04:14:58         5706  112.00    0.00    0.00  112.00    26  bt-mz.B.24
04:14:58         5709  104.50    0.50    0.00  105.00    23  bt-mz.B.24
04:14:58         5711  109.50    0.50    0.00  110.00    14  bt-mz.B.24
04:14:58         5712  107.50    0.00    0.00  107.50    11  bt-mz.B.24
04:14:58         5714  110.00    0.50    0.00  110.50     6  bt-mz.B.24
04:14:58         5716  107.00    0.50    0.00  107.50    21  bt-mz.B.24
04:14:58         5718  111.50    0.00    0.00  111.50    17  bt-mz.B.24
04:14:58         5721  110.50    0.00    0.00  110.50    19  bt-mz.B.24

04:14:58          PID    %usr %system  %guest    %CPU   CPU  Command
04:15:00         4128    0.00    0.50    0.00    0.50     1  gmond
04:15:00         5680    0.50    0.50    0.00    1.00    31  top
04:15:00         5682    1.00    2.00    0.00    3.00    10  pidstat
04:15:00         5684    1.00    3.00    0.00    4.00    21  pidstat
04:15:00         5693  107.00    0.00    0.00  107.00    26  bt-mz.B.24
04:15:00         5694  115.00    0.00    0.00  115.00     3  bt-mz.B.24
04:15:00         5695  116.00    0.00    0.00  116.00    13  bt-mz.B.24
04:15:00         5696  109.00    0.00    0.00  109.00    16  bt-mz.B.24
04:15:00         5697  103.00    0.00    0.00  103.00     7  bt-mz.B.24
04:15:00         5698  104.50    0.00    0.00  104.50    29  bt-mz.B.24
04:15:00         5699  114.50    0.00    0.00  114.50    24  bt-mz.B.24
04:15:00         5700  103.00    0.00    0.00  103.00    28  bt-mz.B.24
04:15:00         5701  114.00    0.00    0.00  114.00     2  bt-mz.B.24
04:15:00         5702  114.00    0.00    0.00  114.00    25  bt-mz.B.24
04:15:00         5704  108.00    0.00    0.00  108.00    18  bt-mz.B.24
04:15:00         5706  111.00    0.50    0.00  111.50    26  bt-mz.B.24
04:15:00         5709  102.50    0.00    0.00  102.50    23  bt-mz.B.24
04:15:00         5711  115.00    0.00    0.00  115.00    14  bt-mz.B.24
04:15:00         5712  108.00    0.00    0.00  108.00    27  bt-mz.B.24
04:15:00         5714  113.00    0.00    0.00  113.00    22  bt-mz.B.24
04:15:00         5716  112.50    0.00    0.00  112.50     5  bt-mz.B.24
04:15:00         5718  114.50    0.00    0.00  114.50    17  bt-mz.B.24
04:15:00         5721  106.50    0.00    0.00  106.50    19  bt-mz.B.24

04:15:00          PID    %usr %system  %guest    %CPU   CPU  Command
04:15:02         3142    0.00    0.50    0.00    0.50     9  kondemand/9
04:15:02         3148    0.00    0.50    0.00    0.50    15  kondemand/15
04:15:02         3151    0.00    0.50    0.00    0.50    18  kondemand/18
04:15:02         3156    0.00    0.50    0.00    0.50    23  kondemand/23
04:15:02         3157    0.00    0.50    0.00    0.50    24  kondemand/24
04:15:02         3180    0.00    0.50    0.00    0.50    23  kipmi0
04:15:02         3808    0.50    0.00    0.00    0.50    12  crond
04:15:02         5680    1.00    0.50    0.00    1.50    15  top
04:15:02         5682    0.50    1.50    0.00    2.00    26  pidstat
04:15:02         5684    0.50    1.50    0.00    2.00     5  pidstat
04:15:02         5693  115.00    0.00    0.00  115.00    26  bt-mz.B.24
04:15:02         5694  114.50    0.00    0.00  114.50    16  bt-mz.B.24
04:15:02         5695  112.00    0.00    0.00  112.00    13  bt-mz.B.24
04:15:02         5696  102.00    0.00    0.00  102.00    23  bt-mz.B.24
04:15:02         5697  102.00    0.00    0.00  102.00     7  bt-mz.B.24
04:15:02         5698  106.00    0.00    0.00  106.00    12  bt-mz.B.24
04:15:02         5699  111.00    0.50    0.00  111.50    30  bt-mz.B.24
04:15:02         5700  106.50    0.00    0.00  106.50    28  bt-mz.B.24
04:15:02         5701  108.50    0.00    0.00  108.50     2  bt-mz.B.24
04:15:02         5702  113.00    0.00    0.00  113.00     9  bt-mz.B.24
04:15:02         5704  106.50    0.00    0.00  106.50    18  bt-mz.B.24
04:15:02         5706  105.00    0.00    0.00  105.00    10  bt-mz.B.24
04:15:02         5709  100.00    0.00    0.00  100.00     4  bt-mz.B.24
04:15:02         5711  114.50    0.00    0.00  114.50    14  bt-mz.B.24
04:15:02         5712  114.50    0.00    0.00  114.50    11  bt-mz.B.24
04:15:02         5714  108.00    0.00    0.00  108.00    22  bt-mz.B.24
04:15:02         5716  115.00    0.00    0.00  115.00    21  bt-mz.B.24
04:15:02         5718  109.00    0.00    0.00  109.00     0  bt-mz.B.24
04:15:02         5721  113.00    0.00    0.00  113.00    20  bt-mz.B.24

04:15:02          PID    %usr %system  %guest    %CPU   CPU  Command
04:15:04         3143    0.00    0.50    0.00    0.50    10  kondemand/10
04:15:04         4128    0.50    0.50    0.00    1.00     5  gmond
04:15:04         5680    0.50    0.50    0.00    1.00    31  top
04:15:04         5682    0.50    1.50    0.00    2.00     9  pidstat
04:15:04         5684    0.50    2.00    0.00    2.50    21  pidstat
04:15:04         5686    0.00    0.50    0.00    0.50    25  iostat
04:15:04         5693  100.50    0.00    0.00  100.50    26  bt-mz.B.24
04:15:04         5694  101.00    0.00    0.00  101.00     0  bt-mz.B.24
04:15:04         5695  111.50    0.00    0.00  111.50    13  bt-mz.B.24
04:15:04         5696  102.00    0.00    0.00  102.00     7  bt-mz.B.24
04:15:04         5697  106.50    0.00    0.00  106.50    17  bt-mz.B.24
04:15:04         5698  101.00    0.00    0.00  101.00    12  bt-mz.B.24
04:15:04         5699  111.50    0.00    0.00  111.50    15  bt-mz.B.24
04:15:04         5700   99.00    0.50    0.00   99.50    28  bt-mz.B.24
04:15:04         5701  107.50    0.00    0.00  107.50     2  bt-mz.B.24
04:15:04         5702  109.50    0.50    0.00  110.00    30  bt-mz.B.24
04:15:04         5704  100.00    0.50    0.00  100.50    18  bt-mz.B.24
04:15:04         5706  109.00    0.00    0.00  109.00    10  bt-mz.B.24
04:15:04         5709  105.50    0.00    0.00  105.50     2  bt-mz.B.24
04:15:04         5711  113.00    0.00    0.00  113.00    14  bt-mz.B.24
04:15:04         5712  112.00    0.00    0.00  112.00    27  bt-mz.B.24
04:15:04         5714  110.50    0.00    0.00  110.50    22  bt-mz.B.24
04:15:04         5716  106.00    0.00    0.00  106.00     5  bt-mz.B.24
04:15:04         5718  107.00    0.00    0.00  107.00    16  bt-mz.B.24
04:15:04         5721  110.50    0.00    0.00  110.50    20  bt-mz.B.24

04:15:04          PID    %usr %system  %guest    %CPU   CPU  Command
04:15:06         5680    0.50    1.00    0.00    1.50    31  top
04:15:06         5682    1.00    1.50    0.00    2.50    10  pidstat
04:15:06         5684    0.50    1.50    0.00    2.00    21  pidstat
04:15:06         5693  116.50    0.00    0.00  116.50    26  bt-mz.B.24
04:15:06         5694  109.00    0.00    0.00  109.00    22  bt-mz.B.24
04:15:06         5695  107.00    0.00    0.00  107.00     9  bt-mz.B.24
04:15:06         5696  104.50    0.00    0.00  104.50     7  bt-mz.B.24
04:15:06         5697  110.50    0.00    0.00  110.50     1  bt-mz.B.24
04:15:06         5698  110.00    0.00    0.00  110.00    12  bt-mz.B.24
04:15:06         5699  106.00    0.00    0.00  106.00    27  bt-mz.B.24
04:15:06         5700  103.00    0.00    0.00  103.00    28  bt-mz.B.24
04:15:06         5701   98.00    0.00    0.00   98.00     5  bt-mz.B.24
04:15:06         5702  105.50    0.00    0.00  105.50    13  bt-mz.B.24
04:15:06         5704  107.00    0.00    0.00  107.00    19  bt-mz.B.24
04:15:06         5706  109.00    0.00    0.00  109.00     8  bt-mz.B.24
04:15:06         5709  107.00    0.00    0.00  107.00     4  bt-mz.B.24
04:15:06         5711  105.50    0.00    0.00  105.50    30  bt-mz.B.24
04:15:06         5712  112.00    0.00    0.00  112.00    11  bt-mz.B.24
04:15:06         5714  108.00    0.00    0.00  108.00    23  bt-mz.B.24
04:15:06         5716  109.50    0.00    0.00  109.50    17  bt-mz.B.24
04:15:06         5718  102.50    0.00    0.00  102.50    16  bt-mz.B.24
04:15:06         5721  107.00    0.00    0.00  107.00    18  bt-mz.B.24

04:15:06          PID    %usr %system  %guest    %CPU   CPU  Command
04:15:08         3140    0.00    0.50    0.00    0.50     7  kondemand/7
04:15:08         3144    0.00    0.50    0.00    0.50    11  kondemand/11
04:15:08         3160    0.00    0.50    0.00    0.50    27  kondemand/27
04:15:08         3162    0.00    0.50    0.00    0.50    29  kondemand/29
04:15:08         3180    0.00    0.50    0.00    0.50     7  kipmi0
04:15:08         4128    0.00    0.50    0.00    0.50     5  gmond
04:15:08         5680    0.50    0.50    0.00    1.00    31  top
04:15:08         5682    1.00    1.50    0.00    2.50    10  pidstat
04:15:08         5684    0.50    2.00    0.00    2.50    21  pidstat
04:15:08         5685    0.00    0.50    0.00    0.50    10  mpstat
04:15:08         5693  121.00    0.00    0.00  121.00    26  bt-mz.B.24
04:15:08         5694  110.00    0.00    0.00  110.00     6  bt-mz.B.24
04:15:08         5695  108.50    0.00    0.00  108.50    27  bt-mz.B.24
04:15:08         5696  110.00    0.00    0.00  110.00    23  bt-mz.B.24
04:15:08         5697  109.50    0.00    0.00  109.50     1  bt-mz.B.24
04:15:08         5698  107.00    0.00    0.00  107.00    29  bt-mz.B.24
04:15:08         5699  110.00    0.00    0.00  110.00    14  bt-mz.B.24
04:15:08         5700  109.00    0.00    0.00  109.00    28  bt-mz.B.24
04:15:08         5701  111.50    0.00    0.00  111.50     5  bt-mz.B.24
04:15:08         5702  109.50    0.00    0.00  109.50    27  bt-mz.B.24
04:15:08         5704  111.00    0.00    0.00  111.00     3  bt-mz.B.24
04:15:08         5706  109.00    0.50    0.00  109.50     8  bt-mz.B.24
04:15:08         5709  111.00    0.00    0.00  111.00    20  bt-mz.B.24
04:15:08         5711  106.50    0.00    0.00  106.50    11  bt-mz.B.24
04:15:08         5712  109.50    0.00    0.00  109.50     9  bt-mz.B.24
04:15:08         5714  104.50    0.00    0.00  104.50    17  bt-mz.B.24
04:15:08         5716  111.50    0.00    0.00  111.50     0  bt-mz.B.24
04:15:08         5718  113.00    0.00    0.00  113.00     2  bt-mz.B.24
04:15:08         5721  104.00    0.00    0.00  104.00    18  bt-mz.B.24

04:15:08          PID    %usr %system  %guest    %CPU   CPU  Command
04:15:10         5680    0.50    1.00    0.00    1.50    31  top
04:15:10         5682    0.50    2.00    0.00    2.50    10  pidstat
04:15:10         5684    0.50    2.50    0.00    3.00     5  pidstat
04:15:10         5693  116.50    0.00    0.00  116.50    11  bt-mz.B.24
04:15:10         5694  111.00    0.00    0.00  111.00    17  bt-mz.B.24
04:15:10         5695  100.50    0.00    0.00  100.50    14  bt-mz.B.24
04:15:10         5696  114.00    0.00    0.00  114.00    23  bt-mz.B.24
04:15:10         5697  104.50    0.00    0.00  104.50    22  bt-mz.B.24
04:15:10         5698  108.50    0.00    0.00  108.50    26  bt-mz.B.24
04:15:10         5699  112.50    0.00    0.00  112.50    30  bt-mz.B.24
04:15:10         5700  108.00    0.00    0.00  108.00     8  bt-mz.B.24
04:15:10         5701  113.00    0.00    0.00  113.00    21  bt-mz.B.24
04:15:10         5702   97.50    0.00    0.00   97.50    31  bt-mz.B.24
04:15:10         5704  110.00    0.00    0.00  110.00    16  bt-mz.B.24
04:15:10         5706  110.00    0.00    0.00  110.00    27  bt-mz.B.24
04:15:10         5709  110.00    0.00    0.00  110.00     4  bt-mz.B.24
04:15:10         5711  103.50    0.00    0.00  103.50    28  bt-mz.B.24
04:15:10         5712  109.00    0.00    0.00  109.00    15  bt-mz.B.24
04:15:10         5714  109.50    0.00    0.00  109.50     0  bt-mz.B.24
04:15:10         5716  107.50    0.00    0.00  107.50    20  bt-mz.B.24
04:15:10         5718  103.00    0.00    0.00  103.00     3  bt-mz.B.24
04:15:10         5721  107.50    0.00    0.00  107.50    18  bt-mz.B.24

04:15:10          PID    %usr %system  %guest    %CPU   CPU  Command
04:15:12         3133    0.00    0.50    0.00    0.50     0  kondemand/0
04:15:12         3161    0.00    0.50    0.00    0.50    28  kondemand/28
04:15:12         3180    0.00    0.50    0.00    0.50    23  kipmi0
04:15:12         5680    0.50    0.50    0.00    1.00    15  top
04:15:12         5682    1.00    1.50    0.00    2.50    26  pidstat
04:15:12         5684    1.00    1.50    0.00    2.50     5  pidstat
04:15:12         5689    0.00    0.50    0.00    0.50     7  vmstat
04:15:12         5693  114.50    0.00    0.00  114.50    28  bt-mz.B.24
04:15:12         5694  107.50    0.00    0.00  107.50    21  bt-mz.B.24
04:15:12         5695  105.50    0.00    0.00  105.50    24  bt-mz.B.24
04:15:12         5696  114.00    0.00    0.00  114.00    22  bt-mz.B.24
04:15:12         5697  107.00    0.00    0.00  107.00     5  bt-mz.B.24
04:15:12         5698  110.50    0.00    0.00  110.50    10  bt-mz.B.24
04:15:12         5699  111.50    0.00    0.00  111.50    14  bt-mz.B.24
04:15:12         5700   99.00    0.50    0.00   99.50     8  bt-mz.B.24
04:15:12         5701  113.50    0.00    0.00  113.50     1  bt-mz.B.24
04:15:12         5702  114.50    0.00    0.00  114.50     9  bt-mz.B.24
04:15:12         5704  106.50    0.00    0.00  106.50     6  bt-mz.B.24
04:15:12         5706  101.50    0.00    0.00  101.50    27  bt-mz.B.24
04:15:12         5709  103.50    0.00    0.00  103.50     7  bt-mz.B.24
04:15:12         5711  112.50    0.00    0.00  112.50    12  bt-mz.B.24
04:15:12         5712  108.00    0.00    0.00  108.00    15  bt-mz.B.24
04:15:12         5714  113.50    0.00    0.00  113.50    16  bt-mz.B.24
04:15:12         5716  110.00    0.00    0.00  110.00     4  bt-mz.B.24
04:15:12         5718  107.00    0.00    0.00  107.00    19  bt-mz.B.24
04:15:12         5721  104.00    0.00    0.00  104.00    20  bt-mz.B.24
