Linux 2.6.32-279.14.1.el6.x86_64 (compute-641-14.local) 	04/21/20 	_x86_64_	(32 CPU)

02:30:43     CPU    %usr   %nice    %sys %iowait    %irq   %soft  %steal  %guest   %idle
02:30:45     all   68.60    0.00    6.95    0.00    0.00    0.11    0.00    0.00   24.33
02:30:47     all   90.47    0.00    4.02    0.00    0.00    0.05    0.00    0.00    5.47
02:30:49     all   89.23    0.00    4.58    0.00    0.00    0.09    0.00    0.00    6.10
02:30:51     all   87.95    0.00    5.00    0.00    0.00    0.08    0.00    0.00    6.97
02:30:53     all   84.70    0.00    6.33    0.00    0.00    0.08    0.00    0.00    8.89
02:30:55     all   88.48    0.00    4.88    0.00    0.00    0.08    0.00    0.00    6.57
02:30:57     all   88.40    0.00    4.88    0.00    0.00    0.08    0.00    0.00    6.65
02:30:59     all   91.18    0.00    3.72    0.00    0.00    0.06    0.00    0.00    5.03
02:31:01     all   89.02    0.00    4.74    0.00    0.00    0.06    0.00    0.00    6.18
02:31:03     all   88.53    0.00    4.78    0.00    0.00    0.08    0.00    0.00    6.61
02:31:05     all   85.90    0.00    5.83    0.00    0.00    0.06    0.00    0.00    8.21
02:31:07     all   88.04    0.00    5.02    0.00    0.00    0.08    0.00    0.00    6.86
02:31:09     all   84.37    0.00    6.53    0.00    0.00    0.06    0.00    0.00    9.03
02:31:11     all   89.28    0.00    4.50    0.00    0.00    0.11    0.00    0.00    6.11
02:31:13     all   88.41    0.00    4.86    0.00    0.00    0.06    0.00    0.00    6.66
02:31:15     all   88.12    0.00    4.95    0.00    0.00    0.09    0.00    0.00    6.83
02:31:17     all   91.17    0.00    3.72    0.00    0.00    0.06    0.00    0.00    5.05
02:31:19     all   88.54    0.00    4.80    0.00    0.00    0.09    0.00    0.00    6.57
02:31:21     all   83.99    0.00    6.69    0.00    0.00    0.06    0.00    0.00    9.26
02:31:23     all   88.99    0.00    4.69    0.00    0.00    0.08    0.00    0.00    6.24
02:31:25     all   88.60    0.00    4.77    0.00    0.00    0.08    0.00    0.00    6.55
02:31:27     all   87.40    0.00    5.22    0.00    0.00    0.05    0.00    0.00    7.33
02:31:29     all   89.01    0.00    4.64    0.00    0.00    0.08    0.00    0.00    6.27
02:31:31     all   88.49    0.00    4.83    0.00    0.00    0.09    0.00    0.00    6.58
02:31:33     all   86.23    0.00    5.75    0.00    0.00    0.06    0.00    0.00    7.96
02:31:35     all   88.07    0.00    4.99    0.00    0.00    0.09    0.00    0.00    6.85
02:31:37     all   84.01    0.00    6.69    0.00    0.00    0.05    0.00    0.00    9.26
02:31:39     all   88.65    0.00    4.74    0.00    0.00    0.08    0.00    0.00    6.53
02:31:41     all   88.24    0.00    4.94    0.00    0.00    0.06    0.00    0.00    6.75
02:31:43     all   84.64    0.00    6.44    0.00    0.00    0.05    0.00    0.00    8.87
02:31:45     all   87.93    0.00    5.10    0.00    0.00    0.08    0.00    0.00    6.89
02:31:47     all   87.84    0.00    5.08    0.00    0.00    0.09    0.00    0.00    6.99
02:31:49     all   91.17    0.00    3.77    0.00    0.00    0.05    0.00    0.00    5.02
02:31:51     all   87.69    0.00    5.18    0.00    0.00    0.06    0.00    0.00    7.07
02:31:53     all   84.04    0.00    6.71    0.00    0.00    0.05    0.00    0.00    9.21
02:31:55     all   88.46    0.00    4.89    0.02    0.00    0.05    0.00    0.00    6.58
02:31:57     all   87.57    0.00    5.21    0.00    0.00    0.06    0.00    0.00    7.16
02:31:59     all   89.16    0.00    4.55    0.00    0.00    0.06    0.00    0.00    6.22
02:32:01     all   89.60    0.00    4.36    0.00    0.00    0.06    0.00    0.00    5.97
02:32:03     all   88.13    0.00    4.97    0.00    0.00    0.06    0.00    0.00    6.84
02:32:05     all   88.11    0.00    4.94    0.00    0.00    0.06    0.00    0.00    6.88
02:32:07     all   91.04    0.00    3.85    0.00    0.00    0.05    0.00    0.00    5.07
02:32:09     all   88.57    0.00    4.75    0.00    0.00    0.08    0.00    0.00    6.60
02:32:11     all   87.79    0.00    5.11    0.00    0.00    0.06    0.00    0.00    7.04
02:32:13     all   90.79    0.00    3.91    0.00    0.00    0.05    0.00    0.00    5.25
02:32:15     all   87.68    0.00    5.24    0.00    0.00    0.09    0.00    0.00    6.99
02:32:17     all   88.28    0.00    4.99    0.00    0.00    0.05    0.00    0.00    6.68
02:32:19     all   90.31    0.00    4.16    0.00    0.00    0.05    0.00    0.00    5.49
02:32:21     all   89.18    0.00    4.55    0.00    0.00    0.08    0.00    0.00    6.19
02:32:23     all   88.68    0.00    4.75    0.00    0.00    0.08    0.00    0.00    6.49
02:32:25     all   88.23    0.00    4.97    0.00    0.00    0.06    0.00    0.00    6.74
02:32:27     all   91.13    0.00    3.75    0.00    0.00    0.05    0.00    0.00    5.07
02:32:29     all   88.69    0.00    4.82    0.00    0.00    0.08    0.00    0.00    6.41
02:32:31     all   88.42    0.00    4.83    0.00    0.00    0.06    0.00    0.00    6.69
02:32:33     all   90.92    0.00    3.80    0.00    0.00    0.06    0.00    0.00    5.22
