Linux 2.6.32-279.14.1.el6.x86_64 (compute-641-14.local) 	04/21/20 	_x86_64_	(32 CPU)

03:12:38     CPU    %usr   %nice    %sys %iowait    %irq   %soft  %steal  %guest   %idle
03:12:40     all   59.24    0.00    4.62    0.00    0.00    0.06    0.00    0.00   36.08
03:12:42     all   81.43    0.00    0.17    0.00    0.00    0.00    0.00    0.00   18.40
03:12:44     all   80.88    0.00    0.19    0.00    0.00    0.00    0.00    0.00   18.93
03:12:46     all   81.49    0.00    0.17    0.00    0.00    0.00    0.00    0.00   18.33
03:12:48     all   79.85    0.00    0.17    0.00    0.00    0.00    0.00    0.00   19.97
03:12:50     all   83.09    0.00    0.19    0.00    0.00    0.00    0.00    0.00   16.73
03:12:52     all   81.34    0.00    0.17    0.00    0.00    0.00    0.00    0.00   18.49
03:12:54     all   80.98    0.00    0.16    0.00    0.00    0.00    0.00    0.00   18.87
03:12:56     all   83.09    0.00    0.19    0.00    0.00    0.00    0.00    0.00   16.72
03:12:58     all   80.13    0.00    0.14    0.00    0.00    0.00    0.00    0.00   19.73
03:13:00     all   79.75    0.00    0.19    0.00    0.00    0.00    0.00    0.00   20.07
03:13:02     all   80.91    0.00    0.19    0.00    0.00    0.00    0.00    0.00   18.91
03:13:04     all   81.07    0.00    0.19    0.00    0.00    0.00    0.00    0.00   18.74
03:13:06     all   80.89    0.00    0.16    0.00    0.00    0.00    0.00    0.00   18.96
03:13:08     all   80.89    0.00    0.19    0.00    0.00    0.00    0.00    0.00   18.92
03:13:10     all   81.12    0.00    0.19    0.00    0.00    0.00    0.00    0.00   18.69
03:13:12     all   81.94    0.00    0.22    0.00    0.00    0.00    0.00    0.00   17.84
03:13:14     all   82.80    0.00    0.22    0.00    0.00    0.00    0.00    0.00   16.98
03:13:16     all   81.64    0.00    0.22    0.02    0.00    0.00    0.00    0.00   18.12
03:13:18     all   81.51    0.00    0.17    0.00    0.00    0.00    0.00    0.00   18.32
03:13:20     all   81.19    0.00    0.17    0.00    0.00    0.02    0.00    0.00   18.62
03:13:22     all   79.78    0.00    0.20    0.00    0.00    0.00    0.00    0.00   20.02
03:13:24     all   79.88    0.00    0.20    0.00    0.00    0.00    0.00    0.00   19.92
03:13:26     all   80.00    0.00    0.17    0.00    0.00    0.00    0.00    0.00   19.83
03:13:28     all   75.79    0.00    0.45    0.00    0.00    0.00    0.00    0.00   23.76
