procs -----------memory---------- ---swap-- -----io---- --system-- -----cpu-----
 r  b   swpd   free   buff  cache   si   so    bi    bo   in   cs us sy id wa st
 8  0      0 64624304 214936 322312    0    0     0     1    0    0 38  2 60  0  0	
34  0      0 64411708 214940 335336    0    0     0   110 28927 20396 50 10 40  1  0	
24  0      0 64412332 214940 335396    0    0     0    28 28685 8220 71 10 19  0  0	
26  0      0 64412120 214940 335456    0    0     0     0 28408 8251 69 11 20  0  0	
21  0      0 64413084 214944 335520    0    0     0    12 28577 8276 70 11 20  0  0	
31  0      0 64414308 214944 335580    0    0     0     0 28693 8276 70 10 19  0  0	
31  0      0 64415100 214944 335640    0    0     0     0 28835 8310 71 10 19  0  0	
22  0      0 64415640 214948 335704    0    0     0    80 28678 8239 70 10 19  0  0	
22  0      0 64416912 214948 335764    0    0     0     6 28515 8223 70 11 20  0  0	
30  0      0 64416616 214948 335828    0    0     0     6 28703 8296 70 10 19  0  0	
30  0      0 64417108 214948 335888    0    0     0     0 28826 8278 71 10 19  0  0	
24  0      0 64417668 214948 335948    0    0     0     0 28665 8204 70 10 19  0  0	
21  0      0 64417588 214948 336012    0    0     0    12 28503 8255 70 10 20  0  0	
33  0      0 64417200 214948 336072    0    0     0     0 28841 8385 71 10 19  0  0	
31  0      0 64416828 214948 336132    0    0     0    10 28831 8322 71 10 19  0  0	
22  0      0 64416692 214948 336200    0    0     0     6 28633 8208 71 10 19  0  0	
28  0      0 64416808 214948 336260    0    0     0     0 28645 8259 70 10 20  0  0	
33  0      0 64416624 214948 336324    0    0     0  3766 30672 8377 71 10 19  0  0	
31  0      0 64416484 214948 336392    0    0     0     0 28772 8300 71 10 19  0  0	
26  0      0 64416476 214948 336452    0    0     0     6 28514 8186 70 10 20  0  0	
21  0      0 64416600 214948 336516    0    0     0     6 28596 8223 70 10 20  0  0	
procs -----------memory---------- ---swap-- -----io---- --system-- -----cpu-----
 r  b   swpd   free   buff  cache   si   so    bi    bo   in   cs us sy id wa st
31  0      0 64415936 214948 336576    0    0     0    10 28757 8325 70 10 19  0  0	
32  0      0 64415992 214952 336632    0    0     0     6 28819 8300 71 10 19  0  0	
