Linux 2.6.32-279.14.1.el6.x86_64 (compute-662-5.local) 	04/21/20 	_x86_64_	(48 CPU)

02:20:24          PID    %usr %system  %guest    %CPU   CPU  Command
02:20:26         4144    0.00    0.49    0.00    0.49    33  kondemand/33
02:20:26         4146    0.00    0.49    0.00    0.49    35  kondemand/35
02:20:26         4149    0.00    0.49    0.00    0.49    38  kondemand/38
02:20:26         4155    0.00    0.49    0.00    0.49    44  kondemand/44
02:20:26         4174    0.00    0.49    0.00    0.49     2  kipmi0
02:20:26        23393    0.49    0.00    0.00    0.49    15  gmond
02:20:26        34646    3.90    1.46    0.00    5.37    24  mpirun
02:20:26        34652    0.98    0.98    0.00    1.95    15  top
02:20:26        34654    0.98    2.93    0.00    3.90    42  pidstat
02:20:26        34656    0.98    2.93    0.00    3.90    27  pidstat
02:20:26        34666  169.76    6.34    0.00  176.10     0  bt-mz.B.24
02:20:26        34667  155.61    4.39    0.00  160.00    12  bt-mz.B.24
02:20:26        34668  155.12    6.83    0.00  161.95     1  bt-mz.B.24
02:20:26        34669  147.80    6.83    0.00  154.63    37  bt-mz.B.24
02:20:26        34670  148.29    7.32    0.00  155.61    26  bt-mz.B.24
02:20:26        34671  147.80    6.83    0.00  154.63    38  bt-mz.B.24
02:20:26        34672  145.37    5.85    0.00  151.22     3  bt-mz.B.24
02:20:26        34673  145.37    6.34    0.00  151.71    39  bt-mz.B.24
02:20:26        34675  145.85    4.39    0.00  150.24    28  bt-mz.B.24
02:20:26        34676  147.80    5.37    0.00  153.17    16  bt-mz.B.24
02:20:26        34677  145.37    5.37    0.00  150.73    29  bt-mz.B.24

02:20:26          PID    %usr %system  %guest    %CPU   CPU  Command
02:20:28         4111    0.00    0.50    0.00    0.50     0  kondemand/0
02:20:28         4113    0.00    0.50    0.00    0.50     2  kondemand/2
02:20:28         4120    0.00    0.50    0.00    0.50     9  kondemand/9
02:20:28         4129    0.00    0.50    0.00    0.50    18  kondemand/18
02:20:28         4130    0.00    0.50    0.00    0.50    19  kondemand/19
02:20:28         4134    0.00    0.50    0.00    0.50    23  kondemand/23
02:20:28         4157    0.00    0.50    0.00    0.50    46  kondemand/46
02:20:28         4174    0.00    0.50    0.00    0.50     2  kipmi0
02:20:28        23393    0.50    0.00    0.00    0.50    15  gmond
02:20:28        34652    1.00    1.00    0.00    2.00    15  top
02:20:28        34654    1.00    2.50    0.00    3.50    42  pidstat
02:20:28        34656    1.00    3.00    0.00    4.00    27  pidstat
02:20:28        34666  199.50    0.00    0.00  199.50     0  bt-mz.B.24
02:20:28        34667  184.00    0.00    0.00  184.00    12  bt-mz.B.24
02:20:28        34668  183.00    0.00    0.00  183.00     1  bt-mz.B.24
02:20:28        34669  174.00    0.00    0.00  174.00    37  bt-mz.B.24
02:20:28        34670  175.00    0.00    0.00  175.00    26  bt-mz.B.24
02:20:28        34671  174.50    0.00    0.00  174.50    38  bt-mz.B.24
02:20:28        34672  171.50    0.00    0.00  171.50     3  bt-mz.B.24
02:20:28        34673  170.50    0.00    0.00  170.50    39  bt-mz.B.24
02:20:28        34675  172.50    0.50    0.00  173.00    28  bt-mz.B.24
02:20:28        34676  175.50    0.00    0.00  175.50    16  bt-mz.B.24
02:20:28        34677  173.00    0.00    0.00  173.00    29  bt-mz.B.24

02:20:28          PID    %usr %system  %guest    %CPU   CPU  Command
02:20:30         4112    0.00    0.50    0.00    0.50     1  kondemand/1
02:20:30         4122    0.00    0.50    0.00    0.50    11  kondemand/11
02:20:30         4136    0.00    0.50    0.00    0.50    25  kondemand/25
02:20:30         4138    0.00    0.50    0.00    0.50    27  kondemand/27
02:20:30         4694    0.00    0.50    0.00    0.50    10  snmpd
02:20:30        23393    0.50    0.00    0.00    0.50    15  gmond
02:20:30        34646    0.00    0.50    0.00    0.50    24  mpirun
02:20:30        34652    1.00    1.00    0.00    2.00    15  top
02:20:30        34654    1.00    2.50    0.00    3.50    42  pidstat
02:20:30        34656    1.00    2.00    0.00    3.00    11  pidstat
02:20:30        34666  194.50    0.00    0.00  194.50     0  bt-mz.B.24
02:20:30        34667  179.50    0.00    0.00  179.50    12  bt-mz.B.24
02:20:30        34668  177.50    0.00    0.00  177.50     1  bt-mz.B.24
02:20:30        34669  169.50    0.00    0.00  169.50    37  bt-mz.B.24
02:20:30        34670  170.00    0.00    0.00  170.00    26  bt-mz.B.24
02:20:30        34671  169.00    0.00    0.00  169.00    38  bt-mz.B.24
02:20:30        34672  169.00    0.00    0.00  169.00     3  bt-mz.B.24
02:20:30        34673  166.00    0.00    0.00  166.00    39  bt-mz.B.24
02:20:30        34675  167.00    0.00    0.00  167.00    28  bt-mz.B.24
02:20:30        34676  170.50    0.00    0.00  170.50    16  bt-mz.B.24
02:20:30        34677  168.00    0.00    0.00  168.00    29  bt-mz.B.24

02:20:30          PID    %usr %system  %guest    %CPU   CPU  Command
02:20:32         4114    0.00    0.50    0.00    0.50     3  kondemand/3
02:20:32         4115    0.00    0.50    0.00    0.50     4  kondemand/4
02:20:32         4116    0.00    0.50    0.00    0.50     5  kondemand/5
02:20:32         4121    0.00    0.50    0.00    0.50    10  kondemand/10
02:20:32         4128    0.00    0.50    0.00    0.50    17  kondemand/17
02:20:32         4132    0.00    0.50    0.00    0.50    21  kondemand/21
02:20:32         4140    0.00    0.50    0.00    0.50    29  kondemand/29
02:20:32         4145    0.00    0.50    0.00    0.50    34  kondemand/34
02:20:32         4152    0.00    0.50    0.00    0.50    41  kondemand/41
02:20:32        23393    0.50    0.00    0.00    0.50    15  gmond
02:20:32        34652    0.50    1.50    0.00    2.00    15  top
02:20:32        34654    1.00    2.50    0.00    3.50    42  pidstat
02:20:32        34656    0.50    4.00    0.00    4.50    11  pidstat
02:20:32        34666  196.50    0.00    0.00  196.50     0  bt-mz.B.24
02:20:32        34667  180.50    0.00    0.00  180.50    12  bt-mz.B.24
02:20:32        34668  179.50    0.00    0.00  179.50     1  bt-mz.B.24
02:20:32        34669  170.50    0.00    0.00  170.50    37  bt-mz.B.24
02:20:32        34670  171.50    0.00    0.00  171.50     2  bt-mz.B.24
02:20:32        34671  171.00    0.00    0.00  171.00    38  bt-mz.B.24
02:20:32        34672  169.50    0.00    0.00  169.50     3  bt-mz.B.24
02:20:32        34673  168.00    0.50    0.00  168.50    39  bt-mz.B.24
02:20:32        34675  169.00    0.00    0.00  169.00    28  bt-mz.B.24
02:20:32        34676  171.50    0.00    0.00  171.50    16  bt-mz.B.24
02:20:32        34677  169.50    0.00    0.00  169.50    29  bt-mz.B.24

02:20:32          PID    %usr %system  %guest    %CPU   CPU  Command
02:20:34         4118    0.00    0.50    0.00    0.50     7  kondemand/7
02:20:34         4123    0.00    0.50    0.00    0.50    12  kondemand/12
02:20:34         4126    0.00    0.50    0.00    0.50    15  kondemand/15
02:20:34         4131    0.00    0.50    0.00    0.50    20  kondemand/20
02:20:34         4137    0.00    0.50    0.00    0.50    26  kondemand/26
02:20:34         4151    0.00    0.50    0.00    0.50    40  kondemand/40
02:20:34         4154    0.00    0.50    0.00    0.50    43  kondemand/43
02:20:34         4156    0.00    0.50    0.00    0.50    45  kondemand/45
02:20:34        34652    1.00    1.00    0.00    2.00    15  top
02:20:34        34654    1.00    3.00    0.00    4.00    42  pidstat
02:20:34        34656    1.50    2.50    0.00    4.00    11  pidstat
02:20:34        34658    0.00    0.50    0.00    0.50     2  iostat
02:20:34        34666  196.50    0.00    0.00  196.50     0  bt-mz.B.24
02:20:34        34667  181.00    0.00    0.00  181.00    12  bt-mz.B.24
02:20:34        34668  180.00    0.00    0.00  180.00     1  bt-mz.B.24
02:20:34        34669  171.50    0.50    0.00  172.00    37  bt-mz.B.24
02:20:34        34670  172.50    0.00    0.00  172.50    26  bt-mz.B.24
02:20:34        34671  172.00    0.00    0.00  172.00    38  bt-mz.B.24
02:20:34        34672  170.50    0.00    0.00  170.50     3  bt-mz.B.24
02:20:34        34673  168.00    0.00    0.00  168.00    39  bt-mz.B.24
02:20:34        34675  169.50    0.00    0.00  169.50    28  bt-mz.B.24
02:20:34        34676  173.00    0.00    0.00  173.00    16  bt-mz.B.24
02:20:34        34677  170.50    0.50    0.00  171.00    29  bt-mz.B.24
