Linux 2.6.32-279.14.1.el6.x86_64 (compute-662-5.local) 	04/21/20 	_x86_64_	(48 CPU)

02:20:12          PID    %usr %system  %guest    %CPU   CPU  Command
02:20:14          193    0.00    0.49    0.00    0.49    47  ksoftirqd/47
02:20:14          202    0.00    0.49    0.00    0.49     7  events/7
02:20:14         4120    0.00    0.49    0.00    0.49     9  kondemand/9
02:20:14         4129    0.00    0.49    0.00    0.49    18  kondemand/18
02:20:14        34490    4.39    1.95    0.00    6.34    24  mpirun
02:20:14        34496    0.98    0.98    0.00    1.95    24  top
02:20:14        34498    0.98    2.44    0.00    3.41     7  pidstat
02:20:14        34500    0.98    2.93    0.00    3.90     0  pidstat
02:20:14        34510  153.17    6.83    0.00  160.00    24  bt-mz.B.24
02:20:14        34511  144.88    5.85    0.00  150.73    36  bt-mz.B.24
02:20:14        34512  143.41    7.32    0.00  150.73     1  bt-mz.B.24
02:20:14        34513  136.10    5.85    0.00  141.95    37  bt-mz.B.24
02:20:14        34514  137.56    6.83    0.00  144.39     2  bt-mz.B.24
02:20:14        34515  136.59    6.34    0.00  142.93    14  bt-mz.B.24
02:20:14        34516  135.12    7.32    0.00  142.44     3  bt-mz.B.24
02:20:14        34517  133.66    6.83    0.00  140.49    15  bt-mz.B.24
02:20:14        34518  134.63    5.85    0.00  140.49    28  bt-mz.B.24
02:20:14        34519  137.56    5.85    0.00  143.41    40  bt-mz.B.24

02:20:14          PID    %usr %system  %guest    %CPU   CPU  Command
02:20:16          220    0.00    0.50    0.00    0.50    25  events/25
02:20:16         4122    0.00    0.50    0.00    0.50    11  kondemand/11
02:20:16         4128    0.00    0.50    0.00    0.50    17  kondemand/17
02:20:16         4139    0.00    0.50    0.00    0.50    28  kondemand/28
02:20:16         4158    0.00    0.50    0.00    0.50    47  kondemand/47
02:20:16        23393    0.50    0.00    0.00    0.50    39  gmond
02:20:16        34496    1.00    1.00    0.00    2.00    24  top
02:20:16        34498    0.50    3.00    0.00    3.50     4  pidstat
02:20:16        34500    1.00    3.00    0.00    4.00     0  pidstat
02:20:16        34510  195.00    0.00    0.00  195.00    24  bt-mz.B.24
02:20:16        34511  182.50    0.00    0.00  182.50    36  bt-mz.B.24
02:20:16        34512  181.50    0.00    0.00  181.50     1  bt-mz.B.24
02:20:16        34513  172.50    0.00    0.00  172.50    37  bt-mz.B.24
02:20:16        34514  173.50    0.00    0.00  173.50     2  bt-mz.B.24
02:20:16        34515  172.50    0.00    0.00  172.50    14  bt-mz.B.24
02:20:16        34516  171.00    0.00    0.00  171.00     3  bt-mz.B.24
02:20:16        34517  170.00    0.00    0.00  170.00    15  bt-mz.B.24
02:20:16        34518  169.50    0.00    0.00  169.50    28  bt-mz.B.24
02:20:16        34519  174.00    0.50    0.00  174.50    40  bt-mz.B.24

02:20:16          PID    %usr %system  %guest    %CPU   CPU  Command
02:20:18         4111    0.00    0.50    0.00    0.50     0  kondemand/0
02:20:18         4118    0.00    0.50    0.00    0.50     7  kondemand/7
02:20:18         4121    0.00    0.50    0.00    0.50    10  kondemand/10
02:20:18         4126    0.00    0.50    0.00    0.50    15  kondemand/15
02:20:18         4131    0.00    0.50    0.00    0.50    20  kondemand/20
02:20:18         4132    0.00    0.50    0.00    0.50    21  kondemand/21
02:20:18         4135    0.00    0.50    0.00    0.50    24  kondemand/24
02:20:18         4136    0.00    0.50    0.00    0.50    25  kondemand/25
02:20:18         4137    0.00    0.50    0.00    0.50    26  kondemand/26
02:20:18         4138    0.00    0.50    0.00    0.50    27  kondemand/27
02:20:18         4141    0.00    0.50    0.00    0.50    30  kondemand/30
02:20:18         4143    0.00    0.50    0.00    0.50    32  kondemand/32
02:20:18         4151    0.00    0.50    0.00    0.50    40  kondemand/40
02:20:18         4153    0.00    0.50    0.00    0.50    42  kondemand/42
02:20:18        34496    0.50    1.00    0.00    1.50     0  top
02:20:18        34498    1.00    2.50    0.00    3.50     4  pidstat
02:20:18        34500    1.00    2.50    0.00    3.50     0  pidstat
02:20:18        34510  191.50    0.00    0.00  191.50    24  bt-mz.B.24
02:20:18        34511  177.50    0.00    0.00  177.50    36  bt-mz.B.24
02:20:18        34512  176.50    0.00    0.00  176.50     1  bt-mz.B.24
02:20:18        34513  168.00    0.00    0.00  168.00    37  bt-mz.B.24
02:20:18        34514  169.00    0.00    0.00  169.00     2  bt-mz.B.24
02:20:18        34515  168.00    0.50    0.00  168.50    14  bt-mz.B.24
02:20:18        34516  167.00    0.00    0.00  167.00     3  bt-mz.B.24
02:20:18        34517  165.50    0.00    0.00  165.50    15  bt-mz.B.24
02:20:18        34518  165.50    0.00    0.00  165.50    28  bt-mz.B.24
02:20:18        34519  169.00    0.00    0.00  169.00    40  bt-mz.B.24

02:20:18          PID    %usr %system  %guest    %CPU   CPU  Command
02:20:20         4115    0.00    0.50    0.00    0.50     4  kondemand/4
02:20:20         4116    0.00    0.50    0.00    0.50     5  kondemand/5
02:20:20         4147    0.00    0.50    0.00    0.50    36  kondemand/36
02:20:20        23393    0.50    0.00    0.00    0.50    39  gmond
02:20:20        34490    0.00    0.50    0.00    0.50    24  mpirun
02:20:20        34496    1.00    1.00    0.00    2.00     0  top
02:20:20        34498    1.00    3.00    0.00    4.00     4  pidstat
02:20:20        34500    1.00    3.00    0.00    4.00     0  pidstat
02:20:20        34510  193.50    0.50    0.00  194.00    24  bt-mz.B.24
02:20:20        34511  181.50    0.00    0.00  181.50    36  bt-mz.B.24
02:20:20        34512  180.50    0.00    0.00  180.50     1  bt-mz.B.24
02:20:20        34513  172.00    0.00    0.00  172.00    37  bt-mz.B.24
02:20:20        34514  172.50    0.00    0.00  172.50     2  bt-mz.B.24
02:20:20        34515  172.00    0.00    0.00  172.00    14  bt-mz.B.24
02:20:20        34516  170.00    0.00    0.00  170.00     3  bt-mz.B.24
02:20:20        34517  169.00    0.00    0.00  169.00    15  bt-mz.B.24
02:20:20        34518  168.00    0.50    0.00  168.50    28  bt-mz.B.24
02:20:20        34519  173.00    0.00    0.00  173.00    40  bt-mz.B.24

02:20:20          PID    %usr %system  %guest    %CPU   CPU  Command
02:20:22          238    0.00    0.50    0.00    0.50    43  events/43
02:20:22         4119    0.00    0.50    0.00    0.50     8  kondemand/8
02:20:22         4123    0.00    0.50    0.00    0.50    12  kondemand/12
02:20:22         4127    0.00    0.50    0.00    0.50    16  kondemand/16
02:20:22        23393    0.50    0.00    0.00    0.50    39  gmond
02:20:22        34496    1.00    1.50    0.00    2.50     0  top
02:20:22        34498    1.50    2.50    0.00    4.00     4  pidstat
02:20:22        34500    1.00    3.00    0.00    4.00     0  pidstat
02:20:22        34510  193.50    0.00    0.00  193.50    24  bt-mz.B.24
02:20:22        34511  181.50    0.00    0.00  181.50    36  bt-mz.B.24
02:20:22        34512  180.50    0.00    0.00  180.50     1  bt-mz.B.24
02:20:22        34513  171.00    0.50    0.00  171.50    37  bt-mz.B.24
02:20:22        34514  172.00    0.00    0.00  172.00     2  bt-mz.B.24
02:20:22        34515  171.00    0.00    0.00  171.00    14  bt-mz.B.24
02:20:22        34516  170.00    0.00    0.00  170.00     3  bt-mz.B.24
02:20:22        34517  169.00    0.00    0.00  169.00    15  bt-mz.B.24
02:20:22        34518  168.00    0.00    0.00  168.00    28  bt-mz.B.24
02:20:22        34519  173.00    0.00    0.00  173.00    40  bt-mz.B.24
