Linux 2.6.32-279.14.1.el6.x86_64 (compute-641-14.local) 	04/21/20 	_x86_64_	(32 CPU)

03:58:22          PID    %usr %system  %guest    %CPU   CPU  Command
03:58:24         1962    3.45    1.97    0.00    5.42    18  mpirun
03:58:24         1968    0.49    0.49    0.00    0.99    18  top
03:58:24         1970    0.49    1.48    0.00    1.97    28  pidstat
03:58:24         1972    0.49    0.99    0.00    1.48    14  pidstat
03:58:24         1981   79.31    6.40    0.00   85.71    20  bt-mz.B.24
03:58:24         1982   83.74    4.93    0.00   88.67    18  bt-mz.B.24
03:58:24         1983   85.22    6.90    0.00   92.12     2  bt-mz.B.24
03:58:24         1984   91.63    7.39    0.00   99.01    13  bt-mz.B.24
03:58:24         1985   92.61    5.42    0.00   98.03     8  bt-mz.B.24
03:58:24         1986   78.82    2.96    0.00   81.77    24  bt-mz.B.24
03:58:24         1987   78.82    6.90    0.00   85.71    19  bt-mz.B.24
03:58:24         1988   76.85    7.39    0.00   84.24    21  bt-mz.B.24
03:58:24         1989   80.79    4.93    0.00   85.71     4  bt-mz.B.24
03:58:24         1990   81.77    4.43    0.00   86.21     1  bt-mz.B.24
03:58:24         1991   84.24    6.40    0.00   90.64    16  bt-mz.B.24
03:58:24         1994   87.68    6.40    0.00   94.09     9  bt-mz.B.24
03:58:24         1997   83.74    6.40    0.00   90.15    12  bt-mz.B.24
03:58:24         1998   75.86    4.93    0.00   80.79    17  bt-mz.B.24
03:58:24         2000   88.67    6.40    0.00   95.07    11  bt-mz.B.24
03:58:24         2002   77.83    2.96    0.00   80.79     5  bt-mz.B.24
03:58:24         2006   86.21    6.90    0.00   93.10     3  bt-mz.B.24
03:58:24         2008   91.13    4.93    0.00   96.06    30  bt-mz.B.24
03:58:24         2010   77.83    4.93    0.00   82.76     7  bt-mz.B.24
03:58:24         2011   72.91    2.46    0.00   75.37     6  bt-mz.B.24
03:58:24         2013   90.15    5.91    0.00   96.06    10  bt-mz.B.24
03:58:24         2014   91.13    5.42    0.00   96.55    31  bt-mz.B.24
03:58:24         2015   78.82    5.42    0.00   84.24    21  bt-mz.B.24
03:58:24         2017   79.80    2.96    0.00   82.76    22  bt-mz.B.24
03:58:24         3144    0.00    0.49    0.00    0.49    11  kondemand/11
03:58:24         3195    0.00    0.49    0.00    0.49    26  irqbalance

03:58:24          PID    %usr %system  %guest    %CPU   CPU  Command
03:58:26          155    0.00    0.50    0.00    0.50    24  events/24
03:58:26         1968    1.00    0.50    0.00    1.50     3  top
03:58:26         1970    1.00    1.50    0.00    2.50    28  pidstat
03:58:26         1972    0.50    2.50    0.00    3.00    14  pidstat
03:58:26         1981  109.00    0.00    0.00  109.00     0  bt-mz.B.24
03:58:26         1982  113.00    0.00    0.00  113.00    20  bt-mz.B.24
03:58:26         1983  112.50    0.00    0.00  112.50    18  bt-mz.B.24
03:58:26         1984  111.50    1.00    0.00  112.50    26  bt-mz.B.24
03:58:26         1985  113.50    0.00    0.00  113.50    12  bt-mz.B.24
03:58:26         1986  113.50    0.00    0.00  113.50    30  bt-mz.B.24
03:58:26         1987  108.00    0.00    0.00  108.00    23  bt-mz.B.24
03:58:26         1988   96.50    0.00    0.00   96.50     2  bt-mz.B.24
03:58:26         1989  113.50    0.00    0.00  113.50     4  bt-mz.B.24
03:58:26         1990  113.00    0.00    0.00  113.00     9  bt-mz.B.24
03:58:26         1991  109.50    0.00    0.00  109.50     5  bt-mz.B.24
03:58:26         1994  112.00    0.00    0.00  112.00    29  bt-mz.B.24
03:58:26         1997  113.00    0.00    0.00  113.00     8  bt-mz.B.24
03:58:26         1998  103.00    0.00    0.00  103.00    16  bt-mz.B.24
03:58:26         2000  115.50    0.00    0.00  115.50    11  bt-mz.B.24
03:58:26         2002  102.00    0.00    0.00  102.00    21  bt-mz.B.24
03:58:26         2006  105.50    0.00    0.00  105.50     1  bt-mz.B.24
03:58:26         2008  113.50    0.00    0.00  113.50    10  bt-mz.B.24
03:58:26         2010  105.00    0.00    0.00  105.00     7  bt-mz.B.24
03:58:26         2011  109.00    0.00    0.00  109.00    22  bt-mz.B.24
03:58:26         2013  113.00    0.00    0.00  113.00    15  bt-mz.B.24
03:58:26         2014  109.00    0.00    0.00  109.00    31  bt-mz.B.24
03:58:26         2015  107.00    0.00    0.00  107.00    17  bt-mz.B.24
03:58:26         2017  111.00    0.00    0.00  111.00     3  bt-mz.B.24
03:58:26         3135    0.00    0.50    0.00    0.50     2  kondemand/2

03:58:26          PID    %usr %system  %guest    %CPU   CPU  Command
03:58:28          135    0.00    0.50    0.00    0.50     4  events/4
03:58:28          156    0.00    0.50    0.00    0.50    25  events/25
03:58:28         1968    0.50    0.50    0.00    1.00     3  top
03:58:28         1970    0.50    2.00    0.00    2.50    28  pidstat
03:58:28         1972    0.50    1.00    0.00    1.50    14  pidstat
03:58:28         1981  104.50    0.00    0.00  104.50     0  bt-mz.B.24
03:58:28         1982   91.50    0.00    0.00   91.50    20  bt-mz.B.24
03:58:28         1983  109.00    0.00    0.00  109.00     2  bt-mz.B.24
03:58:28         1984  114.00    0.50    0.00  114.50    26  bt-mz.B.24
03:58:28         1985  114.00    0.00    0.00  114.00    12  bt-mz.B.24
03:58:28         1986  111.50    0.00    0.00  111.50    30  bt-mz.B.24
03:58:28         1987   97.00    0.50    0.00   97.50     4  bt-mz.B.24
03:58:28         1988  104.50    0.00    0.00  104.50    18  bt-mz.B.24
03:58:28         1989   84.00    0.00    0.00   84.00    23  bt-mz.B.24
03:58:28         1990  113.00    0.50    0.00  113.50    25  bt-mz.B.24
03:58:28         1991  101.50    0.00    0.00  101.50     5  bt-mz.B.24
03:58:28         1994  115.00    0.00    0.00  115.00    13  bt-mz.B.24
03:58:28         1997  112.50    0.00    0.00  112.50    24  bt-mz.B.24
03:58:28         1998   95.50    0.00    0.00   95.50    23  bt-mz.B.24
03:58:28         2000  114.00    0.00    0.00  114.00    27  bt-mz.B.24
03:58:28         2002  111.00    0.00    0.00  111.00    21  bt-mz.B.24
03:58:28         2006  109.50    0.00    0.00  109.50    16  bt-mz.B.24
03:58:28         2008  112.00    0.50    0.00  112.50    10  bt-mz.B.24
03:58:28         2010   87.50    0.00    0.00   87.50     7  bt-mz.B.24
03:58:28         2011  112.50    0.00    0.00  112.50     6  bt-mz.B.24
03:58:28         2013  104.50    0.00    0.00  104.50    10  bt-mz.B.24
03:58:28         2014  100.50    0.00    0.00  100.50    31  bt-mz.B.24
03:58:28         2015  113.50    0.00    0.00  113.50     1  bt-mz.B.24
03:58:28         2017  112.50    0.00    0.00  112.50     3  bt-mz.B.24
03:58:28         3138    0.00    0.50    0.00    0.50     5  kondemand/5
03:58:28         3154    0.00    0.50    0.00    0.50    21  kondemand/21

03:58:28          PID    %usr %system  %guest    %CPU   CPU  Command
03:58:30         1968    0.50    1.00    0.00    1.50     3  top
03:58:30         1970    1.00    1.50    0.00    2.50    28  pidstat
03:58:30         1972    1.00    2.50    0.00    3.50    14  pidstat
03:58:30         1981  112.50    0.00    0.00  112.50    16  bt-mz.B.24
03:58:30         1982  102.50    0.00    0.00  102.50    16  bt-mz.B.24
03:58:30         1983  112.50    0.00    0.00  112.50     2  bt-mz.B.24
03:58:30         1984  110.50    0.50    0.00  111.00    26  bt-mz.B.24
03:58:30         1985  113.50    0.00    0.00  113.50    12  bt-mz.B.24
03:58:30         1986  113.50    0.00    0.00  113.50    30  bt-mz.B.24
03:58:30         1987  106.50    0.00    0.00  106.50    19  bt-mz.B.24
03:58:30         1988  101.50    0.00    0.00  101.50    18  bt-mz.B.24
03:58:30         1989  103.50    0.00    0.00  103.50    22  bt-mz.B.24
03:58:30         1990  101.50    0.00    0.00  101.50     9  bt-mz.B.24
03:58:30         1991   97.00    0.00    0.00   97.00     0  bt-mz.B.24
03:58:30         1994  112.00    0.00    0.00  112.00    13  bt-mz.B.24
03:58:30         1997  112.50    0.00    0.00  112.50     8  bt-mz.B.24
03:58:30         1998  108.50    0.00    0.00  108.50     7  bt-mz.B.24
03:58:30         2000  113.50    0.00    0.00  113.50    27  bt-mz.B.24
03:58:30         2002   89.50    0.00    0.00   89.50     3  bt-mz.B.24
03:58:30         2006   94.50    0.00    0.00   94.50    20  bt-mz.B.24
03:58:30         2008  112.50    0.00    0.00  112.50    10  bt-mz.B.24
03:58:30         2010  104.00    0.00    0.00  104.00     5  bt-mz.B.24
03:58:30         2011  104.50    0.00    0.00  104.50     4  bt-mz.B.24
03:58:30         2013  110.00    0.00    0.00  110.00    25  bt-mz.B.24
03:58:30         2014  112.50    0.00    0.00  112.50    31  bt-mz.B.24
03:58:30         2015  101.00    0.50    0.00  101.50     1  bt-mz.B.24
03:58:30         2017  100.50    0.00    0.00  100.50    21  bt-mz.B.24
03:58:30         3133    0.00    0.50    0.00    0.50     0  kondemand/0
03:58:30         3140    0.00    0.50    0.00    0.50     7  kondemand/7
03:58:30         3145    0.00    0.50    0.00    0.50    12  kondemand/12
03:58:30         3149    0.00    0.50    0.00    0.50    16  kondemand/16
03:58:30         3155    0.00    0.50    0.00    0.50    22  kondemand/22
03:58:30         3160    0.00    0.50    0.00    0.50    27  kondemand/27

03:58:30          PID    %usr %system  %guest    %CPU   CPU  Command
03:58:32         1968    0.50    0.50    0.00    1.00    19  top
03:58:32         1970    0.50    1.50    0.00    2.00    28  pidstat
03:58:32         1972    1.00    2.00    0.00    3.00    14  pidstat
03:58:32         1981  108.00    0.00    0.00  108.00    18  bt-mz.B.24
03:58:32         1982  100.50    0.00    0.00  100.50    18  bt-mz.B.24
03:58:32         1983  101.50    0.00    0.00  101.50     7  bt-mz.B.24
03:58:32         1984  111.00    1.00    0.00  112.00    10  bt-mz.B.24
03:58:32         1985  113.50    0.00    0.00  113.50    12  bt-mz.B.24
03:58:32         1986  111.50    0.00    0.00  111.50    25  bt-mz.B.24
03:58:32         1987  106.50    0.00    0.00  106.50    19  bt-mz.B.24
03:58:32         1988   94.50    0.00    0.00   94.50     0  bt-mz.B.24
03:58:32         1989  108.00    0.00    0.00  108.00    22  bt-mz.B.24
03:58:32         1990  107.00    0.00    0.00  107.00    26  bt-mz.B.24
03:58:32         1991  104.00    0.00    0.00  104.00    16  bt-mz.B.24
03:58:32         1994  114.00    0.00    0.00  114.00    13  bt-mz.B.24
03:58:32         1997  114.00    0.00    0.00  114.00    24  bt-mz.B.24
03:58:32         1998  112.00    0.00    0.00  112.00    23  bt-mz.B.24
03:58:32         2000  112.00    0.00    0.00  112.00    11  bt-mz.B.24
03:58:32         2002   94.00    0.00    0.00   94.00     3  bt-mz.B.24
03:58:32         2006  110.00    0.00    0.00  110.00     2  bt-mz.B.24
03:58:32         2008  112.00    0.00    0.00  112.00    30  bt-mz.B.24
03:58:32         2010  107.00    0.00    0.00  107.00    21  bt-mz.B.24
03:58:32         2011  100.50    0.00    0.00  100.50     4  bt-mz.B.24
03:58:32         2013  108.00    0.00    0.00  108.00     9  bt-mz.B.24
03:58:32         2014  113.50    0.00    0.00  113.50    15  bt-mz.B.24
03:58:32         2015  111.50    0.00    0.00  111.50     1  bt-mz.B.24
03:58:32         2017   92.00    0.00    0.00   92.00     6  bt-mz.B.24
03:58:32         3147    0.00    0.50    0.00    0.50    14  kondemand/14
03:58:32         3151    0.00    0.50    0.00    0.50    18  kondemand/18

03:58:32          PID    %usr %system  %guest    %CPU   CPU  Command
03:58:34         1968    0.50    0.50    0.00    1.00    19  top
03:58:34         1970    1.00    1.50    0.00    2.50    28  pidstat
03:58:34         1972    0.50    1.00    0.00    1.50    14  pidstat
03:58:34         1981   86.50    0.00    0.00   86.50     2  bt-mz.B.24
03:58:34         1982   92.00    0.00    0.00   92.00     7  bt-mz.B.24
03:58:34         1983  109.50    0.00    0.00  109.50     5  bt-mz.B.24
03:58:34         1984  109.00    0.00    0.00  109.00    15  bt-mz.B.24
03:58:34         1985  112.00    0.00    0.00  112.00    12  bt-mz.B.24
03:58:34         1986  111.00    0.00    0.00  111.00    25  bt-mz.B.24
03:58:34         1987   98.00    0.00    0.00   98.00    22  bt-mz.B.24
03:58:34         1988   97.00    0.00    0.00   97.00    21  bt-mz.B.24
03:58:34         1989  103.00    0.00    0.00  103.00     6  bt-mz.B.24
03:58:34         1990  111.00    0.50    0.00  111.50    26  bt-mz.B.24
03:58:34         1991  105.50    0.50    0.00  106.00    19  bt-mz.B.24
03:58:34         1994  112.50    0.00    0.00  112.50    13  bt-mz.B.24
03:58:34         1997  110.50    0.00    0.00  110.50     9  bt-mz.B.24
03:58:34         1998  102.50    0.50    0.00  103.00    23  bt-mz.B.24
03:58:34         2000  110.00    0.00    0.00  110.00    27  bt-mz.B.24
03:58:34         2002  105.00    0.00    0.00  105.00     1  bt-mz.B.24
03:58:34         2006   90.00    0.00    0.00   90.00    16  bt-mz.B.24
03:58:34         2008  110.50    0.00    0.00  110.50    30  bt-mz.B.24
03:58:34         2010  100.50    0.00    0.00  100.50    22  bt-mz.B.24
03:58:34         2011  107.00    0.50    0.00  107.50     4  bt-mz.B.24
03:58:34         2013  104.50    0.00    0.00  104.50    11  bt-mz.B.24
03:58:34         2014  105.50    0.50    0.00  106.00    10  bt-mz.B.24
03:58:34         2015  107.00    0.00    0.00  107.00    18  bt-mz.B.24
03:58:34         2017   99.00    0.50    0.00   99.50     0  bt-mz.B.24
03:58:34         3159    0.00    0.50    0.00    0.50    26  kondemand/26
03:58:34         3180    0.00    0.50    0.00    0.50    16  kipmi0

03:58:34          PID    %usr %system  %guest    %CPU   CPU  Command
03:58:36         1968    0.50    1.00    0.00    1.50    19  top
03:58:36         1970    0.50    2.00    0.00    2.50    12  pidstat
03:58:36         1972    1.00    1.50    0.00    2.50    30  pidstat
03:58:36         1981  106.50    0.00    0.00  106.50     6  bt-mz.B.24
03:58:36         1982  108.50    0.00    0.00  108.50    23  bt-mz.B.24
03:58:36         1983  111.00    0.50    0.00  111.50    18  bt-mz.B.24
03:58:36         1984  113.00    0.00    0.00  113.00    15  bt-mz.B.24
03:58:36         1985  113.00    0.00    0.00  113.00    28  bt-mz.B.24
03:58:36         1986  106.00    0.50    0.00  106.50    25  bt-mz.B.24
03:58:36         1987   91.00    0.00    0.00   91.00     2  bt-mz.B.24
03:58:36         1988  102.00    0.00    0.00  102.00    19  bt-mz.B.24
03:58:36         1989  102.00    0.00    0.00  102.00    22  bt-mz.B.24
03:58:36         1990  110.00    0.50    0.00  110.50    10  bt-mz.B.24
03:58:36         1991  108.00    0.00    0.00  108.00     3  bt-mz.B.24
03:58:36         1994  113.00    0.00    0.00  113.00    13  bt-mz.B.24
03:58:36         1997  110.50    0.00    0.00  110.50     8  bt-mz.B.24
03:58:36         1998   98.00    0.00    0.00   98.00    16  bt-mz.B.24
03:58:36         2000  110.00    0.00    0.00  110.00     9  bt-mz.B.24
03:58:36         2002  102.00    0.00    0.00  102.00     4  bt-mz.B.24
03:58:36         2006  101.00    0.00    0.00  101.00     0  bt-mz.B.24
03:58:36         2008  112.00    0.00    0.00  112.00    14  bt-mz.B.24
03:58:36         2010   87.50    0.00    0.00   87.50     7  bt-mz.B.24
03:58:36         2011  106.50    0.00    0.00  106.50     1  bt-mz.B.24
03:58:36         2013  112.00    0.00    0.00  112.00    11  bt-mz.B.24
03:58:36         2014  106.00    0.50    0.00  106.50    26  bt-mz.B.24
03:58:36         2015   97.00    0.00    0.00   97.00     0  bt-mz.B.24
03:58:36         2017  106.50    0.00    0.00  106.50     5  bt-mz.B.24
03:58:36         3157    0.00    0.50    0.00    0.50    24  kondemand/24

03:58:36          PID    %usr %system  %guest    %CPU   CPU  Command
03:58:38         1968    0.50    0.50    0.00    1.00    19  top
03:58:38         1970    0.50    1.50    0.00    2.00    12  pidstat
03:58:38         1972    0.50    2.50    0.00    3.00    30  pidstat
03:58:38         1981  111.50    0.00    0.00  111.50    20  bt-mz.B.24
03:58:38         1982  108.50    0.00    0.00  108.50     7  bt-mz.B.24
03:58:38         1983  107.00    0.00    0.00  107.00    18  bt-mz.B.24
03:58:38         1984  115.50    0.00    0.00  115.50    15  bt-mz.B.24
03:58:38         1985  110.50    0.00    0.00  110.50    28  bt-mz.B.24
03:58:38         1986  113.50    0.00    0.00  113.50    25  bt-mz.B.24
03:58:38         1987   99.50    0.00    0.00   99.50    21  bt-mz.B.24
03:58:38         1988  107.00    0.00    0.00  107.00    17  bt-mz.B.24
03:58:38         1989  110.00    0.00    0.00  110.00     6  bt-mz.B.24
03:58:38         1990  104.50    0.00    0.00  104.50    12  bt-mz.B.24
03:58:38         1991  111.50    0.00    0.00  111.50    19  bt-mz.B.24
03:58:38         1994  115.50    0.00    0.00  115.50    13  bt-mz.B.24
03:58:38         1997  115.00    0.00    0.00  115.00     8  bt-mz.B.24
03:58:38         1998   94.00    0.00    0.00   94.00     0  bt-mz.B.24
03:58:38         2000  103.50    0.50    0.00  104.00     9  bt-mz.B.24
03:58:38         2002  106.50    0.00    0.00  106.50     1  bt-mz.B.24
03:58:38         2006   85.50    0.00    0.00   85.50     5  bt-mz.B.24
03:58:38         2008  115.00    0.00    0.00  115.00    14  bt-mz.B.24
03:58:38         2010   98.00    0.00    0.00   98.00    18  bt-mz.B.24
03:58:38         2011   98.00    0.00    0.00   98.00    16  bt-mz.B.24
03:58:38         2013  114.50    0.00    0.00  114.50    11  bt-mz.B.24
03:58:38         2014  110.50    0.00    0.00  110.50    26  bt-mz.B.24
03:58:38         2015  106.00    0.00    0.00  106.00     2  bt-mz.B.24
03:58:38         2017  108.50    0.00    0.00  108.50    22  bt-mz.B.24

03:58:38          PID    %usr %system  %guest    %CPU   CPU  Command
03:58:40         1968    0.50    0.50    0.00    1.00    19  top
03:58:40         1970    0.50    1.50    0.00    2.00    12  pidstat
03:58:40         1972    0.50    0.50    0.00    1.00    30  pidstat
03:58:40         1974    0.00    0.50    0.00    0.50     4  iostat
03:58:40         1981  113.50    0.00    0.00  113.50    20  bt-mz.B.24
03:58:40         1982  100.50    0.00    0.00  100.50     1  bt-mz.B.24
03:58:40         1983  103.00    0.00    0.00  103.00     7  bt-mz.B.24
03:58:40         1984  110.00    0.00    0.00  110.00    31  bt-mz.B.24
03:58:40         1985  107.00    0.00    0.00  107.00    27  bt-mz.B.24
03:58:40         1986  109.00    0.00    0.00  109.00    13  bt-mz.B.24
03:58:40         1987  104.00    0.00    0.00  104.00     5  bt-mz.B.24
03:58:40         1988  101.00    0.00    0.00  101.00     3  bt-mz.B.24
03:58:40         1989   98.00    0.00    0.00   98.00     6  bt-mz.B.24
03:58:40         1990  108.00    0.00    0.00  108.00    15  bt-mz.B.24
03:58:40         1991  104.00    0.00    0.00  104.00    22  bt-mz.B.24
03:58:40         1994  101.50    0.00    0.00  101.50    29  bt-mz.B.24
03:58:40         1997  108.50    0.00    0.00  108.50    25  bt-mz.B.24
03:58:40         1998   96.50    0.00    0.00   96.50    19  bt-mz.B.24
03:58:40         2000  107.00    0.00    0.00  107.00     8  bt-mz.B.24
03:58:40         2002   94.00    0.50    0.00   94.50     0  bt-mz.B.24
03:58:40         2006  101.00    0.00    0.00  101.00    17  bt-mz.B.24
03:58:40         2008  110.00    0.00    0.00  110.00    14  bt-mz.B.24
03:58:40         2010   98.50    0.00    0.00   98.50    21  bt-mz.B.24
03:58:40         2011   91.50    0.00    0.00   91.50    23  bt-mz.B.24
03:58:40         2013  108.50    0.50    0.00  109.00    11  bt-mz.B.24
03:58:40         2014  108.50    0.00    0.00  108.50    10  bt-mz.B.24
03:58:40         2015  103.00    0.00    0.00  103.00    18  bt-mz.B.24
03:58:40         2017  103.00    0.00    0.00  103.00     2  bt-mz.B.24
03:58:40         3142    0.00    0.50    0.00    0.50     9  kondemand/9
03:58:40         3158    0.00    0.50    0.00    0.50    25  kondemand/25

03:58:40          PID    %usr %system  %guest    %CPU   CPU  Command
03:58:42         1968    1.00    1.00    0.00    2.00     3  top
03:58:42         1970    0.50    1.50    0.00    2.00    12  pidstat
03:58:42         1972    0.50    2.00    0.00    2.50     9  pidstat
03:58:42         1981  114.50    0.00    0.00  114.50     4  bt-mz.B.24
03:58:42         1982  105.50    0.00    0.00  105.50     1  bt-mz.B.24
03:58:42         1983  108.00    0.00    0.00  108.00     5  bt-mz.B.24
03:58:42         1984  107.50    0.00    0.00  107.50    30  bt-mz.B.24
03:58:42         1985  110.00    0.00    0.00  110.00    10  bt-mz.B.24
03:58:42         1986  113.00    0.00    0.00  113.00    29  bt-mz.B.24
03:58:42         1987  107.50    0.00    0.00  107.50    19  bt-mz.B.24
03:58:42         1988  103.00    0.00    0.00  103.00    17  bt-mz.B.24
03:58:42         1989  108.50    0.00    0.00  108.50    22  bt-mz.B.24
03:58:42         1990  113.50    0.50    0.00  114.00    28  bt-mz.B.24
03:58:42         1991  104.50    0.00    0.00  104.50     0  bt-mz.B.24
03:58:42         1994  107.50    0.00    0.00  107.50    11  bt-mz.B.24
03:58:42         1997  112.00    0.00    0.00  112.00    25  bt-mz.B.24
03:58:42         1998  110.50    0.00    0.00  110.50    15  bt-mz.B.24
03:58:42         2000  113.00    0.00    0.00  113.00     8  bt-mz.B.24
03:58:42         2002  105.50    0.00    0.00  105.50     2  bt-mz.B.24
03:58:42         2006  109.50    0.00    0.00  109.50    23  bt-mz.B.24
03:58:42         2008  108.50    0.00    0.00  108.50    14  bt-mz.B.24
03:58:42         2010  105.00    0.00    0.00  105.00    21  bt-mz.B.24
03:58:42         2011  101.50    0.00    0.00  101.50     3  bt-mz.B.24
03:58:42         2013  108.50    0.00    0.00  108.50    13  bt-mz.B.24
03:58:42         2014  108.50    0.00    0.00  108.50    27  bt-mz.B.24
03:58:42         2015  107.50    0.00    0.00  107.50    18  bt-mz.B.24
03:58:42         2017  108.00    0.00    0.00  108.00    16  bt-mz.B.24
03:58:42         3136    0.00    0.50    0.00    0.50     3  kondemand/3
03:58:42         3153    0.00    0.50    0.00    0.50    20  kondemand/20

03:58:42          PID    %usr %system  %guest    %CPU   CPU  Command
03:58:44          109    0.00    0.50    0.00    0.50    26  ksoftirqd/26
03:58:44         1968    0.50    0.50    0.00    1.00     3  top
03:58:44         1970    0.50    1.50    0.00    2.00    12  pidstat
03:58:44         1972    1.00    2.00    0.00    3.00    11  pidstat
03:58:44         1981  111.00    0.00    0.00  111.00     4  bt-mz.B.24
03:58:44         1982  111.00    0.00    0.00  111.00     6  bt-mz.B.24
03:58:44         1983  114.50    0.00    0.00  114.50     0  bt-mz.B.24
03:58:44         1984  114.00    0.00    0.00  114.00    24  bt-mz.B.24
03:58:44         1985  115.00    0.00    0.00  115.00    10  bt-mz.B.24
03:58:44         1986  114.00    0.00    0.00  114.00     8  bt-mz.B.24
03:58:44         1987   99.00    0.00    0.00   99.00    21  bt-mz.B.24
03:58:44         1988   89.00    0.00    0.00   89.00     2  bt-mz.B.24
03:58:44         1989  113.00    0.00    0.00  113.00    22  bt-mz.B.24
03:58:44         1990  114.00    0.00    0.00  114.00    11  bt-mz.B.24
03:58:44         1991  109.50    0.00    0.00  109.50    16  bt-mz.B.24
03:58:44         1994  111.00    0.00    0.00  111.00     9  bt-mz.B.24
03:58:44         1997  112.50    0.00    0.00  112.50    25  bt-mz.B.24
03:58:44         1998  113.50    0.00    0.00  113.50    30  bt-mz.B.24
03:58:44         2000  112.00    0.00    0.00  112.00    28  bt-mz.B.24
03:58:44         2002  107.00    0.00    0.00  107.00    19  bt-mz.B.24
03:58:44         2006  112.00    0.00    0.00  112.00     7  bt-mz.B.24
03:58:44         2008  111.50    0.00    0.00  111.50    15  bt-mz.B.24
03:58:44         2010  105.50    0.00    0.00  105.50    23  bt-mz.B.24
03:58:44         2011  108.00    0.00    0.00  108.00    18  bt-mz.B.24
03:58:44         2013  110.00    0.00    0.00  110.00    14  bt-mz.B.24
03:58:44         2014  110.50    0.00    0.00  110.50    13  bt-mz.B.24
03:58:44         2015  106.50    0.00    0.00  106.50     5  bt-mz.B.24
03:58:44         2017  107.50    0.50    0.00  108.00    17  bt-mz.B.24
03:58:44         3134    0.00    0.50    0.00    0.50     1  kondemand/1
03:58:44         3148    0.00    0.50    0.00    0.50    15  kondemand/15
03:58:44         3152    0.00    0.50    0.00    0.50    19  kondemand/19
03:58:44         3156    0.00    0.50    0.00    0.50    23  kondemand/23
03:58:44         3164    0.00    0.50    0.00    0.50    31  kondemand/31

03:58:44          PID    %usr %system  %guest    %CPU   CPU  Command
03:58:46         1968    0.50    0.50    0.00    1.00     3  top
03:58:46         1970    0.50    2.00    0.00    2.50    28  pidstat
03:58:46         1972    0.00    1.00    0.00    1.00    27  pidstat
03:58:46         1981  116.00    0.00    0.00  116.00    19  bt-mz.B.24
03:58:46         1982  107.00    0.00    0.00  107.00     6  bt-mz.B.24
03:58:46         1983  100.00    0.00    0.00  100.00     1  bt-mz.B.24
03:58:46         1984  111.50    0.00    0.00  111.50    15  bt-mz.B.24
03:58:46         1985  113.00    0.00    0.00  113.00    29  bt-mz.B.24
03:58:46         1986  112.50    0.00    0.00  112.50    26  bt-mz.B.24
03:58:46         1987  108.00    0.00    0.00  108.00     5  bt-mz.B.24
03:58:46         1988   91.50    0.00    0.00   91.50     0  bt-mz.B.24
03:58:46         1989  102.00    0.00    0.00  102.00     7  bt-mz.B.24
03:58:46         1990  116.50    0.00    0.00  116.50    11  bt-mz.B.24
03:58:46         1991  103.00    0.00    0.00  103.00    18  bt-mz.B.24
03:58:46         1994  109.00    0.00    0.00  109.00    13  bt-mz.B.24
03:58:46         1997  106.00    0.00    0.00  106.00    12  bt-mz.B.24
03:58:46         1998  112.50    0.00    0.00  112.50     8  bt-mz.B.24
03:58:46         2000  112.50    0.00    0.00  112.50    25  bt-mz.B.24
03:58:46         2002   98.00    0.00    0.00   98.00     0  bt-mz.B.24
03:58:46         2006  114.00    0.00    0.00  114.00    23  bt-mz.B.24
03:58:46         2008  114.00    0.00    0.00  114.00    31  bt-mz.B.24
03:58:46         2010  103.00    0.00    0.00  103.00     3  bt-mz.B.24
03:58:46         2011  112.00    0.00    0.00  112.00    16  bt-mz.B.24
03:58:46         2013  111.50    0.00    0.00  111.50    30  bt-mz.B.24
03:58:46         2014  111.50    0.00    0.00  111.50    10  bt-mz.B.24
03:58:46         2015  106.50    0.50    0.00  107.00    20  bt-mz.B.24
03:58:46         2017  110.50    0.00    0.00  110.50    22  bt-mz.B.24
03:58:46         3180    0.00    0.50    0.00    0.50     0  kipmi0

03:58:46          PID    %usr %system  %guest    %CPU   CPU  Command
03:58:48         1968    0.50    0.50    0.00    1.00     3  top
03:58:48         1970    1.00    1.50    0.00    2.50    28  pidstat
03:58:48         1972    1.00    1.50    0.00    2.50    27  pidstat
03:58:48         1981  109.00    0.00    0.00  109.00    19  bt-mz.B.24
03:58:48         1982  104.00    0.00    0.00  104.00     6  bt-mz.B.24
03:58:48         1983  106.00    0.00    0.00  106.00    17  bt-mz.B.24
03:58:48         1984  110.00    0.00    0.00  110.00    14  bt-mz.B.24
03:58:48         1985  115.00    0.00    0.00  115.00    29  bt-mz.B.24
03:58:48         1986  112.00    0.00    0.00  112.00    31  bt-mz.B.24
03:58:48         1987  105.50    0.00    0.00  105.50     5  bt-mz.B.24
03:58:48         1988  103.00    0.00    0.00  103.00     7  bt-mz.B.24
03:58:48         1989  106.00    0.00    0.00  106.00     4  bt-mz.B.24
03:58:48         1990  115.00    0.00    0.00  115.00    11  bt-mz.B.24
03:58:48         1991  110.50    0.00    0.00  110.50    18  bt-mz.B.24
03:58:48         1994  111.50    0.00    0.00  111.50    10  bt-mz.B.24
03:58:48         1997  114.50    0.00    0.00  114.50    12  bt-mz.B.24
03:58:48         1998  114.00    0.00    0.00  114.00     8  bt-mz.B.24
03:58:48         2000  114.50    0.00    0.00  114.50    25  bt-mz.B.24
03:58:48         2002  102.50    0.00    0.00  102.50     2  bt-mz.B.24
03:58:48         2006  112.50    0.50    0.00  113.00    22  bt-mz.B.24
03:58:48         2008  113.50    0.00    0.00  113.50    15  bt-mz.B.24
03:58:48         2010  110.00    0.00    0.00  110.00     3  bt-mz.B.24
03:58:48         2011  103.50    0.00    0.00  103.50     0  bt-mz.B.24
03:58:48         2013  104.00    0.00    0.00  104.00    30  bt-mz.B.24
03:58:48         2014  103.00    1.00    0.00  104.00    26  bt-mz.B.24
03:58:48         2015  107.50    0.00    0.00  107.50    23  bt-mz.B.24
03:58:48         2017  102.50    0.00    0.00  102.50    20  bt-mz.B.24

03:58:48          PID    %usr %system  %guest    %CPU   CPU  Command
03:58:50          113    0.00    0.50    0.00    0.50    27  ksoftirqd/27
03:58:50         1968    0.50    1.00    0.00    1.50     3  top
03:58:50         1970    0.50    2.00    0.00    2.50    28  pidstat
03:58:50         1972    0.50    1.50    0.00    2.00    27  pidstat
03:58:50         1981  108.00    0.00    0.00  108.00     5  bt-mz.B.24
03:58:50         1982  102.00    0.00    0.00  102.00     6  bt-mz.B.24
03:58:50         1983  114.00    0.00    0.00  114.00     1  bt-mz.B.24
03:58:50         1984  111.00    0.00    0.00  111.00    30  bt-mz.B.24
03:58:50         1985  111.00    0.00    0.00  111.00    29  bt-mz.B.24
03:58:50         1986  110.00    0.00    0.00  110.00    13  bt-mz.B.24
03:58:50         1987  105.00    0.00    0.00  105.00     0  bt-mz.B.24
03:58:50         1988  109.50    0.00    0.00  109.50     4  bt-mz.B.24
03:58:50         1989   95.50    0.00    0.00   95.50    21  bt-mz.B.24
03:58:50         1990  104.00    0.00    0.00  104.00    27  bt-mz.B.24
03:58:50         1991  100.00    0.00    0.00  100.00     5  bt-mz.B.24
03:58:50         1994  106.50    0.00    0.00  106.50    14  bt-mz.B.24
03:58:50         1997  113.00    0.00    0.00  113.00    12  bt-mz.B.24
03:58:50         1998  112.50    0.00    0.00  112.50    15  bt-mz.B.24
03:58:50         2000  113.00    0.00    0.00  113.00    25  bt-mz.B.24
03:58:50         2002  107.50    0.00    0.00  107.50    22  bt-mz.B.24
03:58:50         2006  106.00    0.00    0.00  106.00     7  bt-mz.B.24
03:58:50         2008  100.00    0.00    0.00  100.00    11  bt-mz.B.24
03:58:50         2010  105.00    0.00    0.00  105.00     3  bt-mz.B.24
03:58:50         2011  103.50    0.00    0.00  103.50    20  bt-mz.B.24
03:58:50         2013  104.00    0.50    0.00  104.50    10  bt-mz.B.24
03:58:50         2014   98.50    0.00    0.00   98.50    24  bt-mz.B.24
03:58:50         2015  110.00    0.00    0.00  110.00    18  bt-mz.B.24
03:58:50         2017  103.50    0.00    0.00  103.50    16  bt-mz.B.24

03:58:50          PID    %usr %system  %guest    %CPU   CPU  Command
03:58:52         1968    0.50    0.50    0.00    1.00    19  top
03:58:52         1970    0.50    1.50    0.00    2.00    28  pidstat
03:58:52         1972    0.50    2.00    0.00    2.50     8  pidstat
03:58:52         1981  108.50    0.00    0.00  108.50     5  bt-mz.B.24
03:58:52         1982  107.50    0.00    0.00  107.50     6  bt-mz.B.24
03:58:52         1983  111.00    0.00    0.00  111.00     1  bt-mz.B.24
03:58:52         1984  103.00    0.50    0.00  103.50    28  bt-mz.B.24
03:58:52         1985  113.50    0.00    0.00  113.50     9  bt-mz.B.24
03:58:52         1986  111.00    0.50    0.00  111.50    14  bt-mz.B.24
03:58:52         1987  109.50    0.50    0.00  110.00    16  bt-mz.B.24
03:58:52         1988  112.00    0.00    0.00  112.00     7  bt-mz.B.24
03:58:52         1989  109.50    0.50    0.00  110.00    20  bt-mz.B.24
03:58:52         1990  114.00    0.00    0.00  114.00    27  bt-mz.B.24
03:58:52         1991  104.00    0.00    0.00  104.00    18  bt-mz.B.24
03:58:52         1994  112.00    0.50    0.00  112.50    29  bt-mz.B.24
03:58:52         1997  114.50    0.00    0.00  114.50    12  bt-mz.B.24
03:58:52         1998  115.00    0.00    0.00  115.00    15  bt-mz.B.24
03:58:52         2000  115.50    0.00    0.00  115.50    31  bt-mz.B.24
03:58:52         2002  104.00    0.00    0.00  104.00     4  bt-mz.B.24
03:58:52         2006  106.50    0.00    0.00  106.50     7  bt-mz.B.24
03:58:52         2008  109.00    0.00    0.00  109.00    26  bt-mz.B.24
03:58:52         2010  115.00    0.00    0.00  115.00    19  bt-mz.B.24
03:58:52         2011  108.50    0.50    0.00  109.00     0  bt-mz.B.24
03:58:52         2013  113.00    0.00    0.00  113.00    10  bt-mz.B.24
03:58:52         2014  112.50    0.00    0.00  112.50    24  bt-mz.B.24
03:58:52         2015  111.00    0.00    0.00  111.00     2  bt-mz.B.24
03:58:52         2017  107.50    0.00    0.00  107.50    22  bt-mz.B.24
03:58:52         3137    0.00    0.50    0.00    0.50     4  kondemand/4
03:58:52         3143    0.00    0.50    0.00    0.50    10  kondemand/10
03:58:52         3150    0.00    0.50    0.00    0.50    17  kondemand/17
03:58:52         3162    0.00    0.50    0.00    0.50    29  kondemand/29
03:58:52         3684    0.00    0.50    0.00    0.50     6  snmpd

03:58:52          PID    %usr %system  %guest    %CPU   CPU  Command
03:58:54         1968    1.00    0.50    0.00    1.50    19  top
03:58:54         1970    0.50    2.00    0.00    2.50    12  pidstat
03:58:54         1972    0.50    1.50    0.00    2.00    24  pidstat
03:58:54         1981  113.00    0.00    0.00  113.00     2  bt-mz.B.24
03:58:54         1982  108.00    0.00    0.00  108.00     7  bt-mz.B.24
03:58:54         1983  106.00    0.00    0.00  106.00     5  bt-mz.B.24
03:58:54         1984  109.50    0.00    0.00  109.50    25  bt-mz.B.24
03:58:54         1985  108.00    0.00    0.00  108.00     9  bt-mz.B.24
03:58:54         1986  111.00    0.00    0.00  111.00    26  bt-mz.B.24
03:58:54         1987   98.50    0.00    0.00   98.50    17  bt-mz.B.24
03:58:54         1988  109.50    0.00    0.00  109.50     0  bt-mz.B.24
03:58:54         1989  108.50    0.00    0.00  108.50     4  bt-mz.B.24
03:58:54         1990  107.00    0.00    0.00  107.00    27  bt-mz.B.24
03:58:54         1991  104.00    0.00    0.00  104.00     3  bt-mz.B.24
03:58:54         1994  109.50    0.00    0.00  109.50    15  bt-mz.B.24
03:58:54         1997  113.50    0.00    0.00  113.50    28  bt-mz.B.24
03:58:54         1998  110.50    0.00    0.00  110.50     8  bt-mz.B.24
03:58:54         2000  112.50    0.00    0.00  112.50    11  bt-mz.B.24
03:58:54         2002  101.50    0.00    0.00  101.50    23  bt-mz.B.24
03:58:54         2006  103.50    0.00    0.00  103.50    19  bt-mz.B.24
03:58:54         2008  109.50    0.00    0.00  109.50    10  bt-mz.B.24
03:58:54         2010  103.00    0.00    0.00  103.00     1  bt-mz.B.24
03:58:54         2011  108.50    0.00    0.00  108.50     6  bt-mz.B.24
03:58:54         2013  107.50    0.00    0.00  107.50    29  bt-mz.B.24
03:58:54         2014  112.00    0.00    0.00  112.00    14  bt-mz.B.24
03:58:54         2015  108.00    0.00    0.00  108.00    16  bt-mz.B.24
03:58:54         2017  101.50    0.00    0.00  101.50    21  bt-mz.B.24
03:58:54         3133    0.00    0.50    0.00    0.50     0  kondemand/0
03:58:54         3141    0.00    0.50    0.00    0.50     8  kondemand/8
03:58:54         3180    0.00    0.50    0.00    0.50    16  kipmi0

03:58:54          PID    %usr %system  %guest    %CPU   CPU  Command
03:58:56         1968    0.50    0.50    0.00    1.00     3  top
03:58:56         1970    0.50    1.50    0.00    2.00    28  pidstat
03:58:56         1972    0.50    1.50    0.00    2.00    24  pidstat
03:58:56         1981  114.50    0.00    0.00  114.50     6  bt-mz.B.24
03:58:56         1982  107.00    0.00    0.00  107.00     5  bt-mz.B.24
03:58:56         1983  111.50    0.00    0.00  111.50    17  bt-mz.B.24
03:58:56         1984  109.50    0.00    0.00  109.50    24  bt-mz.B.24
03:58:56         1985  109.00    0.00    0.00  109.00     9  bt-mz.B.24
03:58:56         1986  112.00    0.00    0.00  112.00    31  bt-mz.B.24
03:58:56         1987  108.50    0.00    0.00  108.50     1  bt-mz.B.24
03:58:56         1988  110.00    0.00    0.00  110.00    16  bt-mz.B.24
03:58:56         1989  102.50    0.00    0.00  102.50    19  bt-mz.B.24
03:58:56         1990  107.50    0.00    0.00  107.50     8  bt-mz.B.24
03:58:56         1991  105.50    0.00    0.00  105.50     4  bt-mz.B.24
03:58:56         1994  112.00    0.50    0.00  112.50    14  bt-mz.B.24
03:58:56         1997  111.00    0.00    0.00  111.00    11  bt-mz.B.24
03:58:56         1998  112.50    0.00    0.00  112.50    13  bt-mz.B.24
03:58:56         2000  110.50    0.00    0.00  110.50    26  bt-mz.B.24
03:58:56         2002  104.50    0.50    0.00  105.00    22  bt-mz.B.24
03:58:56         2006  109.50    0.00    0.00  109.50     7  bt-mz.B.24
03:58:56         2008  109.50    0.00    0.00  109.50    10  bt-mz.B.24
03:58:56         2010  104.50    0.00    0.00  104.50    20  bt-mz.B.24
03:58:56         2011  112.00    0.00    0.00  112.00    18  bt-mz.B.24
03:58:56         2013  113.50    0.00    0.00  113.50    12  bt-mz.B.24
03:58:56         2014  111.00    0.00    0.00  111.00    30  bt-mz.B.24
03:58:56         2015  104.50    0.00    0.00  104.50     0  bt-mz.B.24
03:58:56         2017  107.00    0.00    0.00  107.00    21  bt-mz.B.24
03:58:56         3139    0.00    0.50    0.00    0.50     6  kondemand/6
03:58:56         3161    0.00    0.50    0.00    0.50    28  kondemand/28
03:58:56         3852    0.50    0.50    0.00    1.00    21  pbs_mom

03:58:56          PID    %usr %system  %guest    %CPU   CPU  Command
03:58:58         1968    0.50    1.00    0.00    1.50     3  top
03:58:58         1970    1.00    1.50    0.00    2.50    12  pidstat
03:58:58         1972    0.50    1.50    0.00    2.00    24  pidstat
03:58:58         1981  112.00    0.00    0.00  112.00    19  bt-mz.B.24
03:58:58         1982  105.00    0.00    0.00  105.00     1  bt-mz.B.24
03:58:58         1983  105.00    0.00    0.00  105.00    18  bt-mz.B.24
03:58:58         1984  111.00    0.00    0.00  111.00    11  bt-mz.B.24
03:58:58         1985  111.00    0.00    0.00  111.00    27  bt-mz.B.24
03:58:58         1986  111.50    0.50    0.00  112.00    29  bt-mz.B.24
03:58:58         1987  106.50    0.00    0.00  106.50    20  bt-mz.B.24
03:58:58         1988  102.00    0.50    0.00  102.50    22  bt-mz.B.24
03:58:58         1989  109.50    0.00    0.00  109.50     6  bt-mz.B.24
03:58:58         1990  106.50    0.00    0.00  106.50     8  bt-mz.B.24
03:58:58         1991  106.00    0.00    0.00  106.00     3  bt-mz.B.24
03:58:58         1994  108.50    0.00    0.00  108.50    28  bt-mz.B.24
03:58:58         1997  111.50    0.00    0.00  111.50    24  bt-mz.B.24
03:58:58         1998  111.50    0.00    0.00  111.50    13  bt-mz.B.24
03:58:58         2000  111.00    0.00    0.00  111.00    10  bt-mz.B.24
03:58:58         2002   99.00    0.00    0.00   99.00     0  bt-mz.B.24
03:58:58         2006  111.00    0.00    0.00  111.00     7  bt-mz.B.24
03:58:58         2008  111.50    0.00    0.00  111.50     9  bt-mz.B.24
03:58:58         2010  103.00    0.00    0.00  103.00     5  bt-mz.B.24
03:58:58         2011  109.50    0.00    0.00  109.50     4  bt-mz.B.24
03:58:58         2013  109.00    0.00    0.00  109.00    15  bt-mz.B.24
03:58:58         2014  111.00    0.50    0.00  111.50    30  bt-mz.B.24
03:58:58         2015   94.50    0.00    0.00   94.50    16  bt-mz.B.24
03:58:58         2017  106.50    0.00    0.00  106.50     6  bt-mz.B.24
03:58:58         3021    0.00    0.50    0.00    0.50    21  flush-8:0
03:58:58         3135    0.00    0.50    0.00    0.50     2  kondemand/2

03:58:58          PID    %usr %system  %guest    %CPU   CPU  Command
03:59:00         1968    1.00    0.00    0.00    1.00    19  top
03:59:00         1970    0.50    1.50    0.00    2.00    28  pidstat
03:59:00         1972    1.00    2.00    0.00    3.00    24  pidstat
03:59:00         1974    0.00    0.50    0.00    0.50     4  iostat
03:59:00         1981  101.50    0.00    0.00  101.50    20  bt-mz.B.24
03:59:00         1982  107.00    0.00    0.00  107.00    20  bt-mz.B.24
03:59:00         1983  107.50    0.00    0.00  107.50    18  bt-mz.B.24
03:59:00         1984  111.50    0.00    0.00  111.50    27  bt-mz.B.24
03:59:00         1985  102.00    0.00    0.00  102.00    11  bt-mz.B.24
03:59:00         1986  109.00    0.00    0.00  109.00    13  bt-mz.B.24
03:59:00         1987  102.00    0.00    0.00  102.00    19  bt-mz.B.24
03:59:00         1988  104.50    0.00    0.00  104.50     1  bt-mz.B.24
03:59:00         1989  107.00    0.00    0.00  107.00    22  bt-mz.B.24
03:59:00         1990  111.00    0.50    0.00  111.50     8  bt-mz.B.24
03:59:00         1991  111.50    0.00    0.00  111.50     5  bt-mz.B.24
03:59:00         1994  114.00    0.00    0.00  114.00    12  bt-mz.B.24
03:59:00         1997  106.50    0.00    0.00  106.50    24  bt-mz.B.24
03:59:00         1998  107.50    0.00    0.00  107.50    30  bt-mz.B.24
03:59:00         2000  114.00    0.00    0.00  114.00    10  bt-mz.B.24
03:59:00         2002  106.00    0.00    0.00  106.00    17  bt-mz.B.24
03:59:00         2006  113.00    0.00    0.00  113.00    23  bt-mz.B.24
03:59:00         2008  114.00    0.00    0.00  114.00     9  bt-mz.B.24
03:59:00         2010   99.00    0.00    0.00   99.00     2  bt-mz.B.24
03:59:00         2011   96.50    0.00    0.00   96.50     4  bt-mz.B.24
03:59:00         2013  114.00    0.00    0.00  114.00    31  bt-mz.B.24
03:59:00         2014  111.00    0.00    0.00  111.00    14  bt-mz.B.24
03:59:00         2015  112.00    0.00    0.00  112.00     0  bt-mz.B.24
03:59:00         2017   98.00    0.00    0.00   98.00     3  bt-mz.B.24
03:59:00         3146    0.00    0.50    0.00    0.50    13  kondemand/13

03:59:00          PID    %usr %system  %guest    %CPU   CPU  Command
03:59:02          105    0.00    0.50    0.00    0.50    25  ksoftirqd/25
03:59:02         1968    0.50    1.00    0.00    1.50     3  top
03:59:02         1970    1.00    2.00    0.00    3.00    28  pidstat
03:59:02         1972    0.50    2.00    0.00    2.50    24  pidstat
03:59:02         1981   88.50    0.00    0.00   88.50    19  bt-mz.B.24
03:59:02         1982   92.50    0.00    0.00   92.50     4  bt-mz.B.24
03:59:02         1983  103.00    0.00    0.00  103.00    18  bt-mz.B.24
03:59:02         1984  110.50    0.00    0.00  110.50    25  bt-mz.B.24
03:59:02         1985  110.00    0.00    0.00  110.00    27  bt-mz.B.24
03:59:02         1986  102.50    0.00    0.00  102.50    29  bt-mz.B.24
03:59:02         1987  105.50    0.00    0.00  105.50    19  bt-mz.B.24
03:59:02         1988  102.00    0.00    0.00  102.00     2  bt-mz.B.24
03:59:02         1989  104.50    0.00    0.00  104.50    22  bt-mz.B.24
03:59:02         1990  113.00    0.00    0.00  113.00     8  bt-mz.B.24
03:59:02         1991  111.50    0.00    0.00  111.50     5  bt-mz.B.24
03:59:02         1994  113.50    0.00    0.00  113.50    12  bt-mz.B.24
03:59:02         1997  109.50    0.50    0.00  110.00    13  bt-mz.B.24
03:59:02         1998  101.00    0.50    0.00  101.50    30  bt-mz.B.24
03:59:02         2000  113.00    0.00    0.00  113.00    10  bt-mz.B.24
03:59:02         2002  110.00    0.00    0.00  110.00     1  bt-mz.B.24
03:59:02         2006  111.50    0.00    0.00  111.50     7  bt-mz.B.24
03:59:02         2008  107.00    0.00    0.00  107.00     9  bt-mz.B.24
03:59:02         2010  105.00    0.00    0.00  105.00     6  bt-mz.B.24
03:59:02         2011   87.50    0.00    0.00   87.50    20  bt-mz.B.24
03:59:02         2013  112.00    0.00    0.00  112.00    15  bt-mz.B.24
03:59:02         2014   98.00    0.00    0.00   98.00    14  bt-mz.B.24
03:59:02         2015  109.50    0.00    0.00  109.50     0  bt-mz.B.24
03:59:02         2017  103.50    0.50    0.00  104.00     3  bt-mz.B.24
03:59:02         3138    0.00    0.50    0.00    0.50     5  kondemand/5
03:59:02         3144    0.00    0.50    0.00    0.50    11  kondemand/11
03:59:02         3149    0.00    0.50    0.00    0.50    16  kondemand/16
03:59:02         3163    0.00    0.50    0.00    0.50    30  kondemand/30
03:59:02         3852    0.00    0.50    0.00    0.50     5  pbs_mom

03:59:02          PID    %usr %system  %guest    %CPU   CPU  Command
03:59:04         1968    0.50    0.50    0.00    1.00     3  top
03:59:04         1970    0.50    1.50    0.00    2.00    28  pidstat
03:59:04         1972    0.50    1.50    0.00    2.00    24  pidstat
03:59:04         1981  101.50    0.00    0.00  101.50     7  bt-mz.B.24
03:59:04         1982  102.50    0.00    0.00  102.50    21  bt-mz.B.24
03:59:04         1983  103.00    0.50    0.00  103.50     2  bt-mz.B.24
03:59:04         1984  112.00    0.00    0.00  112.00    29  bt-mz.B.24
03:59:04         1985  112.50    0.50    0.00  113.00    31  bt-mz.B.24
03:59:04         1986  109.50    0.00    0.00  109.50    11  bt-mz.B.24
03:59:04         1987   98.50    0.00    0.00   98.50    16  bt-mz.B.24
03:59:04         1988  104.00    0.00    0.00  104.00     4  bt-mz.B.24
03:59:04         1989  109.00    0.00    0.00  109.00    22  bt-mz.B.24
03:59:04         1990  115.00    0.00    0.00  115.00     8  bt-mz.B.24
03:59:04         1991  112.00    0.50    0.00  112.50     5  bt-mz.B.24
03:59:04         1994  111.50    0.00    0.00  111.50     9  bt-mz.B.24
03:59:04         1997  109.00    0.00    0.00  109.00     9  bt-mz.B.24
03:59:04         1998  109.00    0.00    0.00  109.00    14  bt-mz.B.24
03:59:04         2000  114.00    0.50    0.00  114.50    26  bt-mz.B.24
03:59:04         2002  105.50    0.00    0.00  105.50     3  bt-mz.B.24
03:59:04         2006  115.00    0.00    0.00  115.00    23  bt-mz.B.24
03:59:04         2008  110.00    0.00    0.00  110.00    12  bt-mz.B.24
03:59:04         2010   97.50    0.00    0.00   97.50    20  bt-mz.B.24
03:59:04         2011  101.50    0.00    0.00  101.50     1  bt-mz.B.24
03:59:04         2013  113.00    0.00    0.00  113.00    15  bt-mz.B.24
03:59:04         2014  104.50    0.00    0.00  104.50    10  bt-mz.B.24
03:59:04         2015  111.00    0.00    0.00  111.00     6  bt-mz.B.24
03:59:04         2017   98.50    0.00    0.00   98.50    19  bt-mz.B.24
03:59:04         3140    0.00    0.50    0.00    0.50     7  kondemand/7
03:59:04         3180    0.00    0.50    0.00    0.50    16  kipmi0
03:59:04         3195    0.00    0.50    0.00    0.50    26  irqbalance

03:59:04          PID    %usr %system  %guest    %CPU   CPU  Command
03:59:06         1968    0.50    0.50    0.00    1.00     3  top
03:59:06         1970    0.50    2.00    0.00    2.50    28  pidstat
03:59:06         1972    0.50    2.00    0.00    2.50    24  pidstat
03:59:06         1981  107.00    0.00    0.00  107.00     2  bt-mz.B.24
03:59:06         1982  118.50    0.00    0.00  118.50     0  bt-mz.B.24
03:59:06         1983  114.50    0.00    0.00  114.50    19  bt-mz.B.24
03:59:06         1984  109.50    0.00    0.00  109.50    11  bt-mz.B.24
03:59:06         1985  113.50    0.00    0.00  113.50    15  bt-mz.B.24
03:59:06         1986  112.50    0.00    0.00  112.50    10  bt-mz.B.24
03:59:06         1987  104.50    0.00    0.00  104.50    16  bt-mz.B.24
03:59:06         1988  100.50    0.00    0.00  100.50     6  bt-mz.B.24
03:59:06         1989  104.50    0.00    0.00  104.50     4  bt-mz.B.24
03:59:06         1990  116.00    0.00    0.00  116.00    26  bt-mz.B.24
03:59:06         1991  103.00    0.00    0.00  103.00    18  bt-mz.B.24
03:59:06         1994  106.50    0.00    0.00  106.50    10  bt-mz.B.24
03:59:06         1997  118.00    0.00    0.00  118.00     9  bt-mz.B.24
03:59:06         1998  112.50    0.00    0.00  112.50    13  bt-mz.B.24
03:59:06         2000  115.00    0.00    0.00  115.00    24  bt-mz.B.24
03:59:06         2002  107.50    0.00    0.00  107.50     7  bt-mz.B.24
03:59:06         2006  112.50    0.50    0.00  113.00     1  bt-mz.B.24
03:59:06         2008  113.00    0.00    0.00  113.00    29  bt-mz.B.24
03:59:06         2010  111.00    0.00    0.00  111.00    20  bt-mz.B.24
03:59:06         2011  109.50    0.00    0.00  109.50     3  bt-mz.B.24
03:59:06         2013  111.50    0.00    0.00  111.50    14  bt-mz.B.24
03:59:06         2014  110.50    0.00    0.00  110.50    12  bt-mz.B.24
03:59:06         2015  106.00    0.50    0.00  106.50     5  bt-mz.B.24
03:59:06         2017  108.50    0.00    0.00  108.50    22  bt-mz.B.24
03:59:06         3154    0.00    0.50    0.00    0.50    21  kondemand/21
03:59:06         3155    0.00    0.50    0.00    0.50    22  kondemand/22

03:59:06          PID    %usr %system  %guest    %CPU   CPU  Command
03:59:08         1968    0.50    1.00    0.00    1.50     3  top
03:59:08         1970    0.50    2.00    0.00    2.50    28  pidstat
03:59:08         1972    0.50    2.00    0.00    2.50     8  pidstat
03:59:08         1981  112.00    0.50    0.00  112.50    17  bt-mz.B.24
03:59:08         1982  105.00    0.00    0.00  105.00    20  bt-mz.B.24
03:59:08         1983  113.50    0.00    0.00  113.50    19  bt-mz.B.24
03:59:08         1984  108.00    0.00    0.00  108.00    27  bt-mz.B.24
03:59:08         1985  110.50    0.00    0.00  110.50    15  bt-mz.B.24
03:59:08         1986  100.00    0.00    0.00  100.00    11  bt-mz.B.24
03:59:08         1987   96.50    0.00    0.00   96.50     0  bt-mz.B.24
03:59:08         1988  106.00    0.00    0.00  106.00    22  bt-mz.B.24
03:59:08         1989   96.50    0.00    0.00   96.50    18  bt-mz.B.24
03:59:08         1990  108.00    0.00    0.00  108.00    10  bt-mz.B.24
03:59:08         1991  103.50    0.00    0.00  103.50     2  bt-mz.B.24
03:59:08         1994   96.50    0.00    0.00   96.50    26  bt-mz.B.24
03:59:08         1997  109.50    0.00    0.00  109.50    25  bt-mz.B.24
03:59:08         1998  106.50    0.00    0.00  106.50    29  bt-mz.B.24
03:59:08         2000  110.00    0.00    0.00  110.00    24  bt-mz.B.24
03:59:08         2002  110.00    0.00    0.00  110.00    23  bt-mz.B.24
03:59:08         2006  109.50    0.00    0.00  109.50     5  bt-mz.B.24
03:59:08         2008  110.50    0.00    0.00  110.50    13  bt-mz.B.24
03:59:08         2010  106.50    0.00    0.00  106.50     4  bt-mz.B.24
03:59:08         2011   95.50    0.00    0.00   95.50     1  bt-mz.B.24
03:59:08         2013  110.00    0.50    0.00  110.50     9  bt-mz.B.24
03:59:08         2014  111.50    0.00    0.00  111.50    12  bt-mz.B.24
03:59:08         2015  103.00    0.00    0.00  103.00     2  bt-mz.B.24
03:59:08         2017  110.00    0.00    0.00  110.00     6  bt-mz.B.24
03:59:08         3151    0.00    0.50    0.00    0.50    18  kondemand/18

03:59:08          PID    %usr %system  %guest    %CPU   CPU  Command
03:59:10         1968    0.50    0.50    0.00    1.00    19  top
03:59:10         1970    0.50    1.50    0.00    2.00    28  pidstat
03:59:10         1972    0.50    2.00    0.00    2.50    24  pidstat
03:59:10         1973    0.00    0.50    0.00    0.50    25  mpstat
03:59:10         1981  112.00    0.00    0.00  112.00    21  bt-mz.B.24
03:59:10         1982  111.00    0.00    0.00  111.00     4  bt-mz.B.24
03:59:10         1983  107.50    0.00    0.00  107.50     0  bt-mz.B.24
03:59:10         1984  108.50    0.00    0.00  108.50    11  bt-mz.B.24
03:59:10         1985  109.50    0.00    0.00  109.50    12  bt-mz.B.24
03:59:10         1986  112.50    0.00    0.00  112.50    27  bt-mz.B.24
03:59:10         1987  106.00    0.00    0.00  106.00     6  bt-mz.B.24
03:59:10         1988  111.00    0.00    0.00  111.00    22  bt-mz.B.24
03:59:10         1989  107.50    0.00    0.00  107.50     3  bt-mz.B.24
03:59:10         1990  109.50    0.00    0.00  109.50    10  bt-mz.B.24
03:59:10         1991  103.00    0.00    0.00  103.00    16  bt-mz.B.24
03:59:10         1994  109.50    0.00    0.00  109.50     8  bt-mz.B.24
03:59:10         1997  105.00    0.00    0.00  105.00    29  bt-mz.B.24
03:59:10         1998  112.00    0.00    0.00  112.00    13  bt-mz.B.24
03:59:10         2000  109.50    0.00    0.00  109.50    26  bt-mz.B.24
03:59:10         2002  110.50    0.00    0.00  110.50     7  bt-mz.B.24
03:59:10         2006  107.50    0.00    0.00  107.50    18  bt-mz.B.24
03:59:10         2008  111.50    0.00    0.00  111.50    15  bt-mz.B.24
03:59:10         2010  103.50    0.00    0.00  103.50    20  bt-mz.B.24
03:59:10         2011  107.50    0.00    0.00  107.50     1  bt-mz.B.24
03:59:10         2013  108.50    0.00    0.00  108.50     9  bt-mz.B.24
03:59:10         2014  110.00    0.50    0.00  110.50    30  bt-mz.B.24
03:59:10         2015  103.00    0.00    0.00  103.00     2  bt-mz.B.24
03:59:10         2017  102.00    0.00    0.00  102.00    23  bt-mz.B.24
03:59:10         3145    0.00    0.50    0.00    0.50    12  kondemand/12
03:59:10         3147    0.00    0.50    0.00    0.50    14  kondemand/14

03:59:10          PID    %usr %system  %guest    %CPU   CPU  Command
03:59:12         1968    0.50    0.50    0.00    1.00    19  top
03:59:12         1970    1.00    1.50    0.00    2.50    28  pidstat
03:59:12         1972    0.50    2.50    0.00    3.00     8  pidstat
03:59:12         1981   97.00    0.00    0.00   97.00     4  bt-mz.B.24
03:59:12         1982   97.50    0.00    0.00   97.50    21  bt-mz.B.24
03:59:12         1983  114.50    0.00    0.00  114.50     0  bt-mz.B.24
03:59:12         1984  112.50    0.00    0.00  112.50    27  bt-mz.B.24
03:59:12         1985  110.50    0.00    0.00  110.50    25  bt-mz.B.24
03:59:12         1986  113.50    0.00    0.00  113.50    11  bt-mz.B.24
03:59:12         1987  104.00    0.00    0.00  104.00    20  bt-mz.B.24
03:59:12         1988   87.00    0.00    0.00   87.00    19  bt-mz.B.24
03:59:12         1989  113.50    0.00    0.00  113.50     3  bt-mz.B.24
03:59:12         1990  112.50    0.00    0.00  112.50    26  bt-mz.B.24
03:59:12         1991  103.50    0.00    0.00  103.50    16  bt-mz.B.24
03:59:12         1994  111.00    0.00    0.00  111.00    24  bt-mz.B.24
03:59:12         1997  109.00    0.00    0.00  109.00    29  bt-mz.B.24
03:59:12         1998  112.50    0.00    0.00  112.50    13  bt-mz.B.24
03:59:12         2000  108.50    0.00    0.00  108.50    26  bt-mz.B.24
03:59:12         2002  110.50    0.00    0.00  110.50     7  bt-mz.B.24
03:59:12         2006   89.00    0.00    0.00   89.00     5  bt-mz.B.24
03:59:12         2008  113.50    0.00    0.00  113.50    10  bt-mz.B.24
03:59:12         2010  108.50    0.50    0.00  109.00     6  bt-mz.B.24
03:59:12         2011  115.00    0.00    0.00  115.00    17  bt-mz.B.24
03:59:12         2013  110.00    0.00    0.00  110.00     9  bt-mz.B.24
03:59:12         2014  112.00    0.00    0.00  112.00    14  bt-mz.B.24
03:59:12         2015  113.00    0.00    0.00  113.00     2  bt-mz.B.24
03:59:12         2017  108.50    0.00    0.00  108.50    22  bt-mz.B.24

03:59:12          PID    %usr %system  %guest    %CPU   CPU  Command
03:59:14          154    0.00    0.50    0.00    0.50    23  events/23
03:59:14         1968    1.00    1.00    0.00    2.00    19  top
03:59:14         1970    0.50    2.00    0.00    2.50    12  pidstat
03:59:14         1972    0.50    1.00    0.00    1.50     8  pidstat
03:59:14         1981   93.00    0.00    0.00   93.00     0  bt-mz.B.24
03:59:14         1982  108.50    0.00    0.00  108.50     5  bt-mz.B.24
03:59:14         1983  112.00    0.00    0.00  112.00    21  bt-mz.B.24
03:59:14         1984  109.50    0.00    0.00  109.50    15  bt-mz.B.24
03:59:14         1985  106.50    0.50    0.00  107.00    15  bt-mz.B.24
03:59:14         1986  108.50    0.00    0.00  108.50    24  bt-mz.B.24
03:59:14         1987  104.00    0.00    0.00  104.00    23  bt-mz.B.24
03:59:14         1988   99.50    0.00    0.00   99.50    16  bt-mz.B.24
03:59:14         1989   99.50    0.00    0.00   99.50     2  bt-mz.B.24
03:59:14         1990  109.50    0.00    0.00  109.50    31  bt-mz.B.24
03:59:14         1991  105.50    0.00    0.00  105.50     4  bt-mz.B.24
03:59:14         1994  111.50    0.00    0.00  111.50    24  bt-mz.B.24
03:59:14         1997  109.50    0.00    0.00  109.50    29  bt-mz.B.24
03:59:14         1998  112.50    0.00    0.00  112.50    11  bt-mz.B.24
03:59:14         2000  109.00    0.00    0.00  109.00    28  bt-mz.B.24
03:59:14         2002  107.00    0.00    0.00  107.00    20  bt-mz.B.24
03:59:14         2006  103.50    0.00    0.00  103.50     6  bt-mz.B.24
03:59:14         2008  111.50    0.00    0.00  111.50    10  bt-mz.B.24
03:59:14         2010  104.00    0.00    0.00  104.00     3  bt-mz.B.24
03:59:14         2011  112.00    0.50    0.00  112.50     1  bt-mz.B.24
03:59:14         2013  112.50    0.00    0.00  112.50    25  bt-mz.B.24
03:59:14         2014  113.50    0.00    0.00  113.50    14  bt-mz.B.24
03:59:14         2015  111.00    0.00    0.00  111.00    22  bt-mz.B.24
03:59:14         2017  109.50    0.00    0.00  109.50    17  bt-mz.B.24
03:59:14         3159    0.00    0.50    0.00    0.50    26  kondemand/26
03:59:14         3160    0.00    0.50    0.00    0.50    27  kondemand/27
03:59:14         3180    0.00    0.50    0.00    0.50    16  kipmi0
