Linux 2.6.32-279.14.1.el6.x86_64 (compute-641-14.local) 	04/21/20 	_x86_64_	(32 CPU)

02:59:10     CPU    %usr   %nice    %sys %iowait    %irq   %soft  %steal  %guest   %idle
02:59:12     all   61.55    0.00    4.91    0.00    0.00    0.06    0.00    0.00   33.47
02:59:14     all   78.93    0.00    0.17    0.00    0.00    0.00    0.00    0.00   20.89
02:59:16     all   80.54    0.00    0.17    0.00    0.00    0.00    0.00    0.00   19.28
02:59:18     all   79.65    0.00    0.17    0.00    0.00    0.00    0.00    0.00   20.18
02:59:20     all   80.83    0.00    0.16    0.00    0.00    0.00    0.00    0.00   19.02
02:59:22     all   80.13    0.00    0.17    0.00    0.00    0.00    0.00    0.00   19.70
02:59:24     all   80.38    0.00    0.19    0.00    0.00    0.00    0.00    0.00   19.43
02:59:26     all   80.45    0.00    0.19    0.00    0.00    0.00    0.00    0.00   19.36
02:59:28     all   82.72    0.00    0.17    0.02    0.00    0.00    0.00    0.00   17.10
02:59:30     all   80.32    0.00    0.17    0.00    0.00    0.00    0.00    0.00   19.51
02:59:32     all   81.41    0.00    0.19    0.00    0.00    0.02    0.00    0.00   18.39
02:59:34     all   80.45    0.00    0.19    0.00    0.00    0.00    0.00    0.00   19.36
02:59:36     all   81.79    0.00    0.17    0.00    0.00    0.00    0.00    0.00   18.04
02:59:38     all   83.18    0.00    0.16    0.00    0.00    0.00    0.00    0.00   16.66
02:59:40     all   82.12    0.00    0.17    0.00    0.00    0.00    0.00    0.00   17.71
02:59:42     all   80.77    0.00    0.19    0.00    0.00    0.00    0.00    0.00   19.04
02:59:44     all   80.13    0.00    0.19    0.00    0.00    0.00    0.00    0.00   19.68
02:59:46     all   82.81    0.00    0.25    0.00    0.00    0.00    0.00    0.00   16.94
02:59:48     all   80.87    0.00    0.19    0.00    0.00    0.00    0.00    0.00   18.95
02:59:50     all   79.29    0.00    0.16    0.00    0.00    0.00    0.00    0.00   20.55
02:59:52     all   80.99    0.00    0.19    0.00    0.00    0.00    0.00    0.00   18.82
02:59:54     all   79.20    0.00    0.19    0.00    0.00    0.00    0.00    0.00   20.62
02:59:56     all   81.13    0.00    0.16    0.00    0.00    0.00    0.00    0.00   18.71
02:59:58     all   81.98    0.00    0.17    0.00    0.00    0.00    0.00    0.00   17.85
03:00:00     all   81.09    0.00    0.17    0.00    0.00    0.00    0.00    0.00   18.74
03:00:02     all   81.71    0.00    0.16    0.02    0.00    0.00    0.00    0.00   18.12
03:00:04     all   78.10    0.00    0.31    0.00    0.00    0.00    0.00    0.00   21.59
