procs -----------memory---------- ---swap-- -----io---- --system-- -----cpu-----
 r  b   swpd   free   buff  cache   si   so    bi    bo   in   cs us sy id wa st
 7  0      0 64526252 215328 404812    0    0     0     1    0    0 38  2 60  0  0	
27  0      0 64184332 215328 431016    0    0     0     0 29423 27679 60  5 35  0  0	
28  0      0 64187016 215328 431076    0    0     0     0 26977 9462 80  0 20  0  0	
28  0      0 64187472 215328 431136    0    0     0   124 27514 8849 82  0 18  0  0	
27  0      0 64190076 215328 431200    0    0     0     0 26868 8718 80  0 20  0  0	
25  0      0 64193560 215328 431260    0    0     0     0 28015 8889 83  0 17  0  0	
28  0      0 64193692 215328 431320    0    0     0    38 27756 9125 83  0 17  0  0	
32  0      0 64196464 215328 431388    0    0     0     0 27104 8609 81  0 19  0  0	
27  0      0 64198872 215328 431448    0    0     0     6 27236 8966 81  0 18  0  0	
26  0      0 64199244 215328 431508    0    0     0    10 27188 8940 81  0 19  0  0	
43  0      0 64200564 215328 431572    0    0     0     0 27110 9028 81  0 19  0  0	
39  0      0 64200624 215328 431632    0    0     0    98 27277 8964 82  0 18  0  0	
29  0      0 64200588 215328 431696    0    0     0     0 27330 8817 82  0 18  0  0	
28  0      0 64200496 215328 431760    0    0     0     0 27504 8866 82  0 18  0  0	
27  0      0 64200488 215328 431820    0    0     0     0 27329 9193 82  0 18  0  0	
36  0      0 64200612 215328 431888    0    0     0     0 27013 9218 80  0 20  0  0	
27  0      0 64200116 215328 431948    0    0     0  6112 29911 8800 81  0 19  0  0	
26  0      0 64200116 215328 432012    0    0     0     0 26991 8660 81  0 19  0  0	
27  0      0 64199736 215328 432080    0    0     0     0 26740 8698 80  0 20  0  0	
32  0      0 64199612 215328 432144    0    0     0  1358 28130 8686 80  0 20  0  0	
28  0      0 64199480 215328 432204    0    0     0     0 27480 8992 82  0 18  0  0	
procs -----------memory---------- ---swap-- -----io---- --system-- -----cpu-----
 r  b   swpd   free   buff  cache   si   so    bi    bo   in   cs us sy id wa st
35  0      0 64199472 215328 432268    0    0     0     0 27125 8936 81  0 19  0  0	
28  0      0 64199596 215328 432328    0    0     0     8 27524 8921 82  0 18  0  0	
26  0      0 64199604 215328 432392    0    0     0     8 27329 9116 81  0 18  0  0	
27  0      0 64199604 215328 432452    0    0     0    10 26569 9207 79  0 20  0  0	
29  0      0 64199472 215328 432516    0    0     0     6 26658 9093 80  0 20  0  0	
26  0      0 64199472 215328 432580    0    0     0     8 26875 8437 80  0 20  0  0	
