Linux 2.6.32-279.14.1.el6.x86_64 (compute-641-14.local) 	04/21/20 	_x86_64_	(32 CPU)

04:02:34     CPU    %usr   %nice    %sys %iowait    %irq   %soft  %steal  %guest   %idle
04:02:36     all   63.22    0.00    4.59    0.00    0.00    0.08    0.00    0.00   32.11
04:02:38     all   80.12    0.00    0.17    0.00    0.00    0.00    0.00    0.00   19.71
04:02:40     all   81.62    0.00    0.19    0.00    0.00    0.00    0.00    0.00   18.20
04:02:42     all   81.70    0.00    0.19    0.00    0.00    0.00    0.00    0.00   18.11
04:02:44     all   81.12    0.00    0.17    0.00    0.00    0.00    0.00    0.00   18.71
04:02:46     all   80.47    0.00    0.17    0.00    0.00    0.00    0.00    0.00   19.36
04:02:48     all   80.45    0.00    0.17    0.00    0.00    0.00    0.00    0.00   19.38
04:02:50     all   81.29    0.00    0.14    0.00    0.00    0.00    0.00    0.00   18.57
04:02:52     all   80.12    0.00    0.19    0.00    0.00    0.00    0.00    0.00   19.69
04:02:54     all   81.53    0.00    0.17    0.00    0.00    0.00    0.00    0.00   18.30
04:02:56     all   81.57    0.00    0.19    0.00    0.00    0.00    0.00    0.00   18.24
04:02:58     all   80.38    0.00    0.20    0.00    0.00    0.00    0.00    0.00   19.42
04:03:00     all   80.61    0.00    0.17    0.00    0.00    0.02    0.00    0.00   19.20
04:03:02     all   81.83    0.00    0.16    0.00    0.00    0.00    0.00    0.00   18.02
04:03:04     all   80.64    0.00    0.19    0.00    0.00    0.00    0.00    0.00   19.17
04:03:06     all   79.78    0.00    0.16    0.00    0.00    0.00    0.00    0.00   20.07
04:03:08     all   81.22    0.00    0.20    0.00    0.00    0.00    0.00    0.00   18.57
04:03:10     all   79.32    0.00    0.16    0.02    0.00    0.00    0.00    0.00   20.50
04:03:12     all   80.77    0.00    0.17    0.00    0.00    0.00    0.00    0.00   19.06
04:03:14     all   80.81    0.00    0.20    0.00    0.00    0.00    0.00    0.00   18.98
04:03:16     all   80.12    0.00    0.17    0.00    0.00    0.00    0.00    0.00   19.71
04:03:18     all   80.58    0.00    0.19    0.00    0.00    0.00    0.00    0.00   19.24
04:03:20     all   79.08    0.00    0.16    0.00    0.00    0.00    0.00    0.00   20.77
04:03:22     all   81.16    0.00    0.17    0.00    0.00    0.00    0.00    0.00   18.66
04:03:24     all   80.47    0.00    0.17    0.00    0.00    0.00    0.00    0.00   19.36
04:03:26     all   81.49    0.00    0.19    0.00    0.00    0.00    0.00    0.00   18.32
