Linux 2.6.32-279.14.1.el6.x86_64 (compute-641-14.local) 	04/21/20 	_x86_64_	(32 CPU)

03:34:48     CPU    %usr   %nice    %sys %iowait    %irq   %soft  %steal  %guest   %idle
03:34:50     all   67.03    0.00    4.96    0.00    0.00    0.05    0.00    0.00   27.97
03:34:52     all   87.59    0.00    0.19    0.00    0.00    0.00    0.00    0.00   12.22
03:34:54     all   88.07    0.00    0.19    0.00    0.00    0.00    0.00    0.00   11.74
03:34:56     all   88.86    0.00    0.17    0.00    0.00    0.00    0.00    0.00   10.97
03:34:58     all   90.44    0.00    0.20    0.00    0.00    0.00    0.00    0.00    9.36
03:35:00     all   87.93    0.00    0.16    0.00    0.00    0.00    0.00    0.00   11.91
03:35:02     all   91.12    0.00    0.16    0.00    0.00    0.00    0.00    0.00    8.72
03:35:04     all   90.53    0.00    0.16    0.00    0.00    0.00    0.00    0.00    9.31
03:35:06     all   91.20    0.00    0.14    0.00    0.00    0.00    0.00    0.00    8.66
03:35:08     all   88.41    0.00    0.17    0.00    0.00    0.00    0.00    0.00   11.42
03:35:10     all   87.09    0.00    0.17    0.00    0.00    0.00    0.00    0.00   12.74
03:35:12     all   87.28    0.00    0.19    0.06    0.00    0.00    0.00    0.00   12.47
03:35:14     all   88.98    0.00    0.17    0.00    0.00    0.00    0.00    0.00   10.85
03:35:16     all   90.90    0.00    0.17    0.00    0.00    0.00    0.00    0.00    8.92
03:35:18     all   88.23    0.00    0.16    0.00    0.00    0.00    0.00    0.00   11.61
03:35:20     all   89.42    0.00    0.17    0.00    0.00    0.00    0.00    0.00   10.41
03:35:22     all   90.61    0.00    0.19    0.00    0.00    0.02    0.00    0.00    9.19
03:35:24     all   90.87    0.00    0.14    0.00    0.00    0.00    0.00    0.00    8.99
03:35:26     all   90.62    0.00    0.16    0.00    0.00    0.00    0.00    0.00    9.22
03:35:28     all   92.61    0.00    0.17    0.00    0.00    0.00    0.00    0.00    7.22
03:35:30     all   91.37    0.00    0.17    0.00    0.00    0.00    0.00    0.00    8.45
03:35:32     all   91.67    0.00    0.16    0.00    0.00    0.00    0.00    0.00    8.17
03:35:34     all   89.40    0.00    0.16    0.00    0.00    0.00    0.00    0.00   10.44
03:35:36     all   92.06    0.00    0.17    0.00    0.00    0.00    0.00    0.00    7.77
03:35:38     all   90.26    0.00    0.16    0.00    0.00    0.00    0.00    0.00    9.58
03:35:40     all   92.06    0.00    0.17    0.00    0.00    0.00    0.00    0.00    7.77
03:35:42     all   90.64    0.00    0.20    0.00    0.00    0.00    0.00    0.00    9.16
03:35:44     all   91.87    0.00    0.19    0.00    0.00    0.00    0.00    0.00    7.94
03:35:46     all   90.39    0.00    0.17    0.00    0.00    0.00    0.00    0.00    9.44
03:35:48     all   89.32    0.00    0.16    0.00    0.00    0.00    0.00    0.00   10.52
03:35:50     all   90.56    0.00    0.16    0.00    0.00    0.00    0.00    0.00    9.28
03:35:52     all   92.92    0.00    0.16    0.00    0.00    0.00    0.00    0.00    6.92
03:35:54     all   91.98    0.00    0.17    0.00    0.00    0.00    0.00    0.00    7.84
03:35:56     all   90.84    0.00    0.16    0.00    0.00    0.00    0.00    0.00    9.00
03:35:58     all   90.86    0.00    0.16    0.00    0.00    0.02    0.00    0.00    8.97
03:36:00     all   90.05    0.00    0.17    0.00    0.00    0.00    0.00    0.00    9.78
03:36:02     all   89.60    0.00    0.17    0.00    0.00    0.00    0.00    0.00   10.22
03:36:04     all   88.05    0.00    0.17    0.00    0.00    0.00    0.00    0.00   11.78
03:36:06     all   89.00    0.00    0.16    0.00    0.00    0.00    0.00    0.00   10.85
03:36:08     all   87.95    0.00    0.16    0.00    0.00    0.00    0.00    0.00   11.89
03:36:10     all   90.79    0.00    0.17    0.00    0.00    0.00    0.00    0.00    9.03
03:36:12     all   85.71    0.00    0.30    0.00    0.00    0.00    0.00    0.00   14.00
