procs -----------memory---------- ---swap-- -----io---- --system-- -----cpu-----
 r  b   swpd   free   buff  cache   si   so    bi    bo   in   cs us sy id wa st
 8  0      0 64396180 215532 534844    0    0     0     1    0    0 38  2 60  0  0	
30  0      0 64054684 215532 561728    0    0     0   108 28946 32531 61  4 35  0  0	
41  0      0 64054304 215532 561788    0    0     0    20 26257 8786 78  0 22  0  0	
35  0      0 64058160 215532 561848    0    0     0     0 25957 8549 78  0 22  0  0	
28  0      0 64059708 215532 561912    0    0     0    10 26438 8446 79  0 21  0  0	
34  0      0 64061216 215532 561972    0    0     0     0 27045 8919 81  0 19  0  0	
45  0      0 64064416 215532 562032    0    0     0    10 26814 8799 80  0 20  0  0	
53  0      0 64065504 215532 562096    0    0     0     6 27210 9143 81  0 19  0  0	
48  0      0 64067528 215532 562160    0    0     0    54 27189 9062 81  0 19  0  0	
26  0      0 64069580 215532 562220    0    0     0    12 26864 8762 80  0 20  0  0	
29  0      0 64070236 215532 562284    0    0     0     0 26937 8589 80  0 20  0  0	
29  0      0 64070848 215532 562344    0    0     0     0 26903 8528 80  0 19  0  0	
25  0      0 64071068 215532 562404    0    0     0     0 26445 8367 79  0 21  0  0	
50  0      0 64070944 215532 562468    0    0     0    18 27061 9000 81  0 19  0  0	
29  0      0 64070936 215532 562528    0    0     0    10 26919 9206 80  0 20  0  0	
30  0      0 64070804 215532 562600    0    0     0     0 27317 9258 82  0 18  0  0	
45  0      0 64070424 215532 562660    0    0     0  6102 30335 8905 83  0 17  0  0	
39  0      0 64070300 215532 562724    0    0     0    14 26844 9049 80  0 19  0  0	
27  0      0 64070176 215532 562792    0    0     0  1412 27838 8776 80  0 19  0  0	
27  0      0 64070036 215532 562852    0    0     0     0 27298 8620 82  0 18  0  0	
26  0      0 64070036 215532 562856    0    0     0     0 27682 8859 83  0 17  0  0	
procs -----------memory---------- ---swap-- -----io---- --system-- -----cpu-----
 r  b   swpd   free   buff  cache   si   so    bi    bo   in   cs us sy id wa st
28  0      0 64070052 215532 562916    0    0     0    10 27583 8903 82  0 18  0  0	
29  0      0 64070052 215532 562976    0    0     0     8 27071 8857 80  0 20  0  0	
37  0      0 64070176 215532 563044    0    0     0     0 27594 8968 83  0 17  0  0	
28  0      0 64070036 215540 563100    0    0     0     6 26763 8711 80  0 20  0  0	
31  0      0 64070028 215540 563164    0    0     0     0 26073 8597 78  0 22  0  0	
26  0      0 64070060 215540 563228    0    0     0     0 26905 8818 80  0 20  0  0	
