Linux 2.6.32-279.14.1.el6.x86_64 (compute-641-14.local) 	04/21/20 	_x86_64_	(32 CPU)

03:15:07     CPU    %usr   %nice    %sys %iowait    %irq   %soft  %steal  %guest   %idle
03:15:09     all   62.32    0.00    5.18    0.02    0.00    0.06    0.00    0.00   32.43
03:15:11     all   80.93    0.00    0.19    0.00    0.00    0.00    0.00    0.00   18.88
03:15:13     all   83.67    0.00    0.22    0.00    0.00    0.00    0.00    0.00   16.11
03:15:15     all   79.71    0.00    0.14    0.00    0.00    0.00    0.00    0.00   20.15
03:15:17     all   82.61    0.00    0.17    0.00    0.00    0.00    0.00    0.00   17.22
03:15:19     all   79.76    0.00    0.17    0.00    0.00    0.00    0.00    0.00   20.07
03:15:21     all   79.64    0.00    0.19    0.00    0.00    0.00    0.00    0.00   20.17
03:15:23     all   80.54    0.00    0.19    0.00    0.00    0.00    0.00    0.00   19.27
03:15:25     all   83.31    0.00    0.17    0.00    0.00    0.00    0.00    0.00   16.52
03:15:27     all   79.84    0.00    0.20    0.00    0.00    0.00    0.00    0.00   19.96
03:15:29     all   79.60    0.00    0.19    0.00    0.00    0.00    0.00    0.00   20.21
03:15:31     all   80.40    0.00    0.19    0.00    0.00    0.00    0.00    0.00   19.41
03:15:33     all   78.32    0.00    0.22    0.00    0.00    0.00    0.00    0.00   21.46
03:15:35     all   79.12    0.00    0.16    0.00    0.00    0.00    0.00    0.00   20.73
03:15:37     all   79.13    0.00    0.16    0.00    0.00    0.00    0.00    0.00   20.71
03:15:39     all   80.93    0.00    0.17    0.00    0.00    0.00    0.00    0.00   18.89
03:15:41     all   79.70    0.00    0.20    0.00    0.00    0.02    0.00    0.00   20.08
03:15:43     all   83.43    0.00    0.20    0.00    0.00    0.00    0.00    0.00   16.36
03:15:45     all   84.93    0.00    0.19    0.00    0.00    0.00    0.00    0.00   14.88
03:15:47     all   80.66    0.00    0.20    0.00    0.00    0.00    0.00    0.00   19.13
03:15:49     all   79.73    0.00    0.20    0.00    0.00    0.00    0.00    0.00   20.07
03:15:51     all   80.43    0.00    0.17    0.02    0.00    0.00    0.00    0.00   19.38
03:15:53     all   80.76    0.00    0.17    0.00    0.00    0.00    0.00    0.00   19.07
03:15:55     all   79.67    0.00    0.19    0.00    0.00    0.00    0.00    0.00   20.14
