Linux 2.6.32-279.14.1.el6.x86_64 (compute-641-14.local) 	04/21/20 	_x86_64_	(32 CPU)

04:16:53          PID    %usr %system  %guest    %CPU   CPU  Command
04:16:55         3140    0.00    0.49    0.00    0.49     7  kondemand/7
04:16:55         3141    0.00    0.49    0.00    0.49     8  kondemand/8
04:16:55         3155    0.00    0.49    0.00    0.49    22  kondemand/22
04:16:55         3156    0.00    0.49    0.00    0.49    23  kondemand/23
04:16:55         6049    3.45    1.48    0.00    4.93     1  mpirun
04:16:55         6055    0.49    0.49    0.00    0.99    18  top
04:16:55         6057    0.49    1.48    0.00    1.97     5  pidstat
04:16:55         6059    0.49    1.48    0.00    1.97    24  pidstat
04:16:55         6068   83.25    5.42    0.00   88.67     6  bt-mz.B.24
04:16:55         6069   76.35    5.42    0.00   81.77    19  bt-mz.B.24
04:16:55         6070   95.07    6.40    0.00  101.48    29  bt-mz.B.24
04:16:55         6071   80.30    5.91    0.00   86.21    19  bt-mz.B.24
04:16:55         6072   83.25    5.91    0.00   89.16    17  bt-mz.B.24
04:16:55         6073   86.70    6.40    0.00   93.10    22  bt-mz.B.24
04:16:55         6074   81.28    6.40    0.00   87.68    21  bt-mz.B.24
04:16:55         6075   87.68    5.42    0.00   93.10    14  bt-mz.B.24
04:16:55         6076   79.31    5.91    0.00   85.22     3  bt-mz.B.24
04:16:55         6077   91.13    5.91    0.00   97.04    25  bt-mz.B.24
04:16:55         6078   84.73    5.91    0.00   90.64     7  bt-mz.B.24
04:16:55         6079   82.27    5.91    0.00   88.18     1  bt-mz.B.24
04:16:55         6080   90.15    4.93    0.00   95.07    10  bt-mz.B.24
04:16:55         6081   85.71    5.42    0.00   91.13     0  bt-mz.B.24
04:16:55         6085   91.13    4.93    0.00   96.06     8  bt-mz.B.24
04:16:55         6086   82.76    5.91    0.00   88.67    21  bt-mz.B.24
04:16:55         6088   88.18    6.40    0.00   94.58    15  bt-mz.B.24
04:16:55         6089   81.77    5.91    0.00   87.68    23  bt-mz.B.24

04:16:55          PID    %usr %system  %guest    %CPU   CPU  Command
04:16:57         3137    0.00    0.50    0.00    0.50     4  kondemand/4
04:16:57         3144    0.00    0.50    0.00    0.50    11  kondemand/11
04:16:57         3852    0.00    0.50    0.00    0.50     8  pbs_mom
04:16:57         4128    0.50    0.00    0.00    0.50     5  gmond
04:16:57         6055    0.00    1.00    0.00    1.00    18  top
04:16:57         6057    0.50    1.50    0.00    2.00     5  pidstat
04:16:57         6059    0.50    2.00    0.00    2.50    24  pidstat
04:16:57         6068  114.00    0.00    0.00  114.00    21  bt-mz.B.24
04:16:57         6069   96.50    0.00    0.00   96.50    17  bt-mz.B.24
04:16:57         6070  112.50    0.00    0.00  112.50    28  bt-mz.B.24
04:16:57         6071  101.00    0.00    0.00  101.00     4  bt-mz.B.24
04:16:57         6072  102.00    0.00    0.00  102.00    19  bt-mz.B.24
04:16:57         6073   95.50    0.00    0.00   95.50     6  bt-mz.B.24
04:16:57         6074  101.50    0.00    0.00  101.50     7  bt-mz.B.24
04:16:57         6075  110.00    0.00    0.00  110.00    30  bt-mz.B.24
04:16:57         6076   93.00    0.00    0.00   93.00    25  bt-mz.B.24
04:16:57         6077  110.00    0.00    0.00  110.00    29  bt-mz.B.24
04:16:57         6078  102.50    0.50    0.00  103.00     1  bt-mz.B.24
04:16:57         6079   97.50    0.00    0.00   97.50    16  bt-mz.B.24
04:16:57         6080  114.00    0.00    0.00  114.00    13  bt-mz.B.24
04:16:57         6081  109.50    0.00    0.00  109.50     0  bt-mz.B.24
04:16:57         6085  112.00    0.00    0.00  112.00    12  bt-mz.B.24
04:16:57         6086   98.00    0.00    0.00   98.00     2  bt-mz.B.24
04:16:57         6088  115.50    0.00    0.00  115.50    15  bt-mz.B.24
04:16:57         6089  108.00    0.00    0.00  108.00    23  bt-mz.B.24

04:16:57          PID    %usr %system  %guest    %CPU   CPU  Command
04:16:59         3136    0.00    0.50    0.00    0.50     3  kondemand/3
04:16:59         4128    0.00    0.50    0.00    0.50     5  gmond
04:16:59         6055    1.00    0.50    0.00    1.50    18  top
04:16:59         6057    0.50    2.00    0.00    2.50     5  pidstat
04:16:59         6059    1.00    3.00    0.00    4.00    24  pidstat
04:16:59         6068  102.00    0.00    0.00  102.00    18  bt-mz.B.24
04:16:59         6069  110.50    0.00    0.00  110.50    21  bt-mz.B.24
04:16:59         6070  114.50    0.00    0.00  114.50    14  bt-mz.B.24
04:16:59         6071  104.50    0.00    0.00  104.50     5  bt-mz.B.24
04:16:59         6072  111.50    0.00    0.00  111.50    19  bt-mz.B.24
04:16:59         6073  101.00    0.00    0.00  101.00     4  bt-mz.B.24
04:16:59         6074  111.50    0.00    0.00  111.50    17  bt-mz.B.24
04:16:59         6075  114.50    0.50    0.00  115.00    30  bt-mz.B.24
04:16:59         6076  117.00    0.00    0.00  117.00    28  bt-mz.B.24
04:16:59         6077  119.50    0.00    0.00  119.50    13  bt-mz.B.24
04:16:59         6078  106.50    0.00    0.00  106.50     1  bt-mz.B.24
04:16:59         6079  104.50    0.00    0.00  104.50    18  bt-mz.B.24
04:16:59         6080  116.00    0.00    0.00  116.00    26  bt-mz.B.24
04:16:59         6081  113.00    0.00    0.00  113.00     0  bt-mz.B.24
04:16:59         6085  116.00    0.50    0.00  116.50    11  bt-mz.B.24
04:16:59         6086  105.50    0.00    0.00  105.50    20  bt-mz.B.24
04:16:59         6088  118.00    0.00    0.00  118.00    15  bt-mz.B.24
04:16:59         6089  114.50    0.00    0.00  114.50    23  bt-mz.B.24

04:16:59          PID    %usr %system  %guest    %CPU   CPU  Command
04:17:01         3180    0.00    0.50    0.00    0.50     2  kipmi0
04:17:01         6055    0.50    1.00    0.00    1.50    18  top
04:17:01         6057    0.50    2.00    0.00    2.50     5  pidstat
04:17:01         6059    0.50    2.00    0.00    2.50    24  pidstat
04:17:01         6068  108.00    0.00    0.00  108.00     3  bt-mz.B.24
04:17:01         6069  100.50    0.00    0.00  100.50     0  bt-mz.B.24
04:17:01         6070  117.50    0.00    0.00  117.50    14  bt-mz.B.24
04:17:01         6071  103.00    0.00    0.00  103.00    21  bt-mz.B.24
04:17:01         6072  112.00    0.00    0.00  112.00    19  bt-mz.B.24
04:17:01         6073  100.00    0.00    0.00  100.00    20  bt-mz.B.24
04:17:01         6074  104.00    0.00    0.00  104.00    17  bt-mz.B.24
04:17:01         6075  113.00    0.00    0.00  113.00     8  bt-mz.B.24
04:17:01         6076  111.00    0.00    0.00  111.00    31  bt-mz.B.24
04:17:01         6077  114.00    0.00    0.00  114.00    28  bt-mz.B.24
04:17:01         6078  102.50    0.00    0.00  102.50     3  bt-mz.B.24
04:17:01         6079  108.50    0.00    0.00  108.50     2  bt-mz.B.24
04:17:01         6080  115.00    0.00    0.00  115.00    10  bt-mz.B.24
04:17:01         6081  108.50    0.50    0.00  109.00    16  bt-mz.B.24
04:17:01         6085  114.00    0.00    0.00  114.00    27  bt-mz.B.24
04:17:01         6086  100.00    0.00    0.00  100.00     4  bt-mz.B.24
04:17:01         6088  113.50    0.00    0.00  113.50    13  bt-mz.B.24
04:17:01         6089  101.00    0.00    0.00  101.00     6  bt-mz.B.24

04:17:01          PID    %usr %system  %guest    %CPU   CPU  Command
04:17:03         3135    0.00    0.50    0.00    0.50     2  kondemand/2
04:17:03         3160    0.00    0.50    0.00    0.50    27  kondemand/27
04:17:03         3162    0.00    0.50    0.00    0.50    29  kondemand/29
04:17:03         4128    0.00    0.50    0.00    0.50     5  gmond
04:17:03         6055    0.50    0.50    0.00    1.00     2  top
04:17:03         6057    0.50    1.50    0.00    2.00    21  pidstat
04:17:03         6059    0.50    1.50    0.00    2.00    24  pidstat
04:17:03         6068  102.50    0.00    0.00  102.50    10  bt-mz.B.24
04:17:03         6069   99.50    0.00    0.00   99.50    19  bt-mz.B.24
04:17:03         6070  112.50    0.00    0.00  112.50    14  bt-mz.B.24
04:17:03         6071  100.50    0.00    0.00  100.50     5  bt-mz.B.24
04:17:03         6072  104.00    0.50    0.00  104.50    29  bt-mz.B.24
04:17:03         6073  111.00    0.00    0.00  111.00    20  bt-mz.B.24
04:17:03         6074  101.00    0.00    0.00  101.00     1  bt-mz.B.24
04:17:03         6075  107.50    0.00    0.00  107.50    13  bt-mz.B.24
04:17:03         6076  112.00    0.00    0.00  112.00    15  bt-mz.B.24
04:17:03         6077  111.50    0.00    0.00  111.50    12  bt-mz.B.24
04:17:03         6078  105.50    0.00    0.00  105.50     3  bt-mz.B.24
04:17:03         6079  108.00    0.00    0.00  108.00     2  bt-mz.B.24
04:17:03         6080  112.00    0.00    0.00  112.00    26  bt-mz.B.24
04:17:03         6081  105.00    0.00    0.00  105.00    16  bt-mz.B.24
04:17:03         6085  109.00    0.00    0.00  109.00    11  bt-mz.B.24
04:17:03         6086   98.00    0.50    0.00   98.50     4  bt-mz.B.24
04:17:03         6088  107.50    0.00    0.00  107.50    28  bt-mz.B.24
04:17:03         6089  110.00    0.00    0.00  110.00    22  bt-mz.B.24

04:17:03          PID    %usr %system  %guest    %CPU   CPU  Command
04:17:05         2319    0.00    0.50    0.00    0.50    27  jbd2/sda2-8
04:17:05         3138    0.00    0.50    0.00    0.50     5  kondemand/5
04:17:05         3147    0.00    0.50    0.00    0.50    14  kondemand/14
04:17:05         4128    0.50    0.00    0.00    0.50     5  gmond
04:17:05         6055    1.00    0.50    0.00    1.50     2  top
04:17:05         6057    1.00    1.50    0.00    2.50     5  pidstat
04:17:05         6059    0.50    2.00    0.00    2.50     8  pidstat
04:17:05         6068  108.50    0.50    0.00  109.00    15  bt-mz.B.24
04:17:05         6069  105.00    0.00    0.00  105.00     0  bt-mz.B.24
04:17:05         6070  109.50    0.50    0.00  110.00    30  bt-mz.B.24
04:17:05         6071  110.00    0.50    0.00  110.50    21  bt-mz.B.24
04:17:05         6072  108.00    0.00    0.00  108.00    12  bt-mz.B.24
04:17:05         6073  111.50    0.00    0.00  111.50    22  bt-mz.B.24
04:17:05         6074  100.50    0.00    0.00  100.50     3  bt-mz.B.24
04:17:05         6075  103.50    0.50    0.00  104.00    14  bt-mz.B.24
04:17:05         6076  113.00    0.00    0.00  113.00    31  bt-mz.B.24
04:17:05         6077  110.50    0.00    0.00  110.50    28  bt-mz.B.24
04:17:05         6078  104.00    0.00    0.00  104.00     2  bt-mz.B.24
04:17:05         6079  105.00    0.50    0.00  105.50    18  bt-mz.B.24
04:17:05         6080  112.50    0.00    0.00  112.50    26  bt-mz.B.24
04:17:05         6081  110.00    0.00    0.00  110.00    19  bt-mz.B.24
04:17:05         6085  114.50    0.00    0.00  114.50    27  bt-mz.B.24
04:17:05         6086  106.00    0.00    0.00  106.00    20  bt-mz.B.24
04:17:05         6088  112.50    0.00    0.00  112.50    13  bt-mz.B.24
04:17:05         6089  109.00    0.00    0.00  109.00     6  bt-mz.B.24

04:17:05          PID    %usr %system  %guest    %CPU   CPU  Command
04:17:07         3134    0.00    0.50    0.00    0.50     1  kondemand/1
04:17:07         3159    0.00    0.50    0.00    0.50    26  kondemand/26
04:17:07         4128    0.00    0.50    0.00    0.50     5  gmond
04:17:07         6055    0.50    0.50    0.00    1.00     2  top
04:17:07         6057    0.50    2.00    0.00    2.50     5  pidstat
04:17:07         6059    0.50    2.50    0.00    3.00     8  pidstat
04:17:07         6068  110.50    0.00    0.00  110.50    29  bt-mz.B.24
04:17:07         6069  103.50    0.00    0.00  103.50    16  bt-mz.B.24
04:17:07         6070  108.00    0.00    0.00  108.00    30  bt-mz.B.24
04:17:07         6071  109.00    0.00    0.00  109.00    21  bt-mz.B.24
04:17:07         6072  112.00    0.00    0.00  112.00    24  bt-mz.B.24
04:17:07         6073  115.00    0.00    0.00  115.00    22  bt-mz.B.24
04:17:07         6074  113.50    0.00    0.00  113.50    19  bt-mz.B.24
04:17:07         6075  107.00    0.00    0.00  107.00    15  bt-mz.B.24
04:17:07         6076  109.50    0.00    0.00  109.50    15  bt-mz.B.24
04:17:07         6077  102.00    0.00    0.00  102.00    31  bt-mz.B.24
04:17:07         6078  113.00    0.00    0.00  113.00     6  bt-mz.B.24
04:17:07         6079  103.00    0.00    0.00  103.00     4  bt-mz.B.24
04:17:07         6080  115.00    0.00    0.00  115.00    11  bt-mz.B.24
04:17:07         6081  111.50    0.00    0.00  111.50    18  bt-mz.B.24
04:17:07         6085  115.50    0.00    0.00  115.50    10  bt-mz.B.24
04:17:07         6086  107.00    0.00    0.00  107.00     0  bt-mz.B.24
04:17:07         6088  104.50    0.00    0.00  104.50     9  bt-mz.B.24
04:17:07         6089  108.00    0.00    0.00  108.00     5  bt-mz.B.24

04:17:07          PID    %usr %system  %guest    %CPU   CPU  Command
04:17:09         3139    0.00    0.50    0.00    0.50     6  kondemand/6
04:17:09         3158    0.00    0.50    0.00    0.50    25  kondemand/25
04:17:09         3180    0.00    0.50    0.00    0.50     2  kipmi0
04:17:09         6055    0.50    0.50    0.00    1.00     1  top
04:17:09         6057    0.50    1.50    0.00    2.00     5  pidstat
04:17:09         6059    1.00    1.00    0.00    2.00     8  pidstat
04:17:09         6068  110.00    0.00    0.00  110.00    31  bt-mz.B.24
04:17:09         6069  110.50    0.00    0.00  110.50    20  bt-mz.B.24
04:17:09         6070  114.50    0.00    0.00  114.50    25  bt-mz.B.24
04:17:09         6071  101.50    0.00    0.00  101.50    21  bt-mz.B.24
04:17:09         6072  106.00    0.00    0.00  106.00    24  bt-mz.B.24
04:17:09         6073  111.50    0.50    0.00  112.00     6  bt-mz.B.24
04:17:09         6074  112.50    0.50    0.00  113.00    18  bt-mz.B.24
04:17:09         6075  106.50    0.00    0.00  106.50    14  bt-mz.B.24
04:17:09         6076  106.00    0.00    0.00  106.00    15  bt-mz.B.24
04:17:09         6077  111.50    0.50    0.00  112.00    10  bt-mz.B.24
04:17:09         6078   99.00    0.00    0.00   99.00     1  bt-mz.B.24
04:17:09         6079  102.50    0.00    0.00  102.50     1  bt-mz.B.24
04:17:09         6080  112.00    0.50    0.00  112.50    27  bt-mz.B.24
04:17:09         6081  112.50    0.00    0.00  112.50     7  bt-mz.B.24
04:17:09         6085  107.50    0.00    0.00  107.50    26  bt-mz.B.24
04:17:09         6086  107.50    0.00    0.00  107.50    23  bt-mz.B.24
04:17:09         6088  107.50    0.00    0.00  107.50    11  bt-mz.B.24
04:17:09         6089  105.00    0.00    0.00  105.00    19  bt-mz.B.24

04:17:09          PID    %usr %system  %guest    %CPU   CPU  Command
04:17:11         3145    0.00    0.50    0.00    0.50    12  kondemand/12
04:17:11         3149    0.00    0.50    0.00    0.50    16  kondemand/16
04:17:11         3153    0.00    0.50    0.00    0.50    20  kondemand/20
04:17:11         6055    0.50    0.50    0.00    1.00    17  top
04:17:11         6057    0.50    2.00    0.00    2.50    23  pidstat
04:17:11         6059    0.00    1.50    0.00    1.50     8  pidstat
04:17:11         6068  112.00    0.00    0.00  112.00    31  bt-mz.B.24
04:17:11         6069  112.00    0.00    0.00  112.00    20  bt-mz.B.24
04:17:11         6070  106.50    0.50    0.00  107.00    25  bt-mz.B.24
04:17:11         6071  106.00    0.00    0.00  106.00     5  bt-mz.B.24
04:17:11         6072  109.50    0.00    0.00  109.50     8  bt-mz.B.24
04:17:11         6073  110.50    0.00    0.00  110.50     0  bt-mz.B.24
04:17:11         6074  108.00    0.00    0.00  108.00     2  bt-mz.B.24
04:17:11         6075  109.50    0.00    0.00  109.50    30  bt-mz.B.24
04:17:11         6076  106.00    0.50    0.00  106.50     9  bt-mz.B.24
04:17:11         6077  106.50    0.00    0.00  106.50    11  bt-mz.B.24
04:17:11         6078  109.00    0.50    0.00  109.50     1  bt-mz.B.24
04:17:11         6079  105.00    0.00    0.00  105.00     3  bt-mz.B.24
04:17:11         6080  106.50    0.00    0.00  106.50    27  bt-mz.B.24
04:17:11         6081  104.50    0.00    0.00  104.50    21  bt-mz.B.24
04:17:11         6085  105.50    0.00    0.00  105.50    26  bt-mz.B.24
04:17:11         6086  107.50    0.00    0.00  107.50     6  bt-mz.B.24
04:17:11         6088  103.50    0.00    0.00  103.50    14  bt-mz.B.24
04:17:11         6089  110.50    0.00    0.00  110.50    19  bt-mz.B.24

04:17:11          PID    %usr %system  %guest    %CPU   CPU  Command
04:17:13         3180    0.00    0.50    0.00    0.50    18  kipmi0
04:17:13         3195    0.50    0.00    0.00    0.50    26  irqbalance
04:17:13         4128    0.50    0.00    0.00    0.50     5  gmond
04:17:13         6055    0.50    0.50    0.00    1.00    17  top
04:17:13         6057    1.00    1.50    0.00    2.50     5  pidstat
04:17:13         6059    1.00    2.50    0.00    3.50     8  pidstat
04:17:13         6068  109.50    0.00    0.00  109.50    15  bt-mz.B.24
04:17:13         6069   98.50    0.00    0.00   98.50    17  bt-mz.B.24
04:17:13         6070  111.00    0.00    0.00  111.00    25  bt-mz.B.24
04:17:13         6071   98.50    0.00    0.00   98.50    17  bt-mz.B.24
04:17:13         6072  106.50    0.00    0.00  106.50    24  bt-mz.B.24
04:17:13         6073  109.00    0.00    0.00  109.00    20  bt-mz.B.24
04:17:13         6074  110.50    0.00    0.00  110.50     2  bt-mz.B.24
04:17:13         6075  106.50    0.00    0.00  106.50    31  bt-mz.B.24
04:17:13         6076  107.00    0.00    0.00  107.00    30  bt-mz.B.24
04:17:13         6077  102.50    0.00    0.00  102.50    12  bt-mz.B.24
04:17:13         6078  102.50    0.00    0.00  102.50     6  bt-mz.B.24
04:17:13         6079  108.00    0.00    0.00  108.00    22  bt-mz.B.24
04:17:13         6080  107.00    0.00    0.00  107.00    27  bt-mz.B.24
04:17:13         6081  102.00    0.00    0.00  102.00     1  bt-mz.B.24
04:17:13         6085  112.00    0.00    0.00  112.00    10  bt-mz.B.24
04:17:13         6086  107.00    0.00    0.00  107.00    21  bt-mz.B.24
04:17:13         6088  106.50    0.00    0.00  106.50    29  bt-mz.B.24
04:17:13         6089  107.50    0.00    0.00  107.50     4  bt-mz.B.24

04:17:13          PID    %usr %system  %guest    %CPU   CPU  Command
04:17:15         3146    0.00    0.50    0.00    0.50    13  kondemand/13
04:17:15         3161    0.00    0.50    0.00    0.50    28  kondemand/28
04:17:15         3163    0.00    0.50    0.00    0.50    30  kondemand/30
04:17:15         4128    0.00    0.50    0.00    0.50     5  gmond
04:17:15         6055    1.00    0.50    0.00    1.49    17  top
04:17:15         6057    0.50    1.49    0.00    1.99     5  pidstat
04:17:15         6059    0.50    2.49    0.00    2.99    24  pidstat
04:17:15         6061    0.00    0.50    0.00    0.50    26  iostat
04:17:15         6068   95.52    0.00    0.00   95.52    26  bt-mz.B.24
04:17:15         6069  107.96    0.00    0.00  107.96    21  bt-mz.B.24
04:17:15         6070  100.00    0.00    0.00  100.00    25  bt-mz.B.24
04:17:15         6071  102.49    0.00    0.00  102.49    17  bt-mz.B.24
04:17:15         6072  108.46    0.00    0.00  108.46     8  bt-mz.B.24
04:17:15         6073  110.45    0.00    0.00  110.45     2  bt-mz.B.24
04:17:15         6074  111.44    0.00    0.00  111.44    18  bt-mz.B.24
04:17:15         6075  113.43    0.00    0.00  113.43    31  bt-mz.B.24
04:17:15         6076   95.52    0.00    0.00   95.52    10  bt-mz.B.24
04:17:15         6077  101.49    0.00    0.00  101.49     9  bt-mz.B.24
04:17:15         6078  111.94    0.00    0.00  111.94    19  bt-mz.B.24
04:17:15         6079  111.94    0.00    0.00  111.94    22  bt-mz.B.24
04:17:15         6080  112.94    0.00    0.00  112.94    11  bt-mz.B.24
04:17:15         6081  103.98    0.00    0.00  103.98     1  bt-mz.B.24
04:17:15         6085   92.54    0.00    0.00   92.54    26  bt-mz.B.24
04:17:15         6086  102.49    0.00    0.00  102.49     5  bt-mz.B.24
04:17:15         6088  110.45    0.00    0.00  110.45    29  bt-mz.B.24
04:17:15         6089  110.45    0.00    0.00  110.45     4  bt-mz.B.24

04:17:15          PID    %usr %system  %guest    %CPU   CPU  Command
04:17:17         3133    0.00    0.50    0.00    0.50     0  kondemand/0
04:17:17         3142    0.00    0.50    0.00    0.50     9  kondemand/9
04:17:17         6055    0.50    1.00    0.00    1.50    17  top
04:17:17         6057    0.50    1.50    0.00    2.00    20  pidstat
04:17:17         6059    0.50    1.50    0.00    2.00    12  pidstat
04:17:17         6068   97.50    0.00    0.00   97.50     8  bt-mz.B.24
04:17:17         6069  103.00    0.00    0.00  103.00     0  bt-mz.B.24
04:17:17         6070  103.50    0.00    0.00  103.50     9  bt-mz.B.24
04:17:17         6071  108.50    0.00    0.00  108.50     5  bt-mz.B.24
04:17:17         6072  108.00    0.00    0.00  108.00    24  bt-mz.B.24
04:17:17         6073  107.50    0.00    0.00  107.50    19  bt-mz.B.24
04:17:17         6074  105.00    0.00    0.00  105.00     1  bt-mz.B.24
04:17:17         6075  100.50    0.00    0.00  100.50    31  bt-mz.B.24
04:17:17         6076  102.50    0.00    0.00  102.50    14  bt-mz.B.24
04:17:17         6077  109.50    0.00    0.00  109.50    15  bt-mz.B.24
04:17:17         6078  110.00    0.00    0.00  110.00     3  bt-mz.B.24
04:17:17         6079  105.50    0.00    0.00  105.50    17  bt-mz.B.24
04:17:17         6080  110.00    0.00    0.00  110.00    11  bt-mz.B.24
04:17:17         6081  103.00    0.00    0.00  103.00    18  bt-mz.B.24
04:17:17         6085  109.50    0.00    0.00  109.50    10  bt-mz.B.24
04:17:17         6086  104.00    0.00    0.00  104.00     2  bt-mz.B.24
04:17:17         6088  107.00    0.00    0.00  107.00    13  bt-mz.B.24
04:17:17         6089  105.00    0.00    0.00  105.00     4  bt-mz.B.24

04:17:17          PID    %usr %system  %guest    %CPU   CPU  Command
04:17:19         3143    0.00    0.50    0.00    0.50    10  kondemand/10
04:17:19         3148    0.00    0.50    0.00    0.50    15  kondemand/15
04:17:19         3164    0.00    0.50    0.00    0.50    31  kondemand/31
04:17:19         4128    0.00    0.50    0.00    0.50     5  gmond
04:17:19         6055    0.50    0.50    0.00    1.00    17  top
04:17:19         6057    1.00    2.00    0.00    3.00    20  pidstat
04:17:19         6059    0.50    2.00    0.00    2.50    13  pidstat
04:17:19         6068  112.00    0.00    0.00  112.00     8  bt-mz.B.24
04:17:19         6069  109.50    0.00    0.00  109.50    19  bt-mz.B.24
04:17:19         6070  114.50    0.00    0.00  114.50     9  bt-mz.B.24
04:17:19         6071  114.00    0.00    0.00  114.00     5  bt-mz.B.24
04:17:19         6072  111.00    0.00    0.00  111.00    15  bt-mz.B.24
04:17:19         6073  111.00    0.00    0.00  111.00     6  bt-mz.B.24
04:17:19         6074  110.50    0.00    0.00  110.50     0  bt-mz.B.24
04:17:19         6075  108.50    0.00    0.00  108.50    26  bt-mz.B.24
04:17:19         6076  108.00    0.50    0.00  108.50    24  bt-mz.B.24
04:17:19         6077  108.00    0.00    0.00  108.00    10  bt-mz.B.24
04:17:19         6078  107.00    0.00    0.00  107.00    21  bt-mz.B.24
04:17:19         6079  111.50    0.00    0.00  111.50     1  bt-mz.B.24
04:17:19         6080  109.00    0.00    0.00  109.00    11  bt-mz.B.24
04:17:19         6081  112.50    0.00    0.00  112.50     2  bt-mz.B.24
04:17:19         6085  109.50    0.00    0.00  109.50    25  bt-mz.B.24
04:17:19         6086  109.50    0.00    0.00  109.50     4  bt-mz.B.24
04:17:19         6088  105.00    0.00    0.00  105.00    24  bt-mz.B.24
04:17:19         6089  107.00    0.00    0.00  107.00     7  bt-mz.B.24

04:17:19          PID    %usr %system  %guest    %CPU   CPU  Command
04:17:21           57    0.00    0.50    0.00    0.50    13  ksoftirqd/13
04:17:21         3154    0.00    0.50    0.00    0.50    21  kondemand/21
04:17:21         3157    0.00    0.50    0.00    0.50    24  kondemand/24
04:17:21         6055    0.50    1.00    0.00    1.50    17  top
04:17:21         6057    0.50    1.50    0.00    2.00    20  pidstat
04:17:21         6059    0.50    1.50    0.00    2.00    29  pidstat
04:17:21         6068  112.00    0.00    0.00  112.00    13  bt-mz.B.24
04:17:21         6069  113.50    0.00    0.00  113.50     0  bt-mz.B.24
04:17:21         6070  107.00    0.00    0.00  107.00    29  bt-mz.B.24
04:17:21         6071  105.50    0.00    0.00  105.50     1  bt-mz.B.24
04:17:21         6072  112.50    0.00    0.00  112.50    15  bt-mz.B.24
04:17:21         6073  108.50    0.00    0.00  108.50    19  bt-mz.B.24
04:17:21         6074  102.00    0.00    0.00  102.00     2  bt-mz.B.24
04:17:21         6075  106.00    0.00    0.00  106.00    25  bt-mz.B.24
04:17:21         6076  112.50    0.00    0.00  112.50    31  bt-mz.B.24
04:17:21         6077  106.50    0.00    0.00  106.50    24  bt-mz.B.24
04:17:21         6078  111.00    0.00    0.00  111.00     5  bt-mz.B.24
04:17:21         6079  109.50    0.00    0.00  109.50    18  bt-mz.B.24
04:17:21         6080  107.50    0.00    0.00  107.50    30  bt-mz.B.24
04:17:21         6081  108.50    0.00    0.00  108.50    21  bt-mz.B.24
04:17:21         6085  109.00    0.00    0.00  109.00    26  bt-mz.B.24
04:17:21         6086  101.50    0.00    0.00  101.50    22  bt-mz.B.24
04:17:21         6088  112.00    0.00    0.00  112.00    10  bt-mz.B.24
04:17:21         6089  103.50    0.00    0.00  103.50     7  bt-mz.B.24

04:17:21          PID    %usr %system  %guest    %CPU   CPU  Command
04:17:23         3150    0.00    0.50    0.00    0.50    17  kondemand/17
04:17:23         4128    0.00    0.50    0.00    0.50    21  gmond
04:17:23         6055    0.50    0.50    0.00    1.00    17  top
04:17:23         6057    1.00    1.50    0.00    2.50    20  pidstat
04:17:23         6059    0.50    2.50    0.00    3.00    29  pidstat
04:17:23         6068  119.50    0.00    0.00  119.50    12  bt-mz.B.24
04:17:23         6069  120.50    0.00    0.00  120.50     3  bt-mz.B.24
04:17:23         6070  118.50    0.00    0.00  118.50    11  bt-mz.B.24
04:17:23         6071  115.50    0.50    0.00  116.00    18  bt-mz.B.24
04:17:23         6072  112.00    0.00    0.00  112.00    28  bt-mz.B.24
04:17:23         6073  114.00    0.00    0.00  114.00    18  bt-mz.B.24
04:17:23         6074  114.00    0.00    0.00  114.00     6  bt-mz.B.24
04:17:23         6075  113.50    0.00    0.00  113.50     9  bt-mz.B.24
04:17:23         6076  116.00    0.00    0.00  116.00    31  bt-mz.B.24
04:17:23         6077  111.00    0.00    0.00  111.00    30  bt-mz.B.24
04:17:23         6078  117.50    0.00    0.00  117.50     7  bt-mz.B.24
04:17:23         6079  114.50    0.00    0.00  114.50    22  bt-mz.B.24
04:17:23         6080  110.00    0.50    0.00  110.50    14  bt-mz.B.24
04:17:23         6081  109.50    0.00    0.00  109.50    21  bt-mz.B.24
04:17:23         6085  116.50    0.00    0.00  116.50    26  bt-mz.B.24
04:17:23         6086  117.00    0.00    0.00  117.00     1  bt-mz.B.24
04:17:23         6088  113.50    0.50    0.00  114.00    25  bt-mz.B.24
04:17:23         6089  113.00    0.50    0.00  113.50     4  bt-mz.B.24

04:17:23          PID    %usr %system  %guest    %CPU   CPU  Command
04:17:25         3141    0.00    0.50    0.00    0.50     8  kondemand/8
04:17:25         3151    0.00    0.50    0.00    0.50    18  kondemand/18
04:17:25         3152    0.00    0.50    0.00    0.50    19  kondemand/19
04:17:25         3180    0.00    0.50    0.00    0.50     2  kipmi0
04:17:25         4128    0.50    0.00    0.00    0.50     5  gmond
04:17:25         6055    0.50    0.50    0.00    1.00     1  top
04:17:25         6057    1.00    1.50    0.00    2.50    20  pidstat
04:17:25         6059    0.50    2.50    0.00    3.00    29  pidstat
04:17:25         6068  112.50    0.00    0.00  112.50    13  bt-mz.B.24
04:17:25         6069  107.50    0.00    0.00  107.50    16  bt-mz.B.24
04:17:25         6070  110.50    0.00    0.00  110.50     9  bt-mz.B.24
04:17:25         6071  103.50    0.00    0.00  103.50     4  bt-mz.B.24
04:17:25         6072  107.50    0.00    0.00  107.50    12  bt-mz.B.24
04:17:25         6073  105.50    0.00    0.00  105.50    17  bt-mz.B.24
04:17:25         6074  110.00    0.00    0.00  110.00    22  bt-mz.B.24
04:17:25         6075  111.00    0.50    0.00  111.50    25  bt-mz.B.24
04:17:25         6076  103.50    0.00    0.00  103.50    15  bt-mz.B.24
04:17:25         6077  104.00    0.00    0.00  104.00    24  bt-mz.B.24
04:17:25         6078  108.50    0.00    0.00  108.50     7  bt-mz.B.24
04:17:25         6079  103.50    0.00    0.00  103.50     3  bt-mz.B.24
04:17:25         6080  110.50    0.00    0.00  110.50    30  bt-mz.B.24
04:17:25         6081  114.50    0.00    0.00  114.50    21  bt-mz.B.24
04:17:25         6085  114.50    0.00    0.00  114.50    10  bt-mz.B.24
04:17:25         6086  110.50    0.00    0.00  110.50    23  bt-mz.B.24
04:17:25         6088  103.00    0.00    0.00  103.00    31  bt-mz.B.24
04:17:25         6089  111.00    0.00    0.00  111.00    18  bt-mz.B.24

04:17:25          PID    %usr %system  %guest    %CPU   CPU  Command
04:17:27         3021    0.00    1.00    0.00    1.00    18  flush-8:0
04:17:27         3684    0.00    0.50    0.00    0.50     6  snmpd
04:17:27         6055    0.50    1.00    0.00    1.50     1  top
04:17:27         6057    0.50    2.00    0.00    2.50     4  pidstat
04:17:27         6059    1.00    1.00    0.00    2.00    29  pidstat
04:17:27         6068  109.00    0.00    0.00  109.00    31  bt-mz.B.24
04:17:27         6069  107.00    0.50    0.00  107.50     0  bt-mz.B.24
04:17:27         6070  110.00    0.00    0.00  110.00    25  bt-mz.B.24
04:17:27         6071  109.00    0.00    0.00  109.00     7  bt-mz.B.24
04:17:27         6072  107.50    0.50    0.00  108.00    12  bt-mz.B.24
04:17:27         6073   98.00    0.00    0.00   98.00    17  bt-mz.B.24
04:17:27         6074  111.50    0.00    0.00  111.50    22  bt-mz.B.24
04:17:27         6075  100.50    0.00    0.00  100.50     9  bt-mz.B.24
04:17:27         6076  100.50    0.00    0.00  100.50     9  bt-mz.B.24
04:17:27         6077  107.00    0.00    0.00  107.00    28  bt-mz.B.24
04:17:27         6078  108.00    0.00    0.00  108.00     7  bt-mz.B.24
04:17:27         6079  104.50    0.00    0.00  104.50     6  bt-mz.B.24
04:17:27         6080  110.00    0.00    0.00  110.00    14  bt-mz.B.24
04:17:27         6081  110.00    0.50    0.00  110.50     5  bt-mz.B.24
04:17:27         6085  108.50    0.00    0.00  108.50    10  bt-mz.B.24
04:17:27         6086   98.00    0.00    0.00   98.00    16  bt-mz.B.24
04:17:27         6088   99.50    0.00    0.00   99.50    15  bt-mz.B.24
04:17:27         6089  110.50    0.00    0.00  110.50    18  bt-mz.B.24

04:17:27          PID    %usr %system  %guest    %CPU   CPU  Command
04:17:29         3137    0.00    0.50    0.00    0.50     4  kondemand/4
04:17:29         3180    0.00    0.50    0.00    0.50    18  kipmi0
04:17:29         4128    0.00    0.50    0.00    0.50    21  gmond
04:17:29         6055    0.50    0.50    0.00    1.00     1  top
04:17:29         6057    0.50    1.50    0.00    2.00     4  pidstat
04:17:29         6059    0.50    1.50    0.00    2.00    29  pidstat
04:17:29         6068  113.00    0.00    0.00  113.00    11  bt-mz.B.24
04:17:29         6069  113.00    0.00    0.00  113.00     0  bt-mz.B.24
04:17:29         6070  104.00    0.00    0.00  104.00    25  bt-mz.B.24
04:17:29         6071  104.00    0.00    0.00  104.00     7  bt-mz.B.24
04:17:29         6072  108.50    0.00    0.00  108.50    28  bt-mz.B.24
04:17:29         6073  109.50    0.00    0.00  109.50     1  bt-mz.B.24
04:17:29         6074  108.50    0.00    0.00  108.50    22  bt-mz.B.24
04:17:29         6075  107.00    0.00    0.00  107.00    14  bt-mz.B.24
04:17:29         6076  101.50    0.00    0.00  101.50    13  bt-mz.B.24
04:17:29         6077   99.50    0.00    0.00   99.50     9  bt-mz.B.24
04:17:29         6078  107.00    0.00    0.00  107.00    23  bt-mz.B.24
04:17:29         6079  100.00    0.00    0.00  100.00    17  bt-mz.B.24
04:17:29         6080  103.50    1.00    0.00  104.50    30  bt-mz.B.24
04:17:29         6081  113.50    0.00    0.00  113.50     5  bt-mz.B.24
04:17:29         6085  111.50    0.00    0.00  111.50    31  bt-mz.B.24
04:17:29         6086  101.00    0.00    0.00  101.00    16  bt-mz.B.24
04:17:29         6088  100.00    0.00    0.00  100.00    15  bt-mz.B.24
04:17:29         6089  111.00    0.00    0.00  111.00     2  bt-mz.B.24

04:17:29          PID    %usr %system  %guest    %CPU   CPU  Command
04:17:31         3140    0.00    0.50    0.00    0.50     7  kondemand/7
04:17:31         6055    1.00    0.50    0.00    1.50    17  top
04:17:31         6057    1.00    1.50    0.00    2.50     4  pidstat
04:17:31         6059    1.00    2.50    0.00    3.50    29  pidstat
04:17:31         6068  114.50    0.00    0.00  114.50    27  bt-mz.B.24
04:17:31         6069  113.50    0.00    0.00  113.50     0  bt-mz.B.24
04:17:31         6070  110.00    0.50    0.00  110.50    24  bt-mz.B.24
04:17:31         6071  109.50    0.00    0.00  109.50     6  bt-mz.B.24
04:17:31         6072  111.00    0.00    0.00  111.00    12  bt-mz.B.24
04:17:31         6073  112.50    0.00    0.00  112.50    17  bt-mz.B.24
04:17:31         6074  110.00    0.00    0.00  110.00     7  bt-mz.B.24
04:17:31         6075  111.00    0.00    0.00  111.00    25  bt-mz.B.24
04:17:31         6076  104.00    0.00    0.00  104.00     8  bt-mz.B.24
04:17:31         6077  112.00    0.00    0.00  112.00    10  bt-mz.B.24
04:17:31         6078  109.00    0.00    0.00  109.00    23  bt-mz.B.24
04:17:31         6079  105.00    0.50    0.00  105.50     5  bt-mz.B.24
04:17:31         6080  108.50    0.50    0.00  109.00    14  bt-mz.B.24
04:17:31         6081  109.50    0.00    0.00  109.50    21  bt-mz.B.24
04:17:31         6085  109.00    0.00    0.00  109.00    31  bt-mz.B.24
04:17:31         6086  102.50    0.00    0.00  102.50    22  bt-mz.B.24
04:17:31         6088  105.50    0.00    0.00  105.50    11  bt-mz.B.24
04:17:31         6089  112.00    0.00    0.00  112.00    18  bt-mz.B.24

04:17:31          PID    %usr %system  %guest    %CPU   CPU  Command
04:17:33           69    0.00    0.50    0.00    0.50    16  ksoftirqd/16
04:17:33         3155    0.00    0.50    0.00    0.50    22  kondemand/22
04:17:33         3195    0.00    0.50    0.00    0.50    26  irqbalance
04:17:33         3852    0.50    0.00    0.00    0.50     4  pbs_mom
04:17:33         4128    0.00    0.50    0.00    0.50     5  gmond
04:17:33         6055    0.50    0.50    0.00    1.00     1  top
04:17:33         6057    0.50    2.00    0.00    2.50     4  pidstat
04:17:33         6059    0.50    1.50    0.00    2.00    29  pidstat
04:17:33         6068  116.50    0.00    0.00  116.50    11  bt-mz.B.24
04:17:33         6069  113.00    0.00    0.00  113.00     3  bt-mz.B.24
04:17:33         6070  113.50    0.00    0.00  113.50    24  bt-mz.B.24
04:17:33         6071  105.00    0.00    0.00  105.00     6  bt-mz.B.24
04:17:33         6072  107.50    0.00    0.00  107.50    28  bt-mz.B.24
04:17:33         6073  109.50    0.00    0.00  109.50     1  bt-mz.B.24
04:17:33         6074  103.00    0.00    0.00  103.00     7  bt-mz.B.24
04:17:33         6075  111.00    0.00    0.00  111.00     9  bt-mz.B.24
04:17:33         6076   98.50    0.00    0.00   98.50     8  bt-mz.B.24
04:17:33         6077  109.50    0.00    0.00  109.50    26  bt-mz.B.24
04:17:33         6078  110.50    0.00    0.00  110.50    23  bt-mz.B.24
04:17:33         6079  108.00    0.00    0.00  108.00    16  bt-mz.B.24
04:17:33         6080  103.00    0.50    0.00  103.50    30  bt-mz.B.24
04:17:33         6081  112.50    0.00    0.00  112.50    18  bt-mz.B.24
04:17:33         6085  111.50    0.50    0.00  112.00    31  bt-mz.B.24
04:17:33         6086  110.50    0.50    0.00  111.00    20  bt-mz.B.24
04:17:33         6088  108.00    0.00    0.00  108.00    15  bt-mz.B.24
04:17:33         6089  101.00    0.50    0.00  101.50     0  bt-mz.B.24

04:17:33          PID    %usr %system  %guest    %CPU   CPU  Command
04:17:35         3144    0.00    0.50    0.00    0.50    11  kondemand/11
04:17:35         3156    0.00    0.50    0.00    0.50    23  kondemand/23
04:17:35         3351    0.50    0.00    0.00    0.50     7  hald
04:17:35         3852    0.00    0.50    0.00    0.50     4  pbs_mom
04:17:35         6055    0.50    0.50    0.00    1.00     1  top
04:17:35         6057    0.00    2.00    0.00    2.00     4  pidstat
04:17:35         6059    0.50    1.00    0.00    1.50    10  pidstat
04:17:35         6068  120.50    0.00    0.00  120.50    11  bt-mz.B.24
04:17:35         6069  106.50    0.00    0.00  106.50    18  bt-mz.B.24
04:17:35         6070  111.00    0.00    0.00  111.00    15  bt-mz.B.24
04:17:35         6071  115.50    0.00    0.00  115.50    23  bt-mz.B.24
04:17:35         6072  110.50    0.00    0.00  110.50     9  bt-mz.B.24
04:17:35         6073  112.50    0.00    0.00  112.50    16  bt-mz.B.24
04:17:35         6074  107.00    0.00    0.00  107.00    20  bt-mz.B.24
04:17:35         6075  111.00    0.00    0.00  111.00    25  bt-mz.B.24
04:17:35         6076  111.00    0.00    0.00  111.00    31  bt-mz.B.24
04:17:35         6077  114.00    0.00    0.00  114.00    24  bt-mz.B.24
04:17:35         6078  110.50    0.00    0.00  110.50    22  bt-mz.B.24
04:17:35         6079  106.00    0.00    0.00  106.00    21  bt-mz.B.24
04:17:35         6080  102.00    0.00    0.00  102.00    12  bt-mz.B.24
04:17:35         6081  109.00    0.00    0.00  109.00     6  bt-mz.B.24
04:17:35         6085  106.50    0.00    0.00  106.50    26  bt-mz.B.24
04:17:35         6086  113.50    0.00    0.00  113.50    17  bt-mz.B.24
04:17:35         6088  107.00    0.00    0.00  107.00    27  bt-mz.B.24
04:17:35         6089  111.00    0.00    0.00  111.00     7  bt-mz.B.24

04:17:35          PID    %usr %system  %guest    %CPU   CPU  Command
04:17:37         3136    0.00    0.50    0.00    0.50     3  kondemand/3
04:17:37         3162    0.00    0.50    0.00    0.50    29  kondemand/29
04:17:37         4128    0.00    0.50    0.00    0.50    21  gmond
04:17:37         6055    0.50    1.00    0.00    1.50     1  top
04:17:37         6057    1.00    2.00    0.00    3.00     4  pidstat
04:17:37         6059    1.00    2.00    0.00    3.00     8  pidstat
04:17:37         6061    0.00    0.50    0.00    0.50    10  iostat
04:17:37         6068  109.50    0.50    0.00  110.00    11  bt-mz.B.24
04:17:37         6069  112.50    0.00    0.00  112.50     2  bt-mz.B.24
04:17:37         6070  107.00    0.00    0.00  107.00    12  bt-mz.B.24
04:17:37         6071  104.00    0.00    0.00  104.00    17  bt-mz.B.24
04:17:37         6072  103.50    0.00    0.00  103.50    25  bt-mz.B.24
04:17:37         6073  112.50    0.00    0.00  112.50    16  bt-mz.B.24
04:17:37         6074  108.00    0.00    0.00  108.00    20  bt-mz.B.24
04:17:37         6075  105.50    0.00    0.00  105.50     9  bt-mz.B.24
04:17:37         6076   98.50    0.00    0.00   98.50    30  bt-mz.B.24
04:17:37         6077  103.00    0.00    0.00  103.00    15  bt-mz.B.24
04:17:37         6078  114.50    0.00    0.00  114.50    22  bt-mz.B.24
04:17:37         6079  112.00    0.00    0.00  112.00     2  bt-mz.B.24
04:17:37         6080  114.00    0.00    0.00  114.00    28  bt-mz.B.24
04:17:37         6081  107.00    0.00    0.00  107.00    18  bt-mz.B.24
04:17:37         6085  115.00    0.00    0.00  115.00    10  bt-mz.B.24
04:17:37         6086  112.50    0.00    0.00  112.50     1  bt-mz.B.24
04:17:37         6088  101.00    0.50    0.00  101.50    31  bt-mz.B.24
04:17:37         6089  107.50    0.00    0.00  107.50     5  bt-mz.B.24

04:17:37          PID    %usr %system  %guest    %CPU   CPU  Command
04:17:39         3138    0.00    0.50    0.00    0.50     5  kondemand/5
04:17:39         4128    0.50    0.00    0.00    0.50    21  gmond
04:17:39         6049    0.50    0.00    0.00    0.50     4  mpirun
04:17:39         6055    0.50    0.50    0.00    1.00     1  top
04:17:39         6057    0.00    1.50    0.00    1.50    20  pidstat
04:17:39         6059    1.00    2.00    0.00    3.00     8  pidstat
04:17:39         6064    0.00    0.50    0.00    0.50    27  vmstat
04:17:39         6068  107.50    0.00    0.00  107.50    11  bt-mz.B.24
04:17:39         6069  104.00    0.00    0.00  104.00    17  bt-mz.B.24
04:17:39         6070  109.50    0.00    0.00  109.50    25  bt-mz.B.24
04:17:39         6071  108.00    0.00    0.00  108.00     1  bt-mz.B.24
04:17:39         6072  108.50    0.00    0.00  108.50    14  bt-mz.B.24
04:17:39         6073  103.00    0.50    0.00  103.50    16  bt-mz.B.24
04:17:39         6074  110.50    0.00    0.00  110.50     0  bt-mz.B.24
04:17:39         6075  107.50    0.00    0.00  107.50     9  bt-mz.B.24
04:17:39         6076   89.00    0.50    0.00   89.50    15  bt-mz.B.24
04:17:39         6077  103.00    0.00    0.00  103.00    31  bt-mz.B.24
04:17:39         6078  109.00    0.50    0.00  109.50    21  bt-mz.B.24
04:17:39         6079  109.50    0.00    0.00  109.50     6  bt-mz.B.24
04:17:39         6080  113.00    0.00    0.00  113.00    12  bt-mz.B.24
04:17:39         6081  109.50    0.00    0.00  109.50     2  bt-mz.B.24
04:17:39         6085  114.50    0.00    0.00  114.50    10  bt-mz.B.24
04:17:39         6086  111.00    0.00    0.00  111.00     4  bt-mz.B.24
04:17:39         6088  107.50    0.00    0.00  107.50    27  bt-mz.B.24
04:17:39         6089  108.50    0.00    0.00  108.50     5  bt-mz.B.24

04:17:39          PID    %usr %system  %guest    %CPU   CPU  Command
04:17:41         3135    0.00    0.50    0.00    0.50     2  kondemand/2
04:17:41         3147    0.00    0.50    0.00    0.50    14  kondemand/14
04:17:41         3160    0.00    0.50    0.00    0.50    27  kondemand/27
04:17:41         3180    0.00    0.50    0.00    0.50     7  kipmi0
04:17:41         3852    0.00    0.50    0.00    0.50    30  pbs_mom
04:17:41         4128    0.00    0.50    0.00    0.50    21  gmond
04:17:41         6055    0.50    0.50    0.00    1.00     1  top
04:17:41         6057    0.50    2.00    0.00    2.50     4  pidstat
04:17:41         6059    0.00    1.50    0.00    1.50     8  pidstat
04:17:41         6068  112.50    0.00    0.00  112.50    14  bt-mz.B.24
04:17:41         6069  119.50    0.00    0.00  119.50     1  bt-mz.B.24
04:17:41         6070  117.00    0.00    0.00  117.00    25  bt-mz.B.24
04:17:41         6071  105.00    0.00    0.00  105.00     7  bt-mz.B.24
04:17:41         6072  115.00    0.00    0.00  115.00    29  bt-mz.B.24
04:17:41         6073  117.00    0.00    0.00  117.00    20  bt-mz.B.24
04:17:41         6074  112.00    0.00    0.00  112.00    16  bt-mz.B.24
04:17:41         6075  110.50    0.50    0.00  111.00     8  bt-mz.B.24
04:17:41         6076  113.00    0.00    0.00  113.00    24  bt-mz.B.24
04:17:41         6077  117.50    0.00    0.00  117.50    10  bt-mz.B.24
04:17:41         6078  115.50    0.00    0.00  115.50     3  bt-mz.B.24
04:17:41         6079  107.50    0.00    0.00  107.50    17  bt-mz.B.24
04:17:41         6080  120.50    0.00    0.00  120.50    28  bt-mz.B.24
04:17:41         6081  114.50    0.00    0.00  114.50     6  bt-mz.B.24
04:17:41         6085  115.00    0.00    0.00  115.00     9  bt-mz.B.24
04:17:41         6086  113.50    0.00    0.00  113.50     0  bt-mz.B.24
04:17:41         6088  105.50    0.00    0.00  105.50    27  bt-mz.B.24
04:17:41         6089  108.00    0.00    0.00  108.00     5  bt-mz.B.24

04:17:41          PID    %usr %system  %guest    %CPU   CPU  Command
04:17:43          131    0.00    0.50    0.00    0.50     0  events/0
04:17:43         3133    0.00    0.50    0.00    0.50     0  kondemand/0
04:17:43         3134    0.00    0.50    0.00    0.50     1  kondemand/1
04:17:43         3158    0.00    0.50    0.00    0.50    25  kondemand/25
04:17:43         6055    0.50    1.00    0.00    1.50     1  top
04:17:43         6057    0.50    2.00    0.00    2.50     4  pidstat
04:17:43         6059    1.00    2.50    0.00    3.50     8  pidstat
04:17:43         6068  120.50    0.00    0.00  120.50    14  bt-mz.B.24
04:17:43         6069  101.00    0.00    0.00  101.00    17  bt-mz.B.24
04:17:43         6070   97.00    0.00    0.00   97.00    10  bt-mz.B.24
04:17:43         6071  105.00    0.00    0.00  105.00    16  bt-mz.B.24
04:17:43         6072  110.50    0.00    0.00  110.50    13  bt-mz.B.24
04:17:43         6073  115.50    0.00    0.00  115.50    20  bt-mz.B.24
04:17:43         6074  104.50    0.50    0.00  105.00     0  bt-mz.B.24
04:17:43         6075  101.50    0.00    0.00  101.50    24  bt-mz.B.24
04:17:43         6076  108.50    0.00    0.00  108.50     9  bt-mz.B.24
04:17:43         6077  102.00    0.00    0.00  102.00    24  bt-mz.B.24
04:17:43         6078  114.00    0.00    0.00  114.00     3  bt-mz.B.24
04:17:43         6079   99.50    0.00    0.00   99.50     1  bt-mz.B.24
04:17:43         6080  113.50    0.00    0.00  113.50    12  bt-mz.B.24
04:17:43         6081  115.00    0.00    0.00  115.00    22  bt-mz.B.24
04:17:43         6085  103.00    0.00    0.00  103.00    25  bt-mz.B.24
04:17:43         6086  103.50    0.00    0.00  103.50     4  bt-mz.B.24
04:17:43         6088  114.00    0.00    0.00  114.00    11  bt-mz.B.24
04:17:43         6089  109.50    0.00    0.00  109.50     5  bt-mz.B.24
