Linux 2.6.32-279.14.1.el6.x86_64 (compute-662-5.local) 	04/21/20 	_x86_64_	(48 CPU)

02:14:16     CPU    %usr   %nice    %sys %iowait    %irq   %soft  %steal  %guest   %idle
02:14:18     all    5.46    0.00    3.11    0.00    0.00    0.04    0.00    0.00   91.39
02:14:20     all   97.11    0.00    0.67    0.00    0.00    0.00    0.00    0.00    2.22
02:14:22     all   97.50    0.00    0.20    0.00    0.00    0.00    0.00    0.00    2.30
02:14:24     all   97.67    0.00    0.18    0.00    0.00    0.00    0.00    0.00    2.16
02:14:26     all   97.81    0.00    0.18    0.00    0.00    0.00    0.00    0.00    2.01
02:14:28     all   97.48    0.00    0.19    0.00    0.00    0.00    0.00    0.00    2.33
02:14:30     all   97.77    0.00    0.17    0.00    0.00    0.00    0.00    0.00    2.06
02:14:32     all   97.65    0.00    0.19    0.00    0.00    0.00    0.00    0.00    2.17
02:14:34     all   97.80    0.00    0.19    0.00    0.00    0.00    0.00    0.00    2.01
02:14:36     all   97.50    0.00    0.20    0.00    0.00    0.00    0.00    0.00    2.30
02:14:38     all   97.76    0.00    0.18    0.00    0.00    0.00    0.00    0.00    2.06
02:14:40     all   97.25    0.00    0.19    0.00    0.00    0.00    0.00    0.00    2.56
02:14:42     all   97.68    0.00    0.19    0.00    0.00    0.00    0.00    0.00    2.14
02:14:44     all   97.74    0.00    0.19    0.00    0.00    0.00    0.00    0.00    2.07
02:14:46     all   97.67    0.00    0.17    0.00    0.00    0.01    0.00    0.00    2.16
02:14:48     all   97.59    0.00    0.18    0.00    0.00    0.00    0.00    0.00    2.23
02:14:50     all   97.92    0.00    0.20    0.00    0.00    0.00    0.00    0.00    1.89
02:14:52     all   97.21    0.00    0.25    0.00    0.00    0.00    0.00    0.00    2.54
02:14:54     all   97.50    0.00    0.19    0.00    0.00    0.00    0.00    0.00    2.31
02:14:56     all   97.83    0.00    0.17    0.00    0.00    0.00    0.00    0.00    2.00
02:14:58     all   97.55    0.00    0.22    0.00    0.00    0.00    0.00    0.00    2.23
02:15:00     all   97.56    0.00    0.19    0.00    0.00    0.00    0.00    0.00    2.25
02:15:02     all   97.58    0.00    0.19    0.00    0.00    0.01    0.00    0.00    2.22
02:15:04     all   98.24    0.00    0.19    0.00    0.00    0.00    0.00    0.00    1.57
02:15:06     all   98.04    0.00    0.20    0.00    0.00    0.00    0.00    0.00    1.76
02:15:08     all   97.93    0.00    0.20    0.00    0.00    0.00    0.00    0.00    1.88
02:15:10     all   98.21    0.00    0.18    0.00    0.00    0.00    0.00    0.00    1.61
02:15:12     all   98.11    0.00    0.18    0.00    0.00    0.00    0.00    0.00    1.71
02:15:14     all   97.97    0.00    0.17    0.00    0.00    0.00    0.00    0.00    1.86
02:15:16     all   97.98    0.00    0.18    0.00    0.00    0.00    0.00    0.00    1.84
02:15:18     all   98.29    0.00    0.17    0.00    0.00    0.00    0.00    0.00    1.54
02:15:20     all   97.93    0.00    0.19    0.00    0.00    0.00    0.00    0.00    1.89
02:15:22     all   97.29    0.00    0.20    0.00    0.00    0.00    0.00    0.00    2.51
02:15:24     all   98.02    0.00    0.20    0.00    0.00    0.00    0.00    0.00    1.78
02:15:26     all   98.07    0.00    0.18    0.00    0.00    0.00    0.00    0.00    1.75
02:15:28     all   98.04    0.00    0.18    0.00    0.00    0.00    0.00    0.00    1.78
02:15:30     all   97.98    0.00    0.18    0.00    0.00    0.01    0.00    0.00    1.83
02:15:32     all   98.17    0.00    0.17    0.00    0.00    0.00    0.00    0.00    1.67
02:15:34     all   97.82    0.00    0.20    0.00    0.00    0.00    0.00    0.00    1.98
02:15:36     all   97.76    0.00    0.22    0.00    0.00    0.00    0.00    0.00    2.02
02:15:38     all   97.60    0.00    0.19    0.00    0.00    0.00    0.00    0.00    2.21
02:15:40     all   97.67    0.00    0.18    0.00    0.00    0.00    0.00    0.00    2.16
02:15:42     all   97.57    0.00    0.19    0.00    0.00    0.00    0.00    0.00    2.24
02:15:44     all   97.47    0.00    0.20    0.00    0.00    0.00    0.00    0.00    2.33
02:15:46     all   97.74    0.00    0.19    0.00    0.00    0.00    0.00    0.00    2.07
02:15:48     all   97.24    0.00    0.17    0.00    0.00    0.00    0.00    0.00    2.59
02:15:50     all   97.60    0.00    0.19    0.00    0.00    0.00    0.00    0.00    2.21
02:15:52     all   97.59    0.00    0.20    0.00    0.00    0.00    0.00    0.00    2.21
02:15:54     all   97.70    0.00    0.19    0.00    0.00    0.00    0.00    0.00    2.11
02:15:56     all   97.65    0.00    0.19    0.00    0.00    0.00    0.00    0.00    2.17
02:15:58     all   97.77    0.00    0.19    0.00    0.00    0.00    0.00    0.00    2.04
02:16:00     all   97.10    0.00    0.18    0.00    0.00    0.01    0.00    0.00    2.71
02:16:02     all   97.56    0.00    0.18    0.00    0.00    0.00    0.00    0.00    2.26
02:16:04     all   97.71    0.00    0.18    0.00    0.00    0.00    0.00    0.00    2.12
02:16:06     all   97.58    0.00    0.19    0.00    0.00    0.00    0.00    0.00    2.23
02:16:08     all   97.53    0.00    0.19    0.00    0.00    0.00    0.00    0.00    2.28
02:16:10     all   98.11    0.00    0.17    0.00    0.00    0.00    0.00    0.00    1.72
02:16:12     all   97.62    0.00    0.18    0.00    0.00    0.00    0.00    0.00    2.20
02:16:14     all   97.95    0.00    0.18    0.00    0.00    0.00    0.00    0.00    1.88
02:16:16     all   98.00    0.00    0.18    0.00    0.00    0.00    0.00    0.00    1.82
02:16:18     all   97.53    0.00    0.18    0.00    0.00    0.00    0.00    0.00    2.29
02:16:20     all   97.66    0.00    0.18    0.00    0.00    0.00    0.00    0.00    2.17
02:16:22     all   96.86    0.00    0.22    0.00    0.00    0.00    0.00    0.00    2.92
02:16:24     all   98.19    0.00    0.19    0.00    0.00    0.00    0.00    0.00    1.63
02:16:26     all   97.58    0.00    0.18    0.00    0.00    0.01    0.00    0.00    2.23
02:16:28     all   97.99    0.00    0.17    0.00    0.00    0.00    0.00    0.00    1.84
02:16:30     all   98.10    0.00    0.17    0.00    0.00    0.00    0.00    0.00    1.73
02:16:32     all   98.10    0.00    0.19    0.01    0.00    0.00    0.00    0.00    1.70
02:16:34     all   97.97    0.00    0.18    0.00    0.00    0.00    0.00    0.00    1.85
02:16:36     all   97.94    0.00    0.20    0.00    0.00    0.00    0.00    0.00    1.86
02:16:38     all   98.06    0.00    0.20    0.00    0.00    0.00    0.00    0.00    1.74
