Linux 2.6.32-279.14.1.el6.x86_64 (compute-662-5.local) 	04/21/20 	_x86_64_	(48 CPU)

02:21:00          PID    %usr %system  %guest    %CPU   CPU  Command
02:21:02           73    0.00    0.49    0.00    0.49    17  ksoftirqd/17
02:21:02          221    0.00    0.49    0.00    0.49    26  events/26
02:21:02         4114    0.00    0.49    0.00    0.49     3  kondemand/3
02:21:02         4117    0.00    0.49    0.00    0.49     6  kondemand/6
02:21:02         4123    0.00    0.49    0.00    0.49    12  kondemand/12
02:21:02         4124    0.00    0.49    0.00    0.49    13  kondemand/13
02:21:02         4128    0.00    0.49    0.00    0.49    17  kondemand/17
02:21:02         4132    0.00    0.49    0.00    0.49    21  kondemand/21
02:21:02         4148    0.00    0.49    0.00    0.49    37  kondemand/37
02:21:02         4174    0.00    0.49    0.00    0.49    24  kipmi0
02:21:02        23393    0.49    0.00    0.00    0.49    39  gmond
02:21:02        35119    4.39    2.44    0.00    6.83    36  mpirun
02:21:02        35125    0.98    0.98    0.00    1.95    23  top
02:21:02        35127    0.98    2.93    0.00    3.90     0  pidstat
02:21:02        35129    0.98    3.41    0.00    4.39     3  pidstat
02:21:02        35139  149.76    6.83    0.00  156.59    24  bt-mz.B.24
02:21:02        35140  139.51    4.88    0.00  144.39    12  bt-mz.B.24
02:21:02        35141  139.51    6.34    0.00  145.85    25  bt-mz.B.24
02:21:02        35142  132.20    5.37    0.00  137.56    37  bt-mz.B.24
02:21:02        35143  132.20    5.37    0.00  137.56    26  bt-mz.B.24
02:21:02        35144  132.68    6.34    0.00  139.02    14  bt-mz.B.24
02:21:02        35145  130.24    6.83    0.00  137.07    27  bt-mz.B.24
02:21:02        35146  130.24    4.88    0.00  135.12    39  bt-mz.B.24
02:21:02        35147  131.22    6.34    0.00  137.56    28  bt-mz.B.24
02:21:02        35149  133.17    6.83    0.00  140.00    40  bt-mz.B.24
02:21:02        35151  131.71    6.83    0.00  138.54    29  bt-mz.B.24
02:21:02        35153  131.22    7.32    0.00  138.54    41  bt-mz.B.24
02:21:02        35154  131.71    6.34    0.00  138.05    30  bt-mz.B.24

02:21:02          PID    %usr %system  %guest    %CPU   CPU  Command
02:21:04          113    0.00    0.50    0.00    0.50    27  ksoftirqd/27
02:21:04         4112    0.00    0.50    0.00    0.50     1  kondemand/1
02:21:04         4126    0.00    0.50    0.00    0.50    15  kondemand/15
02:21:04         4131    0.00    0.50    0.00    0.50    20  kondemand/20
02:21:04         4146    0.00    0.50    0.00    0.50    35  kondemand/35
02:21:04         4152    0.00    0.50    0.00    0.50    41  kondemand/41
02:21:04        23393    0.50    0.00    0.00    0.50    15  gmond
02:21:04        35125    1.00    1.00    0.00    2.00    23  top
02:21:04        35127    1.00    2.50    0.00    3.50     0  pidstat
02:21:04        35129    0.00    2.00    0.00    2.00     3  pidstat
02:21:04        35139  191.50    0.00    0.00  191.50    24  bt-mz.B.24
02:21:04        35140  179.00    0.00    0.00  179.00    12  bt-mz.B.24
02:21:04        35141  177.50    0.00    0.00  177.50    25  bt-mz.B.24
02:21:04        35142  169.50    0.00    0.00  169.50    37  bt-mz.B.24
02:21:04        35143  170.50    0.50    0.00  171.00    26  bt-mz.B.24
02:21:04        35144  169.50    0.00    0.00  169.50    14  bt-mz.B.24
02:21:04        35145  167.50    0.00    0.00  167.50    27  bt-mz.B.24
02:21:04        35146  166.50    0.00    0.00  166.50    39  bt-mz.B.24
02:21:04        35147  167.50    0.00    0.00  167.50    28  bt-mz.B.24
02:21:04        35149  170.50    0.00    0.00  170.50    40  bt-mz.B.24
02:21:04        35151  168.00    0.00    0.00  168.00    29  bt-mz.B.24
02:21:04        35153  168.00    0.00    0.00  168.00    41  bt-mz.B.24
02:21:04        35154  167.50    0.00    0.00  167.50    30  bt-mz.B.24

02:21:04          PID    %usr %system  %guest    %CPU   CPU  Command
02:21:06          242    0.00    0.50    0.00    0.50    47  events/47
02:21:06         4113    0.00    0.50    0.00    0.50     2  kondemand/2
02:21:06         4118    0.00    0.50    0.00    0.50     7  kondemand/7
02:21:06         4119    0.00    0.50    0.00    0.50     8  kondemand/8
02:21:06         4147    0.00    0.50    0.00    0.50    36  kondemand/36
02:21:06         4155    0.00    0.50    0.00    0.50    44  kondemand/44
02:21:06        23393    0.50    0.00    0.00    0.50    15  gmond
02:21:06        35125    0.50    1.50    0.00    2.00    23  top
02:21:06        35127    1.00    3.00    0.00    4.00     0  pidstat
02:21:06        35129    1.50    4.00    0.00    5.50    27  pidstat
02:21:06        35139  200.00    0.00    0.00  200.00     0  bt-mz.B.24
02:21:06        35140  185.00    0.00    0.00  185.00    12  bt-mz.B.24
02:21:06        35141  184.00    0.00    0.00  184.00    25  bt-mz.B.24
02:21:06        35142  175.50    0.00    0.00  175.50    37  bt-mz.B.24
02:21:06        35143  176.00    0.00    0.00  176.00    26  bt-mz.B.24
02:21:06        35144  175.00    0.00    0.00  175.00    14  bt-mz.B.24
02:21:06        35145  173.00    0.00    0.00  173.00    27  bt-mz.B.24
02:21:06        35146  172.50    0.00    0.00  172.50    39  bt-mz.B.24
02:21:06        35147  173.00    0.00    0.00  173.00    28  bt-mz.B.24
02:21:06        35149  176.50    0.00    0.00  176.50    40  bt-mz.B.24
02:21:06        35151  174.50    0.00    0.00  174.50    29  bt-mz.B.24
02:21:06        35153  174.00    0.00    0.00  174.00    41  bt-mz.B.24
02:21:06        35154  173.50    0.50    0.00  174.00    30  bt-mz.B.24

02:21:06          PID    %usr %system  %guest    %CPU   CPU  Command
02:21:08          207    0.00    0.50    0.00    0.50    12  events/12
02:21:08         4111    0.00    0.50    0.00    0.50     0  kondemand/0
02:21:08         4120    0.00    0.50    0.00    0.50     9  kondemand/9
02:21:08        35125    1.00    1.00    0.00    2.00    23  top
02:21:08        35127    1.00    2.50    0.00    3.50    24  pidstat
02:21:08        35129    0.50    2.00    0.00    2.50     3  pidstat
02:21:08        35139  190.00    0.50    0.00  190.50     0  bt-mz.B.24
02:21:08        35140  177.50    0.00    0.00  177.50    12  bt-mz.B.24
02:21:08        35141  176.50    0.50    0.00  177.00    25  bt-mz.B.24
02:21:08        35142  168.00    0.00    0.00  168.00    37  bt-mz.B.24
02:21:08        35143  168.50    0.00    0.00  168.50    26  bt-mz.B.24
02:21:08        35144  168.00    0.50    0.00  168.50    14  bt-mz.B.24
02:21:08        35145  165.50    0.00    0.00  165.50    27  bt-mz.B.24
02:21:08        35146  165.50    0.00    0.00  165.50    39  bt-mz.B.24
02:21:08        35147  166.50    0.00    0.00  166.50    28  bt-mz.B.24
02:21:08        35149  169.50    0.00    0.00  169.50    40  bt-mz.B.24
02:21:08        35151  167.00    0.00    0.00  167.00    29  bt-mz.B.24
02:21:08        35153  166.50    0.00    0.00  166.50    41  bt-mz.B.24
02:21:08        35154  166.50    0.00    0.00  166.50    30  bt-mz.B.24

02:21:08          PID    %usr %system  %guest    %CPU   CPU  Command
02:21:10         4115    0.00    0.50    0.00    0.50     4  kondemand/4
02:21:10         4116    0.00    0.50    0.00    0.50     5  kondemand/5
02:21:10         4127    0.00    0.50    0.00    0.50    16  kondemand/16
02:21:10         4137    0.00    0.50    0.00    0.50    26  kondemand/26
02:21:10         4140    0.00    0.50    0.00    0.50    29  kondemand/29
02:21:10         4144    0.00    0.50    0.00    0.50    33  kondemand/33
02:21:10         4151    0.00    0.50    0.00    0.50    40  kondemand/40
02:21:10         4157    0.00    0.50    0.00    0.50    46  kondemand/46
02:21:10        23393    0.50    0.00    0.00    0.50    15  gmond
02:21:10        35125    1.00    1.00    0.00    2.00    47  top
02:21:10        35127    1.00    3.00    0.00    4.00    24  pidstat
02:21:10        35129    1.00    3.50    0.00    4.50    27  pidstat
02:21:10        35139  195.50    0.00    0.00  195.50     0  bt-mz.B.24
02:21:10        35140  180.00    0.00    0.00  180.00    12  bt-mz.B.24
02:21:10        35141  178.50    0.00    0.00  178.50    25  bt-mz.B.24
02:21:10        35142  170.50    0.00    0.00  170.50    37  bt-mz.B.24
02:21:10        35143  171.00    0.00    0.00  171.00    26  bt-mz.B.24
02:21:10        35144  170.50    0.00    0.00  170.50    14  bt-mz.B.24
02:21:10        35145  169.00    0.00    0.00  169.00     3  bt-mz.B.24
02:21:10        35146  167.50    0.00    0.00  167.50    39  bt-mz.B.24
02:21:10        35147  168.00    0.00    0.00  168.00    28  bt-mz.B.24
02:21:10        35149  171.50    0.00    0.00  171.50    40  bt-mz.B.24
02:21:10        35151  169.00    0.00    0.00  169.00    29  bt-mz.B.24
02:21:10        35153  169.00    0.00    0.00  169.00    41  bt-mz.B.24
02:21:10        35154  169.00    0.00    0.00  169.00    30  bt-mz.B.24
