Linux 2.6.32-279.14.1.el6.x86_64 (compute-641-14.local) 	04/21/20 	_x86_64_	(32 CPU)

02:17:21          PID    %usr %system  %guest    %CPU   CPU  Command
02:17:23         3149    0.00    0.49    0.00    0.49    16  kondemand/16
02:17:23         3180    0.00    0.49    0.00    0.49    16  kipmi0
02:17:23         3195    0.00    0.49    0.00    0.49    12  irqbalance
02:17:23         4128    0.00    0.49    0.00    0.49    16  gmond
02:17:23        12296    1.96    1.96    0.00    3.92     1  mpirun
02:17:23        12302    0.49    0.98    0.00    1.47     1  top
02:17:23        12304    0.98    1.47    0.00    2.45    12  pidstat
02:17:23        12306    0.98    1.47    0.00    2.45     8  pidstat
02:17:23        12316  103.92   28.43    0.00  132.35     0  bt-mz.C.32
02:17:23        12317  104.90   27.45    0.00  132.35    17  bt-mz.C.32
02:17:23        12318  105.39   27.45    0.00  132.84    18  bt-mz.C.32
02:17:23        12319  102.94   29.41    0.00  132.35    19  bt-mz.C.32
02:17:23        12320  103.92   28.43    0.00  132.35    20  bt-mz.C.32
02:17:23        12321  105.39   26.96    0.00  132.35    21  bt-mz.C.32
02:17:23        12322  105.88   25.49    0.00  131.37    22  bt-mz.C.32
02:17:23        12323  100.98   30.88    0.00  131.86    23  bt-mz.C.32
02:17:23        12324   97.06   31.37    0.00  128.43    24  bt-mz.C.32
02:17:23        12326  100.98   29.90    0.00  130.88     9  bt-mz.C.32
02:17:23        12328  103.43   27.94    0.00  131.37    26  bt-mz.C.32
02:17:23        12330  103.43   26.96    0.00  130.39    11  bt-mz.C.32
02:17:23        12331  100.00   28.43    0.00  128.43    28  bt-mz.C.32
02:17:23        12333  100.00   30.39    0.00  130.39    29  bt-mz.C.32

02:17:23          PID    %usr %system  %guest    %CPU   CPU  Command
02:17:25            9    0.00    0.50    0.00    0.50     1  ksoftirqd/1
02:17:25         3159    0.00    0.50    0.00    0.50    26  kondemand/26
02:17:25         4128    0.00    0.50    0.00    0.50    16  gmond
02:17:25        12302    0.50    0.50    0.00    1.00     2  top
02:17:25        12304    0.50    2.00    0.00    2.50    28  pidstat
02:17:25        12306    0.50    1.50    0.00    2.00    13  pidstat
02:17:25        12316  145.50   23.50    0.00  169.00     0  bt-mz.C.32
02:17:25        12317  144.50   23.00    0.00  167.50    17  bt-mz.C.32
02:17:25        12318  145.50   22.50    0.00  168.00    18  bt-mz.C.32
02:17:25        12319  143.50   24.50    0.00  168.00    19  bt-mz.C.32
02:17:25        12320  143.00   25.00    0.00  168.00    20  bt-mz.C.32
02:17:25        12321  144.00   23.50    0.00  167.50    21  bt-mz.C.32
02:17:25        12322  145.50   22.50    0.00  168.00    22  bt-mz.C.32
02:17:25        12323  141.50   25.50    0.00  167.00    23  bt-mz.C.32
02:17:25        12324  142.50   26.00    0.00  168.50     8  bt-mz.C.32
02:17:25        12326  141.00   26.50    0.00  167.50     9  bt-mz.C.32
02:17:25        12328  142.00   25.00    0.00  167.00    26  bt-mz.C.32
02:17:25        12330  144.50   22.00    0.00  166.50    11  bt-mz.C.32
02:17:25        12331  144.50   24.50    0.00  169.00    12  bt-mz.C.32
02:17:25        12333  137.50   28.00    0.00  165.50    29  bt-mz.C.32

02:17:25          PID    %usr %system  %guest    %CPU   CPU  Command
02:17:27         3133    0.00    0.50    0.00    0.50     0  kondemand/0
02:17:27         3135    0.00    0.50    0.00    0.50     2  kondemand/2
02:17:27         3141    0.00    0.50    0.00    0.50     8  kondemand/8
02:17:27         3142    0.00    0.50    0.00    0.50     9  kondemand/9
02:17:27         3150    0.00    0.50    0.00    0.50    17  kondemand/17
02:17:27         3151    0.00    0.50    0.00    0.50    18  kondemand/18
02:17:27         3157    0.00    0.50    0.00    0.50    24  kondemand/24
02:17:27         3684    0.00    0.50    0.00    0.50     2  snmpd
02:17:27         4128    0.50    0.00    0.00    0.50    16  gmond
02:17:27        12302    0.50    1.00    0.00    1.50     2  top
02:17:27        12304    0.00    2.50    0.00    2.50    28  pidstat
02:17:27        12306    1.00    2.50    0.00    3.50    24  pidstat
02:17:27        12316  145.50   23.00    0.00  168.50     0  bt-mz.C.32
02:17:27        12317  145.00   23.00    0.00  168.00    17  bt-mz.C.32
02:17:27        12318  145.00   23.00    0.00  168.00    18  bt-mz.C.32
02:17:27        12319  144.50   24.00    0.00  168.50    19  bt-mz.C.32
02:17:27        12320  145.00   23.00    0.00  168.00    20  bt-mz.C.32
02:17:27        12321  145.50   22.50    0.00  168.00    21  bt-mz.C.32
02:17:27        12322  145.50   22.00    0.00  167.50    22  bt-mz.C.32
02:17:27        12323  141.50   26.50    0.00  168.00    23  bt-mz.C.32
02:17:27        12324  139.50   26.00    0.00  165.50     8  bt-mz.C.32
02:17:27        12326  142.00   25.50    0.00  167.50     9  bt-mz.C.32
02:17:27        12328  142.00   26.00    0.00  168.00    26  bt-mz.C.32
02:17:27        12330  144.00   22.50    0.00  166.50    11  bt-mz.C.32
02:17:27        12331  143.50   24.50    0.00  168.00    12  bt-mz.C.32
02:17:27        12333  141.00   26.50    0.00  167.50    29  bt-mz.C.32

02:17:27          PID    %usr %system  %guest    %CPU   CPU  Command
02:17:29         3152    0.00    0.50    0.00    0.50    19  kondemand/19
02:17:29         3155    0.00    0.50    0.00    0.50    22  kondemand/22
02:17:29         3158    0.00    0.50    0.00    0.50    25  kondemand/25
02:17:29         3161    0.00    0.50    0.00    0.50    28  kondemand/28
02:17:29         4128    0.50    0.00    0.00    0.50    16  gmond
02:17:29        12302    0.50    1.00    0.00    1.50     2  top
02:17:29        12304    1.00    2.00    0.00    3.00    28  pidstat
02:17:29        12306    1.00    2.50    0.00    3.50    24  pidstat
02:17:29        12316  147.00   21.50    0.00  168.50     0  bt-mz.C.32
02:17:29        12317  145.00   22.50    0.00  167.50    17  bt-mz.C.32
02:17:29        12318  145.50   23.00    0.00  168.50     2  bt-mz.C.32
02:17:29        12319  144.50   24.00    0.00  168.50    19  bt-mz.C.32
02:17:29        12320  145.00   22.50    0.00  167.50    20  bt-mz.C.32
02:17:29        12321  145.50   22.00    0.00  167.50    21  bt-mz.C.32
02:17:29        12322  146.00   21.50    0.00  167.50    22  bt-mz.C.32
02:17:29        12323  143.00   24.50    0.00  167.50    23  bt-mz.C.32
02:17:29        12324  139.00   27.00    0.00  166.00     8  bt-mz.C.32
02:17:29        12326  141.00   26.00    0.00  167.00     9  bt-mz.C.32
02:17:29        12328  142.50   24.50    0.00  167.00    26  bt-mz.C.32
02:17:29        12330  145.00   21.50    0.00  166.50    11  bt-mz.C.32
02:17:29        12331  141.50   26.00    0.00  167.50    12  bt-mz.C.32
02:17:29        12333  139.50   26.50    0.00  166.00    29  bt-mz.C.32

02:17:29          PID    %usr %system  %guest    %CPU   CPU  Command
02:17:31         3145    0.00    0.50    0.00    0.50    12  kondemand/12
02:17:31         3164    0.00    0.50    0.00    0.50    31  kondemand/31
02:17:31         3180    0.00    0.50    0.00    0.50    16  kipmi0
02:17:31        12302    0.50    0.50    0.00    1.00     2  top
02:17:31        12304    1.00    2.00    0.00    3.00    12  pidstat
02:17:31        12306    0.50    2.00    0.00    2.50    24  pidstat
02:17:31        12316  144.50   23.50    0.00  168.00     0  bt-mz.C.32
02:17:31        12317  145.00   22.50    0.00  167.50    17  bt-mz.C.32
02:17:31        12318  146.00   21.00    0.00  167.00     2  bt-mz.C.32
02:17:31        12319  145.50   22.50    0.00  168.00    19  bt-mz.C.32
02:17:31        12320  144.50   23.50    0.00  168.00    20  bt-mz.C.32
02:17:31        12321  145.50   22.00    0.00  167.50    21  bt-mz.C.32
02:17:31        12322  147.50   20.00    0.00  167.50    22  bt-mz.C.32
02:17:31        12323  143.00   24.50    0.00  167.50    23  bt-mz.C.32
02:17:31        12324  140.50   25.00    0.00  165.50     8  bt-mz.C.32
02:17:31        12326  142.00   25.00    0.00  167.00     9  bt-mz.C.32
02:17:31        12328  143.50   24.00    0.00  167.50    26  bt-mz.C.32
02:17:31        12330  144.50   22.00    0.00  166.50    11  bt-mz.C.32
02:17:31        12331  142.00   24.50    0.00  166.50    28  bt-mz.C.32
02:17:31        12333  140.50   25.50    0.00  166.00    29  bt-mz.C.32

02:17:31          PID    %usr %system  %guest    %CPU   CPU  Command
02:17:33         3195    0.50    0.00    0.00    0.50    12  irqbalance
02:17:33         4128    0.50    0.00    0.00    0.50    16  gmond
02:17:33        12302    0.50    0.50    0.00    1.00     2  top
02:17:33        12304    0.50    2.00    0.00    2.50    28  pidstat
02:17:33        12306    0.50    2.50    0.00    3.00     8  pidstat
02:17:33        12316  136.50   27.00    0.00  163.50     0  bt-mz.C.32
02:17:33        12317  137.00   25.50    0.00  162.50    17  bt-mz.C.32
02:17:33        12318  137.00   26.50    0.00  163.50    18  bt-mz.C.32
02:17:33        12319  135.00   28.00    0.00  163.00    19  bt-mz.C.32
02:17:33        12320  136.50   26.50    0.00  163.00    20  bt-mz.C.32
02:17:33        12321  137.00   26.00    0.00  163.00    21  bt-mz.C.32
02:17:33        12322  137.50   25.00    0.00  162.50    22  bt-mz.C.32
02:17:33        12323  134.00   28.00    0.00  162.00    23  bt-mz.C.32
02:17:33        12324  130.00   31.00    0.00  161.00    24  bt-mz.C.32
02:17:33        12326  131.50   30.50    0.00  162.00     9  bt-mz.C.32
02:17:33        12328  133.00   29.00    0.00  162.00    26  bt-mz.C.32
02:17:33        12330  136.00   25.50    0.00  161.50    11  bt-mz.C.32
02:17:33        12331  134.00   28.50    0.00  162.50    12  bt-mz.C.32
02:17:33        12333  131.50   30.00    0.00  161.50    29  bt-mz.C.32

02:17:33          PID    %usr %system  %guest    %CPU   CPU  Command
02:17:35         3140    0.00    0.50    0.00    0.50     7  kondemand/7
02:17:35         3143    0.00    0.50    0.00    0.50    10  kondemand/10
02:17:35         3144    0.00    0.50    0.00    0.50    11  kondemand/11
02:17:35         3153    0.00    0.50    0.00    0.50    20  kondemand/20
02:17:35         4128    0.50    0.00    0.00    0.50    16  gmond
02:17:35        12302    0.50    1.00    0.00    1.50     2  top
02:17:35        12304    0.50    2.00    0.00    2.50    28  pidstat
02:17:35        12306    0.50    2.00    0.00    2.50     8  pidstat
02:17:35        12316  145.50   23.50    0.00  169.00     0  bt-mz.C.32
02:17:35        12317  146.50   21.00    0.00  167.50    17  bt-mz.C.32
02:17:35        12318  146.00   22.50    0.00  168.50    18  bt-mz.C.32
02:17:35        12319  144.00   24.50    0.00  168.50    19  bt-mz.C.32
02:17:35        12320  145.00   23.00    0.00  168.00    20  bt-mz.C.32
02:17:35        12321  146.50   21.50    0.00  168.00    21  bt-mz.C.32
02:17:35        12322  147.00   20.50    0.00  167.50    22  bt-mz.C.32
02:17:35        12323  143.00   25.00    0.00  168.00    23  bt-mz.C.32
02:17:35        12324  139.50   26.00    0.00  165.50    24  bt-mz.C.32
02:17:35        12326  142.00   25.50    0.00  167.50     9  bt-mz.C.32
02:17:35        12328  143.50   24.00    0.00  167.50    26  bt-mz.C.32
02:17:35        12330  144.50   22.00    0.00  166.50    11  bt-mz.C.32
02:17:35        12331  143.00   24.00    0.00  167.00    12  bt-mz.C.32
02:17:35        12333  141.00   26.00    0.00  167.00    29  bt-mz.C.32

02:17:35          PID    %usr %system  %guest    %CPU   CPU  Command
02:17:37         3133    0.00    0.50    0.00    0.50     0  kondemand/0
02:17:37         3148    0.00    0.50    0.00    0.50    15  kondemand/15
02:17:37         3163    0.00    0.50    0.00    0.50    30  kondemand/30
02:17:37         4128    0.00    0.50    0.00    0.50    16  gmond
02:17:37        12302    0.50    0.50    0.00    1.00     2  top
02:17:37        12304    1.00    2.00    0.00    3.00    12  pidstat
02:17:37        12306    1.00    1.50    0.00    2.50    24  pidstat
02:17:37        12316  144.00   23.00    0.00  167.00     0  bt-mz.C.32
02:17:37        12317  143.50   23.00    0.00  166.50    17  bt-mz.C.32
02:17:37        12318  144.50   22.00    0.00  166.50     2  bt-mz.C.32
02:17:37        12319  142.50   24.00    0.00  166.50    19  bt-mz.C.32
02:17:37        12320  143.50   23.00    0.00  166.50    20  bt-mz.C.32
02:17:37        12321  144.00   23.00    0.00  167.00    21  bt-mz.C.32
02:17:37        12322  145.00   21.50    0.00  166.50    22  bt-mz.C.32
02:17:37        12323  141.00   25.50    0.00  166.50    23  bt-mz.C.32
02:17:37        12324  139.00   27.00    0.00  166.00     8  bt-mz.C.32
02:17:37        12326  139.50   26.50    0.00  166.00     9  bt-mz.C.32
02:17:37        12328  141.00   25.00    0.00  166.00    26  bt-mz.C.32
02:17:37        12330  143.50   22.00    0.00  165.50    11  bt-mz.C.32
02:17:37        12331  142.00   25.00    0.00  167.00    28  bt-mz.C.32
02:17:37        12333  138.50   27.00    0.00  165.50    29  bt-mz.C.32

02:17:37          PID    %usr %system  %guest    %CPU   CPU  Command
02:17:39         3137    0.00    0.50    0.00    0.50     4  kondemand/4
02:17:39         3162    0.00    0.50    0.00    0.50    29  kondemand/29
02:17:39         4128    0.50    0.00    0.00    0.50    16  gmond
02:17:39        12302    0.50    1.00    0.00    1.50     2  top
02:17:39        12304    0.50    2.00    0.00    2.50    28  pidstat
02:17:39        12306    1.00    2.50    0.00    3.50     8  pidstat
02:17:39        12316  147.50   22.50    0.00  170.00     0  bt-mz.C.32
02:17:39        12317  146.50   22.00    0.00  168.50    17  bt-mz.C.32
02:17:39        12318  148.00   21.00    0.00  169.00     2  bt-mz.C.32
02:17:39        12319  146.50   23.50    0.00  170.00    19  bt-mz.C.32
02:17:39        12320  145.00   23.50    0.00  168.50    20  bt-mz.C.32
02:17:39        12321  146.00   22.00    0.00  168.00    21  bt-mz.C.32
02:17:39        12322  146.00   22.50    0.00  168.50    22  bt-mz.C.32
02:17:39        12323  142.50   26.00    0.00  168.50    23  bt-mz.C.32
02:17:39        12324  139.50   27.00    0.00  166.50     8  bt-mz.C.32
02:17:39        12326  141.50   27.00    0.00  168.50     9  bt-mz.C.32
02:17:39        12328  144.50   24.00    0.00  168.50    26  bt-mz.C.32
02:17:39        12330  146.00   21.50    0.00  167.50    11  bt-mz.C.32
02:17:39        12331  143.50   25.00    0.00  168.50    12  bt-mz.C.32
02:17:39        12333  142.50   25.50    0.00  168.00    29  bt-mz.C.32

02:17:39          PID    %usr %system  %guest    %CPU   CPU  Command
02:17:41         3147    0.00    0.50    0.00    0.50    14  kondemand/14
02:17:41         3156    0.00    0.50    0.00    0.50    23  kondemand/23
02:17:41         3160    0.00    0.50    0.00    0.50    27  kondemand/27
02:17:41         3180    0.00    0.50    0.00    0.50    16  kipmi0
02:17:41         3852    0.00    0.50    0.00    0.50    29  pbs_mom
02:17:41        12302    0.50    0.50    0.00    1.00     2  top
02:17:41        12304    1.00    2.50    0.00    3.50    28  pidstat
02:17:41        12306    1.00    2.00    0.00    3.00     8  pidstat
02:17:41        12316  145.00   23.50    0.00  168.50     0  bt-mz.C.32
02:17:41        12317  146.00   21.00    0.00  167.00    17  bt-mz.C.32
02:17:41        12318  146.50   21.50    0.00  168.00    18  bt-mz.C.32
02:17:41        12319  143.50   24.00    0.00  167.50    19  bt-mz.C.32
02:17:41        12320  145.50   22.50    0.00  168.00    20  bt-mz.C.32
02:17:41        12321  146.00   22.50    0.00  168.50    21  bt-mz.C.32
02:17:41        12322  147.50   20.00    0.00  167.50    22  bt-mz.C.32
02:17:41        12323  142.50   25.50    0.00  168.00    23  bt-mz.C.32
02:17:41        12324  139.50   26.50    0.00  166.00    24  bt-mz.C.32
02:17:41        12326  141.50   25.50    0.00  167.00     9  bt-mz.C.32
02:17:41        12328  142.50   24.50    0.00  167.00    26  bt-mz.C.32
02:17:41        12330  145.50   21.00    0.00  166.50    11  bt-mz.C.32
02:17:41        12331  142.00   25.00    0.00  167.00    12  bt-mz.C.32
02:17:41        12333  139.50   26.00    0.00  165.50    13  bt-mz.C.32

02:17:41          PID    %usr %system  %guest    %CPU   CPU  Command
02:17:43         3134    0.00    0.50    0.00    0.50     1  kondemand/1
02:17:43         3136    0.00    0.50    0.00    0.50     3  kondemand/3
02:17:43         3139    0.00    0.50    0.00    0.50     6  kondemand/6
02:17:43         3141    0.00    0.50    0.00    0.50     8  kondemand/8
02:17:43         3146    0.00    0.50    0.00    0.50    13  kondemand/13
02:17:43         3154    0.00    0.50    0.00    0.50    21  kondemand/21
02:17:43         3852    0.00    0.50    0.00    0.50    24  pbs_mom
02:17:43         4128    0.50    0.00    0.00    0.50    16  gmond
02:17:43        12302    0.50    1.00    0.00    1.50     2  top
02:17:43        12304    0.50    2.00    0.00    2.50    12  pidstat
02:17:43        12306    0.50    2.00    0.00    2.50    24  pidstat
02:17:43        12316  145.50   22.50    0.00  168.00     0  bt-mz.C.32
02:17:43        12317  145.00   22.00    0.00  167.00    17  bt-mz.C.32
02:17:43        12318  144.50   22.50    0.00  167.00     2  bt-mz.C.32
02:17:43        12319  144.00   24.00    0.00  168.00    19  bt-mz.C.32
02:17:43        12320  144.00   22.50    0.00  166.50    20  bt-mz.C.32
02:17:43        12321  144.00   23.00    0.00  167.00    21  bt-mz.C.32
02:17:43        12322  145.50   22.00    0.00  167.50    22  bt-mz.C.32
02:17:43        12323  141.00   26.00    0.00  167.00    23  bt-mz.C.32
02:17:43        12324  138.00   27.50    0.00  165.50     8  bt-mz.C.32
02:17:43        12326  142.50   24.50    0.00  167.00     9  bt-mz.C.32
02:17:43        12328  144.00   24.00    0.00  168.00    26  bt-mz.C.32
02:17:43        12330  144.50   21.50    0.00  166.00    11  bt-mz.C.32
02:17:43        12331  143.00   24.50    0.00  167.50    28  bt-mz.C.32
02:17:43        12333  141.00   26.00    0.00  167.00    13  bt-mz.C.32

02:17:43          PID    %usr %system  %guest    %CPU   CPU  Command
02:17:45         3138    0.00    0.50    0.00    0.50     5  kondemand/5
02:17:45         4128    0.50    0.00    0.00    0.50    16  gmond
02:17:45        12302    0.50    1.00    0.00    1.50     2  top
02:17:45        12304    0.50    2.00    0.00    2.50    28  pidstat
02:17:45        12306    0.50    2.00    0.00    2.50     8  pidstat
02:17:45        12308    0.00    0.50    0.00    0.50     4  iostat
02:17:45        12316  145.00   23.00    0.00  168.00     0  bt-mz.C.32
02:17:45        12317  145.50   21.00    0.00  166.50    17  bt-mz.C.32
02:17:45        12318  145.00   22.50    0.00  167.50     2  bt-mz.C.32
02:17:45        12319  143.00   24.00    0.00  167.00    19  bt-mz.C.32
02:17:45        12320  145.00   22.50    0.00  167.50    20  bt-mz.C.32
02:17:45        12321  145.50   22.00    0.00  167.50    21  bt-mz.C.32
02:17:45        12322  146.50   20.50    0.00  167.00    22  bt-mz.C.32
02:17:45        12323  143.50   23.50    0.00  167.00    23  bt-mz.C.32
02:17:45        12324  139.50   26.50    0.00  166.00    24  bt-mz.C.32
02:17:45        12326  141.00   25.50    0.00  166.50     9  bt-mz.C.32
02:17:45        12328  142.50   23.50    0.00  166.00    26  bt-mz.C.32
02:17:45        12330  145.00   21.00    0.00  166.00    11  bt-mz.C.32
02:17:45        12331  141.50   25.00    0.00  166.50    12  bt-mz.C.32
02:17:45        12333  141.00   25.00    0.00  166.00    13  bt-mz.C.32

02:17:45          PID    %usr %system  %guest    %CPU   CPU  Command
02:17:47         3142    0.00    0.50    0.00    0.50     9  kondemand/9
02:17:47         3159    0.00    0.50    0.00    0.50    26  kondemand/26
02:17:47         4128    0.00    0.50    0.00    0.50    16  gmond
02:17:47        12302    0.50    0.50    0.00    1.00    18  top
02:17:47        12304    0.50    2.00    0.00    2.50    28  pidstat
02:17:47        12306    1.00    2.00    0.00    3.00     8  pidstat
02:17:47        12316  147.00   22.50    0.00  169.50     0  bt-mz.C.32
02:17:47        12317  146.00   22.50    0.00  168.50    17  bt-mz.C.32
02:17:47        12318  147.50   21.50    0.00  169.00     2  bt-mz.C.32
02:17:47        12319  146.50   23.00    0.00  169.50    19  bt-mz.C.32
02:17:47        12320  145.00   23.50    0.00  168.50    20  bt-mz.C.32
02:17:47        12321  146.00   22.50    0.00  168.50    21  bt-mz.C.32
02:17:47        12322  147.00   21.50    0.00  168.50    22  bt-mz.C.32
02:17:47        12323  144.00   24.50    0.00  168.50    23  bt-mz.C.32
02:17:47        12324  141.00   25.00    0.00  166.00    24  bt-mz.C.32
02:17:47        12326  144.00   24.50    0.00  168.50     9  bt-mz.C.32
02:17:47        12328  145.00   24.00    0.00  169.00    26  bt-mz.C.32
02:17:47        12330  147.00   20.50    0.00  167.50    11  bt-mz.C.32
02:17:47        12331  143.50   24.00    0.00  167.50    12  bt-mz.C.32
02:17:47        12333  142.00   25.50    0.00  167.50    13  bt-mz.C.32

02:17:47          PID    %usr %system  %guest    %CPU   CPU  Command
02:17:49          132    0.00    0.50    0.00    0.50     1  events/1
02:17:49         3133    0.00    0.50    0.00    0.50     0  kondemand/0
02:17:49         3149    0.00    0.50    0.00    0.50    16  kondemand/16
02:17:49         3157    0.00    0.50    0.00    0.50    24  kondemand/24
02:17:49         4128    0.50    0.00    0.00    0.50    16  gmond
02:17:49        12302    1.00    0.50    0.00    1.50    18  top
02:17:49        12304    0.50    2.50    0.00    3.00    28  pidstat
02:17:49        12306    1.00    2.50    0.00    3.50     8  pidstat
02:17:49        12316  145.00   23.00    0.00  168.00     0  bt-mz.C.32
02:17:49        12317  146.50   21.00    0.00  167.50    17  bt-mz.C.32
02:17:49        12318  146.00   22.50    0.00  168.50    18  bt-mz.C.32
02:17:49        12319  145.00   23.50    0.00  168.50    19  bt-mz.C.32
02:17:49        12320  143.50   24.00    0.00  167.50    20  bt-mz.C.32
02:17:49        12321  145.00   22.50    0.00  167.50    21  bt-mz.C.32
02:17:49        12322  145.00   22.50    0.00  167.50    22  bt-mz.C.32
02:17:49        12323  142.50   25.50    0.00  168.00    23  bt-mz.C.32
02:17:49        12324  139.50   26.50    0.00  166.00     8  bt-mz.C.32
02:17:49        12326  141.50   26.00    0.00  167.50     9  bt-mz.C.32
02:17:49        12328  143.00   24.50    0.00  167.50    26  bt-mz.C.32
02:17:49        12330  144.50   22.00    0.00  166.50    11  bt-mz.C.32
02:17:49        12331  144.00   24.00    0.00  168.00    12  bt-mz.C.32
02:17:49        12333  140.50   26.50    0.00  167.00    13  bt-mz.C.32

02:17:49          PID    %usr %system  %guest    %CPU   CPU  Command
02:17:51         3135    0.00    0.50    0.00    0.50     2  kondemand/2
02:17:51         3145    0.00    0.50    0.00    0.50    12  kondemand/12
02:17:51         3150    0.00    0.50    0.00    0.50    17  kondemand/17
02:17:51         3161    0.00    0.50    0.00    0.50    28  kondemand/28
02:17:51         3180    0.00    0.50    0.00    0.50    16  kipmi0
02:17:51         4128    0.00    0.50    0.00    0.50    16  gmond
02:17:51        12302    0.50    0.50    0.00    1.00    18  top
02:17:51        12304    1.00    2.00    0.00    3.00    12  pidstat
02:17:51        12306    0.50    2.00    0.00    2.50     8  pidstat
02:17:51        12316  144.50   23.00    0.00  167.50     0  bt-mz.C.32
02:17:51        12317  144.50   21.50    0.00  166.00    17  bt-mz.C.32
02:17:51        12318  145.00   21.00    0.00  166.00     2  bt-mz.C.32
02:17:51        12319  143.50   23.50    0.00  167.00    19  bt-mz.C.32
02:17:51        12320  144.00   23.00    0.00  167.00    20  bt-mz.C.32
02:17:51        12321  143.00   24.00    0.00  167.00    21  bt-mz.C.32
02:17:51        12322  145.00   21.50    0.00  166.50    22  bt-mz.C.32
02:17:51        12323  140.50   26.00    0.00  166.50    23  bt-mz.C.32
02:17:51        12324  139.50   26.50    0.00  166.00    24  bt-mz.C.32
02:17:51        12326  140.00   25.50    0.00  165.50     9  bt-mz.C.32
02:17:51        12328  141.00   24.50    0.00  165.50    26  bt-mz.C.32
02:17:51        12330  142.00   23.00    0.00  165.00    11  bt-mz.C.32
02:17:51        12331  142.50   24.50    0.00  167.00    28  bt-mz.C.32
02:17:51        12333  138.50   27.00    0.00  165.50    13  bt-mz.C.32

02:17:51          PID    %usr %system  %guest    %CPU   CPU  Command
02:17:53          145    0.00    0.50    0.00    0.50    14  events/14
02:17:53         3151    0.00    0.50    0.00    0.50    18  kondemand/18
02:17:53         3152    0.00    0.50    0.00    0.50    19  kondemand/19
02:17:53         3155    0.00    0.50    0.00    0.50    22  kondemand/22
02:17:53         3158    0.00    0.50    0.00    0.50    25  kondemand/25
02:17:53         3164    0.00    0.50    0.00    0.50    31  kondemand/31
02:17:53         4128    0.50    0.00    0.00    0.50    16  gmond
02:17:53        12302    0.50    1.00    0.00    1.50    18  top
02:17:53        12304    0.50    2.50    0.00    3.00    28  pidstat
02:17:53        12306    0.50    2.50    0.00    3.00     8  pidstat
02:17:53        12316  146.00   22.50    0.00  168.50     0  bt-mz.C.32
02:17:53        12317  146.00   21.50    0.00  167.50    17  bt-mz.C.32
02:17:53        12318  146.00   22.50    0.00  168.50    18  bt-mz.C.32
02:17:53        12319  145.00   23.00    0.00  168.00    19  bt-mz.C.32
02:17:53        12320  144.00   23.50    0.00  167.50    20  bt-mz.C.32
02:17:53        12321  146.00   22.00    0.00  168.00    21  bt-mz.C.32
02:17:53        12322  146.00   21.00    0.00  167.00    22  bt-mz.C.32
02:17:53        12323  142.00   25.50    0.00  167.50    23  bt-mz.C.32
02:17:53        12324  139.00   27.00    0.00  166.00    24  bt-mz.C.32
02:17:53        12326  141.50   26.00    0.00  167.50     9  bt-mz.C.32
02:17:53        12328  142.50   25.50    0.00  168.00    26  bt-mz.C.32
02:17:53        12330  144.50   22.50    0.00  167.00    11  bt-mz.C.32
02:17:53        12331  143.00   24.50    0.00  167.50    12  bt-mz.C.32
02:17:53        12333  140.50   26.00    0.00  166.50    13  bt-mz.C.32

02:17:53          PID    %usr %system  %guest    %CPU   CPU  Command
02:17:55         3021    0.00    1.00    0.00    1.00    12  flush-8:0
02:17:55         3144    0.00    0.50    0.00    0.50    11  kondemand/11
02:17:55         4128    0.00    0.50    0.00    0.50    16  gmond
02:17:55        12302    0.50    0.50    0.00    1.00    18  top
02:17:55        12304    0.50    2.00    0.00    2.50    28  pidstat
02:17:55        12306    0.50    1.50    0.00    2.00     8  pidstat
02:17:55        12316  144.00   23.00    0.00  167.00     0  bt-mz.C.32
02:17:55        12317  143.50   21.50    0.00  165.00    17  bt-mz.C.32
02:17:55        12318  144.00   21.50    0.00  165.50    18  bt-mz.C.32
02:17:55        12319  142.00   23.50    0.00  165.50    19  bt-mz.C.32
02:17:55        12320  141.50   24.00    0.00  165.50    20  bt-mz.C.32
02:17:55        12321  142.00   23.50    0.00  165.50    21  bt-mz.C.32
02:17:55        12322  143.50   22.00    0.00  165.50    22  bt-mz.C.32
02:17:55        12323  140.50   25.00    0.00  165.50    23  bt-mz.C.32
02:17:55        12324  138.00   25.50    0.00  163.50    24  bt-mz.C.32
02:17:55        12326  139.50   26.00    0.00  165.50     9  bt-mz.C.32
02:17:55        12328  140.00   24.50    0.00  164.50    26  bt-mz.C.32
02:17:55        12330  141.50   22.50    0.00  164.00    11  bt-mz.C.32
02:17:55        12331  140.50   23.50    0.00  164.00    12  bt-mz.C.32
02:17:55        12333  138.50   26.00    0.00  164.50    13  bt-mz.C.32
