procs -----------memory---------- ---swap-- -----io---- --system-- -----cpu-----
 r  b   swpd   free   buff  cache   si   so    bi    bo   in   cs us sy id wa st
 7  0      0 64381164 215552 548592    0    0     0     1    0    0 38  2 60  0  0	
31  0      0 64040648 215552 574776    0    0     0     0 29520 24445 60  4 36  0  0	
26  0      0 64042136 215552 574836    0    0     0     0 26771 8707 80  0 20  0  0	
30  0      0 64043620 215552 574896    0    0     0   116 26972 8977 80  0 19  0  0	
27  0      0 64046260 215552 574960    0    0     0     0 26774 8883 80  0 20  0  0	
31  0      0 64048828 215552 575020    0    0     0     0 26886 9016 80  0 20  0  0	
37  0      0 64050804 215552 575080    0    0     0     6 27554 9254 82  0 17  0  0	
28  0      0 64052968 215552 575144    0    0     0     0 27689 8597 83  0 17  0  0	
41  0      0 64055516 215552 575208    0    0     0     0 27948 8934 84  0 16  0  0	
40  0      0 64057020 215552 575272    0    0     0     6 28082 9025 84  0 16  0  0	
25  0      0 64057812 215552 575332    0    0     0     0 27279 8874 81  0 19  0  0	
45  0      0 64058704 215552 575392    0    0     0    96 26958 8686 80  0 20  0  0	
45  0      0 64058580 215552 575456    0    0     0     0 27425 8919 82  0 18  0  0	
28  0      0 64058652 215552 575516    0    0     0    12 27646 8997 83  0 17  0  0	
27  0      0 64058520 215552 575584    0    0     0     0 27115 8691 81  0 19  0  0	
44  0      0 64058520 215552 575588    0    0     0     0 28031 9052 84  0 16  0  0	
28  0      0 64057900 215552 575712    0    0     0  6092 30473 9014 83  0 17  0  0	
31  0      0 64057884 215552 575776    0    0     0     0 27042 8735 80  0 20  0  0	
41  0      0 64057008 215552 575840    0    0     0    38 27287 9030 81  0 19  0  0	
34  0      0 64056892 215552 575908    0    0     0  1370 28111 8705 81  0 19  0  0	
36  0      0 64057016 215552 575912    0    0     0     0 27115 8701 81  0 19  0  0	
procs -----------memory---------- ---swap-- -----io---- --system-- -----cpu-----
 r  b   swpd   free   buff  cache   si   so    bi    bo   in   cs us sy id wa st
27  0      0 64057140 215552 575972    0    0     0     0 27326 8794 82  0 18  0  0	
44  0      0 64057380 215552 576040    0    0     0    10 26956 8849 81  0 19  0  0	
47  0      0 64057388 215552 576104    0    0     0     8 27119 8843 81  0 19  0  0	
43  0      0 64057388 215552 576224    0    0     0     0 26950 8986 81  0 19  0  0	
25  0      0 64057388 215552 576228    0    0     0     6 26739 8809 79  0 21  0  0	
