procs -----------memory---------- ---swap-- -----io---- --system-- -----cpu-----
 r  b   swpd   free   buff  cache   si   so    bi    bo   in   cs us sy id wa st
10  0  13768 64943084  38336 143580    0    0     0     1    0    0 65  1 34  0  0	
49  0  13768 64591860  38336 168836    0    0     0     0 18467 27954  4  4 92  0  0	
48  0  13768 64591368  38344 170492    0    0     0    24 42974 11865 87  0 13  0  0	
48  0  13768 64595340  38356 170580    0    0     0   102 42670 11899 86  0 13  0  0	
48  0  13768 64596388  38356 170672    0    0     0    98 42664 11819 86  0 13  0  0	
26  0  13768 64599108  38364 170760    0    0     0     6 42428 11779 86  0 14  0  0	
48  0  13768 64601196  38364 170852    0    0     0     0 42701 11849 87  0 13  0  0	
26  0  13768 64602148  38364 170940    0    0     0     0 42471 11816 86  0 14  0  0	
