Linux 2.6.32-279.14.1.el6.x86_64 (compute-641-14.local) 	04/21/20 	_x86_64_	(32 CPU)

02:11:52     CPU    %usr   %nice    %sys %iowait    %irq   %soft  %steal  %guest   %idle
02:11:54     all   55.21    0.00   11.22    0.00    0.00    0.08    0.00    0.00   33.49
02:11:56     all   70.84    0.00   10.23    0.00    0.00    0.03    0.00    0.00   18.91
02:11:58     all   69.82    0.00   10.64    0.00    0.00    0.03    0.00    0.00   19.51
02:12:00     all   69.81    0.00   10.66    0.00    0.00    0.03    0.00    0.00   19.50
02:12:02     all   71.21    0.00   10.02    0.00    0.00    0.03    0.00    0.00   18.73
02:12:04     all   70.50    0.00   10.40    0.00    0.00    0.05    0.00    0.00   19.06
02:12:06     all   69.71    0.00   10.64    0.00    0.00    0.03    0.00    0.00   19.62
02:12:08     all   70.62    0.00   10.24    0.00    0.00    0.05    0.00    0.00   19.09
02:12:10     all   71.14    0.00   10.13    0.00    0.00    0.05    0.00    0.00   18.68
02:12:12     all   69.91    0.00   10.63    0.00    0.00    0.03    0.00    0.00   19.43
02:12:14     all   69.34    0.00   10.85    0.00    0.00    0.02    0.00    0.00   19.79
02:12:16     all   70.89    0.00   10.11    0.00    0.00    0.06    0.00    0.00   18.93
02:12:18     all   70.58    0.00   10.32    0.00    0.00    0.05    0.00    0.00   19.05
02:12:20     all   70.19    0.00   10.46    0.00    0.00    0.03    0.00    0.00   19.32
02:12:22     all   69.84    0.00   10.54    0.00    0.00    0.05    0.00    0.00   19.57
02:12:24     all   68.71    0.00   10.87    0.02    0.00    0.06    0.00    0.00   20.34
02:12:26     all   70.10    0.00   10.48    0.00    0.00    0.03    0.00    0.00   19.39
02:12:28     all   71.25    0.00   10.05    0.00    0.00    0.03    0.00    0.00   18.67
02:12:30     all   69.64    0.00   10.76    0.00    0.00    0.03    0.00    0.00   19.57
02:12:32     all   70.02    0.00   10.50    0.00    0.00    0.05    0.00    0.00   19.43
02:12:34     all   69.68    0.00   10.62    0.00    0.00    0.03    0.00    0.00   19.67
02:12:36     all   70.96    0.00   10.21    0.00    0.00    0.05    0.00    0.00   18.79
