procs -----------memory---------- ---swap-- -----io---- --system-- -----cpu-----
 r  b   swpd   free   buff  cache   si   so    bi    bo   in   cs us sy id wa st
11  0      0 64647116 214908 300700    0    0     0     1    0    0 38  2 60  0  0	
34  0      0 64199976 214908 309948    0    0     0    62 36148 18264 66  8 26  0  0	
33  0      0 64198840 214908 310008    0    0     0     0 35900 8229 91  4  5  0  0	
32  0      0 64200360 214908 310068    0    0     0    52 36014 7965 83  7 10  0  0	
16  0      0 64199436 214908 310132    0    0     0    84 36632 8191 89  5  6  0  0	
32  0      0 64200864 214908 310192    0    0     0     0 36221 8202 90  4  6  0  0	
32  0      0 64198208 214908 310252    0    0     0     6 37031 8174 88  5  7  0  0	
32  0      0 64199016 214908 310316    0    0     0     0 36978 8177 89  5  6  0  0	
32  0      0 64199132 214908 310376    0    0     0     0 35921 8227 91  4  5  0  0	
32  0      0 64199016 214908 310440    0    0     0    40 36138 7988 83  7 10  0  0	
32  0      0 64199036 214908 310500    0    0     0     0 36965 8192 88  5  7  0  0	
32  0      0 64199292 214908 310560    0    0     0     0 35974 8224 91  4  5  0  0	
32  0      0 64198176 214908 310624    0    0     0    18 37071 8173 89  5  7  0  0	
32  0      0 64198184 214908 310684    0    0     0     0 36938 8163 88  5  7  0  0	
32  0      0 64197936 214908 310744    0    0     0     6 34890 8009 85  7  9  0  0	
32  0      0 64198300 214908 310812    0    0     0    10 36993 8179 89  5  6  0  0	
32  0      0 64198292 214908 310872    0    0     0     0 36965 8202 88  5  7  0  0	
33  0      0 64197664 214908 310936    0    0     0  3510 39269 8273 91  4  5  0  0	
32  0      0 64198028 214908 311004    0    0     0     0 36938 8176 88  5  7  0  0	
32  0      0 64197664 214908 311064    0    0     0     0 36885 8186 88  5  7  0  0	
32  0      0 64197292 214908 311128    0    0     0  1040 37076 8310 90  4  5  0  0	
procs -----------memory---------- ---swap-- -----io---- --system-- -----cpu-----
 r  b   swpd   free   buff  cache   si   so    bi    bo   in   cs us sy id wa st
32  0      0 64194756 214908 311188    0    0     0     0 37213 8189 89  5  6  0  0	
32  0      0 64194500 214908 311252    0    0     0    18 36899 8181 88  5  7  0  0	
16  0      0 64194500 214908 311312    0    0     0     0 36578 8142 89  5  6  0  0	
32  0      0 64194748 214908 311316    0    0     0     0 36238 8205 90  4  6  0  0	
32  0      0 64195160 214908 311380    0    0     0     6 35928 7966 82  8 10  0  0	
32  0      0 64193104 214908 311440    0    0     0     8 35985 8227 91  4  5  0  0	
32  0      0 64192980 214908 311504    0    0     0     0 36917 8146 88  5  7  0  0	
32  0      0 64193352 214908 311564    0    0     0     6 36948 8248 88  5  7  0  0	
22  0      0 64191996 214908 311624    0    0     0     0 35931 8234 91  4  5  0  0	
32  0      0 64192856 214908 311692    0    0     0     0 36040 7953 83  7 10  0  0	
32  0      0 64193228 214908 311752    0    0     0    14 36845 8158 88  5  7  0  0	
32  0      0 64191988 214908 311816    0    0     0   116 35681 8155 88  5  7  0  0	
32  0      0 64191872 214908 311880    0    0     0     6 37004 8170 88  5  7  0  0	
32  0      0 64192120 214908 311940    0    0     0     0 34869 8059 85  6  9  0  0	
32  0      0 64192476 214908 312004    0    0     0     0 37077 8159 88  5  7  0  0	
32  0      0 64189684 214908 312068    0    0     0     0 36907 8197 88  5  7  0  0	
18  0      0 64188940 214908 312128    0    0     0    14 35878 8238 90  4  5  0  0	
32  0      0 64188808 214908 312192    0    0     0     0 37145 8189 90  5  6  0  0	
33  0      0 64189312 214908 312252    0    0     0     0 36966 8163 88  5  7  0  0	
32  0      0 64189064 214908 312312    0    0     0     6 36812 8204 88  5  7  0  0	
32  0      0 64187148 214908 312376    0    0     0     0 35870 8237 91  4  5  0  0	
procs -----------memory---------- ---swap-- -----io---- --system-- -----cpu-----
 r  b   swpd   free   buff  cache   si   so    bi    bo   in   cs us sy id wa st
32  0      0 64186156 214908 312436    0    0     0     8 37159 8192 89  5  6  0  0	
32  0      0 64186288 214908 312508    0    0     0     6 36969 8155 88  5  7  0  0	
19  0      0 64186404 214908 312568    0    0     0     0 36038 8249 91  4  5  0  0	
32  0      0 64186024 214908 312632    0    0     0     0 37192 8196 89  5  6  0  0	
32  0      0 64186272 214908 312700    0    0     0     0 36987 8230 89  5  7  0  0	
32  0      0 64186024 214908 312760    0    0     0   114 37129 8179 89  5  6  0  0	
33  0      0 64186644 214908 312820    0    0     0     0 36070 8277 91  4  5  0  0	
32  0      0 64185916 214908 312884    0    0     0     6 37150 8208 89  5  6  0  0	
32  0      0 64185784 214908 312944    0    0     0     0 37091 8236 89  5  6  0  0	
16  0      0 64185528 214908 313008    0    0     0     0 36697 8181 89  5  6  0  0	
32  0      0 64186396 214908 313068    0    0     0     2 36196 8281 90  4  6  0  0	
32  0      0 64186156 214908 313128    0    0     0     8 37156 8190 89  5  6  0  0	
32  0      0 64186272 214908 313196    0    0     0     0 36980 8195 88  5  7  0  0	
32  0      0 64186396 214908 313256    0    0     0     0 35980 8230 91  4  5  0  0	
