Linux 2.6.32-279.14.1.el6.x86_64 (compute-641-14.local) 	04/21/20 	_x86_64_	(32 CPU)

03:02:37          PID    %usr %system  %guest    %CPU   CPU  Command
03:02:39         3146    0.00    0.49    0.00    0.49    13  kondemand/13
03:02:39         3150    0.00    0.49    0.00    0.49    17  kondemand/17
03:02:39         3154    0.00    0.49    0.00    0.49    21  kondemand/21
03:02:39         3155    0.00    0.49    0.00    0.49    22  kondemand/22
03:02:39         3180    0.00    0.49    0.00    0.49    10  kipmi0
03:02:39         4128    0.00    0.49    0.00    0.49    17  gmond
03:02:39        23610    3.43    2.45    0.00    5.88    10  mpirun
03:02:39        23616    0.49    0.98    0.00    1.47    21  top
03:02:39        23618    0.49    1.96    0.00    2.45    16  pidstat
03:02:39        23620    0.49    1.96    0.00    2.45    25  pidstat
03:02:39        23629   92.16    6.86    0.00   99.02    22  bt-mz.B.24
03:02:39        23630   87.75    5.39    0.00   93.14     0  bt-mz.B.24
03:02:39        23631   83.33    6.37    0.00   89.71    19  bt-mz.B.24
03:02:39        23632   86.76    4.90    0.00   91.67     5  bt-mz.B.24
03:02:39        23633   89.22    5.39    0.00   94.61    26  bt-mz.B.24
03:02:39        23634   79.41    5.39    0.00   84.80    28  bt-mz.B.24
03:02:39        23635   81.37    5.39    0.00   86.76    20  bt-mz.B.24
03:02:39        23636   91.18    4.90    0.00   96.08    29  bt-mz.B.24
03:02:39        23637   83.82    5.88    0.00   89.71    21  bt-mz.B.24
03:02:39        23638   84.80    4.90    0.00   89.71     1  bt-mz.B.24
03:02:39        23639   87.25    4.90    0.00   92.16    12  bt-mz.B.24
03:02:39        23642   82.35    4.41    0.00   86.76    24  bt-mz.B.24
03:02:39        23643   87.25    6.37    0.00   93.63    14  bt-mz.B.24

03:02:39          PID    %usr %system  %guest    %CPU   CPU  Command
03:02:41          113    0.00    0.50    0.00    0.50    27  ksoftirqd/27
03:02:41         3142    0.00    0.50    0.00    0.50     9  kondemand/9
03:02:41         3162    0.00    0.50    0.00    0.50    29  kondemand/29
03:02:41         3163    0.00    0.50    0.00    0.50    30  kondemand/30
03:02:41         3852    0.50    1.00    0.00    1.50    24  pbs_mom
03:02:41         4128    0.00    0.50    0.00    0.50    17  gmond
03:02:41        23616    0.50    0.50    0.00    1.00    21  top
03:02:41        23618    1.00    2.00    0.00    3.00    16  pidstat
03:02:41        23620    0.50    2.00    0.00    2.50    25  pidstat
03:02:41        23629  117.50    0.00    0.00  117.50     5  bt-mz.B.24
03:02:41        23630  111.00    0.00    0.00  111.00     0  bt-mz.B.24
03:02:41        23631  110.50    0.50    0.00  111.00    19  bt-mz.B.24
03:02:41        23632  109.50    0.00    0.00  109.50    23  bt-mz.B.24
03:02:41        23633  113.00    0.00    0.00  113.00    12  bt-mz.B.24
03:02:41        23634  114.50    0.00    0.00  114.50    13  bt-mz.B.24
03:02:41        23635  107.00    0.00    0.00  107.00     1  bt-mz.B.24
03:02:41        23636  112.50    0.00    0.00  112.50    28  bt-mz.B.24
03:02:41        23637  112.50    0.00    0.00  112.50    21  bt-mz.B.24
03:02:41        23638  111.50    0.50    0.00  112.00    22  bt-mz.B.24
03:02:41        23639  113.50    0.00    0.00  113.50    30  bt-mz.B.24
03:02:41        23642  115.50    0.00    0.00  115.50    26  bt-mz.B.24
03:02:41        23643  107.50    0.00    0.00  107.50    14  bt-mz.B.24

03:02:41          PID    %usr %system  %guest    %CPU   CPU  Command
03:02:43         3149    0.00    0.50    0.00    0.50    16  kondemand/16
03:02:43         3156    0.00    0.50    0.00    0.50    23  kondemand/23
03:02:43         3180    0.00    0.50    0.00    0.50    10  kipmi0
03:02:43        23616    0.50    0.50    0.00    1.00     5  top
03:02:43        23618    0.50    1.50    0.00    2.00     2  pidstat
03:02:43        23620    0.50    2.00    0.00    2.50     9  pidstat
03:02:43        23629  113.50    0.00    0.00  113.50     0  bt-mz.B.24
03:02:43        23630  105.00    0.00    0.00  105.00    23  bt-mz.B.24
03:02:43        23631  103.50    0.00    0.00  103.50    21  bt-mz.B.24
03:02:43        23632  107.00    0.00    0.00  107.00     7  bt-mz.B.24
03:02:43        23633  111.50    0.00    0.00  111.50    28  bt-mz.B.24
03:02:43        23634  116.00    0.00    0.00  116.00    29  bt-mz.B.24
03:02:43        23635  102.50    0.00    0.00  102.50     1  bt-mz.B.24
03:02:43        23636  111.50    0.00    0.00  111.50    14  bt-mz.B.24
03:02:43        23637   89.50    0.00    0.00   89.50    23  bt-mz.B.24
03:02:43        23638  111.00    0.00    0.00  111.00     6  bt-mz.B.24
03:02:43        23639  110.00    0.00    0.00  110.00    11  bt-mz.B.24
03:02:43        23642  115.00    0.00    0.00  115.00    26  bt-mz.B.24
03:02:43        23643  107.00    0.00    0.00  107.00    13  bt-mz.B.24

03:02:43          PID    %usr %system  %guest    %CPU   CPU  Command
03:02:45         3139    0.00    0.50    0.00    0.50     6  kondemand/6
03:02:45         3180    0.00    0.50    0.00    0.50    26  kipmi0
03:02:45         4128    0.50    0.00    0.00    0.50    17  gmond
03:02:45        23616    0.50    1.00    0.00    1.50     5  top
03:02:45        23618    1.00    1.50    0.00    2.50     1  pidstat
03:02:45        23620    0.50    2.00    0.00    2.50    25  pidstat
03:02:45        23629  103.00    0.50    0.00  103.50     3  bt-mz.B.24
03:02:45        23630   94.00    0.00    0.00   94.00    22  bt-mz.B.24
03:02:45        23631  107.00    0.00    0.00  107.00     7  bt-mz.B.24
03:02:45        23632   97.00    0.00    0.00   97.00    23  bt-mz.B.24
03:02:45        23633   94.50    0.00    0.00   94.50    28  bt-mz.B.24
03:02:45        23634  112.50    0.50    0.00  113.00    29  bt-mz.B.24
03:02:45        23635  112.00    0.00    0.00  112.00    17  bt-mz.B.24
03:02:45        23636  113.50    0.00    0.00  113.50    14  bt-mz.B.24
03:02:45        23637   94.50    0.00    0.00   94.50    18  bt-mz.B.24
03:02:45        23638   98.00    0.00    0.00   98.00     6  bt-mz.B.24
03:02:45        23639  111.50    0.00    0.00  111.50    11  bt-mz.B.24
03:02:45        23642  112.00    0.00    0.00  112.00    10  bt-mz.B.24
03:02:45        23643  104.00    0.00    0.00  104.00    27  bt-mz.B.24

03:02:45          PID    %usr %system  %guest    %CPU   CPU  Command
03:02:47          152    0.00    0.50    0.00    0.50    21  events/21
03:02:47         3145    0.00    0.50    0.00    0.50    12  kondemand/12
03:02:47         3151    0.00    0.50    0.00    0.50    18  kondemand/18
03:02:47         4128    0.00    0.50    0.00    0.50    17  gmond
03:02:47        23616    1.00    0.50    0.00    1.50     5  top
03:02:47        23618    0.50    2.00    0.00    2.50     1  pidstat
03:02:47        23620    1.00    1.50    0.00    2.50     9  pidstat
03:02:47        23629  106.00    0.00    0.00  106.00    16  bt-mz.B.24
03:02:47        23630  112.00    0.00    0.00  112.00    22  bt-mz.B.24
03:02:47        23631  107.50    0.00    0.00  107.50    22  bt-mz.B.24
03:02:47        23632  106.00    0.00    0.00  106.00    23  bt-mz.B.24
03:02:47        23633  111.00    0.00    0.00  111.00    12  bt-mz.B.24
03:02:47        23634  109.50    0.00    0.00  109.50    24  bt-mz.B.24
03:02:47        23635  110.00    0.00    0.00  110.00    17  bt-mz.B.24
03:02:47        23636  108.00    0.00    0.00  108.00    11  bt-mz.B.24
03:02:47        23637  111.50    0.00    0.00  111.50     2  bt-mz.B.24
03:02:47        23638  101.50    0.00    0.00  101.50     7  bt-mz.B.24
03:02:47        23639  114.00    0.00    0.00  114.00    26  bt-mz.B.24
03:02:47        23642  105.00    0.50    0.00  105.50    27  bt-mz.B.24
03:02:47        23643  107.00    0.00    0.00  107.00    29  bt-mz.B.24

03:02:47          PID    %usr %system  %guest    %CPU   CPU  Command
03:02:49         3141    0.00    0.50    0.00    0.50     8  kondemand/8
03:02:49         3147    0.00    0.50    0.00    0.50    14  kondemand/14
03:02:49        23616    0.50    0.50    0.00    1.00     5  top
03:02:49        23618    0.50    1.50    0.00    2.00     0  pidstat
03:02:49        23620    1.00    1.50    0.00    2.50     9  pidstat
03:02:49        23629  111.00    0.00    0.00  111.00     6  bt-mz.B.24
03:02:49        23630  104.50    0.00    0.00  104.50    22  bt-mz.B.24
03:02:49        23631  114.50    0.00    0.00  114.50     5  bt-mz.B.24
03:02:49        23632  101.50    0.00    0.00  101.50     1  bt-mz.B.24
03:02:49        23633  112.00    0.00    0.00  112.00    12  bt-mz.B.24
03:02:49        23634  116.00    0.00    0.00  116.00    25  bt-mz.B.24
03:02:49        23635  110.50    0.00    0.00  110.50    17  bt-mz.B.24
03:02:49        23636  107.50    0.00    0.00  107.50    24  bt-mz.B.24
03:02:49        23637  112.50    0.00    0.00  112.50     2  bt-mz.B.24
03:02:49        23638  102.50    0.00    0.00  102.50    21  bt-mz.B.24
03:02:49        23639  114.50    0.00    0.00  114.50    26  bt-mz.B.24
03:02:49        23642  110.50    0.00    0.00  110.50    28  bt-mz.B.24
03:02:49        23643  113.50    0.50    0.00  114.00    27  bt-mz.B.24

03:02:49          PID    %usr %system  %guest    %CPU   CPU  Command
03:02:51         3133    0.00    0.50    0.00    0.50     0  kondemand/0
03:02:51         4128    0.00    0.50    0.00    0.50     1  gmond
03:02:51        23616    0.50    0.50    0.00    1.00     3  top
03:02:51        23618    0.50    2.00    0.00    2.50     1  pidstat
03:02:51        23620    0.50    1.00    0.00    1.50    25  pidstat
03:02:51        23629  115.50    0.00    0.00  115.50     5  bt-mz.B.24
03:02:51        23630  109.50    0.00    0.00  109.50    20  bt-mz.B.24
03:02:51        23631  106.50    0.00    0.00  106.50    19  bt-mz.B.24
03:02:51        23632  103.50    0.00    0.00  103.50    21  bt-mz.B.24
03:02:51        23633  114.00    0.00    0.00  114.00    12  bt-mz.B.24
03:02:51        23634  112.50    0.00    0.00  112.50    25  bt-mz.B.24
03:02:51        23635  106.00    0.00    0.00  106.00     6  bt-mz.B.24
03:02:51        23636  110.00    0.00    0.00  110.00    28  bt-mz.B.24
03:02:51        23637  106.00    0.50    0.00  106.50    18  bt-mz.B.24
03:02:51        23638  101.00    0.00    0.00  101.00    17  bt-mz.B.24
03:02:51        23639   95.50    0.00    0.00   95.50    26  bt-mz.B.24
03:02:51        23642  106.00    0.00    0.00  106.00    11  bt-mz.B.24
03:02:51        23643  105.00    0.00    0.00  105.00    15  bt-mz.B.24

03:02:51          PID    %usr %system  %guest    %CPU   CPU  Command
03:02:53            9    0.00    0.50    0.00    0.50     1  ksoftirqd/1
03:02:53         3160    0.00    0.50    0.00    0.50    27  kondemand/27
03:02:53        23616    0.50    0.50    0.00    1.00     3  top
03:02:53        23618    0.50    1.50    0.00    2.00    17  pidstat
03:02:53        23620    1.50    2.50    0.00    4.00    25  pidstat
03:02:53        23629  114.00    0.00    0.00  114.00    23  bt-mz.B.24
03:02:53        23630   99.50    0.00    0.00   99.50    22  bt-mz.B.24
03:02:53        23631  102.00    0.00    0.00  102.00    19  bt-mz.B.24
03:02:53        23632  111.50    0.00    0.00  111.50     5  bt-mz.B.24
03:02:53        23633  113.50    0.00    0.00  113.50     9  bt-mz.B.24
03:02:53        23634  111.50    0.00    0.00  111.50    24  bt-mz.B.24
03:02:53        23635  106.00    0.00    0.00  106.00     3  bt-mz.B.24
03:02:53        23636  112.00    0.50    0.00  112.50    12  bt-mz.B.24
03:02:53        23637  106.50    0.00    0.00  106.50     2  bt-mz.B.24
03:02:53        23638  106.50    0.00    0.00  106.50     6  bt-mz.B.24
03:02:53        23639  103.00    0.50    0.00  103.50    28  bt-mz.B.24
03:02:53        23642  101.50    0.00    0.00  101.50    13  bt-mz.B.24
03:02:53        23643  113.00    0.00    0.00  113.00    15  bt-mz.B.24

03:02:53          PID    %usr %system  %guest    %CPU   CPU  Command
03:02:55         3180    0.00    0.50    0.00    0.50    26  kipmi0
03:02:55         4128    0.00    0.50    0.00    0.50    17  gmond
03:02:55        23616    0.50    1.00    0.00    1.50     3  top
03:02:55        23618    1.50    1.50    0.00    3.00    17  pidstat
03:02:55        23620    0.50    2.00    0.00    2.50    24  pidstat
03:02:55        23629  110.00    0.00    0.00  110.00     1  bt-mz.B.24
03:02:55        23630  109.00    0.00    0.00  109.00     6  bt-mz.B.24
03:02:55        23631  109.50    0.00    0.00  109.50    19  bt-mz.B.24
03:02:55        23632  107.50    0.00    0.00  107.50    21  bt-mz.B.24
03:02:55        23633  113.00    0.00    0.00  113.00    12  bt-mz.B.24
03:02:55        23634  110.50    0.00    0.00  110.50    13  bt-mz.B.24
03:02:55        23635  109.00    0.00    0.00  109.00    23  bt-mz.B.24
03:02:55        23636  111.00    0.00    0.00  111.00    29  bt-mz.B.24
03:02:55        23637  103.00    0.00    0.00  103.00    18  bt-mz.B.24
03:02:55        23638  109.00    0.00    0.00  109.00    21  bt-mz.B.24
03:02:55        23639  114.50    0.00    0.00  114.50    28  bt-mz.B.24
03:02:55        23642  110.00    0.00    0.00  110.00    31  bt-mz.B.24
03:02:55        23643  114.50    0.00    0.00  114.50    10  bt-mz.B.24

03:02:55          PID    %usr %system  %guest    %CPU   CPU  Command
03:02:57         3137    0.00    0.50    0.00    0.50     4  kondemand/4
03:02:57         3684    0.50    0.00    0.00    0.50     6  snmpd
03:02:57         4128    0.50    0.00    0.00    0.50     1  gmond
03:02:57        23616    1.00    0.50    0.00    1.50     3  top
03:02:57        23618    0.50    1.50    0.00    2.00    17  pidstat
03:02:57        23620    0.50    1.50    0.00    2.00    24  pidstat
03:02:57        23629  109.50    0.00    0.00  109.50     0  bt-mz.B.24
03:02:57        23630  113.00    0.00    0.00  113.00    22  bt-mz.B.24
03:02:57        23631  109.00    0.00    0.00  109.00    19  bt-mz.B.24
03:02:57        23632  103.00    0.00    0.00  103.00     5  bt-mz.B.24
03:02:57        23633  109.50    0.00    0.00  109.50    14  bt-mz.B.24
03:02:57        23634  114.00    0.00    0.00  114.00    13  bt-mz.B.24
03:02:57        23635  104.00    0.00    0.00  104.00     2  bt-mz.B.24
03:02:57        23636  113.00    0.00    0.00  113.00    29  bt-mz.B.24
03:02:57        23637   99.00    0.00    0.00   99.00     3  bt-mz.B.24
03:02:57        23638   99.00    0.00    0.00   99.00     6  bt-mz.B.24
03:02:57        23639  111.50    0.00    0.00  111.50    31  bt-mz.B.24
03:02:57        23642  113.50    0.00    0.00  113.50    15  bt-mz.B.24
03:02:57        23643  107.00    0.00    0.00  107.00     9  bt-mz.B.24

03:02:57          PID    %usr %system  %guest    %CPU   CPU  Command
03:02:59          156    0.00    0.50    0.00    0.50    25  events/25
03:02:59         3143    0.00    0.50    0.00    0.50    10  kondemand/10
03:02:59         3148    0.00    0.50    0.00    0.50    15  kondemand/15
03:02:59         3180    0.00    0.50    0.00    0.50    26  kipmi0
03:02:59        23616    0.50    1.00    0.00    1.50     3  top
03:02:59        23618    0.50    2.00    0.00    2.50     1  pidstat
03:02:59        23620    0.50    2.00    0.00    2.50     8  pidstat
03:02:59        23629  109.50    0.00    0.00  109.50    17  bt-mz.B.24
03:02:59        23630  109.00    0.00    0.00  109.00     3  bt-mz.B.24
03:02:59        23631  109.00    0.00    0.00  109.00     4  bt-mz.B.24
03:02:59        23632  104.00    0.00    0.00  104.00     0  bt-mz.B.24
03:02:59        23633  113.00    0.00    0.00  113.00     9  bt-mz.B.24
03:02:59        23634  110.50    0.00    0.00  110.50    27  bt-mz.B.24
03:02:59        23635  109.50    0.00    0.00  109.50    23  bt-mz.B.24
03:02:59        23636  111.50    0.00    0.00  111.50    31  bt-mz.B.24
03:02:59        23637  102.00    0.00    0.00  102.00    22  bt-mz.B.24
03:02:59        23638  111.00    0.00    0.00  111.00     6  bt-mz.B.24
03:02:59        23639  107.00    0.50    0.00  107.50    14  bt-mz.B.24
03:02:59        23642  109.00    0.00    0.00  109.00    30  bt-mz.B.24
03:02:59        23643  106.00    0.00    0.00  106.00    10  bt-mz.B.24

03:02:59          PID    %usr %system  %guest    %CPU   CPU  Command
03:03:01         3158    0.00    0.50    0.00    0.50    25  kondemand/25
03:03:01         3684    0.00    0.50    0.00    0.50     6  snmpd
03:03:01         4128    0.00    0.50    0.00    0.50     1  gmond
03:03:01        23616    0.00    0.50    0.00    0.50     3  top
03:03:01        23618    1.00    1.50    0.00    2.50     1  pidstat
03:03:01        23620    0.50    2.00    0.00    2.50    24  pidstat
03:03:01        23629  110.00    0.00    0.00  110.00    19  bt-mz.B.24
03:03:01        23630  112.00    0.00    0.00  112.00     7  bt-mz.B.24
03:03:01        23631  112.00    0.00    0.00  112.00    17  bt-mz.B.24
03:03:01        23632   98.00    0.00    0.00   98.00     0  bt-mz.B.24
03:03:01        23633  106.00    0.00    0.00  106.00    15  bt-mz.B.24
03:03:01        23634  113.50    0.00    0.00  113.50    31  bt-mz.B.24
03:03:01        23635  107.00    0.00    0.00  107.00     4  bt-mz.B.24
03:03:01        23636  111.50    0.00    0.00  111.50    11  bt-mz.B.24
03:03:01        23637   98.00    0.00    0.00   98.00    21  bt-mz.B.24
03:03:01        23638  115.00    0.00    0.00  115.00    22  bt-mz.B.24
03:03:01        23639  111.50    0.00    0.00  111.50     9  bt-mz.B.24
03:03:01        23642  111.00    0.00    0.00  111.00    30  bt-mz.B.24
03:03:01        23643  115.50    0.00    0.00  115.50    10  bt-mz.B.24

03:03:01          PID    %usr %system  %guest    %CPU   CPU  Command
03:03:03         3153    0.00    0.50    0.00    0.50    20  kondemand/20
03:03:03         3164    0.00    0.50    0.00    0.50    31  kondemand/31
03:03:03         3808    0.50    0.00    0.00    0.50     8  crond
03:03:03        23616    1.00    0.50    0.00    1.50     3  top
03:03:03        23618    0.50    1.50    0.00    2.00     1  pidstat
03:03:03        23620    1.00    1.50    0.00    2.50    24  pidstat
03:03:03        23629  111.00    0.00    0.00  111.00     8  bt-mz.B.24
03:03:03        23630  118.00    0.00    0.00  118.00     7  bt-mz.B.24
03:03:03        23631  117.00    0.00    0.00  117.00     4  bt-mz.B.24
03:03:03        23632  114.00    0.00    0.00  114.00     5  bt-mz.B.24
03:03:03        23633  111.00    0.50    0.00  111.50    10  bt-mz.B.24
03:03:03        23634  115.00    0.00    0.00  115.00    14  bt-mz.B.24
03:03:03        23635  108.00    0.00    0.00  108.00    20  bt-mz.B.24
03:03:03        23636  111.00    0.00    0.00  111.00    25  bt-mz.B.24
03:03:03        23637  106.50    0.00    0.00  106.50    18  bt-mz.B.24
03:03:03        23638  114.00    0.50    0.00  114.50     6  bt-mz.B.24
03:03:03        23639  114.50    0.00    0.00  114.50    26  bt-mz.B.24
03:03:03        23642  114.50    0.00    0.00  114.50    15  bt-mz.B.24
03:03:03        23643  115.00    0.00    0.00  115.00    29  bt-mz.B.24

03:03:03          PID    %usr %system  %guest    %CPU   CPU  Command
03:03:05         3136    0.00    0.50    0.00    0.50     3  kondemand/3
03:03:05         3138    0.00    0.50    0.00    0.50     5  kondemand/5
03:03:05         3144    0.00    0.50    0.00    0.50    11  kondemand/11
03:03:05         3152    0.00    0.50    0.00    0.50    19  kondemand/19
03:03:05         3161    0.00    0.50    0.00    0.50    28  kondemand/28
03:03:05         4128    0.00    0.50    0.00    0.50     1  gmond
03:03:05        23616    0.50    1.00    0.00    1.50     3  top
03:03:05        23618    0.50    2.00    0.00    2.50     1  pidstat
03:03:05        23620    0.50    1.50    0.00    2.00     8  pidstat
03:03:05        23622    0.00    0.50    0.00    0.50    27  iostat
03:03:05        23629  114.00    0.00    0.00  114.00    19  bt-mz.B.24
03:03:05        23630  112.00    0.00    0.00  112.00     4  bt-mz.B.24
03:03:05        23631  114.50    0.00    0.00  114.50    20  bt-mz.B.24
03:03:05        23632  109.50    0.00    0.00  109.50     5  bt-mz.B.24
03:03:05        23633  108.50    0.00    0.00  108.50    10  bt-mz.B.24
03:03:05        23634  109.50    0.00    0.00  109.50    30  bt-mz.B.24
03:03:05        23635  105.00    0.00    0.00  105.00    18  bt-mz.B.24
03:03:05        23636  107.00    0.00    0.00  107.00    26  bt-mz.B.24
03:03:05        23637  109.00    0.00    0.00  109.00     2  bt-mz.B.24
03:03:05        23638  104.00    0.00    0.00  104.00     7  bt-mz.B.24
03:03:05        23639  108.00    0.00    0.00  108.00    24  bt-mz.B.24
03:03:05        23642  112.00    0.50    0.00  112.50    31  bt-mz.B.24
03:03:05        23643  112.00    0.00    0.00  112.00    29  bt-mz.B.24

03:03:05          PID    %usr %system  %guest    %CPU   CPU  Command
03:03:07         3135    0.00    0.50    0.00    0.50     2  kondemand/2
03:03:07         3180    0.00    0.50    0.00    0.50    29  kipmi0
03:03:07        23616    0.50    0.50    0.00    1.00     3  top
03:03:07        23618    1.00    1.50    0.00    2.50    17  pidstat
03:03:07        23620    1.00    2.00    0.00    3.00     8  pidstat
03:03:07        23629  112.50    0.00    0.00  112.50     3  bt-mz.B.24
03:03:07        23630  108.00    0.00    0.00  108.00     6  bt-mz.B.24
03:03:07        23631  111.00    0.00    0.00  111.00    18  bt-mz.B.24
03:03:07        23632  109.00    0.00    0.00  109.00     5  bt-mz.B.24
03:03:07        23633  109.00    0.00    0.00  109.00    26  bt-mz.B.24
03:03:07        23634  108.50    0.00    0.00  108.50    13  bt-mz.B.24
03:03:07        23635  112.00    0.50    0.00  112.50    17  bt-mz.B.24
03:03:07        23636  111.50    0.00    0.00  111.50    10  bt-mz.B.24
03:03:07        23637  107.00    0.00    0.00  107.00    19  bt-mz.B.24
03:03:07        23638  109.50    0.00    0.00  109.50    20  bt-mz.B.24
03:03:07        23639  114.00    0.00    0.00  114.00    27  bt-mz.B.24
03:03:07        23642  110.50    0.00    0.00  110.50    12  bt-mz.B.24
03:03:07        23643  113.50    0.00    0.00  113.50    24  bt-mz.B.24

03:03:07          PID    %usr %system  %guest    %CPU   CPU  Command
03:03:09         3134    0.00    0.50    0.00    0.50     1  kondemand/1
03:03:09         3140    0.00    0.50    0.00    0.50     7  kondemand/7
03:03:09         4128    0.00    0.50    0.00    0.50    17  gmond
03:03:09        23616    0.50    1.00    0.00    1.50     3  top
03:03:09        23618    0.50    1.50    0.00    2.00    19  pidstat
03:03:09        23620    0.00    1.50    0.00    1.50    31  pidstat
03:03:09        23629  111.00    0.00    0.00  111.00     3  bt-mz.B.24
03:03:09        23630  109.00    0.00    0.00  109.00    16  bt-mz.B.24
03:03:09        23631  112.00    0.00    0.00  112.00    21  bt-mz.B.24
03:03:09        23632  105.50    0.00    0.00  105.50     5  bt-mz.B.24
03:03:09        23633  105.50    0.00    0.00  105.50     8  bt-mz.B.24
03:03:09        23634  113.00    0.00    0.00  113.00    27  bt-mz.B.24
03:03:09        23635  107.00    0.00    0.00  107.00    22  bt-mz.B.24
03:03:09        23636  113.00    0.00    0.00  113.00     9  bt-mz.B.24
03:03:09        23637  102.50    0.00    0.00  102.50     2  bt-mz.B.24
03:03:09        23638  106.50    0.00    0.00  106.50    20  bt-mz.B.24
03:03:09        23639  115.50    0.00    0.00  115.50    11  bt-mz.B.24
03:03:09        23642  106.50    0.50    0.00  107.00    14  bt-mz.B.24
03:03:09        23643  113.50    0.50    0.00  114.00    30  bt-mz.B.24

03:03:09          PID    %usr %system  %guest    %CPU   CPU  Command
03:03:11         3021    0.00    1.00    0.00    1.00    28  flush-8:0
03:03:11         3157    0.00    0.50    0.00    0.50    24  kondemand/24
03:03:11         3159    0.00    0.50    0.00    0.50    26  kondemand/26
03:03:11         3180    0.00    0.50    0.00    0.50    13  kipmi0
03:03:11        23616    0.50    0.50    0.00    1.00    19  top
03:03:11        23618    0.50    1.50    0.00    2.00     1  pidstat
03:03:11        23620    0.50    1.50    0.00    2.00    24  pidstat
03:03:11        23629  110.50    0.00    0.00  110.50    23  bt-mz.B.24
03:03:11        23630  111.00    0.00    0.00  111.00    21  bt-mz.B.24
03:03:11        23631  110.00    0.00    0.00  110.00     5  bt-mz.B.24
03:03:11        23632  105.50    0.00    0.00  105.50     3  bt-mz.B.24
03:03:11        23633  103.50    0.00    0.00  103.50    11  bt-mz.B.24
03:03:11        23634  110.00    0.00    0.00  110.00    31  bt-mz.B.24
03:03:11        23635  104.00    0.00    0.00  104.00     6  bt-mz.B.24
03:03:11        23636  108.00    0.50    0.00  108.50    14  bt-mz.B.24
03:03:11        23637  107.00    0.00    0.00  107.00     2  bt-mz.B.24
03:03:11        23638  111.00    0.00    0.00  111.00     4  bt-mz.B.24
03:03:11        23639  107.50    0.00    0.00  107.50    13  bt-mz.B.24
03:03:11        23642  112.00    0.00    0.00  112.00    30  bt-mz.B.24
03:03:11        23643  110.50    0.00    0.00  110.50     9  bt-mz.B.24

03:03:11          PID    %usr %system  %guest    %CPU   CPU  Command
03:03:13         3195    0.00    0.50    0.00    0.50    28  irqbalance
03:03:13         4128    0.00    0.50    0.00    0.50    17  gmond
03:03:13        23616    0.50    0.50    0.00    1.00    19  top
03:03:13        23618    1.00    1.50    0.00    2.50     1  pidstat
03:03:13        23620    1.00    2.50    0.00    3.50     8  pidstat
03:03:13        23629  114.00    0.00    0.00  114.00     6  bt-mz.B.24
03:03:13        23630  105.50    0.00    0.00  105.50     2  bt-mz.B.24
03:03:13        23631   94.50    0.00    0.00   94.50    16  bt-mz.B.24
03:03:13        23632  105.50    0.00    0.00  105.50    17  bt-mz.B.24
03:03:13        23633  113.50    0.00    0.00  113.50    27  bt-mz.B.24
03:03:13        23634  106.00    0.50    0.00  106.50    12  bt-mz.B.24
03:03:13        23635  111.50    0.00    0.00  111.50    22  bt-mz.B.24
03:03:13        23636  109.00    0.50    0.00  109.50    14  bt-mz.B.24
03:03:13        23637  107.50    0.00    0.00  107.50    23  bt-mz.B.24
03:03:13        23638   98.50    0.00    0.00   98.50    16  bt-mz.B.24
03:03:13        23639  106.00    0.00    0.00  106.00    13  bt-mz.B.24
03:03:13        23642  109.50    0.00    0.00  109.50    30  bt-mz.B.24
03:03:13        23643  113.00    0.00    0.00  113.00    31  bt-mz.B.24

03:03:13          PID    %usr %system  %guest    %CPU   CPU  Command
03:03:15         3146    0.00    0.50    0.00    0.50    13  kondemand/13
03:03:15         3149    0.00    0.50    0.00    0.50    16  kondemand/16
03:03:15         3150    0.00    0.50    0.00    0.50    17  kondemand/17
03:03:15         3154    0.00    0.50    0.00    0.50    21  kondemand/21
03:03:15         3155    0.00    0.50    0.00    0.50    22  kondemand/22
03:03:15        23616    0.50    1.00    0.00    1.50    19  top
03:03:15        23618    1.00    2.00    0.00    3.00     1  pidstat
03:03:15        23620    0.50    2.00    0.00    2.50    24  pidstat
03:03:15        23629  104.00    0.00    0.00  104.00    17  bt-mz.B.24
03:03:15        23630  109.50    0.00    0.00  109.50    18  bt-mz.B.24
03:03:15        23631  117.50    0.00    0.00  117.50     0  bt-mz.B.24
03:03:15        23632  109.50    0.00    0.00  109.50     6  bt-mz.B.24
03:03:15        23633  114.00    0.00    0.00  114.00    30  bt-mz.B.24
03:03:15        23634  116.00    0.00    0.00  116.00    26  bt-mz.B.24
03:03:15        23635   98.00    0.00    0.00   98.00    20  bt-mz.B.24
03:03:15        23636  111.50    0.00    0.00  111.50    11  bt-mz.B.24
03:03:15        23637  106.00    0.00    0.00  106.00    23  bt-mz.B.24
03:03:15        23638  102.00    0.00    0.00  102.00     1  bt-mz.B.24
03:03:15        23639  114.50    0.00    0.00  114.50    13  bt-mz.B.24
03:03:15        23642  112.00    0.50    0.00  112.50    14  bt-mz.B.24
03:03:15        23643  116.50    0.00    0.00  116.50    15  bt-mz.B.24

03:03:15          PID    %usr %system  %guest    %CPU   CPU  Command
03:03:17         3133    0.00    0.50    0.00    0.50     0  kondemand/0
03:03:17         3139    0.00    0.50    0.00    0.50     6  kondemand/6
03:03:17         3156    0.00    0.50    0.00    0.50    23  kondemand/23
03:03:17         4128    0.50    0.50    0.00    1.00     1  gmond
03:03:17        23616    0.50    0.50    0.00    1.00    19  top
03:03:17        23618    0.50    1.50    0.00    2.00     1  pidstat
03:03:17        23620    0.50    2.00    0.00    2.50    24  pidstat
03:03:17        23629  104.00    0.00    0.00  104.00     0  bt-mz.B.24
03:03:17        23630  104.00    0.00    0.00  104.00     2  bt-mz.B.24
03:03:17        23631  109.50    0.00    0.00  109.50     7  bt-mz.B.24
03:03:17        23632  101.50    0.00    0.00  101.50    22  bt-mz.B.24
03:03:17        23633  103.00    0.50    0.00  103.50    25  bt-mz.B.24
03:03:17        23634  104.00    0.00    0.00  104.00    13  bt-mz.B.24
03:03:17        23635   99.00    0.00    0.00   99.00     6  bt-mz.B.24
03:03:17        23636  103.00    0.00    0.00  103.00    10  bt-mz.B.24
03:03:17        23637  106.50    0.50    0.00  107.00     4  bt-mz.B.24
03:03:17        23638   96.00    0.00    0.00   96.00    18  bt-mz.B.24
03:03:17        23639  107.50    0.50    0.00  108.00    27  bt-mz.B.24
03:03:17        23642  107.00    0.00    0.00  107.00    14  bt-mz.B.24
03:03:17        23643  104.50    0.00    0.00  104.50    26  bt-mz.B.24

03:03:17          PID    %usr %system  %guest    %CPU   CPU  Command
03:03:19         3142    0.00    0.50    0.00    0.50     9  kondemand/9
03:03:19         3162    0.00    0.50    0.00    0.50    29  kondemand/29
03:03:19         3180    0.00    0.50    0.00    0.50    13  kipmi0
03:03:19        23616    0.50    0.50    0.00    1.00    19  top
03:03:19        23618    0.50    2.00    0.00    2.50    17  pidstat
03:03:19        23620    0.50    2.00    0.00    2.50    24  pidstat
03:03:19        23629  109.50    0.00    0.00  109.50     6  bt-mz.B.24
03:03:19        23630  113.50    0.00    0.00  113.50    18  bt-mz.B.24
03:03:19        23631  115.00    0.00    0.00  115.00     7  bt-mz.B.24
03:03:19        23632  108.00    0.50    0.00  108.50    17  bt-mz.B.24
03:03:19        23633  112.50    0.00    0.00  112.50    10  bt-mz.B.24
03:03:19        23634  111.00    0.00    0.00  111.00    28  bt-mz.B.24
03:03:19        23635  110.50    0.00    0.00  110.50     3  bt-mz.B.24
03:03:19        23636  108.00    0.00    0.00  108.00    12  bt-mz.B.24
03:03:19        23637  112.00    0.00    0.00  112.00    20  bt-mz.B.24
03:03:19        23638  104.00    0.00    0.00  104.00     2  bt-mz.B.24
03:03:19        23639  112.50    0.00    0.00  112.50    13  bt-mz.B.24
03:03:19        23642  114.50    0.00    0.00  114.50     9  bt-mz.B.24
03:03:19        23643  112.00    0.00    0.00  112.00     8  bt-mz.B.24

03:03:19          PID    %usr %system  %guest    %CPU   CPU  Command
03:03:21         4128    0.00    0.50    0.00    0.50    17  gmond
03:03:21        23616    0.50    1.00    0.00    1.50    19  top
03:03:21        23618    1.00    1.50    0.00    2.50    17  pidstat
03:03:21        23620    0.50    2.00    0.00    2.50     8  pidstat
03:03:21        23629  107.00    0.00    0.00  107.00    22  bt-mz.B.24
03:03:21        23630  108.00    0.00    0.00  108.00    18  bt-mz.B.24
03:03:21        23631  108.50    0.00    0.00  108.50    21  bt-mz.B.24
03:03:21        23632  101.50    0.00    0.00  101.50     6  bt-mz.B.24
03:03:21        23633  109.00    0.00    0.00  109.00    14  bt-mz.B.24
03:03:21        23634  109.50    0.00    0.00  109.50    28  bt-mz.B.24
03:03:21        23635  108.00    0.00    0.00  108.00    19  bt-mz.B.24
03:03:21        23636  106.50    0.00    0.00  106.50    25  bt-mz.B.24
03:03:21        23637  103.50    0.00    0.00  103.50     4  bt-mz.B.24
03:03:21        23638  100.00    0.50    0.00  100.50    16  bt-mz.B.24
03:03:21        23639  108.00    0.00    0.00  108.00    29  bt-mz.B.24
03:03:21        23642  107.00    0.00    0.00  107.00    12  bt-mz.B.24
03:03:21        23643  108.50    0.00    0.00  108.50    30  bt-mz.B.24

03:03:21          PID    %usr %system  %guest    %CPU   CPU  Command
03:03:23         3145    0.00    0.50    0.00    0.50    12  kondemand/12
03:03:23         3151    0.00    0.50    0.00    0.50    18  kondemand/18
03:03:23         3163    0.00    0.50    0.00    0.50    30  kondemand/30
03:03:23         3180    0.00    0.50    0.00    0.50    13  kipmi0
03:03:23        23616    0.50    0.50    0.00    1.00     1  top
03:03:23        23618    0.50    1.50    0.00    2.00     1  pidstat
03:03:23        23620    0.50    2.00    0.00    2.50    24  pidstat
03:03:23        23621    0.00    0.50    0.00    0.50    28  mpstat
03:03:23        23629  116.00    0.00    0.00  116.00     2  bt-mz.B.24
03:03:23        23630  114.00    0.50    0.00  114.50    17  bt-mz.B.24
03:03:23        23631  114.00    0.00    0.00  114.00     0  bt-mz.B.24
03:03:23        23632   98.50    0.00    0.00   98.50    21  bt-mz.B.24
03:03:23        23633  115.00    0.00    0.00  115.00    29  bt-mz.B.24
03:03:23        23634  107.50    0.00    0.00  107.50    13  bt-mz.B.24
03:03:23        23635  100.50    0.00    0.00  100.50    19  bt-mz.B.24
03:03:23        23636  113.50    0.00    0.00  113.50    25  bt-mz.B.24
03:03:23        23637  108.50    0.00    0.00  108.50     4  bt-mz.B.24
03:03:23        23638  112.50    0.00    0.00  112.50     5  bt-mz.B.24
03:03:23        23639  114.00    0.00    0.00  114.00    12  bt-mz.B.24
03:03:23        23642  114.00    0.00    0.00  114.00    30  bt-mz.B.24
03:03:23        23643  114.00    0.50    0.00  114.50     8  bt-mz.B.24

03:03:23          PID    %usr %system  %guest    %CPU   CPU  Command
03:03:25         3141    0.00    0.50    0.00    0.50     8  kondemand/8
03:03:25         4128    0.00    0.50    0.00    0.50     1  gmond
03:03:25        23616    1.00    0.50    0.00    1.50    17  top
03:03:25        23618    0.50    2.00    0.00    2.50     1  pidstat
03:03:25        23620    0.50    2.00    0.00    2.50     8  pidstat
03:03:25        23629  110.00    0.00    0.00  110.00     7  bt-mz.B.24
03:03:25        23630   97.00    0.00    0.00   97.00    16  bt-mz.B.24
03:03:25        23631   96.00    0.00    0.00   96.00    16  bt-mz.B.24
03:03:25        23632  103.00    0.00    0.00  103.00    21  bt-mz.B.24
03:03:25        23633  111.00    0.00    0.00  111.00    12  bt-mz.B.24
03:03:25        23634  111.00    0.00    0.00  111.00    29  bt-mz.B.24
03:03:25        23635  107.50    0.00    0.00  107.50    19  bt-mz.B.24
03:03:25        23636  108.00    0.00    0.00  108.00    13  bt-mz.B.24
03:03:25        23637  102.50    0.00    0.00  102.50     5  bt-mz.B.24
03:03:25        23638   89.00    0.00    0.00   89.00     0  bt-mz.B.24
03:03:25        23639  112.00    0.00    0.00  112.00    10  bt-mz.B.24
03:03:25        23642  107.00    0.00    0.00  107.00    30  bt-mz.B.24
03:03:25        23643  111.50    0.00    0.00  111.50    24  bt-mz.B.24
