Linux 2.6.32-279.14.1.el6.x86_64 (compute-641-14.local) 	04/21/20 	_x86_64_	(32 CPU)

02:53:10          PID    %usr %system  %guest    %CPU   CPU  Command
02:53:12          129    0.00    0.49    0.00    0.49    31  ksoftirqd/31
02:53:12         3139    0.00    0.49    0.00    0.49     6  kondemand/6
02:53:12         3153    0.00    0.49    0.00    0.49    20  kondemand/20
02:53:12         3154    0.00    0.49    0.00    0.49    21  kondemand/21
02:53:12         3162    0.00    0.49    0.00    0.49    29  kondemand/29
02:53:12         3180    0.00    0.49    0.00    0.49    20  kipmi0
02:53:12         4128    0.00    0.49    0.00    0.49     1  gmond
02:53:12        21852    2.96    2.46    0.00    5.42    12  mpirun
02:53:12        21858    0.49    0.49    0.00    0.99    20  top
02:53:12        21860    0.49    1.97    0.00    2.46    21  pidstat
02:53:12        21862    0.99    1.97    0.00    2.96     8  pidstat
02:53:12        21871  100.49    5.42    0.00  105.91    13  bt-mz.B.24
02:53:12        21872  105.91    6.40    0.00  112.32    10  bt-mz.B.24
02:53:12        21873   81.28    5.91    0.00   87.19    16  bt-mz.B.24
02:53:12        21874   79.31    6.40    0.00   85.71     4  bt-mz.B.24
02:53:12        21875  102.46    5.91    0.00  108.37    28  bt-mz.B.24
02:53:12        21876   90.15    5.42    0.00   95.57    22  bt-mz.B.24
02:53:12        21877  103.94    5.91    0.00  109.85    29  bt-mz.B.24
02:53:12        21878   86.21    6.40    0.00   92.61    23  bt-mz.B.24
02:53:12        21879   87.19    5.91    0.00   93.10     7  bt-mz.B.24
02:53:12        21880   89.66    5.91    0.00   95.57    17  bt-mz.B.24
02:53:12        21881   84.73    6.40    0.00   91.13     3  bt-mz.B.24
02:53:12        21882   80.30    5.42    0.00   85.71     7  bt-mz.B.24
02:53:12        21884   90.64    6.90    0.00   97.54    20  bt-mz.B.24
02:53:12        21885  101.48    5.91    0.00  107.39    14  bt-mz.B.24
02:53:12        21888  101.48    5.91    0.00  107.39    24  bt-mz.B.24

02:53:12          PID    %usr %system  %guest    %CPU   CPU  Command
02:53:14          150    0.00    0.50    0.00    0.50    19  events/19
02:53:14         3133    0.00    0.50    0.00    0.50     0  kondemand/0
02:53:14        21858    0.50    0.50    0.00    1.00     0  top
02:53:14        21860    0.50    2.00    0.00    2.50    21  pidstat
02:53:14        21862    0.00    1.00    0.00    1.00    14  pidstat
02:53:14        21871  134.00    0.00    0.00  134.00    29  bt-mz.B.24
02:53:14        21872  129.00    0.00    0.00  129.00    14  bt-mz.B.24
02:53:14        21873  113.00    0.00    0.00  113.00    19  bt-mz.B.24
02:53:14        21874  110.50    0.00    0.00  110.50    26  bt-mz.B.24
02:53:14        21875  124.50    0.00    0.00  124.50     8  bt-mz.B.24
02:53:14        21876  116.50    0.50    0.00  117.00    23  bt-mz.B.24
02:53:14        21877  123.00    0.00    0.00  123.00    28  bt-mz.B.24
02:53:14        21878  103.00    0.00    0.00  103.00    22  bt-mz.B.24
02:53:14        21879  119.00    0.00    0.00  119.00    25  bt-mz.B.24
02:53:14        21880  119.00    0.00    0.00  119.00     7  bt-mz.B.24
02:53:14        21881  106.00    0.00    0.00  106.00    25  bt-mz.B.24
02:53:14        21882  110.50    0.00    0.00  110.50     5  bt-mz.B.24
02:53:14        21884  109.00    0.00    0.00  109.00    22  bt-mz.B.24
02:53:14        21885  120.00    0.00    0.00  120.00    26  bt-mz.B.24
02:53:14        21888  124.00    0.00    0.00  124.00    27  bt-mz.B.24

02:53:14          PID    %usr %system  %guest    %CPU   CPU  Command
02:53:16         3163    0.00    0.50    0.00    0.50    30  kondemand/30
02:53:16         3180    0.00    1.00    0.00    1.00     4  kipmi0
02:53:16         4128    0.00    0.50    0.00    0.50     1  gmond
02:53:16        21858    1.00    1.00    0.00    2.00     0  top
02:53:16        21860    1.00    1.50    0.00    2.50    21  pidstat
02:53:16        21862    2.00    2.50    0.00    4.50    10  pidstat
02:53:16        21871  144.50    0.00    0.00  144.50    25  bt-mz.B.24
02:53:16        21872  133.00    0.00    0.00  133.00    12  bt-mz.B.24
02:53:16        21873  131.00    0.00    0.00  131.00     6  bt-mz.B.24
02:53:16        21874  117.50    0.00    0.00  117.50    17  bt-mz.B.24
02:53:16        21875  125.00    0.00    0.00  125.00    24  bt-mz.B.24
02:53:16        21876  116.50    0.00    0.00  116.50    23  bt-mz.B.24
02:53:16        21877  112.50    0.00    0.00  112.50    28  bt-mz.B.24
02:53:16        21878  115.50    0.00    0.00  115.50     7  bt-mz.B.24
02:53:16        21879  121.50    0.00    0.00  121.50    14  bt-mz.B.24
02:53:16        21880  131.00    0.00    0.00  131.00    18  bt-mz.B.24
02:53:16        21881  122.50    0.00    0.00  122.50    15  bt-mz.B.24
02:53:16        21882  115.50    0.00    0.00  115.50    22  bt-mz.B.24
02:53:16        21884  115.50    0.00    0.00  115.50     0  bt-mz.B.24
02:53:16        21885  126.00    0.00    0.00  126.00    26  bt-mz.B.24
02:53:16        21888  127.50    0.00    0.00  127.50    27  bt-mz.B.24

02:53:16          PID    %usr %system  %guest    %CPU   CPU  Command
02:53:18          132    0.00    0.50    0.00    0.50     1  events/1
02:53:18         3149    0.00    0.50    0.00    0.50    16  kondemand/16
02:53:18         3158    0.00    0.50    0.00    0.50    25  kondemand/25
02:53:18         3180    0.00    0.50    0.00    0.50     4  kipmi0
02:53:18         4128    0.50    0.00    0.00    0.50     1  gmond
02:53:18        21858    0.50    0.50    0.00    1.00     0  top
02:53:18        21860    0.50    2.00    0.00    2.50    21  pidstat
02:53:18        21862    0.00    1.50    0.00    1.50    10  pidstat
02:53:18        21871  134.00    0.00    0.00  134.00    31  bt-mz.B.24
02:53:18        21872  125.50    0.00    0.00  125.50    26  bt-mz.B.24
02:53:18        21873  121.00    0.00    0.00  121.00     6  bt-mz.B.24
02:53:18        21874  119.50    0.00    0.00  119.50     0  bt-mz.B.24
02:53:18        21875  129.50    0.00    0.00  129.50    11  bt-mz.B.24
02:53:18        21876  124.50    0.00    0.00  124.50    28  bt-mz.B.24
02:53:18        21877  112.50    0.50    0.00  113.00    12  bt-mz.B.24
02:53:18        21878  116.00    0.00    0.00  116.00    18  bt-mz.B.24
02:53:18        21879  114.50    0.00    0.00  114.50     8  bt-mz.B.24
02:53:18        21880  118.50    0.00    0.00  118.50     5  bt-mz.B.24
02:53:18        21881  125.50    0.00    0.00  125.50    25  bt-mz.B.24
02:53:18        21882  127.00    0.00    0.00  127.00    17  bt-mz.B.24
02:53:18        21884  123.00    0.00    0.00  123.00     1  bt-mz.B.24
02:53:18        21885  126.00    0.00    0.00  126.00    10  bt-mz.B.24
02:53:18        21888  115.00    0.00    0.00  115.00    31  bt-mz.B.24

02:53:18          PID    %usr %system  %guest    %CPU   CPU  Command
02:53:20         3135    0.00    0.50    0.00    0.50     2  kondemand/2
02:53:20         3143    0.00    0.50    0.00    0.50    10  kondemand/10
02:53:20         3147    0.00    0.50    0.00    0.50    14  kondemand/14
02:53:20         4128    0.00    0.50    0.00    0.50     1  gmond
02:53:20        21858    0.50    0.50    0.00    1.00     0  top
02:53:20        21860    0.50    1.50    0.00    2.00    21  pidstat
02:53:20        21862    1.00    1.50    0.00    2.50    10  pidstat
02:53:20        21871  136.00    0.00    0.00  136.00     8  bt-mz.B.24
02:53:20        21872  123.50    0.00    0.00  123.50    31  bt-mz.B.24
02:53:20        21873  122.00    0.00    0.00  122.00     1  bt-mz.B.24
02:53:20        21874  113.00    0.00    0.00  113.00    22  bt-mz.B.24
02:53:20        21875  124.00    0.50    0.00  124.50    11  bt-mz.B.24
02:53:20        21876  116.50    0.00    0.00  116.50     9  bt-mz.B.24
02:53:20        21877  120.00    0.00    0.00  120.00    28  bt-mz.B.24
02:53:20        21878  116.50    0.00    0.00  116.50     2  bt-mz.B.24
02:53:20        21879  113.50    0.50    0.00  114.00    12  bt-mz.B.24
02:53:20        21880  114.50    0.00    0.00  114.50     7  bt-mz.B.24
02:53:20        21881  118.00    0.00    0.00  118.00    25  bt-mz.B.24
02:53:20        21882  126.00    0.00    0.00  126.00     0  bt-mz.B.24
02:53:20        21884  123.50    0.00    0.00  123.50    19  bt-mz.B.24
02:53:20        21885  112.00    0.00    0.00  112.00    13  bt-mz.B.24
02:53:20        21888  119.50    0.00    0.00  119.50    27  bt-mz.B.24

02:53:20          PID    %usr %system  %guest    %CPU   CPU  Command
02:53:22         3140    0.00    0.50    0.00    0.50     7  kondemand/7
02:53:22         3157    0.00    0.50    0.00    0.50    24  kondemand/24
02:53:22         3160    0.00    0.50    0.00    0.50    27  kondemand/27
02:53:22        21858    0.50    1.00    0.00    1.50     0  top
02:53:22        21860    1.00    1.50    0.00    2.50     5  pidstat
02:53:22        21862    1.00    2.00    0.00    3.00    26  pidstat
02:53:22        21871  125.00    0.00    0.00  125.00    28  bt-mz.B.24
02:53:22        21872  128.00    0.00    0.00  128.00    30  bt-mz.B.24
02:53:22        21873  126.50    0.00    0.00  126.50    21  bt-mz.B.24
02:53:22        21874  125.50    0.00    0.00  125.50     6  bt-mz.B.24
02:53:22        21875  131.00    0.00    0.00  131.00    27  bt-mz.B.24
02:53:22        21876  112.50    0.50    0.00  113.00     9  bt-mz.B.24
02:53:22        21877  127.50    0.00    0.00  127.50    12  bt-mz.B.24
02:53:22        21878  123.50    0.00    0.00  123.50    22  bt-mz.B.24
02:53:22        21879  112.00    0.00    0.00  112.00     9  bt-mz.B.24
02:53:22        21880  121.50    0.00    0.00  121.50    21  bt-mz.B.24
02:53:22        21881  127.50    0.00    0.00  127.50     8  bt-mz.B.24
02:53:22        21882  125.00    0.00    0.00  125.00    17  bt-mz.B.24
02:53:22        21884  132.50    0.00    0.00  132.50    19  bt-mz.B.24
02:53:22        21885  117.00    0.00    0.00  117.00    10  bt-mz.B.24
02:53:22        21888  118.00    0.00    0.00  118.00    11  bt-mz.B.24

02:53:22          PID    %usr %system  %guest    %CPU   CPU  Command
02:53:24          131    0.00    0.50    0.00    0.50     0  events/0
02:53:24         3195    0.00    0.50    0.00    0.50    28  irqbalance
02:53:24         4128    0.00    0.50    0.00    0.50     1  gmond
02:53:24        21858    0.50    1.00    0.00    1.50    16  top
02:53:24        21860    0.50    2.00    0.00    2.50    21  pidstat
02:53:24        21862    0.50    2.00    0.00    2.50    10  pidstat
02:53:24        21871  136.00    0.00    0.00  136.00    15  bt-mz.B.24
02:53:24        21872  128.00    0.00    0.00  128.00     9  bt-mz.B.24
02:53:24        21873  119.00    0.00    0.00  119.00    17  bt-mz.B.24
02:53:24        21874  123.00    0.00    0.00  123.00    22  bt-mz.B.24
02:53:24        21875  123.50    0.00    0.00  123.50    28  bt-mz.B.24
02:53:24        21876  122.50    0.00    0.00  122.50    13  bt-mz.B.24
02:53:24        21877  110.00    0.00    0.00  110.00    26  bt-mz.B.24
02:53:24        21878  123.00    0.00    0.00  123.00     2  bt-mz.B.24
02:53:24        21879  119.50    0.00    0.00  119.50     8  bt-mz.B.24
02:53:24        21880  125.50    0.00    0.00  125.50     7  bt-mz.B.24
02:53:24        21881  115.00    0.00    0.00  115.00    25  bt-mz.B.24
02:53:24        21882  120.00    0.00    0.00  120.00    21  bt-mz.B.24
02:53:24        21884  128.50    0.50    0.00  129.00     3  bt-mz.B.24
02:53:24        21885  118.00    0.00    0.00  118.00    14  bt-mz.B.24
02:53:24        21888  120.50    0.00    0.00  120.50    27  bt-mz.B.24

02:53:24          PID    %usr %system  %guest    %CPU   CPU  Command
02:53:26         3141    0.00    0.50    0.00    0.50     8  kondemand/8
02:53:26         3152    0.00    0.50    0.00    0.50    19  kondemand/19
02:53:26         3159    0.00    0.50    0.00    0.50    26  kondemand/26
02:53:26         3164    0.00    0.50    0.00    0.50    31  kondemand/31
02:53:26         3180    0.00    0.50    0.00    0.50     0  kipmi0
02:53:26         4128    0.50    0.00    0.00    0.50     1  gmond
02:53:26        21858    0.50    0.50    0.00    1.00     0  top
02:53:26        21860    0.50    2.00    0.00    2.50     5  pidstat
02:53:26        21862    0.50    1.00    0.00    1.50    26  pidstat
02:53:26        21871  125.50    0.00    0.00  125.50    29  bt-mz.B.24
02:53:26        21872  119.00    0.00    0.00  119.00    24  bt-mz.B.24
02:53:26        21873  121.00    0.00    0.00  121.00    17  bt-mz.B.24
02:53:26        21874  114.50    0.00    0.00  114.50     6  bt-mz.B.24
02:53:26        21875  106.00    0.00    0.00  106.00    27  bt-mz.B.24
02:53:26        21876  112.50    0.00    0.00  112.50    10  bt-mz.B.24
02:53:26        21877  117.50    0.00    0.00  117.50    31  bt-mz.B.24
02:53:26        21878  124.50    0.00    0.00  124.50    18  bt-mz.B.24
02:53:26        21879  103.50    0.00    0.00  103.50    26  bt-mz.B.24
02:53:26        21880  125.50    0.00    0.00  125.50     7  bt-mz.B.24
02:53:26        21881  130.50    0.00    0.00  130.50     9  bt-mz.B.24
02:53:26        21882  114.50    0.00    0.00  114.50    22  bt-mz.B.24
02:53:26        21884  128.50    0.00    0.00  128.50    16  bt-mz.B.24
02:53:26        21885  125.00    0.00    0.00  125.00    14  bt-mz.B.24
02:53:26        21888  119.00    0.00    0.00  119.00    10  bt-mz.B.24

02:53:26          PID    %usr %system  %guest    %CPU   CPU  Command
02:53:28         3137    0.00    0.50    0.00    0.50     4  kondemand/4
02:53:28         3138    0.00    0.50    0.00    0.50     5  kondemand/5
02:53:28         3156    0.00    0.50    0.00    0.50    23  kondemand/23
02:53:28         3180    0.00    0.50    0.00    0.50     0  kipmi0
02:53:28         4128    0.00    0.50    0.00    0.50     1  gmond
02:53:28        21858    0.50    0.50    0.00    1.00     0  top
02:53:28        21860    1.00    1.50    0.00    2.50     5  pidstat
02:53:28        21862    0.50    1.50    0.00    2.00    10  pidstat
02:53:28        21864    0.00    0.50    0.00    0.50    28  iostat
02:53:28        21871  131.00    0.00    0.00  131.00    11  bt-mz.B.24
02:53:28        21872  119.00    0.00    0.00  119.00    29  bt-mz.B.24
02:53:28        21873  124.50    0.00    0.00  124.50    17  bt-mz.B.24
02:53:28        21874  119.00    0.00    0.00  119.00     7  bt-mz.B.24
02:53:28        21875  115.00    0.00    0.00  115.00    27  bt-mz.B.24
02:53:28        21876  127.50    0.00    0.00  127.50    14  bt-mz.B.24
02:53:28        21877  123.50    0.00    0.00  123.50    31  bt-mz.B.24
02:53:28        21878  111.50    0.00    0.00  111.50    19  bt-mz.B.24
02:53:28        21879  118.50    0.00    0.00  118.50    11  bt-mz.B.24
02:53:28        21880  118.00    0.00    0.00  118.00     4  bt-mz.B.24
02:53:28        21881  119.50    0.00    0.00  119.50    25  bt-mz.B.24
02:53:28        21882  123.50    0.00    0.00  123.50     3  bt-mz.B.24
02:53:28        21884  119.00    0.00    0.00  119.00    22  bt-mz.B.24
02:53:28        21885  113.50    0.50    0.00  114.00    15  bt-mz.B.24
02:53:28        21888  120.50    0.00    0.00  120.50    24  bt-mz.B.24

02:53:28          PID    %usr %system  %guest    %CPU   CPU  Command
02:53:30           45    0.00    0.50    0.00    0.50    10  ksoftirqd/10
02:53:30         3180    0.00    0.50    0.00    0.50    20  kipmi0
02:53:30        21858    1.00    0.50    0.00    1.50     0  top
02:53:30        21860    0.50    1.50    0.00    2.00     5  pidstat
02:53:30        21862    1.00    2.50    0.00    3.50    10  pidstat
02:53:30        21871  140.00    0.00    0.00  140.00    15  bt-mz.B.24
02:53:30        21872  126.00    0.00    0.00  126.00    30  bt-mz.B.24
02:53:30        21873  135.00    0.00    0.00  135.00     1  bt-mz.B.24
02:53:30        21874  117.50    0.00    0.00  117.50    22  bt-mz.B.24
02:53:30        21875  120.50    0.00    0.00  120.50    10  bt-mz.B.24
02:53:30        21876  118.00    0.50    0.00  118.50     9  bt-mz.B.24
02:53:30        21877  125.00    0.00    0.00  125.00    26  bt-mz.B.24
02:53:30        21878  124.00    0.00    0.00  124.00    19  bt-mz.B.24
02:53:30        21879  118.50    0.00    0.00  118.50    13  bt-mz.B.24
02:53:30        21880  122.50    0.00    0.00  122.50    20  bt-mz.B.24
02:53:30        21881  117.00    0.00    0.00  117.00    11  bt-mz.B.24
02:53:30        21882  120.00    0.00    0.00  120.00     6  bt-mz.B.24
02:53:30        21884  120.50    0.00    0.00  120.50     0  bt-mz.B.24
02:53:30        21885  123.00    0.00    0.00  123.00    12  bt-mz.B.24
02:53:30        21888  119.50    0.00    0.00  119.50     8  bt-mz.B.24

02:53:30          PID    %usr %system  %guest    %CPU   CPU  Command
02:53:32        21858    0.50    1.00    0.00    1.50    20  top
02:53:32        21860    1.00    2.00    0.00    3.00     5  pidstat
02:53:32        21862    1.00    2.50    0.00    3.50    10  pidstat
02:53:32        21871  130.00    0.00    0.00  130.00    28  bt-mz.B.24
02:53:32        21872  125.00    0.00    0.00  125.00    13  bt-mz.B.24
02:53:32        21873  127.00    0.00    0.00  127.00    21  bt-mz.B.24
02:53:32        21874  122.50    0.50    0.00  123.00     3  bt-mz.B.24
02:53:32        21875  122.50    0.00    0.00  122.50    26  bt-mz.B.24
02:53:32        21876  120.50    0.00    0.00  120.50    11  bt-mz.B.24
02:53:32        21877  122.50    0.50    0.00  123.00    15  bt-mz.B.24
02:53:32        21878  122.50    0.00    0.00  122.50     2  bt-mz.B.24
02:53:32        21879  120.50    0.00    0.00  120.50    29  bt-mz.B.24
02:53:32        21880  124.50    0.50    0.00  125.00    18  bt-mz.B.24
02:53:32        21881  119.00    0.00    0.00  119.00    31  bt-mz.B.24
02:53:32        21882  125.50    0.00    0.00  125.50     4  bt-mz.B.24
02:53:32        21884  119.50    0.00    0.00  119.50     7  bt-mz.B.24
02:53:32        21885  120.00    0.00    0.00  120.00    12  bt-mz.B.24
02:53:32        21888  124.00    0.00    0.00  124.00     8  bt-mz.B.24

02:53:32          PID    %usr %system  %guest    %CPU   CPU  Command
02:53:34         3134    0.00    0.50    0.00    0.50     1  kondemand/1
02:53:34         3136    0.00    0.50    0.00    0.50     3  kondemand/3
02:53:34         3142    0.00    0.50    0.00    0.50     9  kondemand/9
02:53:34         3144    0.00    0.50    0.00    0.50    11  kondemand/11
02:53:34         3146    0.00    0.50    0.00    0.50    13  kondemand/13
02:53:34         4128    0.00    0.50    0.00    0.50     1  gmond
02:53:34        21858    0.00    1.00    0.00    1.00    20  top
02:53:34        21860    0.50    1.50    0.00    2.00     5  pidstat
02:53:34        21862    0.50    1.50    0.00    2.00    26  pidstat
02:53:34        21871  130.50    0.00    0.00  130.50    25  bt-mz.B.24
02:53:34        21872  124.50    0.00    0.00  124.50    30  bt-mz.B.24
02:53:34        21873  129.00    0.00    0.00  129.00    17  bt-mz.B.24
02:53:34        21874  119.00    0.00    0.00  119.00    19  bt-mz.B.24
02:53:34        21875  118.50    0.00    0.00  118.50    10  bt-mz.B.24
02:53:34        21876  116.50    0.00    0.00  116.50    11  bt-mz.B.24
02:53:34        21877  117.00    0.00    0.00  117.00    12  bt-mz.B.24
02:53:34        21878  119.00    0.00    0.00  119.00     2  bt-mz.B.24
02:53:34        21879  113.50    0.00    0.00  113.50    14  bt-mz.B.24
02:53:34        21880  112.50    0.00    0.00  112.50    20  bt-mz.B.24
02:53:34        21881  124.00    0.00    0.00  124.00    31  bt-mz.B.24
02:53:34        21882  120.00    0.00    0.00  120.00     3  bt-mz.B.24
02:53:34        21884  115.50    0.00    0.00  115.50    23  bt-mz.B.24
02:53:34        21885  115.00    0.00    0.00  115.00    24  bt-mz.B.24
02:53:34        21888  125.50    0.00    0.00  125.50    13  bt-mz.B.24

02:53:34          PID    %usr %system  %guest    %CPU   CPU  Command
02:53:36           85    0.00    0.50    0.00    0.50    20  ksoftirqd/20
02:53:36         3145    0.00    0.50    0.00    0.50    12  kondemand/12
02:53:36         4128    0.00    0.50    0.00    0.50     1  gmond
02:53:36        21858    1.00    0.50    0.00    1.50     4  top
02:53:36        21860    0.50    2.00    0.00    2.50    21  pidstat
02:53:36        21862    0.50    2.00    0.00    2.50    10  pidstat
02:53:36        21871  140.50    0.00    0.00  140.50    29  bt-mz.B.24
02:53:36        21872  130.00    0.50    0.00  130.50    30  bt-mz.B.24
02:53:36        21873  128.00    0.00    0.00  128.00    18  bt-mz.B.24
02:53:36        21874  117.50    0.00    0.00  117.50    19  bt-mz.B.24
02:53:36        21875  126.50    0.00    0.00  126.50    26  bt-mz.B.24
02:53:36        21876  113.50    0.00    0.00  113.50    15  bt-mz.B.24
02:53:36        21877  126.50    0.00    0.00  126.50    27  bt-mz.B.24
02:53:36        21878  130.50    0.00    0.00  130.50     3  bt-mz.B.24
02:53:36        21879  115.00    0.00    0.00  115.00    13  bt-mz.B.24
02:53:36        21880  118.50    0.00    0.00  118.50     1  bt-mz.B.24
02:53:36        21881  134.50    0.00    0.00  134.50    31  bt-mz.B.24
02:53:36        21882  122.50    0.00    0.00  122.50    22  bt-mz.B.24
02:53:36        21884  116.50    0.00    0.00  116.50     2  bt-mz.B.24
02:53:36        21885  119.50    0.00    0.00  119.50    25  bt-mz.B.24
02:53:36        21888  110.00    0.50    0.00  110.50     9  bt-mz.B.24

02:53:36          PID    %usr %system  %guest    %CPU   CPU  Command
02:53:38         3133    0.00    0.50    0.00    0.50     0  kondemand/0
02:53:38         3148    0.00    0.50    0.00    0.50    15  kondemand/15
02:53:38         4128    0.50    0.00    0.00    0.50     1  gmond
02:53:38        21858    0.50    0.50    0.00    1.00     4  top
02:53:38        21860    1.00    1.50    0.00    2.50    21  pidstat
02:53:38        21862    1.00    1.50    0.00    2.50    10  pidstat
02:53:38        21871  145.00    0.00    0.00  145.00    27  bt-mz.B.24
02:53:38        21872  112.00    0.00    0.00  112.00    24  bt-mz.B.24
02:53:38        21873  128.00    0.50    0.00  128.50     2  bt-mz.B.24
02:53:38        21874  123.00    0.00    0.00  123.00     5  bt-mz.B.24
02:53:38        21875  113.50    0.00    0.00  113.50     8  bt-mz.B.24
02:53:38        21876  115.00    0.00    0.00  115.00    31  bt-mz.B.24
02:53:38        21877  119.00    0.00    0.00  119.00    11  bt-mz.B.24
02:53:38        21878  119.00    0.00    0.00  119.00    17  bt-mz.B.24
02:53:38        21879  115.00    0.00    0.00  115.00    13  bt-mz.B.24
02:53:38        21880  122.50    0.00    0.00  122.50     3  bt-mz.B.24
02:53:38        21881  118.50    0.00    0.00  118.50     9  bt-mz.B.24
02:53:38        21882  116.00    0.00    0.00  116.00    23  bt-mz.B.24
02:53:38        21884  118.50    0.00    0.00  118.50     4  bt-mz.B.24
02:53:38        21885  127.50    0.00    0.00  127.50    30  bt-mz.B.24
02:53:38        21888  112.00    0.00    0.00  112.00    15  bt-mz.B.24

02:53:38          PID    %usr %system  %guest    %CPU   CPU  Command
02:53:40         3150    0.00    0.50    0.00    0.50    17  kondemand/17
02:53:40         3151    0.00    0.50    0.00    0.50    18  kondemand/18
02:53:40         3161    0.00    0.50    0.00    0.50    28  kondemand/28
02:53:40         3180    0.00    0.50    0.00    0.50     6  kipmi0
02:53:40         4128    0.00    0.50    0.00    0.50     1  gmond
02:53:40        21858    0.50    0.50    0.00    1.00     4  top
02:53:40        21860    0.50    2.00    0.00    2.50    21  pidstat
02:53:40        21862    0.50    1.00    0.00    1.50    26  pidstat
02:53:40        21871  137.00    0.00    0.00  137.00    26  bt-mz.B.24
02:53:40        21872  121.00    0.00    0.00  121.00    29  bt-mz.B.24
02:53:40        21873  116.00    0.00    0.00  116.00     2  bt-mz.B.24
02:53:40        21874  119.50    0.00    0.00  119.50     5  bt-mz.B.24
02:53:40        21875  121.00    0.00    0.00  121.00     8  bt-mz.B.24
02:53:40        21876  105.00    0.00    0.00  105.00    15  bt-mz.B.24
02:53:40        21877  120.00    0.00    0.00  120.00    11  bt-mz.B.24
02:53:40        21878  125.00    0.00    0.00  125.00     1  bt-mz.B.24
02:53:40        21879  124.50    0.00    0.00  124.50    13  bt-mz.B.24
02:53:40        21880  110.50    0.00    0.00  110.50     0  bt-mz.B.24
02:53:40        21881  126.00    0.00    0.00  126.00    25  bt-mz.B.24
02:53:40        21882  122.00    0.00    0.00  122.00    23  bt-mz.B.24
02:53:40        21884  119.50    0.00    0.00  119.50     4  bt-mz.B.24
02:53:40        21885  131.50    0.00    0.00  131.50    14  bt-mz.B.24
02:53:40        21888  103.00    0.50    0.00  103.50     9  bt-mz.B.24

02:53:40          PID    %usr %system  %guest    %CPU   CPU  Command
02:53:42          139    0.00    0.50    0.00    0.50     8  events/8
02:53:42         3139    0.00    0.50    0.00    0.50     6  kondemand/6
02:53:42         3155    0.00    0.50    0.00    0.50    22  kondemand/22
02:53:42         3180    0.00    1.00    0.00    1.00    22  kipmi0
02:53:42         3684    0.00    0.50    0.00    0.50    22  snmpd
02:53:42         3852    0.50    1.00    0.00    1.50    24  pbs_mom
02:53:42        21858    1.00    1.00    0.00    2.00     4  top
02:53:42        21860    1.00    1.50    0.00    2.50    21  pidstat
02:53:42        21862    1.00    2.50    0.00    3.50    10  pidstat
02:53:42        21871  133.50    0.00    0.00  133.50     8  bt-mz.B.24
02:53:42        21872  128.00    0.00    0.00  128.00     9  bt-mz.B.24
02:53:42        21873  125.50    0.00    0.00  125.50     7  bt-mz.B.24
02:53:42        21874  118.00    0.00    0.00  118.00     6  bt-mz.B.24
02:53:42        21875  117.50    0.00    0.00  117.50    13  bt-mz.B.24
02:53:42        21876  128.50    0.00    0.00  128.50    15  bt-mz.B.24
02:53:42        21877  115.50    0.00    0.00  115.50    24  bt-mz.B.24
02:53:42        21878  109.00    0.00    0.00  109.00    20  bt-mz.B.24
02:53:42        21879  115.00    0.50    0.00  115.50    31  bt-mz.B.24
02:53:42        21880  116.50    0.00    0.00  116.50     4  bt-mz.B.24
02:53:42        21881  121.50    0.50    0.00  122.00    25  bt-mz.B.24
02:53:42        21882  131.00    0.00    0.00  131.00    23  bt-mz.B.24
02:53:42        21884  114.00    0.00    0.00  114.00    17  bt-mz.B.24
02:53:42        21885  123.50    0.00    0.00  123.50    30  bt-mz.B.24
02:53:42        21888  119.50    0.00    0.00  119.50    12  bt-mz.B.24

02:53:42          PID    %usr %system  %guest    %CPU   CPU  Command
02:53:44         3153    0.00    0.50    0.00    0.50    20  kondemand/20
02:53:44         3154    0.00    0.50    0.00    0.50    21  kondemand/21
02:53:44         3162    0.00    0.50    0.00    0.50    29  kondemand/29
02:53:44         4128    0.00    0.50    0.00    0.50    17  gmond
02:53:44        21858    0.50    0.50    0.00    1.00     4  top
02:53:44        21860    0.50    2.00    0.00    2.50    21  pidstat
02:53:44        21862    1.00    2.00    0.00    3.00    26  pidstat
02:53:44        21871  131.00    0.00    0.00  131.00    25  bt-mz.B.24
02:53:44        21872  132.50    0.00    0.00  132.50    31  bt-mz.B.24
02:53:44        21873  131.50    0.00    0.00  131.50    18  bt-mz.B.24
02:53:44        21874  117.50    0.00    0.00  117.50    21  bt-mz.B.24
02:53:44        21875  114.50    0.00    0.00  114.50     9  bt-mz.B.24
02:53:44        21876  114.00    0.00    0.00  114.00    15  bt-mz.B.24
02:53:44        21877  112.50    0.00    0.00  112.50    14  bt-mz.B.24
02:53:44        21878  121.50    0.50    0.00  122.00     0  bt-mz.B.24
02:53:44        21879  124.50    0.00    0.00  124.50    10  bt-mz.B.24
02:53:44        21880  119.50    0.00    0.00  119.50    17  bt-mz.B.24
02:53:44        21881  119.00    0.00    0.00  119.00    24  bt-mz.B.24
02:53:44        21882  124.00    0.00    0.00  124.00    23  bt-mz.B.24
02:53:44        21884  125.00    0.00    0.00  125.00    19  bt-mz.B.24
02:53:44        21885  126.50    0.00    0.00  126.50    30  bt-mz.B.24
02:53:44        21888  117.50    0.00    0.00  117.50    28  bt-mz.B.24

02:53:44          PID    %usr %system  %guest    %CPU   CPU  Command
02:53:46           21    0.00    0.50    0.00    0.50     4  ksoftirqd/4
02:53:46         3021    0.00    1.50    0.00    1.50    12  flush-8:0
02:53:46         3147    0.00    0.50    0.00    0.50    14  kondemand/14
02:53:46         3163    0.00    0.50    0.00    0.50    30  kondemand/30
02:53:46        21858    0.50    0.50    0.00    1.00     4  top
02:53:46        21860    0.50    2.00    0.00    2.50     5  pidstat
02:53:46        21862    0.50    2.00    0.00    2.50    26  pidstat
02:53:46        21871  134.00    0.00    0.00  134.00    10  bt-mz.B.24
02:53:46        21872  121.50    0.00    0.00  121.50    11  bt-mz.B.24
02:53:46        21873  131.50    0.00    0.00  131.50    18  bt-mz.B.24
02:53:46        21874  125.00    0.00    0.00  125.00    21  bt-mz.B.24
02:53:46        21875  108.00    0.00    0.00  108.00    29  bt-mz.B.24
02:53:46        21876  123.00    0.00    0.00  123.00    31  bt-mz.B.24
02:53:46        21877  119.00    0.00    0.00  119.00    24  bt-mz.B.24
02:53:46        21878  125.00    0.00    0.00  125.00    17  bt-mz.B.24
02:53:46        21879  114.00    0.00    0.00  114.00    30  bt-mz.B.24
02:53:46        21880  120.50    0.00    0.00  120.50     0  bt-mz.B.24
02:53:46        21881  130.50    0.00    0.00  130.50    31  bt-mz.B.24
02:53:46        21882  122.00    0.00    0.00  122.00    20  bt-mz.B.24
02:53:46        21884  126.00    0.00    0.00  126.00    19  bt-mz.B.24
02:53:46        21885  127.50    0.00    0.00  127.50    14  bt-mz.B.24
02:53:46        21888  129.00    0.00    0.00  129.00    26  bt-mz.B.24

02:53:46          PID    %usr %system  %guest    %CPU   CPU  Command
02:53:48         3143    0.00    0.50    0.00    0.50    10  kondemand/10
02:53:48         3149    0.00    0.50    0.00    0.50    16  kondemand/16
02:53:48         4128    0.00    0.50    0.00    0.50    17  gmond
02:53:48        21858    0.50    1.00    0.00    1.50     4  top
02:53:48        21860    0.50    1.50    0.00    2.00    21  pidstat
02:53:48        21862    0.50    2.00    0.00    2.50    10  pidstat
02:53:48        21871  127.50    0.00    0.00  127.50    13  bt-mz.B.24
02:53:48        21872  122.00    0.00    0.00  122.00    12  bt-mz.B.24
02:53:48        21873  132.00    0.00    0.00  132.00    18  bt-mz.B.24
02:53:48        21874  114.00    0.00    0.00  114.00     5  bt-mz.B.24
02:53:48        21875  118.00    0.00    0.00  118.00    31  bt-mz.B.24
02:53:48        21876  124.00    0.00    0.00  124.00    30  bt-mz.B.24
02:53:48        21877  108.00    0.00    0.00  108.00    26  bt-mz.B.24
02:53:48        21878  114.50    0.00    0.00  114.50     5  bt-mz.B.24
02:53:48        21879  118.50    0.00    0.00  118.50    14  bt-mz.B.24
02:53:48        21880  117.50    0.00    0.00  117.50    16  bt-mz.B.24
02:53:48        21881  112.00    0.00    0.00  112.00     8  bt-mz.B.24
02:53:48        21882  119.00    0.50    0.00  119.50    22  bt-mz.B.24
02:53:48        21884  114.00    0.00    0.00  114.00     7  bt-mz.B.24
02:53:48        21885  121.50    0.00    0.00  121.50    15  bt-mz.B.24
02:53:48        21888  110.50    0.00    0.00  110.50     9  bt-mz.B.24

02:53:48          PID    %usr %system  %guest    %CPU   CPU  Command
02:53:50         3135    0.00    0.50    0.00    0.50     2  kondemand/2
02:53:50         3158    0.00    0.50    0.00    0.50    25  kondemand/25
02:53:50         3180    0.00    0.50    0.00    0.50    22  kipmi0
02:53:50         4128    0.00    0.50    0.00    0.50    17  gmond
02:53:50        21858    0.50    0.50    0.00    1.00     4  top
02:53:50        21860    1.00    1.50    0.00    2.50    21  pidstat
02:53:50        21862    1.00    1.50    0.00    2.50    26  pidstat
02:53:50        21863    0.50    0.00    0.00    0.50     6  mpstat
02:53:50        21871  135.00    0.00    0.00  135.00    29  bt-mz.B.24
02:53:50        21872  125.00    0.00    0.00  125.00    11  bt-mz.B.24
02:53:50        21873  125.50    0.00    0.00  125.50    18  bt-mz.B.24
02:53:50        21874  118.50    0.00    0.00  118.50     5  bt-mz.B.24
02:53:50        21875  117.50    0.50    0.00  118.00    10  bt-mz.B.24
02:53:50        21876  109.00    0.00    0.00  109.00    24  bt-mz.B.24
02:53:50        21877  117.00    0.00    0.00  117.00    30  bt-mz.B.24
02:53:50        21878  113.50    0.00    0.00  113.50     5  bt-mz.B.24
02:53:50        21879  120.50    0.00    0.00  120.50     9  bt-mz.B.24
02:53:50        21880  112.50    0.00    0.00  112.50     3  bt-mz.B.24
02:53:50        21881  109.50    0.00    0.00  109.50    25  bt-mz.B.24
02:53:50        21882  115.50    0.00    0.00  115.50     0  bt-mz.B.24
02:53:50        21884  110.50    0.00    0.00  110.50     0  bt-mz.B.24
02:53:50        21885  110.50    0.00    0.00  110.50    12  bt-mz.B.24
02:53:50        21888  114.50    0.00    0.00  114.50    15  bt-mz.B.24

02:53:50          PID    %usr %system  %guest    %CPU   CPU  Command
02:53:52          148    0.00    0.50    0.00    0.50    17  events/17
02:53:52         3140    0.00    0.50    0.00    0.50     7  kondemand/7
02:53:52         3141    0.00    0.50    0.00    0.50     8  kondemand/8
02:53:52         3157    0.00    0.50    0.00    0.50    24  kondemand/24
02:53:52         3160    0.00    0.50    0.00    0.50    27  kondemand/27
02:53:52        21858    1.00    0.50    0.00    1.50     4  top
02:53:52        21860    0.50    2.00    0.00    2.50    21  pidstat
02:53:52        21862    0.00    1.50    0.00    1.50    26  pidstat
02:53:52        21871  130.00    0.00    0.00  130.00    13  bt-mz.B.24
02:53:52        21872  125.50    0.00    0.00  125.50    27  bt-mz.B.24
02:53:52        21873  108.00    0.00    0.00  108.00     2  bt-mz.B.24
02:53:52        21874  125.00    0.00    0.00  125.00    22  bt-mz.B.24
02:53:52        21875  115.00    0.00    0.00  115.00    26  bt-mz.B.24
02:53:52        21876  123.50    0.00    0.00  123.50    24  bt-mz.B.24
02:53:52        21877  113.50    0.00    0.00  113.50    14  bt-mz.B.24
02:53:52        21878  122.00    0.00    0.00  122.00     0  bt-mz.B.24
02:53:52        21879  117.50    0.00    0.00  117.50     8  bt-mz.B.24
02:53:52        21880  128.50    0.00    0.00  128.50    18  bt-mz.B.24
02:53:52        21881  124.00    0.00    0.00  124.00    13  bt-mz.B.24
02:53:52        21882  119.00    0.00    0.00  119.00    17  bt-mz.B.24
02:53:52        21884  119.50    0.00    0.00  119.50    16  bt-mz.B.24
02:53:52        21885  129.00    0.00    0.00  129.00    12  bt-mz.B.24
02:53:52        21888  109.00    0.00    0.00  109.00    25  bt-mz.B.24

02:53:52          PID    %usr %system  %guest    %CPU   CPU  Command
02:53:54         3180    0.00    0.50    0.00    0.50    22  kipmi0
02:53:54         4128    0.50    0.50    0.00    1.00    17  gmond
02:53:54        21858    0.50    1.00    0.00    1.50     4  top
02:53:54        21860    0.50    2.00    0.00    2.50    21  pidstat
02:53:54        21862    1.00    2.00    0.00    3.00    10  pidstat
02:53:54        21871  130.00    0.50    0.00  130.50    10  bt-mz.B.24
02:53:54        21872  125.00    0.00    0.00  125.00    15  bt-mz.B.24
02:53:54        21873  120.00    0.00    0.00  120.00    20  bt-mz.B.24
02:53:54        21874  122.00    0.00    0.00  122.00     6  bt-mz.B.24
02:53:54        21875  113.50    0.00    0.00  113.50    26  bt-mz.B.24
02:53:54        21876  108.00    0.00    0.00  108.00    30  bt-mz.B.24
02:53:54        21877  111.50    0.00    0.00  111.50    31  bt-mz.B.24
02:53:54        21878  112.50    0.00    0.00  112.50    16  bt-mz.B.24
02:53:54        21879   98.50    0.00    0.00   98.50    14  bt-mz.B.24
02:53:54        21880  115.00    0.00    0.00  115.00    18  bt-mz.B.24
02:53:54        21881  115.50    0.00    0.00  115.50     8  bt-mz.B.24
02:53:54        21882  112.00    0.00    0.00  112.00    17  bt-mz.B.24
02:53:54        21884  111.50    0.00    0.00  111.50    19  bt-mz.B.24
02:53:54        21885  121.00    0.00    0.00  121.00    12  bt-mz.B.24
02:53:54        21888  127.50    0.00    0.00  127.50    25  bt-mz.B.24

02:53:54          PID    %usr %system  %guest    %CPU   CPU  Command
02:53:56         3137    0.00    0.50    0.00    0.50     4  kondemand/4
02:53:56        21858    0.50    0.50    0.00    1.00    20  top
02:53:56        21860    0.50    1.50    0.00    2.00    21  pidstat
02:53:56        21862    1.00    2.50    0.00    3.50    28  pidstat
02:53:56        21864    0.00    0.50    0.00    0.50    12  iostat
02:53:56        21871  126.50    0.00    0.00  126.50    24  bt-mz.B.24
02:53:56        21872  130.00    0.00    0.00  130.00    31  bt-mz.B.24
02:53:56        21873  134.50    0.00    0.00  134.50    19  bt-mz.B.24
02:53:56        21874  127.00    0.00    0.00  127.00     6  bt-mz.B.24
02:53:56        21875  117.00    0.00    0.00  117.00    26  bt-mz.B.24
02:53:56        21876  127.00    0.00    0.00  127.00    15  bt-mz.B.24
02:53:56        21877  125.00    0.50    0.00  125.50    12  bt-mz.B.24
02:53:56        21878  128.00    0.00    0.00  128.00     7  bt-mz.B.24
02:53:56        21879  124.00    0.50    0.00  124.50    14  bt-mz.B.24
02:53:56        21880  115.00    0.00    0.00  115.00    23  bt-mz.B.24
02:53:56        21881  130.00    0.00    0.00  130.00     8  bt-mz.B.24
02:53:56        21882  112.50    0.00    0.00  112.50     5  bt-mz.B.24
02:53:56        21884  120.50    0.00    0.00  120.50     0  bt-mz.B.24
02:53:56        21885  122.50    0.50    0.00  123.00    24  bt-mz.B.24
02:53:56        21888  126.00    0.00    0.00  126.00     9  bt-mz.B.24

02:53:56          PID    %usr %system  %guest    %CPU   CPU  Command
02:53:58         3138    0.00    0.50    0.00    0.50     5  kondemand/5
02:53:58         3159    0.00    0.50    0.00    0.50    26  kondemand/26
02:53:58         3164    0.00    0.50    0.00    0.50    31  kondemand/31
02:53:58         4128    0.00    0.50    0.00    0.50    17  gmond
02:53:58        21858    0.50    0.50    0.00    1.00     4  top
02:53:58        21860    1.00    1.50    0.00    2.50    21  pidstat
02:53:58        21862    0.50    2.00    0.00    2.50    28  pidstat
02:53:58        21871  131.50    0.00    0.00  131.50    28  bt-mz.B.24
02:53:58        21872  127.50    0.00    0.00  127.50     8  bt-mz.B.24
02:53:58        21873  119.50    0.00    0.00  119.50    22  bt-mz.B.24
02:53:58        21874  110.00    0.00    0.00  110.00     0  bt-mz.B.24
02:53:58        21875  124.50    0.00    0.00  124.50    10  bt-mz.B.24
02:53:58        21876  118.50    0.00    0.00  118.50    29  bt-mz.B.24
02:53:58        21877  122.50    0.00    0.00  122.50    12  bt-mz.B.24
02:53:58        21878  121.00    0.00    0.00  121.00     7  bt-mz.B.24
02:53:58        21879  121.00    0.00    0.00  121.00    27  bt-mz.B.24
02:53:58        21880  122.00    0.00    0.00  122.00    16  bt-mz.B.24
02:53:58        21881  119.50    0.00    0.00  119.50    26  bt-mz.B.24
02:53:58        21882  113.50    0.00    0.00  113.50     0  bt-mz.B.24
02:53:58        21884  125.00    0.00    0.00  125.00     6  bt-mz.B.24
02:53:58        21885  114.00    0.00    0.00  114.00    11  bt-mz.B.24
02:53:58        21888  114.50    0.00    0.00  114.50     9  bt-mz.B.24

02:53:58          PID    %usr %system  %guest    %CPU   CPU  Command
02:54:00        21858    1.00    0.50    0.00    1.50     4  top
02:54:00        21860    0.50    2.00    0.00    2.50    21  pidstat
02:54:00        21862    0.50    1.00    0.00    1.50    28  pidstat
02:54:00        21867    0.00    0.50    0.00    0.50    19  vmstat
02:54:00        21871  138.50    0.00    0.00  138.50     8  bt-mz.B.24
02:54:00        21872  117.50    0.00    0.00  117.50     9  bt-mz.B.24
02:54:00        21873  131.50    0.00    0.00  131.50    22  bt-mz.B.24
02:54:00        21874  127.00    0.00    0.00  127.00    23  bt-mz.B.24
02:54:00        21875  122.50    0.00    0.00  122.50    26  bt-mz.B.24
02:54:00        21876  113.00    0.00    0.00  113.00    12  bt-mz.B.24
02:54:00        21877  109.00    0.00    0.00  109.00    24  bt-mz.B.24
02:54:00        21878  114.50    0.00    0.00  114.50     2  bt-mz.B.24
02:54:00        21879  116.50    0.00    0.00  116.50    11  bt-mz.B.24
02:54:00        21880  129.50    0.00    0.00  129.50    19  bt-mz.B.24
02:54:00        21881  113.00    0.00    0.00  113.00    28  bt-mz.B.24
02:54:00        21882  115.00    0.00    0.00  115.00     3  bt-mz.B.24
02:54:00        21884  118.50    0.00    0.00  118.50    18  bt-mz.B.24
02:54:00        21885  121.00    0.00    0.00  121.00    15  bt-mz.B.24
02:54:00        21888  120.00    0.00    0.00  120.00    13  bt-mz.B.24

02:54:00          PID    %usr %system  %guest    %CPU   CPU  Command
02:54:02         3144    0.00    0.50    0.00    0.50    11  kondemand/11
02:54:02         3146    0.00    0.50    0.00    0.50    13  kondemand/13
02:54:02         3152    0.00    0.50    0.00    0.50    19  kondemand/19
02:54:02         3156    0.00    0.50    0.00    0.50    23  kondemand/23
02:54:02         3180    0.00    0.50    0.00    0.50    20  kipmi0
02:54:02         3808    0.50    0.00    0.00    0.50    24  crond
02:54:02         4128    0.00    0.50    0.00    0.50    17  gmond
02:54:02        21858    0.50    1.00    0.00    1.50    20  top
02:54:02        21860    1.00    1.50    0.00    2.50     5  pidstat
02:54:02        21862    1.00    2.00    0.00    3.00    28  pidstat
02:54:02        21871  131.50    0.00    0.00  131.50     8  bt-mz.B.24
02:54:02        21872  127.00    0.00    0.00  127.00    12  bt-mz.B.24
02:54:02        21873  124.00    0.00    0.00  124.00     6  bt-mz.B.24
02:54:02        21874  127.50    0.00    0.00  127.50    23  bt-mz.B.24
02:54:02        21875  118.50    0.00    0.00  118.50    26  bt-mz.B.24
02:54:02        21876  127.00    0.00    0.00  127.00    25  bt-mz.B.24
02:54:02        21877  116.50    0.00    0.00  116.50    11  bt-mz.B.24
02:54:02        21878  121.50    0.00    0.00  121.50    22  bt-mz.B.24
02:54:02        21879  124.50    0.00    0.00  124.50    27  bt-mz.B.24
02:54:02        21880  114.50    0.00    0.00  114.50     7  bt-mz.B.24
02:54:02        21881  121.00    0.00    0.00  121.00    13  bt-mz.B.24
02:54:02        21882  117.50    0.00    0.00  117.50     4  bt-mz.B.24
02:54:02        21884  120.50    0.00    0.00  120.50    20  bt-mz.B.24
02:54:02        21885  119.50    0.00    0.00  119.50    26  bt-mz.B.24
02:54:02        21888  113.00    0.00    0.00  113.00    10  bt-mz.B.24

02:54:02          PID    %usr %system  %guest    %CPU   CPU  Command
02:54:04         3133    0.00    0.50    0.00    0.50     0  kondemand/0
02:54:04         3134    0.00    0.50    0.00    0.50     1  kondemand/1
02:54:04         3136    0.00    0.50    0.00    0.50     3  kondemand/3
02:54:04         3142    0.00    0.50    0.00    0.50     9  kondemand/9
02:54:04         3145    0.00    0.50    0.00    0.50    12  kondemand/12
02:54:04         3195    0.00    0.50    0.00    0.50    28  irqbalance
02:54:04        21858    0.50    0.50    0.00    1.00    20  top
02:54:04        21860    0.50    1.50    0.00    2.00     5  pidstat
02:54:04        21862    1.00    2.00    0.00    3.00    28  pidstat
02:54:04        21871  144.50    0.00    0.00  144.50    24  bt-mz.B.24
02:54:04        21872  127.00    0.00    0.00  127.00    15  bt-mz.B.24
02:54:04        21873  122.00    0.00    0.00  122.00     1  bt-mz.B.24
02:54:04        21874  131.00    0.00    0.00  131.00    23  bt-mz.B.24
02:54:04        21875  112.50    0.00    0.00  112.50    29  bt-mz.B.24
02:54:04        21876  118.00    0.00    0.00  118.00    13  bt-mz.B.24
02:54:04        21877  123.50    0.00    0.00  123.50    10  bt-mz.B.24
02:54:04        21878  123.50    0.00    0.00  123.50    22  bt-mz.B.24
02:54:04        21879  112.50    0.00    0.00  112.50    31  bt-mz.B.24
02:54:04        21880  116.50    0.00    0.00  116.50     3  bt-mz.B.24
02:54:04        21881  125.00    0.50    0.00  125.50    27  bt-mz.B.24
02:54:04        21882  124.00    0.00    0.00  124.00    20  bt-mz.B.24
02:54:04        21884  118.50    0.50    0.00  119.00    18  bt-mz.B.24
02:54:04        21885  120.00    0.00    0.00  120.00    12  bt-mz.B.24
02:54:04        21888  120.50    0.50    0.00  121.00    25  bt-mz.B.24

02:54:04          PID    %usr %system  %guest    %CPU   CPU  Command
02:54:06         3148    0.00    0.50    0.00    0.50    15  kondemand/15
02:54:06         3180    0.00    0.50    0.00    0.50    20  kipmi0
02:54:06         4128    0.00    0.50    0.00    0.50    17  gmond
02:54:06        21858    0.50    0.50    0.00    1.00    20  top
02:54:06        21860    0.50    2.50    0.00    3.00    21  pidstat
02:54:06        21862    0.50    1.50    0.00    2.00    28  pidstat
02:54:06        21871  141.50    0.00    0.00  141.50     8  bt-mz.B.24
02:54:06        21872  115.00    0.00    0.00  115.00    15  bt-mz.B.24
02:54:06        21873  127.00    0.00    0.00  127.00     3  bt-mz.B.24
02:54:06        21874  120.50    0.00    0.00  120.50     6  bt-mz.B.24
02:54:06        21875  115.00    0.00    0.00  115.00    29  bt-mz.B.24
02:54:06        21876  125.00    0.00    0.00  125.00    26  bt-mz.B.24
02:54:06        21877  130.50    0.00    0.00  130.50    30  bt-mz.B.24
02:54:06        21878  124.50    0.00    0.00  124.50     1  bt-mz.B.24
02:54:06        21879  107.50    0.00    0.00  107.50    13  bt-mz.B.24
02:54:06        21880  125.00    0.00    0.00  125.00     2  bt-mz.B.24
02:54:06        21881  123.00    0.00    0.00  123.00    27  bt-mz.B.24
02:54:06        21882  116.50    0.00    0.00  116.50     5  bt-mz.B.24
02:54:06        21884  124.50    0.00    0.00  124.50    22  bt-mz.B.24
02:54:06        21885  129.00    0.00    0.00  129.00    28  bt-mz.B.24
02:54:06        21888  120.00    0.00    0.00  120.00    30  bt-mz.B.24

02:54:06          PID    %usr %system  %guest    %CPU   CPU  Command
02:54:08         4128    0.00    0.50    0.00    0.50    17  gmond
02:54:08        21858    1.00    0.50    0.00    1.50    20  top
02:54:08        21860    1.00    1.50    0.00    2.50    21  pidstat
02:54:08        21862    0.50    1.50    0.00    2.00    28  pidstat
02:54:08        21871  133.00    0.00    0.00  133.00     8  bt-mz.B.24
02:54:08        21872  129.00    0.00    0.00  129.00    12  bt-mz.B.24
02:54:08        21873  130.00    0.00    0.00  130.00     6  bt-mz.B.24
02:54:08        21874  120.50    0.00    0.00  120.50     3  bt-mz.B.24
02:54:08        21875  109.00    0.00    0.00  109.00    10  bt-mz.B.24
02:54:08        21876  121.00    0.00    0.00  121.00    26  bt-mz.B.24
02:54:08        21877  119.50    0.00    0.00  119.50    15  bt-mz.B.24
02:54:08        21878  115.50    0.00    0.00  115.50    16  bt-mz.B.24
02:54:08        21879  121.50    0.00    0.00  121.50    11  bt-mz.B.24
02:54:08        21880  117.50    0.00    0.00  117.50     1  bt-mz.B.24
02:54:08        21881  115.50    0.00    0.00  115.50    31  bt-mz.B.24
02:54:08        21882  118.50    0.00    0.00  118.50     2  bt-mz.B.24
02:54:08        21884  112.50    0.00    0.00  112.50     0  bt-mz.B.24
02:54:08        21885  124.00    0.00    0.00  124.00    27  bt-mz.B.24
02:54:08        21888  116.50    0.00    0.00  116.50    28  bt-mz.B.24

02:54:08          PID    %usr %system  %guest    %CPU   CPU  Command
02:54:10         3180    0.00    0.50    0.00    0.50    20  kipmi0
02:54:10         4128    0.50    0.00    0.00    0.50    17  gmond
02:54:10        21858    0.50    1.00    0.00    1.50    20  top
02:54:10        21860    0.50    2.00    0.00    2.50    21  pidstat
02:54:10        21862    0.50    2.00    0.00    2.50    28  pidstat
02:54:10        21871  136.50    0.00    0.00  136.50    24  bt-mz.B.24
02:54:10        21872  117.00    0.00    0.00  117.00    12  bt-mz.B.24
02:54:10        21873  126.00    0.00    0.00  126.00     6  bt-mz.B.24
02:54:10        21874  125.00    0.00    0.00  125.00    19  bt-mz.B.24
02:54:10        21875  113.50    0.00    0.00  113.50    14  bt-mz.B.24
02:54:10        21876  116.00    0.50    0.00  116.50    26  bt-mz.B.24
02:54:10        21877  109.00    0.00    0.00  109.00    25  bt-mz.B.24
02:54:10        21878  118.00    0.00    0.00  118.00     7  bt-mz.B.24
02:54:10        21879  109.00    0.00    0.00  109.00    31  bt-mz.B.24
02:54:10        21880  113.50    0.00    0.00  113.50     2  bt-mz.B.24
02:54:10        21881  112.00    0.00    0.00  112.00    14  bt-mz.B.24
02:54:10        21882  109.00    0.50    0.00  109.50    18  bt-mz.B.24
02:54:10        21884  104.50    0.00    0.00  104.50    16  bt-mz.B.24
02:54:10        21885  111.50    0.00    0.00  111.50    27  bt-mz.B.24
02:54:10        21888  101.00    0.00    0.00  101.00    28  bt-mz.B.24

02:54:10          PID    %usr %system  %guest    %CPU   CPU  Command
02:54:12         3151    0.00    0.50    0.00    0.50    18  kondemand/18
02:54:12         3161    0.00    0.50    0.00    0.50    28  kondemand/28
02:54:12         4128    0.00    0.50    0.00    0.50    17  gmond
02:54:12        21858    0.50    0.50    0.00    1.00    20  top
02:54:12        21860    0.50    1.50    0.00    2.00    21  pidstat
02:54:12        21862    0.50    2.00    0.00    2.50    28  pidstat
02:54:12        21871  124.50    0.00    0.00  124.50    24  bt-mz.B.24
02:54:12        21872  117.00    0.00    0.00  117.00    25  bt-mz.B.24
02:54:12        21873  119.50    0.00    0.00  119.50     1  bt-mz.B.24
02:54:12        21874  123.00    0.00    0.00  123.00     3  bt-mz.B.24
02:54:12        21875  117.00    0.00    0.00  117.00    10  bt-mz.B.24
02:54:12        21876  117.00    0.00    0.00  117.00    15  bt-mz.B.24
02:54:12        21877  114.00    0.00    0.00  114.00    30  bt-mz.B.24
02:54:12        21878  113.50    0.00    0.00  113.50    16  bt-mz.B.24
02:54:12        21879  119.00    0.50    0.00  119.50    31  bt-mz.B.24
02:54:12        21880  114.00    0.00    0.00  114.00    22  bt-mz.B.24
02:54:12        21881  117.50    0.00    0.00  117.50    26  bt-mz.B.24
02:54:12        21882  120.50    0.00    0.00  120.50    18  bt-mz.B.24
02:54:12        21884  114.50    0.00    0.00  114.50     0  bt-mz.B.24
02:54:12        21885  121.00    0.00    0.00  121.00    11  bt-mz.B.24
02:54:12        21888  113.50    0.00    0.00  113.50    28  bt-mz.B.24

02:54:12          PID    %usr %system  %guest    %CPU   CPU  Command
02:54:14         3139    0.00    0.50    0.00    0.50     6  kondemand/6
02:54:14         3150    0.00    0.50    0.00    0.50    17  kondemand/17
02:54:14         3155    0.00    0.50    0.00    0.50    22  kondemand/22
02:54:14         3180    0.00    0.50    0.00    0.50    20  kipmi0
02:54:14        21858    0.50    0.50    0.00    1.00    20  top
02:54:14        21860    1.00    2.00    0.00    3.00    21  pidstat
02:54:14        21862    1.00    2.50    0.00    3.50    28  pidstat
02:54:14        21871  140.50    0.00    0.00  140.50    24  bt-mz.B.24
02:54:14        21872  120.50    0.00    0.00  120.50     8  bt-mz.B.24
02:54:14        21873  124.00    0.00    0.00  124.00    23  bt-mz.B.24
02:54:14        21874  119.50    0.00    0.00  119.50     4  bt-mz.B.24
02:54:14        21875  115.00    0.00    0.00  115.00     9  bt-mz.B.24
02:54:14        21876  118.50    0.00    0.00  118.50    29  bt-mz.B.24
02:54:14        21877  118.00    0.50    0.00  118.50    25  bt-mz.B.24
02:54:14        21878  126.50    0.00    0.00  126.50    18  bt-mz.B.24
02:54:14        21879  126.00    0.00    0.00  126.00    15  bt-mz.B.24
02:54:14        21880  119.00    0.50    0.00  119.50     0  bt-mz.B.24
02:54:14        21881  115.50    0.00    0.00  115.50    10  bt-mz.B.24
02:54:14        21882  120.50    0.00    0.00  120.50     2  bt-mz.B.24
02:54:14        21884  110.00    0.00    0.00  110.00    20  bt-mz.B.24
02:54:14        21885  126.50    0.00    0.00  126.50    11  bt-mz.B.24
02:54:14        21888  120.50    0.00    0.00  120.50    12  bt-mz.B.24

02:54:14          PID    %usr %system  %guest    %CPU   CPU  Command
02:54:16         3143    0.00    0.50    0.00    0.50    10  kondemand/10
02:54:16         3147    0.00    0.50    0.00    0.50    14  kondemand/14
02:54:16         3162    0.00    0.50    0.00    0.50    29  kondemand/29
02:54:16         3180    0.00    0.50    0.00    0.50    20  kipmi0
02:54:16        21858    1.00    0.50    0.00    1.50    20  top
02:54:16        21860    0.50    1.50    0.00    2.00    21  pidstat
02:54:16        21862    0.50    2.00    0.00    2.50    28  pidstat
02:54:16        21871  147.00    0.00    0.00  147.00    24  bt-mz.B.24
02:54:16        21872  125.00    0.00    0.00  125.00    10  bt-mz.B.24
02:54:16        21873  112.50    0.00    0.00  112.50    22  bt-mz.B.24
02:54:16        21874  127.50    0.00    0.00  127.50     2  bt-mz.B.24
02:54:16        21875  126.00    0.00    0.00  126.00    27  bt-mz.B.24
02:54:16        21876  121.50    0.00    0.00  121.50    12  bt-mz.B.24
02:54:16        21877  118.00    0.00    0.00  118.00    25  bt-mz.B.24
02:54:16        21878  108.50    0.00    0.00  108.50    20  bt-mz.B.24
02:54:16        21879  118.50    0.00    0.00  118.50    15  bt-mz.B.24
02:54:16        21880  125.00    0.00    0.00  125.00    23  bt-mz.B.24
02:54:16        21881  119.00    0.00    0.00  119.00    29  bt-mz.B.24
02:54:16        21882  116.50    0.00    0.00  116.50     4  bt-mz.B.24
02:54:16        21884  113.00    0.00    0.00  113.00     1  bt-mz.B.24
02:54:16        21885  119.50    0.00    0.00  119.50    11  bt-mz.B.24
02:54:16        21888  117.00    0.00    0.00  117.00    24  bt-mz.B.24

02:54:16          PID    %usr %system  %guest    %CPU   CPU  Command
02:54:18         3153    0.00    0.50    0.00    0.50    20  kondemand/20
02:54:18         3154    0.00    0.50    0.00    0.50    21  kondemand/21
02:54:18         3163    0.00    0.50    0.00    0.50    30  kondemand/30
02:54:18         3180    0.00    0.50    0.00    0.50    20  kipmi0
02:54:18         4128    0.00    0.50    0.00    0.50    17  gmond
02:54:18        21858    0.50    1.00    0.00    1.50     2  top
02:54:18        21860    0.50    2.00    0.00    2.50    21  pidstat
02:54:18        21862    1.00    1.50    0.00    2.50    28  pidstat
02:54:18        21871  113.00    0.00    0.00  113.00    12  bt-mz.B.24
02:54:18        21872  118.00    0.00    0.00  118.00    28  bt-mz.B.24
02:54:18        21873  126.00    0.00    0.00  126.00    23  bt-mz.B.24
02:54:18        21874  116.50    0.50    0.00  117.00     7  bt-mz.B.24
02:54:18        21875  122.00    0.00    0.00  122.00    15  bt-mz.B.24
02:54:18        21876  121.00    0.00    0.00  121.00    13  bt-mz.B.24
02:54:18        21877  119.00    0.00    0.00  119.00     9  bt-mz.B.24
02:54:18        21878  125.50    0.00    0.00  125.50     4  bt-mz.B.24
02:54:18        21879  110.50    0.00    0.00  110.50    29  bt-mz.B.24
02:54:18        21880  110.50    0.00    0.00  110.50     6  bt-mz.B.24
02:54:18        21881  105.50    0.00    0.00  105.50    26  bt-mz.B.24
02:54:18        21882  115.50    0.00    0.00  115.50    19  bt-mz.B.24
02:54:18        21884  120.50    0.00    0.00  120.50    17  bt-mz.B.24
02:54:18        21885  105.50    0.50    0.00  106.00    25  bt-mz.B.24
02:54:18        21888  115.00    0.00    0.00  115.00     8  bt-mz.B.24

02:54:18          PID    %usr %system  %guest    %CPU   CPU  Command
02:54:20         3135    0.00    0.50    0.00    0.50     2  kondemand/2
02:54:20         3141    0.00    0.50    0.00    0.50     8  kondemand/8
02:54:20         3149    0.00    0.50    0.00    0.50    16  kondemand/16
02:54:20         4128    0.00    0.50    0.00    0.50    17  gmond
02:54:20        21858    0.00    1.00    0.00    1.00    23  top
02:54:20        21860    1.00    1.50    0.00    2.50    16  pidstat
02:54:20        21862    1.00    2.00    0.00    3.00    28  pidstat
02:54:20        21864    0.00    0.50    0.00    0.50    28  iostat
02:54:20        21871  136.00    0.00    0.00  136.00    15  bt-mz.B.24
02:54:20        21872  124.00    0.00    0.00  124.00    27  bt-mz.B.24
02:54:20        21873  128.50    0.00    0.00  128.50     2  bt-mz.B.24
02:54:20        21874  102.50    0.00    0.00  102.50    18  bt-mz.B.24
02:54:20        21875  120.50    0.00    0.00  120.50     8  bt-mz.B.24
02:54:20        21876  124.50    0.00    0.00  124.50    11  bt-mz.B.24
02:54:20        21877  116.50    0.00    0.00  116.50    24  bt-mz.B.24
02:54:20        21878  113.00    0.00    0.00  113.00     5  bt-mz.B.24
02:54:20        21879  112.50    0.00    0.00  112.50    31  bt-mz.B.24
02:54:20        21880  128.50    0.00    0.00  128.50     6  bt-mz.B.24
02:54:20        21881  117.00    0.00    0.00  117.00    12  bt-mz.B.24
02:54:20        21882  113.00    0.00    0.00  113.00     4  bt-mz.B.24
02:54:20        21884  122.50    0.00    0.00  122.50     1  bt-mz.B.24
02:54:20        21885  129.50    0.00    0.00  129.50    25  bt-mz.B.24
02:54:20        21888  123.00    0.00    0.00  123.00    29  bt-mz.B.24

02:54:20          PID    %usr %system  %guest    %CPU   CPU  Command
02:54:22         3157    0.00    0.50    0.00    0.50    24  kondemand/24
02:54:22         3158    0.00    0.50    0.00    0.50    25  kondemand/25
02:54:22         4128    0.50    0.00    0.00    0.50    17  gmond
02:54:22        21858    0.50    0.50    0.00    1.00    23  top
02:54:22        21860    0.50    2.00    0.00    2.50    21  pidstat
02:54:22        21862    0.50    2.00    0.00    2.50    28  pidstat
02:54:22        21871  135.50    0.00    0.00  135.50    14  bt-mz.B.24
02:54:22        21872  116.50    0.00    0.00  116.50    13  bt-mz.B.24
02:54:22        21873  128.50    0.00    0.00  128.50     1  bt-mz.B.24
02:54:22        21874  118.50    0.00    0.00  118.50     3  bt-mz.B.24
02:54:22        21875  123.00    0.00    0.00  123.00    24  bt-mz.B.24
02:54:22        21876  116.50    0.00    0.00  116.50    30  bt-mz.B.24
02:54:22        21877  112.00    0.00    0.00  112.00    25  bt-mz.B.24
02:54:22        21878  115.50    0.00    0.00  115.50     0  bt-mz.B.24
02:54:22        21879  109.50    0.00    0.00  109.50    31  bt-mz.B.24
02:54:22        21880  119.50    0.00    0.00  119.50     6  bt-mz.B.24
02:54:22        21881  113.00    0.00    0.00  113.00     9  bt-mz.B.24
02:54:22        21882  115.00    0.00    0.00  115.00     0  bt-mz.B.24
02:54:22        21884  115.00    0.00    0.00  115.00     5  bt-mz.B.24
02:54:22        21885  123.50    0.00    0.00  123.50    11  bt-mz.B.24
02:54:22        21888  112.50    0.50    0.00  113.00    27  bt-mz.B.24

02:54:22          PID    %usr %system  %guest    %CPU   CPU  Command
02:54:24         3140    0.00    0.50    0.00    0.50     7  kondemand/7
02:54:24         3180    0.00    0.50    0.00    0.50    20  kipmi0
02:54:24         4128    0.00    0.50    0.00    0.50    17  gmond
02:54:24        21858    1.00    0.50    0.00    1.50    23  top
02:54:24        21860    0.50    1.50    0.00    2.00    21  pidstat
02:54:24        21862    0.50    1.00    0.00    1.50    28  pidstat
02:54:24        21871  125.00    0.50    0.00  125.50     8  bt-mz.B.24
02:54:24        21872  119.00    0.00    0.00  119.00    15  bt-mz.B.24
02:54:24        21873  123.50    0.00    0.00  123.50    18  bt-mz.B.24
02:54:24        21874  120.50    0.00    0.00  120.50     1  bt-mz.B.24
02:54:24        21875  126.50    0.00    0.00  126.50    24  bt-mz.B.24
02:54:24        21876  125.00    0.00    0.00  125.00    30  bt-mz.B.24
02:54:24        21877  114.50    0.00    0.00  114.50    29  bt-mz.B.24
02:54:24        21878  122.50    0.00    0.00  122.50     3  bt-mz.B.24
02:54:24        21879  118.00    0.00    0.00  118.00    31  bt-mz.B.24
02:54:24        21880  127.50    0.00    0.00  127.50     6  bt-mz.B.24
02:54:24        21881  120.50    0.00    0.00  120.50     9  bt-mz.B.24
02:54:24        21882  118.00    0.00    0.00  118.00     0  bt-mz.B.24
02:54:24        21884  111.00    0.00    0.00  111.00    22  bt-mz.B.24
02:54:24        21885  111.00    0.00    0.00  111.00    28  bt-mz.B.24
02:54:24        21888  123.00    0.00    0.00  123.00    11  bt-mz.B.24

02:54:24          PID    %usr %system  %guest    %CPU   CPU  Command
02:54:26         1063    0.00    0.50    0.00    0.50     9  jbd2/sda1-8
02:54:26         3160    0.00    0.50    0.00    0.50    27  kondemand/27
02:54:26         3180    0.00    1.00    0.00    1.00     4  kipmi0
02:54:26         3684    0.00    0.50    0.00    0.50     6  snmpd
02:54:26         3852    0.50    1.00    0.00    1.50     2  pbs_mom
02:54:26        21858    0.50    1.00    0.00    1.50    23  top
02:54:26        21860    1.00    1.50    0.00    2.50    21  pidstat
02:54:26        21862    0.50    2.50    0.00    3.00    28  pidstat
02:54:26        21871  133.50    0.00    0.00  133.50    13  bt-mz.B.24
02:54:26        21872  128.00    0.00    0.00  128.00    12  bt-mz.B.24
02:54:26        21873  132.00    0.00    0.00  132.00     0  bt-mz.B.24
02:54:26        21874  114.00    0.00    0.00  114.00    16  bt-mz.B.24
02:54:26        21875  130.00    0.50    0.00  130.50    14  bt-mz.B.24
02:54:26        21876  124.00    0.00    0.00  124.00    11  bt-mz.B.24
02:54:26        21877  123.50    0.00    0.00  123.50    29  bt-mz.B.24
02:54:26        21878  115.50    0.00    0.00  115.50    18  bt-mz.B.24
02:54:26        21879  124.00    0.00    0.00  124.00     8  bt-mz.B.24
02:54:26        21880  128.50    0.00    0.00  128.50    20  bt-mz.B.24
02:54:26        21881  120.50    0.50    0.00  121.00    10  bt-mz.B.24
02:54:26        21882  124.00    0.00    0.00  124.00     4  bt-mz.B.24
02:54:26        21884  128.50    0.00    0.00  128.50    22  bt-mz.B.24
02:54:26        21885  127.00    0.00    0.00  127.00     9  bt-mz.B.24
02:54:26        21888  117.50    0.00    0.00  117.50    31  bt-mz.B.24

02:54:26          PID    %usr %system  %guest    %CPU   CPU  Command
02:54:28         3137    0.00    0.50    0.00    0.50     4  kondemand/4
02:54:28         3138    0.00    0.50    0.00    0.50     5  kondemand/5
02:54:28         4128    0.00    0.50    0.00    0.50     1  gmond
02:54:28        21858    0.50    0.50    0.00    1.00    23  top
02:54:28        21860    0.50    2.00    0.00    2.50    21  pidstat
02:54:28        21862    1.00    2.00    0.00    3.00    28  pidstat
02:54:28        21871  138.00    0.00    0.00  138.00    26  bt-mz.B.24
02:54:28        21872  127.50    0.00    0.00  127.50    28  bt-mz.B.24
02:54:28        21873  129.50    0.00    0.00  129.50    23  bt-mz.B.24
02:54:28        21874  118.00    0.00    0.00  118.00     4  bt-mz.B.24
02:54:28        21875  127.00    0.00    0.00  127.00    14  bt-mz.B.24
02:54:28        21876  118.50    0.00    0.00  118.50    25  bt-mz.B.24
02:54:28        21877  116.00    0.00    0.00  116.00    10  bt-mz.B.24
02:54:28        21878  124.00    0.50    0.00  124.50    18  bt-mz.B.24
02:54:28        21879  120.00    0.00    0.00  120.00    29  bt-mz.B.24
02:54:28        21880  118.50    0.00    0.00  118.50    20  bt-mz.B.24
02:54:28        21881  115.00    0.00    0.00  115.00    12  bt-mz.B.24
02:54:28        21882  123.00    0.00    0.00  123.00    17  bt-mz.B.24
02:54:28        21884  113.00    0.00    0.00  113.00     0  bt-mz.B.24
02:54:28        21885  123.00    0.00    0.00  123.00     8  bt-mz.B.24
02:54:28        21888  118.50    0.00    0.00  118.50    25  bt-mz.B.24

02:54:28          PID    %usr %system  %guest    %CPU   CPU  Command
02:54:30           89    0.00    0.50    0.00    0.50    21  ksoftirqd/21
02:54:30         3133    0.00    0.50    0.00    0.50     0  kondemand/0
02:54:30         3146    0.00    0.50    0.00    0.50    13  kondemand/13
02:54:30         3159    0.00    0.50    0.00    0.50    26  kondemand/26
02:54:30         3164    0.00    0.50    0.00    0.50    31  kondemand/31
02:54:30         3180    0.00    0.50    0.00    0.50    20  kipmi0
02:54:30        21858    0.50    1.00    0.00    1.50     7  top
02:54:30        21860    0.50    2.00    0.00    2.50    21  pidstat
02:54:30        21862    1.00    2.00    0.00    3.00    25  pidstat
02:54:30        21871  134.00    0.00    0.00  134.00     9  bt-mz.B.24
02:54:30        21872  125.50    0.00    0.00  125.50    31  bt-mz.B.24
02:54:30        21873  120.00    0.00    0.00  120.00     1  bt-mz.B.24
02:54:30        21874  113.50    0.00    0.00  113.50    23  bt-mz.B.24
02:54:30        21875  121.00    0.00    0.00  121.00    14  bt-mz.B.24
02:54:30        21876  117.00    0.00    0.00  117.00    27  bt-mz.B.24
02:54:30        21877  118.00    0.00    0.00  118.00     8  bt-mz.B.24
02:54:30        21878  120.50    0.00    0.00  120.50    16  bt-mz.B.24
02:54:30        21879  113.00    0.00    0.00  113.00    31  bt-mz.B.24
02:54:30        21880  119.50    0.00    0.00  119.50     2  bt-mz.B.24
02:54:30        21881  110.00    0.00    0.00  110.00    29  bt-mz.B.24
02:54:30        21882  121.00    0.00    0.00  121.00    18  bt-mz.B.24
02:54:30        21884  126.50    0.00    0.00  126.50     4  bt-mz.B.24
02:54:30        21885  129.50    0.00    0.00  129.50    14  bt-mz.B.24
02:54:30        21888  118.00    0.00    0.00  118.00    10  bt-mz.B.24

02:54:30          PID    %usr %system  %guest    %CPU   CPU  Command
02:54:32         3144    0.00    0.50    0.00    0.50    11  kondemand/11
02:54:32         3145    0.00    0.50    0.00    0.50    12  kondemand/12
02:54:32         4128    0.00    0.50    0.00    0.50    17  gmond
02:54:32        21858    0.50    0.50    0.00    1.00     7  top
02:54:32        21860    1.00    2.00    0.00    3.00    21  pidstat
02:54:32        21862    0.50    1.50    0.00    2.00    29  pidstat
02:54:32        21871  131.00    0.00    0.00  131.00    25  bt-mz.B.24
02:54:32        21872  120.50    0.00    0.00  120.50    12  bt-mz.B.24
02:54:32        21873  128.00    0.00    0.00  128.00    17  bt-mz.B.24
02:54:32        21874  119.50    0.00    0.00  119.50    23  bt-mz.B.24
02:54:32        21875  109.00    0.00    0.00  109.00    13  bt-mz.B.24
02:54:32        21876  116.00    0.00    0.00  116.00    24  bt-mz.B.24
02:54:32        21877  115.00    0.00    0.00  115.00    27  bt-mz.B.24
02:54:32        21878  111.00    0.00    0.00  111.00     5  bt-mz.B.24
02:54:32        21879  116.50    0.00    0.00  116.50    15  bt-mz.B.24
02:54:32        21880  130.00    0.00    0.00  130.00     4  bt-mz.B.24
02:54:32        21881  117.00    0.00    0.00  117.00    28  bt-mz.B.24
02:54:32        21882  111.50    0.00    0.00  111.50    19  bt-mz.B.24
02:54:32        21884  121.50    0.00    0.00  121.50    19  bt-mz.B.24
02:54:32        21885  119.50    0.00    0.00  119.50    30  bt-mz.B.24
02:54:32        21888  110.50    0.00    0.00  110.50    10  bt-mz.B.24
