Linux 2.6.32-279.14.1.el6.x86_64 (compute-641-14.local) 	04/21/20 	_x86_64_	(32 CPU)

02:50:25     CPU    %usr   %nice    %sys %iowait    %irq   %soft  %steal  %guest   %idle
02:50:27     all   66.17    0.00    4.45    0.00    0.00    0.08    0.00    0.00   29.31
02:50:29     all   89.81    0.00    0.19    0.00    0.00    0.00    0.00    0.00   10.00
02:50:31     all   90.00    0.00    0.17    0.00    0.00    0.00    0.00    0.00    9.83
02:50:33     all   90.28    0.00    0.16    0.00    0.00    0.00    0.00    0.00    9.57
02:50:35     all   93.45    0.00    0.16    0.00    0.00    0.00    0.00    0.00    6.39
02:50:37     all   91.03    0.00    0.19    0.00    0.00    0.00    0.00    0.00    8.78
02:50:39     all   90.18    0.00    0.17    0.00    0.00    0.02    0.00    0.00    9.63
02:50:41     all   88.54    0.00    0.14    0.00    0.00    0.00    0.00    0.00   11.32
02:50:43     all   88.67    0.00    0.20    0.00    0.00    0.00    0.00    0.00   11.13
02:50:45     all   91.93    0.00    0.16    0.00    0.00    0.00    0.00    0.00    7.91
02:50:47     all   87.38    0.00    0.19    0.00    0.00    0.00    0.00    0.00   12.44
02:50:49     all   89.15    0.00    0.16    0.00    0.00    0.00    0.00    0.00   10.69
02:50:51     all   91.51    0.00    0.20    0.00    0.00    0.00    0.00    0.00    8.28
02:50:53     all   89.48    0.00    0.17    0.00    0.00    0.00    0.00    0.00   10.35
02:50:55     all   89.89    0.00    0.19    0.00    0.00    0.00    0.00    0.00    9.92
02:50:57     all   91.26    0.00    0.17    0.00    0.00    0.00    0.00    0.00    8.56
02:50:59     all   90.84    0.00    0.17    0.00    0.00    0.00    0.00    0.00    8.99
02:51:01     all   89.23    0.00    0.22    0.00    0.00    0.00    0.00    0.00   10.55
02:51:03     all   90.37    0.00    0.19    0.00    0.00    0.00    0.00    0.00    9.44
02:51:05     all   91.59    0.00    0.17    0.00    0.00    0.00    0.00    0.00    8.24
02:51:07     all   88.18    0.00    0.16    0.00    0.00    0.00    0.00    0.00   11.66
02:51:09     all   92.67    0.00    0.17    0.00    0.00    0.00    0.00    0.00    7.16
02:51:11     all   90.84    0.00    0.19    0.00    0.00    0.00    0.00    0.00    8.97
02:51:13     all   90.86    0.00    0.19    0.00    0.00    0.00    0.00    0.00    8.95
02:51:15     all   92.42    0.00    0.16    0.00    0.00    0.00    0.00    0.00    7.43
02:51:17     all   89.61    0.00    0.17    0.00    0.00    0.00    0.00    0.00   10.22
02:51:19     all   90.25    0.00    0.19    0.00    0.00    0.00    0.00    0.00    9.56
02:51:21     all   91.12    0.00    0.19    0.00    0.00    0.00    0.00    0.00    8.69
02:51:23     all   90.34    0.00    0.17    0.00    0.00    0.00    0.00    0.00    9.49
02:51:25     all   88.85    0.00    0.16    0.00    0.00    0.00    0.00    0.00   10.99
02:51:27     all   89.30    0.00    0.23    0.00    0.00    0.00    0.00    0.00   10.47
02:51:29     all   90.85    0.00    0.16    0.00    0.00    0.00    0.00    0.00    8.99
02:51:31     all   91.81    0.00    0.19    0.00    0.00    0.02    0.00    0.00    7.98
02:51:33     all   91.53    0.00    0.19    0.00    0.00    0.00    0.00    0.00    8.28
02:51:35     all   89.82    0.00    0.16    0.00    0.00    0.00    0.00    0.00   10.02
02:51:37     all   91.76    0.00    0.17    0.02    0.00    0.00    0.00    0.00    8.05
02:51:39     all   88.26    0.00    0.16    0.00    0.00    0.00    0.00    0.00   11.58
02:51:41     all   89.62    0.00    0.17    0.00    0.00    0.00    0.00    0.00   10.21
02:51:43     all   89.53    0.00    0.17    0.00    0.00    0.00    0.00    0.00   10.30
02:51:45     all   91.47    0.00    0.17    0.00    0.00    0.00    0.00    0.00    8.36
02:51:47     all   90.93    0.00    0.16    0.00    0.00    0.00    0.00    0.00    8.91
