Linux 2.6.32-279.14.1.el6.x86_64 (compute-641-14.local) 	04/21/20 	_x86_64_	(32 CPU)

02:08:54     CPU    %usr   %nice    %sys %iowait    %irq   %soft  %steal  %guest   %idle
02:08:56     all   56.13    0.00   10.92    0.00    0.00    0.08    0.00    0.00   32.86
02:08:58     all   70.78    0.00   10.21    0.00    0.00    0.05    0.00    0.00   18.96
02:09:00     all   69.69    0.00   10.55    0.00    0.00    0.05    0.00    0.00   19.71
02:09:02     all   70.31    0.00   10.25    0.02    0.00    0.05    0.00    0.00   19.38
02:09:04     all   69.27    0.00   10.66    0.00    0.00    0.03    0.00    0.00   20.04
02:09:06     all   71.45    0.00    9.94    0.00    0.00    0.05    0.00    0.00   18.56
02:09:08     all   70.38    0.00   10.22    0.00    0.00    0.03    0.00    0.00   19.37
02:09:10     all   70.06    0.00   10.40    0.00    0.00    0.03    0.00    0.00   19.51
02:09:12     all   71.12    0.00   10.07    0.00    0.00    0.03    0.00    0.00   18.79
02:09:14     all   70.56    0.00   10.27    0.00    0.00    0.03    0.00    0.00   19.13
02:09:16     all   70.16    0.00   10.35    0.00    0.00    0.05    0.00    0.00   19.45
02:09:18     all   70.13    0.00   10.35    0.00    0.00    0.03    0.00    0.00   19.49
02:09:20     all   71.37    0.00    9.88    0.00    0.00    0.05    0.00    0.00   18.71
02:09:22     all   70.63    0.00   10.21    0.00    0.00    0.05    0.00    0.00   19.12
02:09:24     all   69.72    0.00   10.66    0.00    0.00    0.02    0.00    0.00   19.60
02:09:26     all   70.44    0.00   10.28    0.00    0.00    0.05    0.00    0.00   19.22
02:09:28     all   71.30    0.00    9.96    0.00    0.00    0.02    0.00    0.00   18.73
02:09:30     all   70.47    0.00   10.35    0.00    0.00    0.03    0.00    0.00   19.15
02:09:32     all   69.65    0.00   10.69    0.00    0.00    0.05    0.00    0.00   19.62
02:09:34     all   71.05    0.00   10.16    0.00    0.00    0.02    0.00    0.00   18.77
02:09:36     all   70.86    0.00   10.13    0.00    0.00    0.03    0.00    0.00   18.98
02:09:38     all   70.68    0.00   10.26    0.00    0.00    0.03    0.00    0.00   19.03
