Linux 2.6.32-279.14.1.el6.x86_64 (compute-641-14.local) 	04/21/20 	_x86_64_	(32 CPU)

02:35:37          PID    %usr %system  %guest    %CPU   CPU  Command
02:35:39         3144    0.00    0.49    0.00    0.49    11  kondemand/11
02:35:39         3149    0.00    0.49    0.00    0.49    16  kondemand/16
02:35:39         3180    0.00    0.49    0.00    0.49     3  kipmi0
02:35:39         3852    0.49    0.00    0.00    0.49     8  pbs_mom
02:35:39         4128    0.00    0.49    0.00    0.49    16  gmond
02:35:39        17754    2.46    1.48    0.00    3.94    16  mpirun
02:35:39        17760    0.49    0.49    0.00    0.99    11  top
02:35:39        17762    0.99    1.48    0.00    2.46     4  pidstat
02:35:39        17764    0.49    1.48    0.00    1.97    29  pidstat
02:35:39        17774  136.95    8.87    0.00  145.81    16  bt-mz.B.32
02:35:39        17775  136.95   15.76    0.00  152.71     1  bt-mz.B.32
02:35:39        17776  133.99   16.75    0.00  150.74    18  bt-mz.B.32
02:35:39        17777  116.75   23.65    0.00  140.39    19  bt-mz.B.32
02:35:39        17778  118.72   18.72    0.00  137.44    20  bt-mz.B.32
02:35:39        17779  119.21   19.70    0.00  138.92    21  bt-mz.B.32
02:35:39        17780  108.37   21.67    0.00  130.05     6  bt-mz.B.32
02:35:39        17781  108.37   21.18    0.00  129.56    23  bt-mz.B.32
02:35:39        17782  105.42   24.14    0.00  129.56    24  bt-mz.B.32
02:35:39        17784  100.49   26.60    0.00  127.09     9  bt-mz.B.32
02:35:39        17786  100.49   29.06    0.00  129.56    26  bt-mz.B.32
02:35:39        17788   99.51   30.05    0.00  129.56    27  bt-mz.B.32

02:35:39          PID    %usr %system  %guest    %CPU   CPU  Command
02:35:41         3143    0.00    0.50    0.00    0.50    10  kondemand/10
02:35:41         3146    0.00    0.50    0.00    0.50    13  kondemand/13
02:35:41         3147    0.00    0.50    0.00    0.50    14  kondemand/14
02:35:41         3852    0.00    1.00    0.00    1.00     8  pbs_mom
02:35:41        17760    0.50    1.00    0.00    1.50    11  top
02:35:41        17762    0.50    2.00    0.00    2.50     4  pidstat
02:35:41        17764    1.00    2.00    0.00    3.00    29  pidstat
02:35:41        17774  163.50    5.50    0.00  169.00    16  bt-mz.B.32
02:35:41        17775  163.50   14.50    0.00  178.00     1  bt-mz.B.32
02:35:41        17776  161.00   14.00    0.00  175.00    18  bt-mz.B.32
02:35:41        17777  141.50   20.00    0.00  161.50    19  bt-mz.B.32
02:35:41        17778  142.50   17.00    0.00  159.50    20  bt-mz.B.32
02:35:41        17779  141.00   19.00    0.00  160.00    21  bt-mz.B.32
02:35:41        17780  130.00   20.50    0.00  150.50     6  bt-mz.B.32
02:35:41        17781  128.50   22.00    0.00  150.50    23  bt-mz.B.32
02:35:41        17782  124.50   24.00    0.00  148.50    24  bt-mz.B.32
02:35:41        17784  120.50   26.00    0.00  146.50     9  bt-mz.B.32
02:35:41        17786  119.50   30.00    0.00  149.50    26  bt-mz.B.32
02:35:41        17788  115.50   33.50    0.00  149.00    11  bt-mz.B.32

02:35:41          PID    %usr %system  %guest    %CPU   CPU  Command
02:35:43         3150    0.00    0.50    0.00    0.50    17  kondemand/17
02:35:43         3155    0.00    0.50    0.00    0.50    22  kondemand/22
02:35:43         3180    0.00    0.50    0.00    0.50     3  kipmi0
02:35:43         4128    0.50    0.50    0.00    1.00     0  gmond
02:35:43        17760    0.50    0.50    0.00    1.00    27  top
02:35:43        17762    0.50    2.00    0.00    2.50     3  pidstat
02:35:43        17764    0.50    2.00    0.00    2.50    29  pidstat
02:35:43        17774  174.00    1.50    0.00  175.50     0  bt-mz.B.32
02:35:43        17775  173.50   11.00    0.00  184.50     1  bt-mz.B.32
02:35:43        17776  171.00   11.50    0.00  182.50    18  bt-mz.B.32
02:35:43        17777  149.00   17.50    0.00  166.50    19  bt-mz.B.32
02:35:43        17778  151.00   15.50    0.00  166.50     4  bt-mz.B.32
02:35:43        17779  147.50   18.00    0.00  165.50    21  bt-mz.B.32
02:35:43        17780  135.50   19.50    0.00  155.00     6  bt-mz.B.32
02:35:43        17781  136.00   18.50    0.00  154.50    23  bt-mz.B.32
02:35:43        17782  132.00   21.50    0.00  153.50    24  bt-mz.B.32
02:35:43        17784  125.00   25.50    0.00  150.50     9  bt-mz.B.32
02:35:43        17786  126.00   28.50    0.00  154.50    26  bt-mz.B.32
02:35:43        17788  121.50   32.00    0.00  153.50    11  bt-mz.B.32

02:35:43          PID    %usr %system  %guest    %CPU   CPU  Command
02:35:45         3134    0.00    0.50    0.00    0.50     1  kondemand/1
02:35:45         3139    0.00    0.50    0.00    0.50     6  kondemand/6
02:35:45         3141    0.00    0.50    0.00    0.50     8  kondemand/8
02:35:45         3148    0.00    0.50    0.00    0.50    15  kondemand/15
02:35:45         4128    0.00    0.50    0.00    0.50     0  gmond
02:35:45        17760    1.00    0.50    0.00    1.50    27  top
02:35:45        17762    0.50    2.00    0.00    2.50    16  pidstat
02:35:45        17764    0.50    2.00    0.00    2.50    10  pidstat
02:35:45        17774  174.00    1.50    0.00  175.50     0  bt-mz.B.32
02:35:45        17775  174.50   11.00    0.00  185.50     1  bt-mz.B.32
02:35:45        17776  171.00   11.50    0.00  182.50    18  bt-mz.B.32
02:35:45        17777  150.50   18.00    0.00  168.50    19  bt-mz.B.32
02:35:45        17778  150.50   17.00    0.00  167.50     4  bt-mz.B.32
02:35:45        17779  149.50   17.00    0.00  166.50    21  bt-mz.B.32
02:35:45        17780  138.00   18.50    0.00  156.50     6  bt-mz.B.32
02:35:45        17781  136.00   19.50    0.00  155.50    23  bt-mz.B.32
02:35:45        17782  132.00   23.00    0.00  155.00    24  bt-mz.B.32
02:35:45        17784  125.50   26.00    0.00  151.50     9  bt-mz.B.32
02:35:45        17786  125.50   28.00    0.00  153.50    10  bt-mz.B.32
02:35:45        17788  123.50   31.00    0.00  154.50    11  bt-mz.B.32

02:35:45          PID    %usr %system  %guest    %CPU   CPU  Command
02:35:47         1063    0.00    0.50    0.00    0.50    12  jbd2/sda1-8
02:35:47         3133    0.00    0.50    0.00    0.50     0  kondemand/0
02:35:47         3135    0.00    0.50    0.00    0.50     2  kondemand/2
02:35:47         3137    0.00    0.50    0.00    0.50     4  kondemand/4
02:35:47         3140    0.00    0.50    0.00    0.50     7  kondemand/7
02:35:47         3145    0.00    0.50    0.00    0.50    12  kondemand/12
02:35:47         3154    0.00    0.50    0.00    0.50    21  kondemand/21
02:35:47         3160    0.00    0.50    0.00    0.50    27  kondemand/27
02:35:47         4128    0.00    0.50    0.00    0.50     0  gmond
02:35:47        17760    0.50    1.00    0.00    1.50    27  top
02:35:47        17762    1.00    1.50    0.00    2.50     3  pidstat
02:35:47        17764    0.50    1.50    0.00    2.00    10  pidstat
02:35:47        17774  170.00    1.50    0.00  171.50    16  bt-mz.B.32
02:35:47        17775  170.50   10.00    0.00  180.50     1  bt-mz.B.32
02:35:47        17776  166.50   11.50    0.00  178.00    18  bt-mz.B.32
02:35:47        17777  144.00   17.50    0.00  161.50    19  bt-mz.B.32
02:35:47        17778  146.00   16.50    0.00  162.50     4  bt-mz.B.32
02:35:47        17779  145.50   16.00    0.00  161.50    21  bt-mz.B.32
02:35:47        17780  132.00   19.00    0.00  151.00     6  bt-mz.B.32
02:35:47        17781  131.50   19.50    0.00  151.00    23  bt-mz.B.32
02:35:47        17782  127.50   21.50    0.00  149.00    24  bt-mz.B.32
02:35:47        17784  122.00   24.50    0.00  146.50     9  bt-mz.B.32
02:35:47        17786  121.00   28.00    0.00  149.00    26  bt-mz.B.32
02:35:47        17788  117.50   32.00    0.00  149.50    27  bt-mz.B.32
