Linux 2.6.32-279.14.1.el6.x86_64 (compute-641-14.local) 	04/21/20 	_x86_64_	(32 CPU)

02:38:28          PID    %usr %system  %guest    %CPU   CPU  Command
02:38:30         3134    0.00    0.49    0.00    0.49     1  kondemand/1
02:38:30         3135    0.00    0.49    0.00    0.49     2  kondemand/2
02:38:30         3149    0.00    0.49    0.00    0.49    16  kondemand/16
02:38:30         3158    0.00    0.49    0.00    0.49    25  kondemand/25
02:38:30         4128    0.00    0.49    0.00    0.49     0  gmond
02:38:30        18963    2.96    1.97    0.00    4.93    12  mpirun
02:38:30        18969    0.49    0.49    0.00    0.99     2  top
02:38:30        18971    0.99    1.48    0.00    2.46    21  pidstat
02:38:30        18973    0.49    0.99    0.00    1.48    25  pidstat
02:38:30        18983  129.56   11.33    0.00  140.89     0  bt-mz.B.32
02:38:30        18984  128.08   17.24    0.00  145.32    17  bt-mz.B.32
02:38:30        18985  124.63   19.21    0.00  143.84    18  bt-mz.B.32
02:38:30        18986  112.81   22.17    0.00  134.98    19  bt-mz.B.32
02:38:30        18987  111.82   22.17    0.00  133.99    20  bt-mz.B.32
02:38:30        18988  109.36   22.66    0.00  132.02     5  bt-mz.B.32
02:38:30        18989  103.94   22.17    0.00  126.11    22  bt-mz.B.32
02:38:30        18990  100.00   24.63    0.00  124.63     7  bt-mz.B.32
02:38:30        18991  100.49   25.62    0.00  126.11    24  bt-mz.B.32
02:38:30        18993   99.01   24.14    0.00  123.15     9  bt-mz.B.32
02:38:30        18996   94.58   29.56    0.00  124.14    26  bt-mz.B.32
02:38:30        18998   94.09   31.03    0.00  125.12    27  bt-mz.B.32
02:38:30        19001   96.06   27.59    0.00  123.65    28  bt-mz.B.32
02:38:30        19004   93.10   30.54    0.00  123.65    29  bt-mz.B.32
02:38:30        19005   91.63   31.53    0.00  123.15    30  bt-mz.B.32
02:38:30        19006   87.68   32.51    0.00  120.20    31  bt-mz.B.32

02:38:30          PID    %usr %system  %guest    %CPU   CPU  Command
02:38:32         3147    0.00    0.50    0.00    0.50    14  kondemand/14
02:38:32         3151    0.00    0.50    0.00    0.50    18  kondemand/18
02:38:32         3160    0.00    0.50    0.00    0.50    27  kondemand/27
02:38:32         3180    0.00    0.50    0.00    0.50     0  kipmi0
02:38:32         4128    0.50    0.00    0.00    0.50     0  gmond
02:38:32        18969    0.50    0.50    0.00    1.00     2  top
02:38:32        18971    0.50    2.00    0.00    2.50     5  pidstat
02:38:32        18973    1.00    2.50    0.00    3.50    25  pidstat
02:38:32        18983  175.50    2.00    0.00  177.50    16  bt-mz.B.32
02:38:32        18984  174.50   10.00    0.00  184.50    17  bt-mz.B.32
02:38:32        18985  169.00   12.00    0.00  181.00     2  bt-mz.B.32
02:38:32        18986  148.00   17.00    0.00  165.00    19  bt-mz.B.32
02:38:32        18987  150.50   16.50    0.00  167.00    20  bt-mz.B.32
02:38:32        18988  147.00   17.50    0.00  164.50    21  bt-mz.B.32
02:38:32        18989  133.00   20.00    0.00  153.00    22  bt-mz.B.32
02:38:32        18990  133.50   20.50    0.00  154.00     7  bt-mz.B.32
02:38:32        18991  129.00   23.00    0.00  152.00    24  bt-mz.B.32
02:38:32        18993  128.00   20.00    0.00  148.00     9  bt-mz.B.32
02:38:32        18996  125.00   28.50    0.00  153.50    26  bt-mz.B.32
02:38:32        18998  124.50   28.50    0.00  153.00    27  bt-mz.B.32
02:38:32        19001  125.00   27.50    0.00  152.50    28  bt-mz.B.32
02:38:32        19004  123.50   28.50    0.00  152.00    29  bt-mz.B.32
02:38:32        19005  121.00   31.50    0.00  152.50    30  bt-mz.B.32
02:38:32        19006  114.50   32.00    0.00  146.50    31  bt-mz.B.32

02:38:32          PID    %usr %system  %guest    %CPU   CPU  Command
02:38:34         3138    0.00    0.50    0.00    0.50     5  kondemand/5
02:38:34         3139    0.00    0.50    0.00    0.50     6  kondemand/6
02:38:34         3148    0.00    0.50    0.00    0.50    15  kondemand/15
02:38:34         3852    0.00    0.50    0.00    0.50     6  pbs_mom
02:38:34         4128    0.00    0.50    0.00    0.50     0  gmond
02:38:34        18969    0.50    1.00    0.00    1.50     2  top
02:38:34        18971    0.50    1.50    0.00    2.00    21  pidstat
02:38:34        18973    0.50    2.50    0.00    3.00    25  pidstat
02:38:34        18983  169.50    4.00    0.00  173.50    16  bt-mz.B.32
02:38:34        18984  166.50   12.00    0.00  178.50    17  bt-mz.B.32
02:38:34        18985  160.50   15.00    0.00  175.50     2  bt-mz.B.32
02:38:34        18986  146.50   16.50    0.00  163.00    19  bt-mz.B.32
02:38:34        18987  143.00   19.00    0.00  162.00    20  bt-mz.B.32
02:38:34        18988  142.00   19.00    0.00  161.00     5  bt-mz.B.32
02:38:34        18989  130.50   21.00    0.00  151.50    22  bt-mz.B.32
02:38:34        18990  127.00   23.00    0.00  150.00    23  bt-mz.B.32
02:38:34        18991  128.00   23.00    0.00  151.00    24  bt-mz.B.32
02:38:34        18993  126.00   22.00    0.00  148.00     9  bt-mz.B.32
02:38:34        18996  117.00   31.50    0.00  148.50    26  bt-mz.B.32
02:38:34        18998  119.50   31.00    0.00  150.50    27  bt-mz.B.32
02:38:34        19001  118.50   29.50    0.00  148.00    28  bt-mz.B.32
02:38:34        19004  115.50   33.00    0.00  148.50    29  bt-mz.B.32
02:38:34        19005  114.50   34.00    0.00  148.50    30  bt-mz.B.32
02:38:34        19006  110.50   33.50    0.00  144.00    31  bt-mz.B.32

02:38:34          PID    %usr %system  %guest    %CPU   CPU  Command
02:38:36          131    0.00    0.50    0.00    0.50     0  events/0
02:38:36         3142    0.00    0.50    0.00    0.50     9  kondemand/9
02:38:36         3155    0.00    0.50    0.00    0.50    22  kondemand/22
02:38:36        18969    0.50    0.50    0.00    1.00     2  top
02:38:36        18971    0.50    2.00    0.00    2.50    21  pidstat
02:38:36        18973    0.50    1.00    0.00    1.50     9  pidstat
02:38:36        18983  174.50    1.00    0.00  175.50     0  bt-mz.B.32
02:38:36        18984  173.00    9.50    0.00  182.50    17  bt-mz.B.32
02:38:36        18985  168.50   11.50    0.00  180.00     2  bt-mz.B.32
02:38:36        18986  149.00   15.50    0.00  164.50    19  bt-mz.B.32
02:38:36        18987  150.00   15.50    0.00  165.50    20  bt-mz.B.32
02:38:36        18988  146.00   17.00    0.00  163.00     5  bt-mz.B.32
02:38:36        18989  133.00   20.00    0.00  153.00    22  bt-mz.B.32
02:38:36        18990  133.50   19.50    0.00  153.00    23  bt-mz.B.32
02:38:36        18991  130.50   21.00    0.00  151.50    24  bt-mz.B.32
02:38:36        18993  127.50   22.00    0.00  149.50    25  bt-mz.B.32
02:38:36        18996  123.50   28.50    0.00  152.00    26  bt-mz.B.32
02:38:36        18998  124.00   28.00    0.00  152.00    27  bt-mz.B.32
02:38:36        19001  125.50   25.50    0.00  151.00    28  bt-mz.B.32
02:38:36        19004  123.00   27.50    0.00  150.50    29  bt-mz.B.32
02:38:36        19005  119.50   31.50    0.00  151.00    30  bt-mz.B.32
02:38:36        19006  113.50   32.00    0.00  145.50    31  bt-mz.B.32

02:38:36          PID    %usr %system  %guest    %CPU   CPU  Command
02:38:38          153    0.00    0.50    0.00    0.50    22  events/22
02:38:38         3150    0.00    0.50    0.00    0.50    17  kondemand/17
02:38:38         3153    0.00    0.50    0.00    0.50    20  kondemand/20
02:38:38         3154    0.00    0.50    0.00    0.50    21  kondemand/21
02:38:38         4128    0.50    0.50    0.00    1.00     0  gmond
02:38:38        18969    0.50    0.50    0.00    1.00     2  top
02:38:38        18971    0.50    1.50    0.00    2.00    21  pidstat
02:38:38        18973    1.00    2.00    0.00    3.00     9  pidstat
02:38:38        18983  175.50    1.50    0.00  177.00     0  bt-mz.B.32
02:38:38        18984  175.50    9.00    0.00  184.50    17  bt-mz.B.32
02:38:38        18985  170.50   11.00    0.00  181.50     2  bt-mz.B.32
02:38:38        18986  148.50   16.00    0.00  164.50    19  bt-mz.B.32
02:38:38        18987  152.00   15.50    0.00  167.50    20  bt-mz.B.32
02:38:38        18988  146.00   18.50    0.00  164.50     5  bt-mz.B.32
02:38:38        18989  133.00   20.50    0.00  153.50    22  bt-mz.B.32
02:38:38        18990  132.50   21.00    0.00  153.50    23  bt-mz.B.32
02:38:38        18991  129.50   23.00    0.00  152.50    24  bt-mz.B.32
02:38:38        18993  129.00   19.50    0.00  148.50    25  bt-mz.B.32
02:38:38        18996  124.00   29.00    0.00  153.00    26  bt-mz.B.32
02:38:38        18998  125.50   28.50    0.00  154.00    27  bt-mz.B.32
02:38:38        19001  125.00   27.50    0.00  152.50    28  bt-mz.B.32
02:38:38        19004  124.00   28.00    0.00  152.00    29  bt-mz.B.32
02:38:38        19005  121.00   30.50    0.00  151.50    30  bt-mz.B.32
02:38:38        19006  114.50   32.50    0.00  147.00    31  bt-mz.B.32

02:38:38          PID    %usr %system  %guest    %CPU   CPU  Command
02:38:40         3133    0.00    0.50    0.00    0.50     0  kondemand/0
02:38:40         3143    0.00    0.50    0.00    0.50    10  kondemand/10
02:38:40         3152    0.00    0.50    0.00    0.50    19  kondemand/19
02:38:40         3164    0.00    0.50    0.00    0.50    31  kondemand/31
02:38:40        18969    0.50    1.00    0.00    1.50     4  top
02:38:40        18971    0.50    2.00    0.00    2.50     5  pidstat
02:38:40        18973    0.50    2.50    0.00    3.00     9  pidstat
02:38:40        18983  172.00    2.50    0.00  174.50    16  bt-mz.B.32
02:38:40        18984  170.50   10.00    0.00  180.50    17  bt-mz.B.32
02:38:40        18985  165.00   13.00    0.00  178.00     2  bt-mz.B.32
02:38:40        18986  147.00   16.00    0.00  163.00    19  bt-mz.B.32
02:38:40        18987  147.50   15.50    0.00  163.00    20  bt-mz.B.32
02:38:40        18988  142.50   19.00    0.00  161.50    21  bt-mz.B.32
02:38:40        18989  133.00   18.00    0.00  151.00    22  bt-mz.B.32
02:38:40        18990  132.50   19.50    0.00  152.00    23  bt-mz.B.32
02:38:40        18991  128.00   22.50    0.00  150.50    24  bt-mz.B.32
02:38:40        18993  126.50   21.00    0.00  147.50    25  bt-mz.B.32
02:38:40        18996  121.50   29.00    0.00  150.50    26  bt-mz.B.32
02:38:40        18998  120.50   30.50    0.00  151.00    27  bt-mz.B.32
02:38:40        19001  121.50   28.00    0.00  149.50    28  bt-mz.B.32
02:38:40        19004  119.00   31.00    0.00  150.00    29  bt-mz.B.32
02:38:40        19005  117.00   32.50    0.00  149.50    30  bt-mz.B.32
02:38:40        19006  112.50   32.00    0.00  144.50    31  bt-mz.B.32
