Linux 2.6.32-279.14.1.el6.x86_64 (compute-641-14.local) 	04/21/20 	_x86_64_	(32 CPU)

02:42:08          PID    %usr %system  %guest    %CPU   CPU  Command
02:42:10         3138    0.00    0.49    0.00    0.49     5  kondemand/5
02:42:10         4128    0.49    0.49    0.00    0.99    16  gmond
02:42:10        20607    2.96    1.97    0.00    4.93    15  mpirun
02:42:10        20613    0.00    0.99    0.00    0.99    25  top
02:42:10        20615    0.99    1.48    0.00    2.46    16  pidstat
02:42:10        20617    0.99    1.97    0.00    2.96     8  pidstat
02:42:10        20627  112.81    5.42    0.00  118.23    27  bt-mz.B.24
02:42:10        20628   97.04    4.93    0.00  101.97    19  bt-mz.B.24
02:42:10        20629   91.63    5.42    0.00   97.04    10  bt-mz.B.24
02:42:10        20630   92.61    2.46    0.00   95.07     3  bt-mz.B.24
02:42:10        20631   92.12    5.42    0.00   97.54     4  bt-mz.B.24
02:42:10        20632   94.58    4.93    0.00   99.51    12  bt-mz.B.24
02:42:10        20633   85.22    5.91    0.00   91.13    23  bt-mz.B.24
02:42:10        20634   97.04    2.96    0.00  100.00    14  bt-mz.B.24
02:42:10        20635   94.58    4.93    0.00   99.51    13  bt-mz.B.24
02:42:10        20636   81.77    4.93    0.00   86.70     6  bt-mz.B.24
02:42:10        20639   92.61    4.93    0.00   97.54    18  bt-mz.B.24
02:42:10        20641   87.19    4.43    0.00   91.63     2  bt-mz.B.24
02:42:10        20642   84.24    3.94    0.00   88.18     1  bt-mz.B.24
02:42:10        20643   94.58    4.93    0.00   99.51     0  bt-mz.B.24

02:42:10          PID    %usr %system  %guest    %CPU   CPU  Command
02:42:12         3134    0.00    0.50    0.00    0.50     1  kondemand/1
02:42:12        20613    0.50    1.00    0.00    1.50    25  top
02:42:12        20615    0.50    2.00    0.00    2.50    16  pidstat
02:42:12        20617    0.50    2.00    0.00    2.50     8  pidstat
02:42:12        20627  143.50    0.00    0.00  143.50    25  bt-mz.B.24
02:42:12        20628  125.00    0.00    0.00  125.00     0  bt-mz.B.24
02:42:12        20629  125.50    0.00    0.00  125.50    27  bt-mz.B.24
02:42:12        20630  114.00    0.00    0.00  114.00    19  bt-mz.B.24
02:42:12        20631  107.50    0.00    0.00  107.50    16  bt-mz.B.24
02:42:12        20632  121.50    0.00    0.00  121.50    10  bt-mz.B.24
02:42:12        20633  125.00    0.00    0.00  125.00    22  bt-mz.B.24
02:42:12        20634  116.50    0.00    0.00  116.50    31  bt-mz.B.24
02:42:12        20635  125.00    0.00    0.00  125.00    12  bt-mz.B.24
02:42:12        20636  107.00    0.50    0.00  107.50    23  bt-mz.B.24
02:42:12        20639  108.50    0.00    0.00  108.50     5  bt-mz.B.24
02:42:12        20641  108.50    0.00    0.00  108.50     7  bt-mz.B.24
02:42:12        20642  125.50    0.00    0.00  125.50    17  bt-mz.B.24
02:42:12        20643  118.00    0.00    0.00  118.00     1  bt-mz.B.24

02:42:12          PID    %usr %system  %guest    %CPU   CPU  Command
02:42:14          142    0.00    0.50    0.00    0.50    11  events/11
02:42:14         3151    0.00    0.50    0.00    0.50    18  kondemand/18
02:42:14         3152    0.00    0.50    0.00    0.50    19  kondemand/19
02:42:14         3195    0.00    0.50    0.00    0.50    12  irqbalance
02:42:14         4128    0.00    0.50    0.00    0.50    16  gmond
02:42:14        20613    1.00    0.50    0.00    1.50    25  top
02:42:14        20615    1.00    1.50    0.00    2.50    16  pidstat
02:42:14        20617    0.50    2.00    0.00    2.50    24  pidstat
02:42:14        20627  138.00    0.00    0.00  138.00     9  bt-mz.B.24
02:42:14        20628  118.00    0.00    0.00  118.00    16  bt-mz.B.24
02:42:14        20629  133.00    0.00    0.00  133.00     8  bt-mz.B.24
02:42:14        20630  109.50    0.00    0.00  109.50     6  bt-mz.B.24
02:42:14        20631  110.50    0.00    0.00  110.50    19  bt-mz.B.24
02:42:14        20632  129.50    0.00    0.00  129.50    28  bt-mz.B.24
02:42:14        20633  109.00    0.00    0.00  109.00    17  bt-mz.B.24
02:42:14        20634  123.00    0.00    0.00  123.00    29  bt-mz.B.24
02:42:14        20635  125.50    0.00    0.00  125.50    27  bt-mz.B.24
02:42:14        20636  114.00    0.00    0.00  114.00     1  bt-mz.B.24
02:42:14        20639  107.50    0.00    0.00  107.50     0  bt-mz.B.24
02:42:14        20641  108.00    0.00    0.00  108.00    23  bt-mz.B.24
02:42:14        20642  110.00    0.00    0.00  110.00    21  bt-mz.B.24
02:42:14        20643  113.50    0.00    0.00  113.50     3  bt-mz.B.24

02:42:14          PID    %usr %system  %guest    %CPU   CPU  Command
02:42:16         3139    0.00    0.50    0.00    0.50     6  kondemand/6
02:42:16         3144    0.00    0.50    0.00    0.50    11  kondemand/11
02:42:16         3148    0.00    0.50    0.00    0.50    15  kondemand/15
02:42:16         3154    0.00    0.50    0.00    0.50    21  kondemand/21
02:42:16         4128    0.00    0.50    0.00    0.50     0  gmond
02:42:16        20613    0.50    0.50    0.00    1.00    25  top
02:42:16        20615    0.50    2.00    0.00    2.50    16  pidstat
02:42:16        20617    0.50    2.00    0.00    2.50    24  pidstat
02:42:16        20627  132.50    0.00    0.00  132.50    15  bt-mz.B.24
02:42:16        20628  113.00    0.00    0.00  113.00     1  bt-mz.B.24
02:42:16        20629  130.50    0.00    0.00  130.50    14  bt-mz.B.24
02:42:16        20630  122.00    0.00    0.00  122.00    22  bt-mz.B.24
02:42:16        20631  107.50    0.50    0.00  108.00     3  bt-mz.B.24
02:42:16        20632  128.00    0.00    0.00  128.00    25  bt-mz.B.24
02:42:16        20633  108.50    0.00    0.00  108.50    17  bt-mz.B.24
02:42:16        20634  124.50    0.00    0.00  124.50    25  bt-mz.B.24
02:42:16        20635  124.50    0.00    0.00  124.50    24  bt-mz.B.24
02:42:16        20636  106.00    0.00    0.00  106.00    18  bt-mz.B.24
02:42:16        20639  110.50    0.00    0.00  110.50    21  bt-mz.B.24
02:42:16        20641  107.00    0.00    0.00  107.00     7  bt-mz.B.24
02:42:16        20642  108.00    0.00    0.00  108.00    20  bt-mz.B.24
02:42:16        20643  103.50    0.00    0.00  103.50     9  bt-mz.B.24

02:42:16          PID    %usr %system  %guest    %CPU   CPU  Command
02:42:18          101    0.00    0.50    0.00    0.50    24  ksoftirqd/24
02:42:18         3137    0.00    0.50    0.00    0.50     4  kondemand/4
02:42:18         3153    0.00    0.50    0.00    0.50    20  kondemand/20
02:42:18         3852    0.00    0.50    0.00    0.50    22  pbs_mom
02:42:18        20613    0.50    0.50    0.00    1.00     9  top
02:42:18        20615    0.50    1.50    0.00    2.00    20  pidstat
02:42:18        20617    1.00    2.00    0.00    3.00    24  pidstat
02:42:18        20627  147.00    0.00    0.00  147.00    30  bt-mz.B.24
02:42:18        20628  127.50    0.00    0.00  127.50    23  bt-mz.B.24
02:42:18        20629  125.00    0.00    0.00  125.00     9  bt-mz.B.24
02:42:18        20630  127.00    0.50    0.00  127.50    16  bt-mz.B.24
02:42:18        20631  115.50    0.00    0.00  115.50    18  bt-mz.B.24
02:42:18        20632  124.50    0.00    0.00  124.50     8  bt-mz.B.24
02:42:18        20633  122.50    0.00    0.00  122.50     4  bt-mz.B.24
02:42:18        20634  121.50    0.00    0.00  121.50    31  bt-mz.B.24
02:42:18        20635  120.00    0.00    0.00  120.00    10  bt-mz.B.24
02:42:18        20636  127.00    0.00    0.00  127.00     5  bt-mz.B.24
02:42:18        20639  119.50    0.00    0.00  119.50     2  bt-mz.B.24
02:42:18        20641  127.00    0.00    0.00  127.00     7  bt-mz.B.24
02:42:18        20642  125.00    0.00    0.00  125.00    17  bt-mz.B.24
02:42:18        20643  117.00    0.00    0.00  117.00    26  bt-mz.B.24

02:42:18          PID    %usr %system  %guest    %CPU   CPU  Command
02:42:20          131    0.00    0.50    0.00    0.50     0  events/0
02:42:20         3142    0.00    0.50    0.00    0.50     9  kondemand/9
02:42:20         3146    0.00    0.50    0.00    0.50    13  kondemand/13
02:42:20         3147    0.00    0.50    0.00    0.50    14  kondemand/14
02:42:20         3162    0.00    0.50    0.00    0.50    29  kondemand/29
02:42:20        20613    0.50    1.00    0.00    1.50     9  top
02:42:20        20615    0.50    1.00    0.00    1.50     0  pidstat
02:42:20        20617    0.00    0.50    0.00    0.50    24  pidstat
02:42:20        20627  125.00    0.00    0.00  125.00    27  bt-mz.B.24
02:42:20        20628  124.00    0.00    0.00  124.00    23  bt-mz.B.24
02:42:20        20629  123.00    0.00    0.00  123.00    12  bt-mz.B.24
02:42:20        20630  118.00    0.00    0.00  118.00     6  bt-mz.B.24
02:42:20        20631  115.50    0.00    0.00  115.50    18  bt-mz.B.24
02:42:20        20632  120.00    0.00    0.00  120.00    13  bt-mz.B.24
02:42:20        20633  116.00    0.00    0.00  116.00    22  bt-mz.B.24
02:42:20        20634  116.00    0.00    0.00  116.00    29  bt-mz.B.24
02:42:20        20635  113.50    0.00    0.00  113.50    26  bt-mz.B.24
02:42:20        20636  111.00    0.00    0.00  111.00     1  bt-mz.B.24
02:42:20        20639  120.00    0.00    0.00  120.00     5  bt-mz.B.24
02:42:20        20641  121.00    0.00    0.00  121.00     3  bt-mz.B.24
02:42:20        20642  119.00    0.00    0.00  119.00    19  bt-mz.B.24
02:42:20        20643  115.50    0.00    0.00  115.50    30  bt-mz.B.24

02:42:20          PID    %usr %system  %guest    %CPU   CPU  Command
02:42:22         3141    0.00    0.50    0.00    0.50     8  kondemand/8
02:42:22         3156    0.00    0.50    0.00    0.50    23  kondemand/23
02:42:22         3159    0.00    0.50    0.00    0.50    26  kondemand/26
02:42:22         4128    0.50    0.50    0.00    1.00    16  gmond
02:42:22        20613    1.00    0.50    0.00    1.50    25  top
02:42:22        20615    1.00    1.50    0.00    2.50     0  pidstat
02:42:22        20617    1.00    3.00    0.00    4.00     8  pidstat
02:42:22        20627  126.50    0.00    0.00  126.50    26  bt-mz.B.24
02:42:22        20628  130.50    0.00    0.00  130.50    18  bt-mz.B.24
02:42:22        20629  122.00    0.00    0.00  122.00    10  bt-mz.B.24
02:42:22        20630  123.50    0.00    0.00  123.50    22  bt-mz.B.24
02:42:22        20631  124.50    0.00    0.00  124.50    20  bt-mz.B.24
02:42:22        20632  123.00    0.00    0.00  123.00    29  bt-mz.B.24
02:42:22        20633  115.00    0.00    0.00  115.00     2  bt-mz.B.24
02:42:22        20634  124.50    0.00    0.00  124.50    24  bt-mz.B.24
02:42:22        20635  114.00    0.00    0.00  114.00    13  bt-mz.B.24
02:42:22        20636  119.50    0.00    0.00  119.50     7  bt-mz.B.24
02:42:22        20639  124.50    0.00    0.00  124.50    16  bt-mz.B.24
02:42:22        20641  119.50    0.00    0.00  119.50    17  bt-mz.B.24
02:42:22        20642  116.50    0.00    0.00  116.50     1  bt-mz.B.24
02:42:22        20643  109.50    0.00    0.00  109.50    15  bt-mz.B.24

02:42:22          PID    %usr %system  %guest    %CPU   CPU  Command
02:42:24         3161    0.00    0.50    0.00    0.50    28  kondemand/28
02:42:24        20613    0.50    0.50    0.00    1.00    25  top
02:42:24        20615    0.50    2.00    0.00    2.50     0  pidstat
02:42:24        20617    0.50    1.50    0.00    2.00     8  pidstat
02:42:24        20627  135.50    0.00    0.00  135.50     9  bt-mz.B.24
02:42:24        20628  120.00    0.00    0.00  120.00    18  bt-mz.B.24
02:42:24        20629  129.00    0.00    0.00  129.00    26  bt-mz.B.24
02:42:24        20630  126.00    0.00    0.00  126.00     6  bt-mz.B.24
02:42:24        20631  125.50    0.00    0.00  125.50     7  bt-mz.B.24
02:42:24        20632  112.00    0.00    0.00  112.00    25  bt-mz.B.24
02:42:24        20633  119.50    0.00    0.00  119.50    23  bt-mz.B.24
02:42:24        20634  117.50    0.00    0.00  117.50    24  bt-mz.B.24
02:42:24        20635  115.00    0.00    0.00  115.00    11  bt-mz.B.24
02:42:24        20636  122.50    0.00    0.00  122.50     4  bt-mz.B.24
02:42:24        20639  113.00    0.00    0.00  113.00    19  bt-mz.B.24
02:42:24        20641  110.00    0.00    0.00  110.00    17  bt-mz.B.24
02:42:24        20642  120.00    0.00    0.00  120.00    17  bt-mz.B.24
02:42:24        20643  109.00    0.00    0.00  109.00    15  bt-mz.B.24

02:42:24          PID    %usr %system  %guest    %CPU   CPU  Command
02:42:26         3135    0.00    0.50    0.00    0.50     2  kondemand/2
02:42:26         3145    0.00    0.50    0.00    0.50    12  kondemand/12
02:42:26         3164    0.00    0.50    0.00    0.50    31  kondemand/31
02:42:26         3180    0.00    0.50    0.00    0.50    21  kipmi0
02:42:26         3684    0.00    0.50    0.00    0.50    22  snmpd
02:42:26         4128    0.00    0.50    0.00    0.50    16  gmond
02:42:26        20613    0.50    1.00    0.00    1.50    25  top
02:42:26        20615    0.50    2.00    0.00    2.50     0  pidstat
02:42:26        20617    0.50    2.50    0.00    3.00    24  pidstat
02:42:26        20627  130.00    0.00    0.00  130.00     9  bt-mz.B.24
02:42:26        20628  122.50    0.00    0.00  122.50    22  bt-mz.B.24
02:42:26        20629  120.00    0.00    0.00  120.00    13  bt-mz.B.24
02:42:26        20630  121.00    0.00    0.00  121.00     5  bt-mz.B.24
02:42:26        20631  114.00    0.00    0.00  114.00    23  bt-mz.B.24
02:42:26        20632  120.50    0.00    0.00  120.50    26  bt-mz.B.24
02:42:26        20633  108.50    0.50    0.00  109.00     1  bt-mz.B.24
02:42:26        20634  119.50    0.00    0.00  119.50    15  bt-mz.B.24
02:42:26        20635  122.50    0.50    0.00  123.00    11  bt-mz.B.24
02:42:26        20636  123.50    0.50    0.00  124.00    20  bt-mz.B.24
02:42:26        20639  117.00    0.00    0.00  117.00    16  bt-mz.B.24
02:42:26        20641  113.50    0.50    0.00  114.00    17  bt-mz.B.24
02:42:26        20642  118.50    0.00    0.00  118.50     6  bt-mz.B.24
02:42:26        20643  118.00    0.00    0.00  118.00    10  bt-mz.B.24

02:42:26          PID    %usr %system  %guest    %CPU   CPU  Command
02:42:28         3155    0.00    0.50    0.00    0.50    22  kondemand/22
02:42:28         3852    0.50    0.50    0.00    1.00     8  pbs_mom
02:42:28        20613    0.50    1.00    0.00    1.50     9  top
02:42:28        20615    1.00    1.50    0.00    2.50     0  pidstat
02:42:28        20617    0.50    1.00    0.00    1.50    28  pidstat
02:42:28        20627  122.50    0.00    0.00  122.50    25  bt-mz.B.24
02:42:28        20628  128.50    0.00    0.00  128.50     1  bt-mz.B.24
02:42:28        20629  121.00    0.00    0.00  121.00    24  bt-mz.B.24
02:42:28        20630  121.00    0.00    0.00  121.00     3  bt-mz.B.24
02:42:28        20631  121.50    0.00    0.00  121.50    21  bt-mz.B.24
02:42:28        20632  123.50    0.00    0.00  123.50    15  bt-mz.B.24
02:42:28        20633  123.50    0.00    0.00  123.50    16  bt-mz.B.24
02:42:28        20634  121.00    0.00    0.00  121.00    10  bt-mz.B.24
02:42:28        20635  110.50    0.00    0.00  110.50    14  bt-mz.B.24
02:42:28        20636  125.00    0.00    0.00  125.00    22  bt-mz.B.24
02:42:28        20639  125.00    0.00    0.00  125.00     6  bt-mz.B.24
02:42:28        20641  118.50    0.00    0.00  118.50    17  bt-mz.B.24
02:42:28        20642  111.50    0.00    0.00  111.50    19  bt-mz.B.24
02:42:28        20643  112.00    0.00    0.00  112.00    12  bt-mz.B.24

02:42:28          PID    %usr %system  %guest    %CPU   CPU  Command
02:42:30         3133    0.00    0.50    0.00    0.50     0  kondemand/0
02:42:30         3140    0.00    0.50    0.00    0.50     7  kondemand/7
02:42:30         3163    0.00    0.50    0.00    0.50    30  kondemand/30
02:42:30         4128    0.00    0.50    0.00    0.50     0  gmond
02:42:30        20613    0.50    0.50    0.00    1.00     9  top
02:42:30        20615    0.50    2.00    0.00    2.50     0  pidstat
02:42:30        20617    0.50    2.50    0.00    3.00    24  pidstat
02:42:30        20619    0.00    0.50    0.00    0.50     8  iostat
02:42:30        20627  141.00    0.00    0.00  141.00    13  bt-mz.B.24
02:42:30        20628  124.50    0.00    0.00  124.50     7  bt-mz.B.24
02:42:30        20629  123.00    0.00    0.00  123.00     8  bt-mz.B.24
02:42:30        20630  124.50    0.00    0.00  124.50    17  bt-mz.B.24
02:42:30        20631  132.00    0.00    0.00  132.00    21  bt-mz.B.24
02:42:30        20632  123.00    0.00    0.00  123.00    31  bt-mz.B.24
02:42:30        20633  110.00    0.00    0.00  110.00     7  bt-mz.B.24
02:42:30        20634  126.00    0.00    0.00  126.00    10  bt-mz.B.24
02:42:30        20635  123.50    0.00    0.00  123.50    29  bt-mz.B.24
02:42:30        20636  116.00    0.00    0.00  116.00     3  bt-mz.B.24
02:42:30        20639  113.00    0.00    0.00  113.00    22  bt-mz.B.24
02:42:30        20641  126.00    0.00    0.00  126.00     1  bt-mz.B.24
02:42:30        20642  125.00    0.50    0.00  125.50    19  bt-mz.B.24
02:42:30        20643  121.00    0.00    0.00  121.00    28  bt-mz.B.24

02:42:30          PID    %usr %system  %guest    %CPU   CPU  Command
02:42:32         3149    0.00    0.50    0.00    0.50    16  kondemand/16
02:42:32         3157    0.00    0.50    0.00    0.50    24  kondemand/24
02:42:32         3180    0.00    0.50    0.00    0.50     5  kipmi0
02:42:32        20613    0.50    1.00    0.00    1.50     9  top
02:42:32        20615    1.00    1.50    0.00    2.50     0  pidstat
02:42:32        20617    1.00    2.00    0.00    3.00    24  pidstat
02:42:32        20627  126.50    0.00    0.00  126.50    11  bt-mz.B.24
02:42:32        20628  120.50    0.00    0.00  120.50     5  bt-mz.B.24
02:42:32        20629  124.00    0.00    0.00  124.00    13  bt-mz.B.24
02:42:32        20630  111.00    0.00    0.00  111.00     4  bt-mz.B.24
02:42:32        20631  122.00    0.00    0.00  122.00    21  bt-mz.B.24
02:42:32        20632  118.00    0.00    0.00  118.00    25  bt-mz.B.24
02:42:32        20633  118.50    0.00    0.00  118.50    17  bt-mz.B.24
02:42:32        20634  122.50    0.00    0.00  122.50    14  bt-mz.B.24
02:42:32        20635  106.50    0.00    0.00  106.50    15  bt-mz.B.24
02:42:32        20636  130.00    0.00    0.00  130.00    19  bt-mz.B.24
02:42:32        20639  124.50    0.00    0.00  124.50    22  bt-mz.B.24
02:42:32        20641  122.00    0.00    0.00  122.00     3  bt-mz.B.24
02:42:32        20642  111.00    0.00    0.00  111.00    23  bt-mz.B.24
02:42:32        20643  122.50    0.00    0.00  122.50     8  bt-mz.B.24

02:42:32          PID    %usr %system  %guest    %CPU   CPU  Command
02:42:34         4128    0.00    0.50    0.00    0.50    16  gmond
02:42:34        20613    0.50    0.50    0.00    1.00     9  top
02:42:34        20615    0.50    1.50    0.00    2.00    16  pidstat
02:42:34        20617    0.50    1.50    0.00    2.00     8  pidstat
02:42:34        20627  139.50    0.00    0.00  139.50    27  bt-mz.B.24
02:42:34        20628  125.00    0.00    0.00  125.00    21  bt-mz.B.24
02:42:34        20629  127.50    0.00    0.00  127.50    29  bt-mz.B.24
02:42:34        20630  125.00    0.00    0.00  125.00    19  bt-mz.B.24
02:42:34        20631  118.00    0.50    0.00  118.50     4  bt-mz.B.24
02:42:34        20632  128.50    0.00    0.00  128.50     9  bt-mz.B.24
02:42:34        20633  118.50    0.00    0.00  118.50    20  bt-mz.B.24
02:42:34        20634  118.50    0.00    0.00  118.50    13  bt-mz.B.24
02:42:34        20635  120.50    0.00    0.00  120.50    10  bt-mz.B.24
02:42:34        20636  125.50    0.00    0.00  125.50     1  bt-mz.B.24
02:42:34        20639  115.00    0.00    0.00  115.00     3  bt-mz.B.24
02:42:34        20641  121.00    0.00    0.00  121.00     2  bt-mz.B.24
02:42:34        20642  119.50    0.00    0.00  119.50     7  bt-mz.B.24
02:42:34        20643  119.50    0.50    0.00  120.00    14  bt-mz.B.24

02:42:34          PID    %usr %system  %guest    %CPU   CPU  Command
02:42:36         3136    0.00    0.50    0.00    0.50     3  kondemand/3
02:42:36         3143    0.00    0.50    0.00    0.50    10  kondemand/10
02:42:36         3158    0.00    0.50    0.00    0.50    25  kondemand/25
02:42:36         3180    0.00    0.50    0.00    0.50    21  kipmi0
02:42:36         4128    0.50    0.00    0.00    0.50    16  gmond
02:42:36        20613    1.00    0.50    0.00    1.50     9  top
02:42:36        20615    1.00    2.00    0.00    3.00    16  pidstat
02:42:36        20617    1.00    2.00    0.00    3.00     8  pidstat
02:42:36        20627  134.00    0.00    0.00  134.00    30  bt-mz.B.24
02:42:36        20628  123.00    0.00    0.00  123.00     0  bt-mz.B.24
02:42:36        20629  119.00    0.00    0.00  119.00    31  bt-mz.B.24
02:42:36        20630  123.00    0.00    0.00  123.00    18  bt-mz.B.24
02:42:36        20631  131.50    0.00    0.00  131.50     4  bt-mz.B.24
02:42:36        20632  117.00    0.50    0.00  117.50    14  bt-mz.B.24
02:42:36        20633  114.50    0.00    0.00  114.50    19  bt-mz.B.24
02:42:36        20634  110.50    0.00    0.00  110.50    29  bt-mz.B.24
02:42:36        20635  112.50    0.00    0.00  112.50    15  bt-mz.B.24
02:42:36        20636  120.50    0.00    0.00  120.50    21  bt-mz.B.24
02:42:36        20639  122.50    0.00    0.00  122.50     1  bt-mz.B.24
02:42:36        20641  117.50    0.00    0.00  117.50    19  bt-mz.B.24
02:42:36        20642  130.50    0.00    0.00  130.50     7  bt-mz.B.24
02:42:36        20643  120.50    0.00    0.00  120.50    27  bt-mz.B.24

02:42:36          PID    %usr %system  %guest    %CPU   CPU  Command
02:42:38          133    0.00    0.50    0.00    0.50     2  events/2
02:42:38         3160    0.00    0.50    0.00    0.50    27  kondemand/27
02:42:38         4128    0.00    0.50    0.00    0.50    16  gmond
02:42:38        20613    0.50    1.00    0.00    1.50     9  top
02:42:38        20615    0.50    2.00    0.00    2.50     0  pidstat
02:42:38        20617    0.50    2.50    0.00    3.00    24  pidstat
02:42:38        20627  121.50    0.00    0.00  121.50    25  bt-mz.B.24
02:42:38        20628  123.50    0.00    0.00  123.50     2  bt-mz.B.24
02:42:38        20629  121.50    0.00    0.00  121.50    31  bt-mz.B.24
02:42:38        20630  119.00    0.00    0.00  119.00    19  bt-mz.B.24
02:42:38        20631  118.50    0.00    0.00  118.50    20  bt-mz.B.24
02:42:38        20632  118.00    0.00    0.00  118.00    24  bt-mz.B.24
02:42:38        20633  122.50    0.00    0.00  122.50    17  bt-mz.B.24
02:42:38        20634  120.00    0.00    0.00  120.00    15  bt-mz.B.24
02:42:38        20635  105.00    0.00    0.00  105.00    27  bt-mz.B.24
02:42:38        20636  112.00    0.00    0.00  112.00     3  bt-mz.B.24
02:42:38        20639  116.50    0.00    0.00  116.50     7  bt-mz.B.24
02:42:38        20641  127.50    0.00    0.00  127.50     0  bt-mz.B.24
02:42:38        20642  116.50    0.00    0.00  116.50     6  bt-mz.B.24
02:42:38        20643  123.00    0.00    0.00  123.00    30  bt-mz.B.24

02:42:38          PID    %usr %system  %guest    %CPU   CPU  Command
02:42:40         3021    0.00    1.50    0.00    1.50    12  flush-8:0
02:42:40         3138    0.00    0.50    0.00    0.50     5  kondemand/5
02:42:40         3150    0.00    0.50    0.00    0.50    17  kondemand/17
02:42:40        20613    0.50    0.50    0.00    1.00     9  top
02:42:40        20615    0.50    1.50    0.00    2.00    16  pidstat
02:42:40        20617    1.00    2.00    0.00    3.00    24  pidstat
02:42:40        20627  121.50    0.00    0.00  121.50     9  bt-mz.B.24
02:42:40        20628  123.00    0.00    0.00  123.00     6  bt-mz.B.24
02:42:40        20629  133.50    0.00    0.00  133.50    31  bt-mz.B.24
02:42:40        20630  118.00    0.00    0.00  118.00     2  bt-mz.B.24
02:42:40        20631  119.50    0.00    0.00  119.50    20  bt-mz.B.24
02:42:40        20632  118.50    0.00    0.00  118.50    27  bt-mz.B.24
02:42:40        20633  115.50    0.00    0.00  115.50     0  bt-mz.B.24
02:42:40        20634  122.00    0.00    0.00  122.00    14  bt-mz.B.24
02:42:40        20635  120.50    0.00    0.00  120.50    11  bt-mz.B.24
02:42:40        20636  125.50    0.00    0.00  125.50     4  bt-mz.B.24
02:42:40        20639  121.00    0.00    0.00  121.00     7  bt-mz.B.24
02:42:40        20641  111.50    0.00    0.00  111.50     1  bt-mz.B.24
02:42:40        20642  117.00    0.00    0.00  117.00     6  bt-mz.B.24
02:42:40        20643  113.50    0.00    0.00  113.50    29  bt-mz.B.24

02:42:40          PID    %usr %system  %guest    %CPU   CPU  Command
02:42:42         3134    0.00    0.50    0.00    0.50     1  kondemand/1
02:42:42         4128    0.00    0.50    0.00    0.50    16  gmond
02:42:42        20613    0.50    1.00    0.00    1.50    25  top
02:42:42        20615    0.50    2.00    0.00    2.50    16  pidstat
02:42:42        20617    0.00    1.00    0.00    1.00    24  pidstat
02:42:42        20627  130.50    0.00    0.00  130.50    30  bt-mz.B.24
02:42:42        20628  120.50    0.00    0.00  120.50     6  bt-mz.B.24
02:42:42        20629  118.50    0.00    0.00  118.50    31  bt-mz.B.24
02:42:42        20630  118.50    0.00    0.00  118.50     2  bt-mz.B.24
02:42:42        20631  120.50    0.00    0.00  120.50    20  bt-mz.B.24
02:42:42        20632  115.50    0.00    0.00  115.50     9  bt-mz.B.24
02:42:42        20633  115.00    0.00    0.00  115.00    23  bt-mz.B.24
02:42:42        20634  114.50    0.00    0.00  114.50     8  bt-mz.B.24
02:42:42        20635  116.50    0.00    0.00  116.50    15  bt-mz.B.24
02:42:42        20636  120.00    0.00    0.00  120.00     5  bt-mz.B.24
02:42:42        20639  118.50    0.00    0.00  118.50     7  bt-mz.B.24
02:42:42        20641  116.00    0.50    0.00  116.50    18  bt-mz.B.24
02:42:42        20642  117.00    0.00    0.00  117.00    22  bt-mz.B.24
02:42:42        20643  120.50    0.00    0.00  120.50    14  bt-mz.B.24

02:42:42          PID    %usr %system  %guest    %CPU   CPU  Command
02:42:44         3148    0.00    0.50    0.00    0.50    15  kondemand/15
02:42:44         3195    0.00    0.50    0.00    0.50    12  irqbalance
02:42:44         4128    0.00    0.50    0.00    0.50    16  gmond
02:42:44        20613    0.50    0.50    0.00    1.00    25  top
02:42:44        20615    0.50    2.00    0.00    2.50    16  pidstat
02:42:44        20617    1.00    1.50    0.00    2.50    14  pidstat
02:42:44        20627  137.00    0.00    0.00  137.00    26  bt-mz.B.24
02:42:44        20628  125.00    0.00    0.00  125.00    21  bt-mz.B.24
02:42:44        20629  127.50    0.00    0.00  127.50    15  bt-mz.B.24
02:42:44        20630  121.00    0.00    0.00  121.00    17  bt-mz.B.24
02:42:44        20631  132.50    0.00    0.00  132.50    23  bt-mz.B.24
02:42:44        20632  121.00    0.00    0.00  121.00    10  bt-mz.B.24
02:42:44        20633  123.00    0.00    0.00  123.00     6  bt-mz.B.24
02:42:44        20634  119.00    0.00    0.00  119.00    11  bt-mz.B.24
02:42:44        20635  125.00    0.00    0.00  125.00    28  bt-mz.B.24
02:42:44        20636  126.00    0.00    0.00  126.00    20  bt-mz.B.24
02:42:44        20639  119.00    0.50    0.00  119.50     2  bt-mz.B.24
02:42:44        20641  116.50    0.00    0.00  116.50    19  bt-mz.B.24
02:42:44        20642  118.00    0.00    0.00  118.00     3  bt-mz.B.24
02:42:44        20643  126.00    0.00    0.00  126.00    12  bt-mz.B.24

02:42:44          PID    %usr %system  %guest    %CPU   CPU  Command
02:42:46         1063    0.00    0.50    0.00    0.50     1  jbd2/sda1-8
02:42:46         3139    0.00    0.50    0.00    0.50     6  kondemand/6
02:42:46         3144    0.00    0.50    0.00    0.50    11  kondemand/11
02:42:46         3180    0.00    0.50    0.00    0.50     5  kipmi0
02:42:46        20613    0.50    0.50    0.00    1.00    25  top
02:42:46        20615    0.50    2.00    0.00    2.50    16  pidstat
02:42:46        20617    1.00    2.50    0.00    3.50    14  pidstat
02:42:46        20627  133.50    0.00    0.00  133.50    13  bt-mz.B.24
02:42:46        20628  133.50    0.00    0.00  133.50     2  bt-mz.B.24
02:42:46        20629  126.00    0.00    0.00  126.00    30  bt-mz.B.24
02:42:46        20630  123.00    0.00    0.00  123.00     1  bt-mz.B.24
02:42:46        20631  125.00    0.50    0.00  125.50     6  bt-mz.B.24
02:42:46        20632  115.50    0.00    0.00  115.50     9  bt-mz.B.24
02:42:46        20633  116.50    0.00    0.00  116.50    17  bt-mz.B.24
02:42:46        20634  128.50    0.00    0.00  128.50    27  bt-mz.B.24
02:42:46        20635  116.00    0.00    0.00  116.00    12  bt-mz.B.24
02:42:46        20636  126.50    0.50    0.00  127.00     7  bt-mz.B.24
02:42:46        20639  124.50    0.00    0.00  124.50    18  bt-mz.B.24
02:42:46        20641  123.00    0.00    0.00  123.00    16  bt-mz.B.24
02:42:46        20642  128.00    0.00    0.00  128.00     5  bt-mz.B.24
02:42:46        20643  116.50    0.00    0.00  116.50    11  bt-mz.B.24

02:42:46          PID    %usr %system  %guest    %CPU   CPU  Command
02:42:48         3137    0.00    0.50    0.00    0.50     4  kondemand/4
02:42:48         3142    0.00    0.50    0.00    0.50     9  kondemand/9
02:42:48         3146    0.00    0.50    0.00    0.50    13  kondemand/13
02:42:48         3147    0.00    0.50    0.00    0.50    14  kondemand/14
02:42:48         3151    0.00    0.50    0.00    0.50    18  kondemand/18
02:42:48         3152    0.00    0.50    0.00    0.50    19  kondemand/19
02:42:48         3154    0.00    0.50    0.00    0.50    21  kondemand/21
02:42:48         4128    0.00    0.50    0.00    0.50    16  gmond
02:42:48        20613    0.50    1.00    0.00    1.50    25  top
02:42:48        20615    0.00    2.00    0.00    2.00    22  pidstat
02:42:48        20617    1.00    2.50    0.00    3.50    14  pidstat
02:42:48        20627  136.00    0.00    0.00  136.00    31  bt-mz.B.24
02:42:48        20628  123.50    0.00    0.00  123.50     0  bt-mz.B.24
02:42:48        20629  125.50    0.00    0.00  125.50    24  bt-mz.B.24
02:42:48        20630  129.00    0.00    0.00  129.00     1  bt-mz.B.24
02:42:48        20631  119.50    0.00    0.00  119.50     4  bt-mz.B.24
02:42:48        20632  110.00    0.00    0.00  110.00    12  bt-mz.B.24
02:42:48        20633  112.50    0.00    0.00  112.50     6  bt-mz.B.24
02:42:48        20634  125.00    0.00    0.00  125.00    11  bt-mz.B.24
02:42:48        20635  122.50    0.00    0.00  122.50     8  bt-mz.B.24
02:42:48        20636  111.00    0.00    0.00  111.00     2  bt-mz.B.24
02:42:48        20639  126.50    0.00    0.00  126.50    23  bt-mz.B.24
02:42:48        20641  113.50    0.00    0.00  113.50    16  bt-mz.B.24
02:42:48        20642  120.50    0.00    0.00  120.50     7  bt-mz.B.24
02:42:48        20643  118.00    0.00    0.00  118.00    14  bt-mz.B.24

02:42:48          PID    %usr %system  %guest    %CPU   CPU  Command
02:42:50         3141    0.00    0.50    0.00    0.50     8  kondemand/8
02:42:50         4128    0.50    0.00    0.00    0.50    16  gmond
02:42:50        20613    0.50    0.50    0.00    1.00    10  top
02:42:50        20615    1.00    1.50    0.00    2.50     6  pidstat
02:42:50        20617    0.00    1.00    0.00    1.00    14  pidstat
02:42:50        20619    0.00    0.50    0.00    0.50     8  iostat
02:42:50        20627  137.50    0.00    0.00  137.50     9  bt-mz.B.24
02:42:50        20628  124.50    0.00    0.00  124.50    22  bt-mz.B.24
02:42:50        20629  123.50    0.00    0.00  123.50    12  bt-mz.B.24
02:42:50        20630  121.00    0.00    0.00  121.00     0  bt-mz.B.24
02:42:50        20631  118.50    0.00    0.00  118.50    19  bt-mz.B.24
02:42:50        20632  114.50    0.00    0.00  114.50    25  bt-mz.B.24
02:42:50        20633  122.00    0.00    0.00  122.00     1  bt-mz.B.24
02:42:50        20634  118.50    0.00    0.00  118.50    28  bt-mz.B.24
02:42:50        20635  122.00    0.00    0.00  122.00    24  bt-mz.B.24
02:42:50        20636  126.50    0.00    0.00  126.50     4  bt-mz.B.24
02:42:50        20639  115.50    0.00    0.00  115.50     7  bt-mz.B.24
02:42:50        20641  121.00    0.00    0.00  121.00    23  bt-mz.B.24
02:42:50        20642  111.50    0.00    0.00  111.50     5  bt-mz.B.24
02:42:50        20643  127.00    0.00    0.00  127.00    14  bt-mz.B.24

02:42:50          PID    %usr %system  %guest    %CPU   CPU  Command
02:42:52         3153    0.00    0.50    0.00    0.50    20  kondemand/20
02:42:52         3162    0.00    0.50    0.00    0.50    29  kondemand/29
02:42:52         4128    0.00    0.50    0.00    0.50    16  gmond
02:42:52        20613    1.00    0.50    0.00    1.50    10  top
02:42:52        20615    0.50    2.00    0.00    2.50    22  pidstat
02:42:52        20617    1.00    3.00    0.00    4.00    14  pidstat
02:42:52        20627  136.50    0.00    0.00  136.50    27  bt-mz.B.24
02:42:52        20628  131.50    0.00    0.00  131.50    22  bt-mz.B.24
02:42:52        20629  123.00    0.00    0.00  123.00    29  bt-mz.B.24
02:42:52        20630  123.00    0.00    0.00  123.00     4  bt-mz.B.24
02:42:52        20631  121.50    0.00    0.00  121.50     3  bt-mz.B.24
02:42:52        20632  128.00    0.00    0.00  128.00     9  bt-mz.B.24
02:42:52        20633  114.00    0.50    0.00  114.50    19  bt-mz.B.24
02:42:52        20634  110.00    0.00    0.00  110.00    11  bt-mz.B.24
02:42:52        20635  121.00    0.00    0.00  121.00    12  bt-mz.B.24
02:42:52        20636  118.50    0.00    0.00  118.50    16  bt-mz.B.24
02:42:52        20639  111.50    0.00    0.00  111.50    20  bt-mz.B.24
02:42:52        20641  116.00    0.00    0.00  116.00    17  bt-mz.B.24
02:42:52        20642  126.00    0.00    0.00  126.00     7  bt-mz.B.24
02:42:52        20643  125.00    0.00    0.00  125.00    30  bt-mz.B.24

02:42:52          PID    %usr %system  %guest    %CPU   CPU  Command
02:42:54         3133    0.00    0.50    0.00    0.50     0  kondemand/0
02:42:54         3159    0.00    0.50    0.00    0.50    26  kondemand/26
02:42:54         3195    0.50    0.00    0.00    0.50    12  irqbalance
02:42:54        20613    0.50    0.50    0.00    1.00    10  top
02:42:54        20615    0.00    2.00    0.00    2.00    22  pidstat
02:42:54        20617    0.50    2.00    0.00    2.50    14  pidstat
02:42:54        20627  133.00    0.50    0.00  133.50    24  bt-mz.B.24
02:42:54        20628  126.50    0.50    0.00  127.00    21  bt-mz.B.24
02:42:54        20629  119.00    0.50    0.00  119.50    31  bt-mz.B.24
02:42:54        20630  119.00    0.00    0.00  119.00     6  bt-mz.B.24
02:42:54        20631  121.00    0.00    0.00  121.00     4  bt-mz.B.24
02:42:54        20632  119.00    0.00    0.00  119.00    27  bt-mz.B.24
02:42:54        20633  108.00    0.00    0.00  108.00    23  bt-mz.B.24
02:42:54        20634  115.00    0.00    0.00  115.00    28  bt-mz.B.24
02:42:54        20635  115.00    0.00    0.00  115.00    10  bt-mz.B.24
02:42:54        20636  124.00    0.00    0.00  124.00     0  bt-mz.B.24
02:42:54        20639  118.00    0.00    0.00  118.00    16  bt-mz.B.24
02:42:54        20641  118.00    0.00    0.00  118.00     5  bt-mz.B.24
02:42:54        20642  118.00    0.00    0.00  118.00    18  bt-mz.B.24
02:42:54        20643  124.00    0.50    0.00  124.50    10  bt-mz.B.24

02:42:54          PID    %usr %system  %guest    %CPU   CPU  Command
02:42:56         3135    0.00    0.50    0.00    0.50     2  kondemand/2
02:42:56         3145    0.00    0.50    0.00    0.50    12  kondemand/12
02:42:56         3156    0.00    0.50    0.00    0.50    23  kondemand/23
02:42:56         3161    0.00    0.50    0.00    0.50    28  kondemand/28
02:42:56         3180    0.00    0.50    0.00    0.50    21  kipmi0
02:42:56         4128    0.00    0.50    0.00    0.50     0  gmond
02:42:56        20613    0.50    1.00    0.00    1.50    10  top
02:42:56        20615    1.00    2.00    0.00    3.00     6  pidstat
02:42:56        20617    0.50    1.00    0.00    1.50    14  pidstat
02:42:56        20627  126.50    0.00    0.00  126.50     8  bt-mz.B.24
02:42:56        20628  127.00    0.00    0.00  127.00    21  bt-mz.B.24
02:42:56        20629  120.00    0.00    0.00  120.00    14  bt-mz.B.24
02:42:56        20630  126.00    0.00    0.00  126.00    22  bt-mz.B.24
02:42:56        20631  113.00    0.00    0.00  113.00    16  bt-mz.B.24
02:42:56        20632  110.00    0.00    0.00  110.00    15  bt-mz.B.24
02:42:56        20633   99.50    0.00    0.00   99.50     5  bt-mz.B.24
02:42:56        20634  116.50    0.00    0.00  116.50    31  bt-mz.B.24
02:42:56        20635  118.50    0.00    0.00  118.50     9  bt-mz.B.24
02:42:56        20636  120.50    0.00    0.00  120.50    20  bt-mz.B.24
02:42:56        20639  118.50    0.00    0.00  118.50    18  bt-mz.B.24
02:42:56        20641  114.00    0.00    0.00  114.00     2  bt-mz.B.24
02:42:56        20642  114.00    0.00    0.00  114.00     4  bt-mz.B.24
02:42:56        20643  120.50    0.00    0.00  120.50    28  bt-mz.B.24

02:42:56          PID    %usr %system  %guest    %CPU   CPU  Command
02:42:58         3164    0.00    0.50    0.00    0.50    31  kondemand/31
02:42:58         4128    0.00    0.50    0.00    0.50     0  gmond
02:42:58        20613    0.50    0.50    0.00    1.00    10  top
02:42:58        20615    0.50    2.00    0.00    2.50     6  pidstat
02:42:58        20617    1.00    2.00    0.00    3.00    14  pidstat
02:42:58        20622    0.00    0.50    0.00    0.50    14  vmstat
02:42:58        20627  146.00    0.00    0.00  146.00     9  bt-mz.B.24
02:42:58        20628  125.50    0.00    0.00  125.50    21  bt-mz.B.24
02:42:58        20629  131.00    0.00    0.00  131.00    14  bt-mz.B.24
02:42:58        20630  128.00    0.00    0.00  128.00     5  bt-mz.B.24
02:42:58        20631  125.00    0.00    0.00  125.00     2  bt-mz.B.24
02:42:58        20632  127.50    0.00    0.00  127.50    10  bt-mz.B.24
02:42:58        20633  120.50    0.00    0.00  120.50     1  bt-mz.B.24
02:42:58        20634  124.00    0.00    0.00  124.00    11  bt-mz.B.24
02:42:58        20635  119.50    0.00    0.00  119.50    10  bt-mz.B.24
02:42:58        20636  117.50    0.00    0.00  117.50    19  bt-mz.B.24
02:42:58        20639  119.00    0.00    0.00  119.00    18  bt-mz.B.24
02:42:58        20641  121.00    0.00    0.00  121.00    22  bt-mz.B.24
02:42:58        20642  138.00    0.00    0.00  138.00     0  bt-mz.B.24
02:42:58        20643  119.50    0.00    0.00  119.50    26  bt-mz.B.24

02:42:58          PID    %usr %system  %guest    %CPU   CPU  Command
02:43:00         3140    0.00    0.50    0.00    0.50     7  kondemand/7
02:43:00         3155    0.00    0.50    0.00    0.50    22  kondemand/22
02:43:00         3163    0.00    0.50    0.00    0.50    30  kondemand/30
02:43:00         3684    0.00    0.50    0.00    0.50    22  snmpd
02:43:00        20613    0.50    1.00    0.00    1.50    26  top
02:43:00        20615    0.50    1.50    0.00    2.00     6  pidstat
02:43:00        20617    0.50    2.00    0.00    2.50    28  pidstat
02:43:00        20627  130.00    0.00    0.00  130.00    14  bt-mz.B.24
02:43:00        20628  113.00    0.00    0.00  113.00     5  bt-mz.B.24
02:43:00        20629  110.00    0.00    0.00  110.00    29  bt-mz.B.24
02:43:00        20630  117.50    0.00    0.00  117.50    19  bt-mz.B.24
02:43:00        20631  113.50    0.00    0.00  113.50    21  bt-mz.B.24
02:43:00        20632  115.00    0.00    0.00  115.00    11  bt-mz.B.24
02:43:00        20633  119.00    0.00    0.00  119.00    16  bt-mz.B.24
02:43:00        20634  114.00    0.00    0.00  114.00    26  bt-mz.B.24
02:43:00        20635   99.50    0.00    0.00   99.50    10  bt-mz.B.24
02:43:00        20636  107.00    0.00    0.00  107.00     3  bt-mz.B.24
02:43:00        20639  121.00    0.00    0.00  121.00     0  bt-mz.B.24
02:43:00        20641  122.00    0.00    0.00  122.00    18  bt-mz.B.24
02:43:00        20642  116.00    0.00    0.00  116.00    17  bt-mz.B.24
02:43:00        20643  101.50    0.00    0.00  101.50    13  bt-mz.B.24

02:43:00          PID    %usr %system  %guest    %CPU   CPU  Command
02:43:02         3149    0.00    0.50    0.00    0.50    16  kondemand/16
02:43:02         3157    0.00    0.50    0.00    0.50    24  kondemand/24
02:43:02         4128    0.00    0.50    0.00    0.50     0  gmond
02:43:02        20613    1.00    0.50    0.00    1.50    14  top
02:43:02        20615    0.50    2.00    0.00    2.50     6  pidstat
02:43:02        20617    1.00    2.00    0.00    3.00    12  pidstat
02:43:02        20627  142.50    0.00    0.00  142.50    30  bt-mz.B.24
02:43:02        20628  124.00    0.00    0.00  124.00    20  bt-mz.B.24
02:43:02        20629  126.00    0.00    0.00  126.00    15  bt-mz.B.24
02:43:02        20630  126.00    0.00    0.00  126.00     7  bt-mz.B.24
02:43:02        20631  125.00    0.50    0.00  125.50    18  bt-mz.B.24
02:43:02        20632  125.50    0.00    0.00  125.50    12  bt-mz.B.24
02:43:02        20633  119.00    0.00    0.00  119.00     0  bt-mz.B.24
02:43:02        20634  115.50    0.00    0.00  115.50    25  bt-mz.B.24
02:43:02        20635  113.50    0.50    0.00  114.00    29  bt-mz.B.24
02:43:02        20636  120.50    0.00    0.00  120.50    17  bt-mz.B.24
02:43:02        20639  122.50    0.00    0.00  122.50     7  bt-mz.B.24
02:43:02        20641  124.50    0.00    0.00  124.50     2  bt-mz.B.24
02:43:02        20642  128.00    0.00    0.00  128.00    22  bt-mz.B.24
02:43:02        20643  129.00    0.00    0.00  129.00    11  bt-mz.B.24

02:43:02          PID    %usr %system  %guest    %CPU   CPU  Command
02:43:04         3180    0.00    0.50    0.00    0.50    21  kipmi0
02:43:04        20613    0.50    0.50    0.00    1.00    14  top
02:43:04        20615    0.50    1.50    0.00    2.00    22  pidstat
02:43:04        20617    1.00    1.50    0.00    2.50    12  pidstat
02:43:04        20627  124.50    0.00    0.00  124.50    14  bt-mz.B.24
02:43:04        20628  120.00    0.00    0.00  120.00     4  bt-mz.B.24
02:43:04        20629  120.50    0.00    0.00  120.50    15  bt-mz.B.24
02:43:04        20630  116.50    0.50    0.00  117.00     7  bt-mz.B.24
02:43:04        20631  118.00    0.00    0.00  118.00    16  bt-mz.B.24
02:43:04        20632  116.50    0.00    0.00  116.50    28  bt-mz.B.24
02:43:04        20633  109.00    0.00    0.00  109.00     1  bt-mz.B.24
02:43:04        20634  120.50    0.00    0.00  120.50    13  bt-mz.B.24
02:43:04        20635  114.00    0.00    0.00  114.00    11  bt-mz.B.24
02:43:04        20636  116.00    0.00    0.00  116.00     0  bt-mz.B.24
02:43:04        20639  121.00    0.00    0.00  121.00    17  bt-mz.B.24
02:43:04        20641  116.00    0.00    0.00  116.00     6  bt-mz.B.24
02:43:04        20642  108.00    0.00    0.00  108.00     5  bt-mz.B.24
02:43:04        20643  123.50    0.00    0.00  123.50    31  bt-mz.B.24

02:43:04          PID    %usr %system  %guest    %CPU   CPU  Command
02:43:06         3136    0.00    0.50    0.00    0.50     3  kondemand/3
02:43:06         3143    0.00    0.50    0.00    0.50    10  kondemand/10
02:43:06         3180    0.00    0.50    0.00    0.50     5  kipmi0
02:43:06         4128    0.50    0.00    0.00    0.50    16  gmond
02:43:06        20613    0.50    1.00    0.00    1.50    14  top
02:43:06        20615    1.00    1.50    0.00    2.50     6  pidstat
02:43:06        20617    0.00    1.00    0.00    1.00    12  pidstat
02:43:06        20627  126.50    0.00    0.00  126.50    28  bt-mz.B.24
02:43:06        20628  129.00    0.00    0.00  129.00    20  bt-mz.B.24
02:43:06        20629  127.00    0.00    0.00  127.00    29  bt-mz.B.24
02:43:06        20630  124.50    0.00    0.00  124.50     7  bt-mz.B.24
02:43:06        20631  111.50    0.00    0.00  111.50    16  bt-mz.B.24
02:43:06        20632  119.50    0.00    0.00  119.50    13  bt-mz.B.24
02:43:06        20633  106.50    0.00    0.00  106.50     1  bt-mz.B.24
02:43:06        20634  109.00    0.00    0.00  109.00    10  bt-mz.B.24
02:43:06        20635  119.50    0.00    0.00  119.50    27  bt-mz.B.24
02:43:06        20636  114.00    0.00    0.00  114.00    17  bt-mz.B.24
02:43:06        20639  119.00    0.00    0.00  119.00     2  bt-mz.B.24
02:43:06        20641  121.50    0.00    0.00  121.50    22  bt-mz.B.24
02:43:06        20642  105.50    0.50    0.00  106.00     1  bt-mz.B.24
02:43:06        20643  118.50    0.00    0.00  118.50    31  bt-mz.B.24

02:43:06          PID    %usr %system  %guest    %CPU   CPU  Command
02:43:08         3158    0.00    0.50    0.00    0.50    25  kondemand/25
02:43:08         4128    0.00    0.50    0.00    0.50    16  gmond
02:43:08        20613    0.50    0.50    0.00    1.00    14  top
02:43:08        20615    0.50    2.00    0.00    2.50     6  pidstat
02:43:08        20617    1.00    2.50    0.00    3.50    12  pidstat
02:43:08        20627  133.00    0.00    0.00  133.00    13  bt-mz.B.24
02:43:08        20628  128.00    0.00    0.00  128.00    17  bt-mz.B.24
02:43:08        20629  124.50    0.00    0.00  124.50    28  bt-mz.B.24
02:43:08        20630  116.00    0.00    0.00  116.00     2  bt-mz.B.24
02:43:08        20631  120.00    0.00    0.00  120.00    16  bt-mz.B.24
02:43:08        20632  121.50    0.00    0.00  121.50    30  bt-mz.B.24
02:43:08        20633  123.00    0.00    0.00  123.00    18  bt-mz.B.24
02:43:08        20634  121.50    0.50    0.00  122.00     8  bt-mz.B.24
02:43:08        20635  123.50    0.00    0.00  123.50    24  bt-mz.B.24
02:43:08        20636  128.50    0.00    0.00  128.50     3  bt-mz.B.24
02:43:08        20639  125.50    0.00    0.00  125.50     6  bt-mz.B.24
02:43:08        20641  116.00    0.00    0.00  116.00    22  bt-mz.B.24
02:43:08        20642  127.00    0.00    0.00  127.00     4  bt-mz.B.24
02:43:08        20643  128.00    0.00    0.00  128.00     9  bt-mz.B.24

02:43:08          PID    %usr %system  %guest    %CPU   CPU  Command
02:43:10         3138    0.00    0.50    0.00    0.50     5  kondemand/5
02:43:10         3160    0.00    0.50    0.00    0.50    27  kondemand/27
02:43:10        20613    1.00    0.50    0.00    1.50    14  top
02:43:10        20615    1.00    1.50    0.00    2.50    20  pidstat
02:43:10        20617    1.00    2.50    0.00    3.50    12  pidstat
02:43:10        20618    0.00    0.50    0.00    0.50    25  mpstat
02:43:10        20627  138.50    0.00    0.00  138.50    26  bt-mz.B.24
02:43:10        20628  117.50    0.00    0.00  117.50    21  bt-mz.B.24
02:43:10        20629  129.50    0.00    0.00  129.50    28  bt-mz.B.24
02:43:10        20630  116.50    0.00    0.00  116.50    21  bt-mz.B.24
02:43:10        20631  132.00    0.00    0.00  132.00    16  bt-mz.B.24
02:43:10        20632  116.00    0.00    0.00  116.00    24  bt-mz.B.24
02:43:10        20633  123.50    0.00    0.00  123.50    17  bt-mz.B.24
02:43:10        20634  118.00    0.00    0.00  118.00    13  bt-mz.B.24
02:43:10        20635  117.50    0.00    0.00  117.50    27  bt-mz.B.24
02:43:10        20636  131.00    0.00    0.00  131.00     5  bt-mz.B.24
02:43:10        20639  126.50    0.00    0.00  126.50     2  bt-mz.B.24
02:43:10        20641  118.50    0.00    0.00  118.50    22  bt-mz.B.24
02:43:10        20642  123.50    0.00    0.00  123.50    18  bt-mz.B.24
02:43:10        20643  123.50    0.00    0.00  123.50     9  bt-mz.B.24

02:43:10          PID    %usr %system  %guest    %CPU   CPU  Command
02:43:12         3134    0.00    0.50    0.00    0.50     1  kondemand/1
02:43:12         3150    0.00    0.50    0.00    0.50    17  kondemand/17
02:43:12         3180    0.00    0.50    0.00    0.50    23  kipmi0
02:43:12         3852    0.50    1.00    0.00    1.50     8  pbs_mom
02:43:12         4128    0.00    0.50    0.00    0.50    16  gmond
02:43:12        20613    1.00    0.50    0.00    1.50    14  top
02:43:12        20615    0.50    1.50    0.00    2.00    22  pidstat
02:43:12        20617    0.50    2.00    0.00    2.50    12  pidstat
02:43:12        20627  136.00    0.00    0.00  136.00    31  bt-mz.B.24
02:43:12        20628  119.00    0.00    0.00  119.00    18  bt-mz.B.24
02:43:12        20629  124.00    0.00    0.00  124.00    28  bt-mz.B.24
02:43:12        20630  114.50    0.00    0.00  114.50     2  bt-mz.B.24
02:43:12        20631  131.00    0.00    0.00  131.00     0  bt-mz.B.24
02:43:12        20632  127.00    0.00    0.00  127.00    13  bt-mz.B.24
02:43:12        20633  123.50    0.00    0.00  123.50    17  bt-mz.B.24
02:43:12        20634  116.50    0.00    0.00  116.50    27  bt-mz.B.24
02:43:12        20635  119.50    0.00    0.00  119.50    11  bt-mz.B.24
02:43:12        20636  118.50    0.00    0.00  118.50    17  bt-mz.B.24
02:43:12        20639  109.00    0.00    0.00  109.00    22  bt-mz.B.24
02:43:12        20641  116.50    0.50    0.00  117.00    23  bt-mz.B.24
02:43:12        20642  113.00    0.00    0.00  113.00     5  bt-mz.B.24
02:43:12        20643  116.00    0.00    0.00  116.00     9  bt-mz.B.24

02:43:12          PID    %usr %system  %guest    %CPU   CPU  Command
02:43:14         3148    0.00    0.50    0.00    0.50    15  kondemand/15
02:43:14         4128    0.00    0.50    0.00    0.50    16  gmond
02:43:14        20613    0.50    1.00    0.00    1.50    14  top
02:43:14        20615    1.00    2.00    0.00    3.00    22  pidstat
02:43:14        20617    0.50    2.00    0.00    2.50    28  pidstat
02:43:14        20627  129.50    0.00    0.00  129.50    27  bt-mz.B.24
02:43:14        20628  115.00    0.00    0.00  115.00     2  bt-mz.B.24
02:43:14        20629  127.00    0.00    0.00  127.00    13  bt-mz.B.24
02:43:14        20630  110.00    0.00    0.00  110.00    18  bt-mz.B.24
02:43:14        20631  121.50    0.00    0.00  121.50    16  bt-mz.B.24
02:43:14        20632  112.00    0.00    0.00  112.00    14  bt-mz.B.24
02:43:14        20633  123.50    0.00    0.00  123.50    17  bt-mz.B.24
02:43:14        20634  101.50    0.00    0.00  101.50    11  bt-mz.B.24
02:43:14        20635  107.00    0.00    0.00  107.00    26  bt-mz.B.24
02:43:14        20636  117.50    0.00    0.00  117.50     7  bt-mz.B.24
02:43:14        20639  126.00    0.00    0.00  126.00     6  bt-mz.B.24
02:43:14        20641  125.50    0.00    0.00  125.50     0  bt-mz.B.24
02:43:14        20642  114.00    0.00    0.00  114.00    22  bt-mz.B.24
02:43:14        20643  120.00    0.00    0.00  120.00     9  bt-mz.B.24

02:43:14          PID    %usr %system  %guest    %CPU   CPU  Command
02:43:16         3139    0.00    0.50    0.00    0.50     6  kondemand/6
02:43:16         3141    0.00    0.50    0.00    0.50     8  kondemand/8
02:43:16         3144    0.00    0.50    0.00    0.50    11  kondemand/11
02:43:16         3146    0.00    0.50    0.00    0.50    13  kondemand/13
02:43:16         3147    0.00    0.50    0.00    0.50    14  kondemand/14
02:43:16        20613    0.50    0.50    0.00    1.00    14  top
02:43:16        20615    1.00    1.50    0.00    2.50    22  pidstat
02:43:16        20617    1.00    1.50    0.00    2.50    28  pidstat
02:43:16        20627  130.50    0.00    0.00  130.50    27  bt-mz.B.24
02:43:16        20628  129.00    0.00    0.00  129.00     7  bt-mz.B.24
02:43:16        20629  121.00    0.00    0.00  121.00    24  bt-mz.B.24
02:43:16        20630  124.00    0.00    0.00  124.00    18  bt-mz.B.24
02:43:16        20631  128.00    0.00    0.00  128.00     0  bt-mz.B.24
02:43:16        20632  125.00    0.00    0.00  125.00    14  bt-mz.B.24
02:43:16        20633  122.50    0.00    0.00  122.50    17  bt-mz.B.24
02:43:16        20634  130.50    0.00    0.00  130.50    11  bt-mz.B.24
02:43:16        20635  122.00    0.00    0.00  122.00    10  bt-mz.B.24
02:43:16        20636  125.50    0.00    0.00  125.50    23  bt-mz.B.24
02:43:16        20639  114.00    0.00    0.00  114.00    22  bt-mz.B.24
02:43:16        20641  116.50    0.00    0.00  116.50     5  bt-mz.B.24
02:43:16        20642  114.50    0.00    0.00  114.50     3  bt-mz.B.24
02:43:16        20643  121.00    0.00    0.00  121.00    25  bt-mz.B.24

02:43:16          PID    %usr %system  %guest    %CPU   CPU  Command
02:43:18          117    0.00    0.50    0.00    0.50    28  ksoftirqd/28
02:43:18          152    0.00    0.50    0.00    0.50    21  events/21
02:43:18         3137    0.00    0.50    0.00    0.50     4  kondemand/4
02:43:18         3142    0.00    0.50    0.00    0.50     9  kondemand/9
02:43:18         4128    0.50    0.00    0.00    0.50    16  gmond
02:43:18        20613    0.50    0.50    0.00    1.00    14  top
02:43:18        20615    1.00    1.50    0.00    2.50    22  pidstat
02:43:18        20617    1.00    2.00    0.00    3.00    28  pidstat
02:43:18        20627  130.00    0.00    0.00  130.00    29  bt-mz.B.24
02:43:18        20628  130.00    0.00    0.00  130.00     6  bt-mz.B.24
02:43:18        20629  119.00    0.00    0.00  119.00    12  bt-mz.B.24
02:43:18        20630  126.50    0.00    0.00  126.50    18  bt-mz.B.24
02:43:18        20631  118.50    0.00    0.00  118.50    20  bt-mz.B.24
02:43:18        20632  121.00    0.00    0.00  121.00    12  bt-mz.B.24
02:43:18        20633  120.50    0.00    0.00  120.50     2  bt-mz.B.24
02:43:18        20634  121.50    0.00    0.00  121.50    11  bt-mz.B.24
02:43:18        20635  120.00    0.00    0.00  120.00    26  bt-mz.B.24
02:43:18        20636  123.50    0.00    0.00  123.50    17  bt-mz.B.24
02:43:18        20639  118.00    0.00    0.00  118.00    16  bt-mz.B.24
02:43:18        20641  121.00    0.00    0.00  121.00    19  bt-mz.B.24
02:43:18        20642  124.00    0.00    0.00  124.00     6  bt-mz.B.24
02:43:18        20643  122.00    0.50    0.00  122.50    14  bt-mz.B.24

02:43:18          PID    %usr %system  %guest    %CPU   CPU  Command
02:43:20         3133    0.00    0.50    0.00    0.50     0  kondemand/0
02:43:20         3152    0.00    0.50    0.00    0.50    19  kondemand/19
02:43:20         4128    0.00    0.50    0.00    0.50    16  gmond
02:43:20        20613    0.50    1.00    0.00    1.50    14  top
02:43:20        20615    0.50    1.50    0.00    2.00    19  pidstat
02:43:20        20617    0.50    1.50    0.00    2.00    28  pidstat
02:43:20        20619    0.00    0.50    0.00    0.50     8  iostat
02:43:20        20627  140.00    0.00    0.00  140.00    13  bt-mz.B.24
02:43:20        20628  125.50    0.00    0.00  125.50    18  bt-mz.B.24
02:43:20        20629  121.50    0.00    0.00  121.50    24  bt-mz.B.24
02:43:20        20630  114.50    0.00    0.00  114.50    22  bt-mz.B.24
02:43:20        20631  122.00    0.00    0.00  122.00    23  bt-mz.B.24
02:43:20        20632  127.50    0.00    0.00  127.50    25  bt-mz.B.24
02:43:20        20633  123.00    0.00    0.00  123.00    22  bt-mz.B.24
02:43:20        20634  117.50    0.00    0.00  117.50    11  bt-mz.B.24
02:43:20        20635  123.50    0.00    0.00  123.50    10  bt-mz.B.24
02:43:20        20636  121.00    0.00    0.00  121.00     5  bt-mz.B.24
02:43:20        20639  118.00    0.00    0.00  118.00    17  bt-mz.B.24
02:43:20        20641  117.00    0.00    0.00  117.00     0  bt-mz.B.24
02:43:20        20642  120.00    0.00    0.00  120.00     6  bt-mz.B.24
02:43:20        20643  119.00    0.00    0.00  119.00    30  bt-mz.B.24

02:43:20          PID    %usr %system  %guest    %CPU   CPU  Command
02:43:22         3151    0.00    0.50    0.00    0.50    18  kondemand/18
02:43:22         3154    0.00    0.50    0.00    0.50    21  kondemand/21
02:43:22         3162    0.00    0.50    0.00    0.50    29  kondemand/29
02:43:22         3180    0.00    0.50    0.00    0.50     7  kipmi0
02:43:22        20613    1.00    0.50    0.00    1.50    14  top
02:43:22        20615    0.50    2.00    0.00    2.50    19  pidstat
02:43:22        20617    0.50    1.00    0.00    1.50    28  pidstat
02:43:22        20627  126.50    0.00    0.00  126.50    13  bt-mz.B.24
02:43:22        20628  129.00    0.00    0.00  129.00     2  bt-mz.B.24
02:43:22        20629  121.00    0.00    0.00  121.00    31  bt-mz.B.24
02:43:22        20630  112.50    0.00    0.00  112.50    21  bt-mz.B.24
02:43:22        20631  114.00    0.00    0.00  114.00    20  bt-mz.B.24
02:43:22        20632  125.00    0.00    0.00  125.00     9  bt-mz.B.24
02:43:22        20633  110.50    0.00    0.00  110.50     4  bt-mz.B.24
02:43:22        20634  120.50    0.00    0.00  120.50     8  bt-mz.B.24
02:43:22        20635  115.00    0.00    0.00  115.00     8  bt-mz.B.24
02:43:22        20636  113.50    0.00    0.00  113.50     5  bt-mz.B.24
02:43:22        20639  121.00    0.00    0.00  121.00    22  bt-mz.B.24
02:43:22        20641  122.50    0.00    0.00  122.50     6  bt-mz.B.24
02:43:22        20642  116.00    0.00    0.00  116.00    23  bt-mz.B.24
02:43:22        20643  117.50    0.00    0.00  117.50    14  bt-mz.B.24

02:43:22          PID    %usr %system  %guest    %CPU   CPU  Command
02:43:24         3145    0.00    0.50    0.00    0.50    12  kondemand/12
02:43:24         3153    0.00    0.50    0.00    0.50    20  kondemand/20
02:43:24         3180    0.00    0.50    0.00    0.50    23  kipmi0
02:43:24         3195    0.00    0.50    0.00    0.50    12  irqbalance
02:43:24         3209    0.00    0.50    0.00    0.50    16  rpcbind
02:43:24         4128    0.00    0.50    0.00    0.50    16  gmond
02:43:24        20613    0.50    0.50    0.00    1.00    30  top
02:43:24        20615    0.50    1.50    0.00    2.00     3  pidstat
02:43:24        20617    1.00    2.00    0.00    3.00    12  pidstat
02:43:24        20627  132.50    0.00    0.00  132.50    28  bt-mz.B.24
02:43:24        20628  134.50    0.00    0.00  134.50    23  bt-mz.B.24
02:43:24        20629  123.50    0.00    0.00  123.50    29  bt-mz.B.24
02:43:24        20630  119.00    0.00    0.00  119.00    22  bt-mz.B.24
02:43:24        20631  123.00    0.00    0.00  123.00     4  bt-mz.B.24
02:43:24        20632  118.00    0.00    0.00  118.00    30  bt-mz.B.24
02:43:24        20633  120.50    0.00    0.00  120.50     0  bt-mz.B.24
02:43:24        20634  123.00    0.00    0.00  123.00     9  bt-mz.B.24
02:43:24        20635  117.50    0.00    0.00  117.50    11  bt-mz.B.24
02:43:24        20636  119.50    0.00    0.00  119.50    18  bt-mz.B.24
02:43:24        20639  110.00    0.00    0.00  110.00     6  bt-mz.B.24
02:43:24        20641  115.50    0.00    0.00  115.50     7  bt-mz.B.24
02:43:24        20642  122.50    0.00    0.00  122.50    19  bt-mz.B.24
02:43:24        20643  122.50    0.00    0.00  122.50    24  bt-mz.B.24

02:43:24          PID    %usr %system  %guest    %CPU   CPU  Command
02:43:26         3159    0.00    0.50    0.00    0.50    26  kondemand/26
02:43:26         4128    0.50    0.00    0.00    0.50    16  gmond
02:43:26        20613    1.00    1.00    0.00    2.00    30  top
02:43:26        20615    0.50    2.00    0.00    2.50     3  pidstat
02:43:26        20617    1.00    2.50    0.00    3.50    12  pidstat
02:43:26        20627  127.00    0.00    0.00  127.00    30  bt-mz.B.24
02:43:26        20628  133.00    0.00    0.00  133.00     5  bt-mz.B.24
02:43:26        20629  127.50    0.00    0.00  127.50    13  bt-mz.B.24
02:43:26        20630  118.50    0.00    0.00  118.50    22  bt-mz.B.24
02:43:26        20631  119.00    0.00    0.00  119.00    23  bt-mz.B.24
02:43:26        20632  121.00    0.00    0.00  121.00    28  bt-mz.B.24
02:43:26        20633  121.00    0.00    0.00  121.00     7  bt-mz.B.24
02:43:26        20634  119.00    0.00    0.00  119.00    25  bt-mz.B.24
02:43:26        20635  128.00    0.50    0.00  128.50    27  bt-mz.B.24
02:43:26        20636  124.00    0.00    0.00  124.00     3  bt-mz.B.24
02:43:26        20639  120.00    0.00    0.00  120.00     0  bt-mz.B.24
02:43:26        20641  120.50    0.00    0.00  120.50    21  bt-mz.B.24
02:43:26        20642  119.00    0.00    0.00  119.00     6  bt-mz.B.24
02:43:26        20643  116.50    0.00    0.00  116.50     8  bt-mz.B.24

02:43:26          PID    %usr %system  %guest    %CPU   CPU  Command
02:43:28         3135    0.00    0.50    0.00    0.50     2  kondemand/2
02:43:28         3161    0.00    0.50    0.00    0.50    28  kondemand/28
02:43:28         4128    0.00    0.50    0.00    0.50    16  gmond
02:43:28        20613    0.50    0.00    0.00    0.50    30  top
02:43:28        20615    0.50    1.50    0.00    2.00     3  pidstat
02:43:28        20617    0.50    1.50    0.00    2.00    12  pidstat
02:43:28        20627  133.50    0.00    0.00  133.50    30  bt-mz.B.24
02:43:28        20628  120.50    0.00    0.00  120.50    19  bt-mz.B.24
02:43:28        20629  130.50    0.00    0.00  130.50    12  bt-mz.B.24
02:43:28        20630  121.00    0.00    0.00  121.00     5  bt-mz.B.24
02:43:28        20631  117.50    0.00    0.00  117.50     6  bt-mz.B.24
02:43:28        20632  116.00    0.00    0.00  116.00    29  bt-mz.B.24
02:43:28        20633  123.00    0.00    0.00  123.00     1  bt-mz.B.24
02:43:28        20634  122.50    0.00    0.00  122.50    27  bt-mz.B.24
02:43:28        20635  115.50    0.00    0.00  115.50    13  bt-mz.B.24
02:43:28        20636  107.50    0.00    0.00  107.50    23  bt-mz.B.24
02:43:28        20639  112.50    0.50    0.00  113.00     4  bt-mz.B.24
02:43:28        20641  123.50    0.00    0.00  123.50     2  bt-mz.B.24
02:43:28        20642  121.50    0.00    0.00  121.50     7  bt-mz.B.24
02:43:28        20643  117.00    0.00    0.00  117.00    14  bt-mz.B.24

02:43:28          PID    %usr %system  %guest    %CPU   CPU  Command
02:43:30         3140    0.00    0.50    0.00    0.50     7  kondemand/7
02:43:30         3156    0.00    0.50    0.00    0.50    23  kondemand/23
02:43:30         3164    0.00    0.50    0.00    0.50    31  kondemand/31
02:43:30         3684    0.00    0.50    0.00    0.50    22  snmpd
02:43:30        20613    1.00    1.00    0.00    2.00    30  top
02:43:30        20615    1.00    1.50    0.00    2.50     2  pidstat
02:43:30        20617    0.50    2.00    0.00    2.50    12  pidstat
02:43:30        20627  129.50    0.00    0.00  129.50     8  bt-mz.B.24
02:43:30        20628  132.00    0.50    0.00  132.50    21  bt-mz.B.24
02:43:30        20629  127.00    0.00    0.00  127.00    14  bt-mz.B.24
02:43:30        20630  122.00    0.00    0.00  122.00     0  bt-mz.B.24
02:43:30        20631  117.50    0.00    0.00  117.50     6  bt-mz.B.24
02:43:30        20632  119.00    0.00    0.00  119.00    26  bt-mz.B.24
02:43:30        20633  120.50    0.00    0.00  120.50    18  bt-mz.B.24
02:43:30        20634  113.50    0.00    0.00  113.50    31  bt-mz.B.24
02:43:30        20635  116.00    0.00    0.00  116.00     9  bt-mz.B.24
02:43:30        20636  119.00    0.00    0.00  119.00     5  bt-mz.B.24
02:43:30        20639  120.50    0.00    0.00  120.50     1  bt-mz.B.24
02:43:30        20641  126.50    0.00    0.00  126.50     7  bt-mz.B.24
02:43:30        20642  114.50    0.00    0.00  114.50    23  bt-mz.B.24
02:43:30        20643  114.00    0.00    0.00  114.00    14  bt-mz.B.24
