Linux 2.6.32-279.14.1.el6.x86_64 (compute-662-5.local) 	04/21/20 	_x86_64_	(48 CPU)

02:12:36     CPU    %usr   %nice    %sys %iowait    %irq   %soft  %steal  %guest   %idle
02:12:38     all    6.01    0.00    3.08    0.00    0.00    0.04    0.00    0.00   90.88
02:12:40     all   85.70    0.00    0.38    0.00    0.00    0.00    0.00    0.00   13.92
02:12:42     all   86.56    0.00    0.19    0.00    0.00    0.00    0.00    0.00   13.25
02:12:44     all   86.00    0.00    0.17    0.00    0.00    0.00    0.00    0.00   13.83
02:12:46     all   85.74    0.00    0.17    0.00    0.00    0.00    0.00    0.00   14.09
02:12:48     all   86.60    0.00    0.17    0.00    0.00    0.00    0.00    0.00   13.23
02:12:50     all   85.28    0.00    0.16    0.00    0.00    0.00    0.00    0.00   14.56
02:12:52     all   86.50    0.00    0.18    0.00    0.00    0.00    0.00    0.00   13.32
02:12:54     all   86.50    0.00    0.18    0.00    0.00    0.00    0.00    0.00   13.32
02:12:56     all   85.17    0.00    0.18    0.00    0.00    0.00    0.00    0.00   14.66
02:12:58     all   86.77    0.00    0.18    0.00    0.00    0.00    0.00    0.00   13.05
02:13:00     all   85.72    0.00    0.18    0.01    0.00    0.00    0.00    0.00   14.10
02:13:02     all   86.05    0.00    0.18    0.00    0.00    0.00    0.00    0.00   13.77
02:13:04     all   86.58    0.00    0.18    0.00    0.00    0.00    0.00    0.00   13.24
02:13:06     all   84.97    0.00    0.18    0.00    0.00    0.00    0.00    0.00   14.85
02:13:08     all   86.61    0.00    0.18    0.00    0.00    0.00    0.00    0.00   13.21
02:13:10     all   86.38    0.00    0.17    0.00    0.00    0.01    0.00    0.00   13.44
02:13:12     all   85.30    0.00    0.21    0.00    0.00    0.00    0.00    0.00   14.49
02:13:14     all   86.65    0.00    0.18    0.00    0.00    0.00    0.00    0.00   13.17
02:13:16     all   85.64    0.00    0.18    0.00    0.00    0.00    0.00    0.00   14.18
02:13:18     all   86.11    0.00    0.21    0.00    0.00    0.00    0.00    0.00   13.68
02:13:20     all   86.76    0.00    0.16    0.00    0.00    0.00    0.00    0.00   13.09
02:13:22     all   85.06    0.00    0.21    0.00    0.00    0.00    0.00    0.00   14.73
02:13:24     all   86.53    0.00    0.17    0.00    0.00    0.00    0.00    0.00   13.31
02:13:26     all   86.70    0.00    0.16    0.00    0.00    0.00    0.00    0.00   13.14
