procs -----------memory---------- ---swap-- -----io---- --system-- -----cpu-----
 r  b   swpd   free   buff  cache   si   so    bi    bo   in   cs us sy id wa st
13  0  13768 64937356  38272 142264    0    0     0     1    0    0 65  1 34  0  0	
52  0  13768 64592568  38280 168448    0    0     0    10 17454 24295  6  4 90  0  0	
48  0  13768 64592568  38280 169228    0    0     0     0 42533 11847 86  0 14  0  0	
48  0  13768 64596360  38292 169316    0    0     0   102 42605 11785 86  0 13  0  0	
27  0  13768 64597268  38300 169408    0    0     0    24 42434 11809 86  0 14  0  0	
48  0  13768 64600528  38300 169496    0    0     0     0 42683 11906 86  0 13  0  0	
48  0  13768 64602292  38300 169588    0    0     0     0 42512 11836 86  0 14  0  0	
48  0  13768 64603288  38308 169676    0    0     0    42 42584 11806 86  0 14  0  0	
