procs -----------memory---------- ---swap-- -----io---- --system-- -----cpu-----
 r  b   swpd   free   buff  cache   si   so    bi    bo   in   cs us sy id wa st
 7  0      0 64520164 215328 407448    0    0     0     1    0    0 38  2 60  0  0	
28  0      0 64176260 215328 434296    0    0     0     0 29128 31876 60  5 35  0  0	
27  0      0 64177132 215328 434356    0    0     0    90 26585 8978 79  0 20  0  0	
34  0      0 64179652 215328 434416    0    0     0    34 26580 9071 79  0 21  0  0	
26  0      0 64182804 215328 434480    0    0     0     0 26994 9152 80  0 20  0  0	
32  0      0 64184140 215328 434540    0    0     0     0 27287 9005 81  0 18  0  0	
28  0      0 64187324 215328 434600    0    0     0    14 27123 9017 81  0 19  0  0	
33  0      0 64189716 215328 434664    0    0     0     0 26455 8905 79  0 21  0  0	
30  0      0 64191600 215328 434728    0    0     0     0 27093 8971 81  0 19  0  0	
26  0      0 64193600 215328 434788    0    0     0     0 27198 8828 81  0 19  0  0	
43  0      0 64194408 215328 434852    0    0     0    10 27643 9005 82  0 17  0  0	
33  0      0 64194604 215328 434912    0    0     0    12 26960 8718 81  0 19  0  0	
42  0      0 64194648 215328 434972    0    0     0     0 27015 8839 81  0 19  0  0	
37  0      0 64194640 215328 435040    0    0     0   114 26865 8815 80  0 19  0  0	
30  0      0 64194640 215328 435100    0    0     0     0 27334 8724 82  0 18  0  0	
26  0      0 64194640 215328 435164    0    0     0     8 27366 8833 82  0 18  0  0	
48  0      0 64194640 215328 435228    0    0     0     0 26974 9067 81  0 19  0  0	
36  0      0 64194632 215328 435292    0    0     0     0 27241 9227 81  0 19  0  0	
26  0      0 64194508 215328 435356    0    0     0  6094 29950 9213 83  0 17  0  0	
45  0      0 64194508 215328 435424    0    0     0     0 27478 8957 82  0 18  0  0	
26  0      0 64194408 215328 435484    0    0     0  1354 28640 8923 82  0 18  0  0	
procs -----------memory---------- ---swap-- -----io---- --system-- -----cpu-----
 r  b   swpd   free   buff  cache   si   so    bi    bo   in   cs us sy id wa st
30  0      0 64194316 215328 435544    0    0     0     0 28045 8916 83  0 16  0  0	
26  0      0 64193696 215328 435608    0    0     0     0 27410 9004 82  0 18  0  0	
28  0      0 64193696 215328 435668    0    0     0    10 27424 8678 82  0 18  0  0	
31  0      0 64193696 215328 435728    0    0     0     0 27679 9032 82  0 17  0  0	
