procs -----------memory---------- ---swap-- -----io---- --system-- -----cpu-----
 r  b   swpd   free   buff  cache   si   so    bi    bo   in   cs us sy id wa st
11  0      0 64504024 215344 426664    0    0     0     1    0    0 38  2 60  0  0	
49  0      0 64159232 215344 453572    0    0     0     0 28593 24743 58  4 37  0  0	
28  0      0 64160100 215344 453632    0    0     0     0 26811 8629 79  0 20  0  0	
45  0      0 64161900 215348 453692    0    0     0   126 26998 8987 80  0 20  0  0	
33  0      0 64164704 215348 453756    0    0     0     0 27005 8789 80  0 20  0  0	
28  0      0 64167176 215348 453816    0    0     0     0 27395 9595 81  0 18  0  0	
46  0      0 64169272 215348 453880    0    0     0     8 26957 8846 80  0 19  0  0	
41  0      0 64171760 215352 453944    0    0     0    36 26938 9079 81  0 19  0  0	
44  0      0 64173940 215352 454004    0    0     0     0 26809 8478 80  0 20  0  0	
28  0      0 64175180 215352 454068    0    0     0     6 27491 9126 82  0 18  0  0	
28  0      0 64176172 215352 454128    0    0     0     0 27702 9033 83  0 17  0  0	
28  0      0 64176748 215352 454192    0    0     0     0 27054 8502 80  0 20  0  0	
27  0      0 64176800 215352 454252    0    0     0    84 27340 8934 82  0 18  0  0	
25  0      0 64176676 215352 454316    0    0     0     0 27331 8717 81  0 19  0  0	
28  0      0 64176180 215352 454380    0    0     0     6 26974 8858 80  0 19  0  0	
28  0      0 64176180 215352 454444    0    0     0     0 26772 8942 80  0 20  0  0	
39  0      0 64176168 215352 454508    0    0     0     0 27275 8808 82  0 18  0  0	
26  0      0 64176168 215352 454572    0    0     0  6108 29429 8620 82  0 18  0  0	
49  0      0 64175912 215352 454636    0    0     0     0 26649 8782 79  0 21  0  0	
29  0      0 64175788 215352 454704    0    0     0    14 27324 9334 82  0 18  0  0	
26  0      0 64175680 215352 454764    0    0     0  1342 27728 9006 79  0 21  0  0	
procs -----------memory---------- ---swap-- -----io---- --system-- -----cpu-----
 r  b   swpd   free   buff  cache   si   so    bi    bo   in   cs us sy id wa st
27  0      0 64175672 215352 454828    0    0     0     0 26753 9098 80  0 20  0  0	
29  0      0 64175672 215352 454888    0    0     0     8 27115 8841 81  0 19  0  0	
30  0      0 64175672 215352 454888    0    0     0    10 27056 8682 80  0 19  0  0	
26  0      0 64175672 215352 455012    0    0     0     0 27307 9037 82  0 18  0  0	
30  0      0 64175672 215352 455076    0    0     0     8 27419 8594 82  0 18  0  0	
45  0      0 64175548 215356 455140    0    0     0     8 27482 9058 82  0 18  0  0	
