Linux 2.6.32-279.14.1.el6.x86_64 (compute-662-5.local) 	04/21/20 	_x86_64_	(48 CPU)

02:10:55     CPU    %usr   %nice    %sys %iowait    %irq   %soft  %steal  %guest   %idle
02:10:57     all    6.06    0.00    3.45    0.00    0.00    0.05    0.00    0.00   90.43
02:10:59     all   85.96    0.00    0.36    0.01    0.00    0.00    0.00    0.00   13.67
02:11:01     all   87.00    0.00    0.19    0.00    0.00    0.00    0.00    0.00   12.81
02:11:03     all   85.50    0.00    0.18    0.01    0.00    0.00    0.00    0.00   14.31
02:11:05     all   87.05    0.00    0.18    0.00    0.00    0.00    0.00    0.00   12.77
02:11:07     all   85.99    0.00    0.22    0.00    0.00    0.00    0.00    0.00   13.80
02:11:09     all   86.53    0.00    0.19    0.00    0.00    0.00    0.00    0.00   13.28
02:11:11     all   86.54    0.00    0.17    0.00    0.00    0.00    0.00    0.00   13.30
02:11:13     all   85.99    0.00    0.18    0.00    0.00    0.00    0.00    0.00   13.83
02:11:15     all   87.01    0.00    0.19    0.00    0.00    0.00    0.00    0.00   12.81
02:11:17     all   85.63    0.00    0.18    0.00    0.00    0.00    0.00    0.00   14.19
02:11:19     all   87.00    0.00    0.19    0.00    0.00    0.00    0.00    0.00   12.82
02:11:21     all   85.58    0.00    0.19    0.00    0.00    0.00    0.00    0.00   14.23
02:11:23     all   87.02    0.00    0.19    0.00    0.00    0.00    0.00    0.00   12.80
02:11:25     all   85.55    0.00    0.18    0.00    0.00    0.00    0.00    0.00   14.28
02:11:27     all   86.97    0.00    0.19    0.00    0.00    0.00    0.00    0.00   12.85
02:11:29     all   86.04    0.00    0.18    0.00    0.00    0.00    0.00    0.00   13.78
02:11:31     all   86.35    0.00    0.20    0.00    0.00    0.01    0.00    0.00   13.44
02:11:33     all   86.65    0.00    0.19    0.00    0.00    0.00    0.00    0.00   13.16
02:11:35     all   85.81    0.00    0.18    0.00    0.00    0.00    0.00    0.00   14.02
02:11:37     all   86.69    0.00    0.20    0.02    0.00    0.00    0.00    0.00   13.09
02:11:39     all   85.41    0.00    0.17    0.00    0.00    0.00    0.00    0.00   14.43
02:11:41     all   87.12    0.00    0.19    0.00    0.00    0.00    0.00    0.00   12.69
02:11:43     all   85.69    0.00    0.19    0.00    0.00    0.00    0.00    0.00   14.12
