Linux 2.6.32-279.14.1.el6.x86_64 (compute-641-14.local) 	04/21/20 	_x86_64_	(32 CPU)

04:13:29     CPU    %usr   %nice    %sys %iowait    %irq   %soft  %steal  %guest   %idle
04:13:31     all   63.11    0.00    4.26    0.00    0.00    0.08    0.00    0.00   32.55
04:13:33     all   83.97    0.00    0.22    0.00    0.00    0.00    0.00    0.00   15.81
04:13:35     all   80.62    0.00    0.19    0.00    0.00    0.00    0.00    0.00   19.20
04:13:37     all   79.12    0.00    0.20    0.00    0.00    0.00    0.00    0.00   20.68
04:13:39     all   77.87    0.00    0.19    0.00    0.00    0.00    0.00    0.00   21.94
04:13:41     all   81.76    0.00    0.17    0.00    0.00    0.00    0.00    0.00   18.07
04:13:43     all   82.93    0.00    0.20    0.00    0.00    0.00    0.00    0.00   16.86
04:13:45     all   83.20    0.00    0.19    0.00    0.00    0.00    0.00    0.00   16.61
04:13:47     all   82.15    0.00    0.20    0.00    0.00    0.00    0.00    0.00   17.64
04:13:49     all   84.00    0.00    0.20    0.00    0.00    0.00    0.00    0.00   15.80
04:13:51     all   83.83    0.00    0.19    0.00    0.00    0.00    0.00    0.00   15.98
04:13:53     all   79.23    0.00    0.19    0.00    0.00    0.00    0.00    0.00   20.58
04:13:55     all   80.24    0.00    0.17    0.00    0.00    0.00    0.00    0.00   19.58
04:13:57     all   80.76    0.00    0.19    0.00    0.00    0.00    0.00    0.00   19.05
04:13:59     all   81.65    0.00    0.19    0.00    0.00    0.00    0.00    0.00   18.16
04:14:01     all   81.64    0.00    0.16    0.00    0.00    0.00    0.00    0.00   18.21
04:14:03     all   80.11    0.00    0.23    0.00    0.00    0.02    0.00    0.00   19.64
04:14:05     all   80.78    0.00    0.22    0.00    0.00    0.00    0.00    0.00   19.01
04:14:07     all   80.85    0.00    0.20    0.00    0.00    0.00    0.00    0.00   18.95
04:14:09     all   80.75    0.00    0.20    0.02    0.00    0.00    0.00    0.00   19.03
04:14:11     all   80.88    0.00    0.19    0.00    0.00    0.00    0.00    0.00   18.93
04:14:13     all   80.90    0.00    0.19    0.00    0.00    0.00    0.00    0.00   18.91
04:14:15     all   80.62    0.00    0.16    0.00    0.00    0.00    0.00    0.00   19.22
04:14:17     all   81.04    0.00    0.19    0.00    0.00    0.00    0.00    0.00   18.77
04:14:19     all   80.33    0.00    0.19    0.00    0.00    0.00    0.00    0.00   19.49
