Linux 2.6.32-279.14.1.el6.x86_64 (compute-641-14.local) 	04/21/20 	_x86_64_	(32 CPU)

02:36:45          PID    %usr %system  %guest    %CPU   CPU  Command
02:36:47           65    0.00    0.49    0.00    0.49    15  ksoftirqd/15
02:36:47          152    0.00    0.49    0.00    0.49    21  events/21
02:36:47          160    0.00    0.49    0.00    0.49    29  events/29
02:36:47         3133    0.00    0.49    0.00    0.49     0  kondemand/0
02:36:47         3135    0.00    0.49    0.00    0.49     2  kondemand/2
02:36:47         3136    0.00    0.49    0.00    0.49     3  kondemand/3
02:36:47         3140    0.00    0.49    0.00    0.49     7  kondemand/7
02:36:47         3149    0.00    0.49    0.00    0.49    16  kondemand/16
02:36:47         3156    0.00    0.49    0.00    0.49    23  kondemand/23
02:36:47         4128    0.00    0.49    0.00    0.49     0  gmond
02:36:47        18217    2.94    1.47    0.00    4.41    14  mpirun
02:36:47        18223    0.49    0.98    0.00    1.47    15  top
02:36:47        18225    0.49    1.96    0.00    2.45    29  pidstat
02:36:47        18227    0.98    1.47    0.00    2.45     1  pidstat
02:36:47        18237  135.29    9.31    0.00  144.61    16  bt-mz.B.32
02:36:47        18238  133.82   15.69    0.00  149.51    17  bt-mz.B.32
02:36:47        18239  133.82   15.20    0.00  149.02    18  bt-mz.B.32
02:36:47        18240  116.67   20.10    0.00  136.76    19  bt-mz.B.32
02:36:47        18241  117.16   20.59    0.00  137.75    20  bt-mz.B.32
02:36:47        18242  116.18   20.10    0.00  136.27    21  bt-mz.B.32
02:36:47        18243  106.37   22.06    0.00  128.43    22  bt-mz.B.32
02:36:47        18244  102.94   24.51    0.00  127.45    23  bt-mz.B.32
02:36:47        18245  101.96   25.49    0.00  127.45    24  bt-mz.B.32
02:36:47        18246  101.96   23.53    0.00  125.49     9  bt-mz.B.32
02:36:47        18250   98.53   28.43    0.00  126.96    10  bt-mz.B.32
02:36:47        18253   98.04   29.90    0.00  127.94    27  bt-mz.B.32
02:36:47        18255   94.61   31.86    0.00  126.47    12  bt-mz.B.32
02:36:47        18258   94.12   31.37    0.00  125.49    13  bt-mz.B.32
02:36:47        18259   93.14   32.84    0.00  125.98    30  bt-mz.B.32

02:36:47          PID    %usr %system  %guest    %CPU   CPU  Command
02:36:49         3139    0.00    0.50    0.00    0.50     6  kondemand/6
02:36:49         3145    0.00    0.50    0.00    0.50    12  kondemand/12
02:36:49         3150    0.00    0.50    0.00    0.50    17  kondemand/17
02:36:49         3154    0.00    0.50    0.00    0.50    21  kondemand/21
02:36:49         4128    0.50    0.50    0.00    1.00     0  gmond
02:36:49        18223    0.50    1.00    0.00    1.50    31  top
02:36:49        18225    1.00    1.50    0.00    2.50    13  pidstat
02:36:49        18227    0.50    2.00    0.00    2.50     1  pidstat
02:36:49        18237  164.00    5.00    0.00  169.00    16  bt-mz.B.32
02:36:49        18238  165.50   12.00    0.00  177.50    17  bt-mz.B.32
02:36:49        18239  162.50   13.00    0.00  175.50    18  bt-mz.B.32
02:36:49        18240  143.50   19.00    0.00  162.50    19  bt-mz.B.32
02:36:49        18241  142.50   19.50    0.00  162.00    20  bt-mz.B.32
02:36:49        18242  140.00   20.50    0.00  160.50    21  bt-mz.B.32
02:36:49        18243  132.00   19.50    0.00  151.50    22  bt-mz.B.32
02:36:49        18244  128.00   23.00    0.00  151.00    23  bt-mz.B.32
02:36:49        18245  124.00   26.50    0.00  150.50    24  bt-mz.B.32
02:36:49        18246  124.50   23.00    0.00  147.50     9  bt-mz.B.32
02:36:49        18250  118.50   31.50    0.00  150.00    10  bt-mz.B.32
02:36:49        18253  121.00   30.50    0.00  151.50    27  bt-mz.B.32
02:36:49        18255  114.00   34.50    0.00  148.50    12  bt-mz.B.32
02:36:49        18258  113.00   35.00    0.00  148.00    29  bt-mz.B.32
02:36:49        18259  110.00   38.50    0.00  148.50    30  bt-mz.B.32

02:36:49          PID    %usr %system  %guest    %CPU   CPU  Command
02:36:51          131    0.00    0.50    0.00    0.50     0  events/0
02:36:51         3155    0.00    0.50    0.00    0.50    22  kondemand/22
02:36:51         3159    0.00    0.50    0.00    0.50    26  kondemand/26
02:36:51         3180    0.00    0.50    0.00    0.50     0  kipmi0
02:36:51         4128    0.00    0.50    0.00    0.50     0  gmond
02:36:51        18223    0.50    1.00    0.00    1.50    31  top
02:36:51        18225    0.50    1.50    0.00    2.00    13  pidstat
02:36:51        18227    0.50    1.50    0.00    2.00    17  pidstat
02:36:51        18237  171.00    2.00    0.00  173.00    16  bt-mz.B.32
02:36:51        18238  173.00    9.50    0.00  182.50    17  bt-mz.B.32
02:36:51        18239  168.00   12.00    0.00  180.00    18  bt-mz.B.32
02:36:51        18240  147.50   17.00    0.00  164.50    19  bt-mz.B.32
02:36:51        18241  146.50   19.00    0.00  165.50    20  bt-mz.B.32
02:36:51        18242  147.00   17.00    0.00  164.00    21  bt-mz.B.32
02:36:51        18243  133.00   20.50    0.00  153.50    22  bt-mz.B.32
02:36:51        18244  129.50   23.00    0.00  152.50    23  bt-mz.B.32
02:36:51        18245  124.50   27.00    0.00  151.50    24  bt-mz.B.32
02:36:51        18246  127.00   22.50    0.00  149.50     9  bt-mz.B.32
02:36:51        18250  123.00   28.50    0.00  151.50    10  bt-mz.B.32
02:36:51        18253  123.00   29.50    0.00  152.50    27  bt-mz.B.32
02:36:51        18255  118.50   32.50    0.00  151.00    12  bt-mz.B.32
02:36:51        18258  118.50   32.00    0.00  150.50    29  bt-mz.B.32
02:36:51        18259  115.00   36.00    0.00  151.00    30  bt-mz.B.32

02:36:51          PID    %usr %system  %guest    %CPU   CPU  Command
02:36:53           57    0.00    0.50    0.00    0.50    13  ksoftirqd/13
02:36:53         3134    0.00    0.50    0.00    0.50     1  kondemand/1
02:36:53         3141    0.00    0.50    0.00    0.50     8  kondemand/8
02:36:53         3148    0.00    0.50    0.00    0.50    15  kondemand/15
02:36:53         3153    0.00    0.50    0.00    0.50    20  kondemand/20
02:36:53         3195    0.00    0.50    0.00    0.50    12  irqbalance
02:36:53         4128    0.00    0.50    0.00    0.50     0  gmond
02:36:53        18223    0.50    0.50    0.00    1.00    15  top
02:36:53        18225    0.50    1.50    0.00    2.00    13  pidstat
02:36:53        18227    1.00    1.50    0.00    2.50    17  pidstat
02:36:53        18237  170.50    2.50    0.00  173.00     0  bt-mz.B.32
02:36:53        18238  170.50   10.00    0.00  180.50     1  bt-mz.B.32
02:36:53        18239  167.00   12.00    0.00  179.00    18  bt-mz.B.32
02:36:53        18240  148.50   17.00    0.00  165.50    19  bt-mz.B.32
02:36:53        18241  147.50   17.00    0.00  164.50    20  bt-mz.B.32
02:36:53        18242  144.50   19.00    0.00  163.50    21  bt-mz.B.32
02:36:53        18243  135.50   20.00    0.00  155.50    22  bt-mz.B.32
02:36:53        18244  131.00   22.50    0.00  153.50    23  bt-mz.B.32
02:36:53        18245  128.00   25.50    0.00  153.50    24  bt-mz.B.32
02:36:53        18246  127.00   22.00    0.00  149.00     9  bt-mz.B.32
02:36:53        18250  123.00   29.50    0.00  152.50    10  bt-mz.B.32
02:36:53        18253  124.50   29.50    0.00  154.00    27  bt-mz.B.32
02:36:53        18255  117.50   33.00    0.00  150.50    12  bt-mz.B.32
02:36:53        18258  115.50   35.00    0.00  150.50    29  bt-mz.B.32
02:36:53        18259  114.50   36.50    0.00  151.00    30  bt-mz.B.32

02:36:53          PID    %usr %system  %guest    %CPU   CPU  Command
02:36:55          139    0.00    0.50    0.00    0.50     8  events/8
02:36:55         3151    0.00    0.50    0.00    0.50    18  kondemand/18
02:36:55        18223    0.50    1.00    0.00    1.50    31  top
02:36:55        18225    0.50    2.00    0.00    2.50    13  pidstat
02:36:55        18227    1.00    2.00    0.00    3.00    17  pidstat
02:36:55        18237  171.00    2.00    0.00  173.00    16  bt-mz.B.32
02:36:55        18238  171.50   10.00    0.00  181.50     1  bt-mz.B.32
02:36:55        18239  168.00   11.50    0.00  179.50    18  bt-mz.B.32
02:36:55        18240  146.50   17.50    0.00  164.00    19  bt-mz.B.32
02:36:55        18241  148.00   17.00    0.00  165.00    20  bt-mz.B.32
02:36:55        18242  147.00   17.50    0.00  164.50    21  bt-mz.B.32
02:36:55        18243  133.00   20.00    0.00  153.00    22  bt-mz.B.32
02:36:55        18244  129.50   23.00    0.00  152.50    23  bt-mz.B.32
02:36:55        18245  125.50   26.50    0.00  152.00    24  bt-mz.B.32
02:36:55        18246  128.50   21.50    0.00  150.00     9  bt-mz.B.32
02:36:55        18250  122.00   30.00    0.00  152.00    10  bt-mz.B.32
02:36:55        18253  124.50   28.50    0.00  153.00    27  bt-mz.B.32
02:36:55        18255  120.50   30.50    0.00  151.00    12  bt-mz.B.32
02:36:55        18258  116.50   34.50    0.00  151.00    29  bt-mz.B.32
02:36:55        18259  116.00   34.50    0.00  150.50    30  bt-mz.B.32
