Linux 2.6.32-279.14.1.el6.x86_64 (compute-641-14.local) 	04/21/20 	_x86_64_	(32 CPU)

02:39:18          PID    %usr %system  %guest    %CPU   CPU  Command
02:39:20           29    0.00    0.49    0.00    0.49     6  ksoftirqd/6
02:39:20         3139    0.00    0.49    0.00    0.49     6  kondemand/6
02:39:20         3158    0.00    0.49    0.00    0.49    25  kondemand/25
02:39:20         4128    0.49    0.49    0.00    0.98     0  gmond
02:39:20        19272    2.94    1.47    0.00    4.41    16  mpirun
02:39:20        19278    0.49    0.98    0.00    1.47     4  top
02:39:20        19280    0.49    1.96    0.00    2.45    11  pidstat
02:39:20        19282    0.49    1.47    0.00    1.96     5  pidstat
02:39:20        19292  137.75    7.84    0.00  145.59     0  bt-mz.B.32
02:39:20        19293  137.25   14.22    0.00  151.47     1  bt-mz.B.32
02:39:20        19294  132.84   16.18    0.00  149.02    18  bt-mz.B.32
02:39:20        19295  119.61   19.12    0.00  138.73    19  bt-mz.B.32
02:39:20        19296  120.59   18.14    0.00  138.73    20  bt-mz.B.32
02:39:20        19297  114.71   21.57    0.00  136.27    21  bt-mz.B.32
02:39:20        19298  108.33   20.59    0.00  128.92    22  bt-mz.B.32
02:39:20        19299  107.84   20.10    0.00  127.94    23  bt-mz.B.32
02:39:20        19300  103.92   24.02    0.00  127.94    24  bt-mz.B.32
02:39:20        19301  104.41   21.57    0.00  125.98     9  bt-mz.B.32
02:39:20        19304   97.55   29.90    0.00  127.45    26  bt-mz.B.32
02:39:20        19306   97.06   29.90    0.00  126.96    27  bt-mz.B.32
02:39:20        19307   99.51   27.45    0.00  126.96    28  bt-mz.B.32
02:39:20        19309   96.57   30.39    0.00  126.96    29  bt-mz.B.32

02:39:20          PID    %usr %system  %guest    %CPU   CPU  Command
02:39:22          214    0.00    0.50    0.00    0.50    12  kblockd/12
02:39:22         3135    0.00    0.50    0.00    0.50     2  kondemand/2
02:39:22         3136    0.00    0.50    0.00    0.50     3  kondemand/3
02:39:22         3145    0.00    0.50    0.00    0.50    12  kondemand/12
02:39:22         3148    0.00    0.50    0.00    0.50    15  kondemand/15
02:39:22         3149    0.00    0.50    0.00    0.50    16  kondemand/16
02:39:22         3159    0.00    0.50    0.00    0.50    26  kondemand/26
02:39:22         3160    0.00    0.50    0.00    0.50    27  kondemand/27
02:39:22        19278    0.50    0.00    0.00    0.50     4  top
02:39:22        19280    0.50    2.00    0.00    2.50     8  pidstat
02:39:22        19282    0.50    2.50    0.00    3.00     5  pidstat
02:39:22        19292  170.00    3.50    0.00  173.50     0  bt-mz.B.32
02:39:22        19293  167.50   12.50    0.00  180.00     1  bt-mz.B.32
02:39:22        19294  164.00   13.50    0.00  177.50    18  bt-mz.B.32
02:39:22        19295  146.50   17.50    0.00  164.00    19  bt-mz.B.32
02:39:22        19296  146.50   16.50    0.00  163.00    20  bt-mz.B.32
02:39:22        19297  143.50   18.50    0.00  162.00     5  bt-mz.B.32
02:39:22        19298  131.00   21.00    0.00  152.00    22  bt-mz.B.32
02:39:22        19299  130.00   22.00    0.00  152.00    23  bt-mz.B.32
02:39:22        19300  127.50   24.00    0.00  151.50    24  bt-mz.B.32
02:39:22        19301  126.50   22.00    0.00  148.50     9  bt-mz.B.32
02:39:22        19304  118.00   32.50    0.00  150.50    26  bt-mz.B.32
02:39:22        19306  123.50   29.00    0.00  152.50    11  bt-mz.B.32
02:39:22        19307  119.00   30.50    0.00  149.50    28  bt-mz.B.32
02:39:22        19309  115.00   34.50    0.00  149.50    29  bt-mz.B.32

02:39:22          PID    %usr %system  %guest    %CPU   CPU  Command
02:39:24          138    0.00    0.50    0.00    0.50     7  events/7
02:39:24         3143    0.00    0.50    0.00    0.50    10  kondemand/10
02:39:24         3153    0.00    0.50    0.00    0.50    20  kondemand/20
02:39:24         3154    0.00    0.50    0.00    0.50    21  kondemand/21
02:39:24         3180    0.00    0.50    0.00    0.50    16  kipmi0
02:39:24         3195    0.00    0.50    0.00    0.50    12  irqbalance
02:39:24         3684    0.00    0.50    0.00    0.50     2  snmpd
02:39:24         4128    0.00    0.50    0.00    0.50     0  gmond
02:39:24        19278    0.50    1.00    0.00    1.50     4  top
02:39:24        19280    0.50    2.00    0.00    2.50    12  pidstat
02:39:24        19282    1.00    1.50    0.00    2.50    21  pidstat
02:39:24        19292  174.50    1.00    0.00  175.50    16  bt-mz.B.32
02:39:24        19293  174.00   10.00    0.00  184.00     1  bt-mz.B.32
02:39:24        19294  171.00   10.00    0.00  181.00    18  bt-mz.B.32
02:39:24        19295  148.50   15.50    0.00  164.00    19  bt-mz.B.32
02:39:24        19296  151.00   15.00    0.00  166.00     4  bt-mz.B.32
02:39:24        19297  147.50   16.00    0.00  163.50     5  bt-mz.B.32
02:39:24        19298  132.50   20.50    0.00  153.00    22  bt-mz.B.32
02:39:24        19299  132.00   20.00    0.00  152.00    23  bt-mz.B.32
02:39:24        19300  129.00   22.00    0.00  151.00    24  bt-mz.B.32
02:39:24        19301  126.50   23.00    0.00  149.50     9  bt-mz.B.32
02:39:24        19304  122.50   29.50    0.00  152.00    26  bt-mz.B.32
02:39:24        19306  123.00   29.00    0.00  152.00    11  bt-mz.B.32
02:39:24        19307  122.50   27.00    0.00  149.50    28  bt-mz.B.32
02:39:24        19309  120.00   30.50    0.00  150.50    29  bt-mz.B.32

02:39:24          PID    %usr %system  %guest    %CPU   CPU  Command
02:39:26         3152    0.00    0.50    0.00    0.50    19  kondemand/19
02:39:26         3852    0.00    0.50    0.00    0.50     8  pbs_mom
02:39:26         4128    0.50    0.00    0.00    0.50     0  gmond
02:39:26        19278    0.50    0.50    0.00    1.00    20  top
02:39:26        19280    0.50    1.50    0.00    2.00    12  pidstat
02:39:26        19282    1.00    1.50    0.00    2.50    21  pidstat
02:39:26        19292  167.50    4.50    0.00  172.00     0  bt-mz.B.32
02:39:26        19293  166.00   12.00    0.00  178.00     1  bt-mz.B.32
02:39:26        19294  161.00   14.50    0.00  175.50    18  bt-mz.B.32
02:39:26        19295  144.00   17.50    0.00  161.50    19  bt-mz.B.32
02:39:26        19296  144.50   16.50    0.00  161.00    20  bt-mz.B.32
02:39:26        19297  141.00   18.50    0.00  159.50     5  bt-mz.B.32
02:39:26        19298  128.00   22.00    0.00  150.00    22  bt-mz.B.32
02:39:26        19299  128.00   22.00    0.00  150.00    23  bt-mz.B.32
02:39:26        19300  125.50   23.50    0.00  149.00    24  bt-mz.B.32
02:39:26        19301  122.00   24.50    0.00  146.50     9  bt-mz.B.32
02:39:26        19304  116.50   32.00    0.00  148.50    26  bt-mz.B.32
02:39:26        19306  116.50   33.00    0.00  149.50    11  bt-mz.B.32
02:39:26        19307  120.50   28.00    0.00  148.50    28  bt-mz.B.32
02:39:26        19309  114.00   34.00    0.00  148.00    29  bt-mz.B.32

02:39:26          PID    %usr %system  %guest    %CPU   CPU  Command
02:39:28         3138    0.00    0.50    0.00    0.50     5  kondemand/5
02:39:28         3146    0.00    0.50    0.00    0.50    13  kondemand/13
02:39:28         3155    0.00    0.50    0.00    0.50    22  kondemand/22
02:39:28         3161    0.00    0.50    0.00    0.50    28  kondemand/28
02:39:28         3162    0.00    0.50    0.00    0.50    29  kondemand/29
02:39:28         3163    0.00    0.50    0.00    0.50    30  kondemand/30
02:39:28         3164    0.00    0.50    0.00    0.50    31  kondemand/31
02:39:28         3852    0.50    0.00    0.00    0.50     8  pbs_mom
02:39:28         4128    0.00    0.50    0.00    0.50    16  gmond
02:39:28        19278    0.50    1.00    0.00    1.50    20  top
02:39:28        19280    1.00    1.50    0.00    2.50    12  pidstat
02:39:28        19282    0.50    2.00    0.00    2.50    21  pidstat
02:39:28        19292  175.00    1.50    0.00  176.50    16  bt-mz.B.32
02:39:28        19293  174.00    9.50    0.00  183.50     1  bt-mz.B.32
02:39:28        19294  168.50   11.50    0.00  180.00    18  bt-mz.B.32
02:39:28        19295  148.50   17.50    0.00  166.00    19  bt-mz.B.32
02:39:28        19296  149.00   16.50    0.00  165.50    20  bt-mz.B.32
02:39:28        19297  148.50   15.50    0.00  164.00     5  bt-mz.B.32
02:39:28        19298  131.50   21.50    0.00  153.00    22  bt-mz.B.32
02:39:28        19299  132.00   21.00    0.00  153.00    23  bt-mz.B.32
02:39:28        19300  131.00   22.00    0.00  153.00    24  bt-mz.B.32
02:39:28        19301  128.50   21.50    0.00  150.00     9  bt-mz.B.32
02:39:28        19304  121.50   31.00    0.00  152.50    26  bt-mz.B.32
02:39:28        19306  122.00   30.50    0.00  152.50    11  bt-mz.B.32
02:39:28        19307  125.50   26.50    0.00  152.00    28  bt-mz.B.32
02:39:28        19309  118.50   32.50    0.00  151.00    29  bt-mz.B.32

02:39:28          PID    %usr %system  %guest    %CPU   CPU  Command
02:39:30         3133    0.00    0.50    0.00    0.50     0  kondemand/0
02:39:30         3144    0.00    0.50    0.00    0.50    11  kondemand/11
02:39:30         3151    0.00    0.50    0.00    0.50    18  kondemand/18
02:39:30         4128    0.00    0.50    0.00    0.50    16  gmond
02:39:30        19272    0.00    0.50    0.00    0.50    16  mpirun
02:39:30        19278    0.50    0.50    0.00    1.00    20  top
02:39:30        19280    0.50    2.00    0.00    2.50    25  pidstat
02:39:30        19282    1.00    2.50    0.00    3.50    21  pidstat
02:39:30        19292  178.00    1.50    0.00  179.50     0  bt-mz.B.32
02:39:30        19293  177.00    9.00    0.00  186.00     1  bt-mz.B.32
02:39:30        19294  173.50   10.50    0.00  184.00    18  bt-mz.B.32
02:39:30        19295  151.00   16.00    0.00  167.00    19  bt-mz.B.32
02:39:30        19296  151.50   17.00    0.00  168.50     4  bt-mz.B.32
02:39:30        19297  148.50   18.00    0.00  166.50    21  bt-mz.B.32
02:39:30        19298  135.50   21.00    0.00  156.50    22  bt-mz.B.32
02:39:30        19299  135.00   20.50    0.00  155.50    23  bt-mz.B.32
02:39:30        19300  130.00   24.00    0.00  154.00    24  bt-mz.B.32
02:39:30        19301  132.50   20.00    0.00  152.50     9  bt-mz.B.32
02:39:30        19304  124.00   30.50    0.00  154.50    26  bt-mz.B.32
02:39:30        19306  125.00   30.50    0.00  155.50    11  bt-mz.B.32
02:39:30        19307  127.00   26.50    0.00  153.50    28  bt-mz.B.32
02:39:30        19309  122.00   32.00    0.00  154.00    29  bt-mz.B.32
