Linux 2.6.32-279.14.1.el6.x86_64 (compute-641-14.local) 	04/21/20 	_x86_64_	(32 CPU)

03:13:28     CPU    %usr   %nice    %sys %iowait    %irq   %soft  %steal  %guest   %idle
03:13:30     all   63.65    0.00    5.38    0.00    0.00    0.06    0.00    0.00   30.91
03:13:32     all   81.95    0.00    0.19    0.00    0.00    0.00    0.00    0.00   17.86
03:13:34     all   81.77    0.00    0.20    0.00    0.00    0.00    0.00    0.00   18.03
03:13:36     all   80.84    0.00    0.16    0.00    0.00    0.00    0.00    0.00   19.00
03:13:38     all   80.62    0.00    0.17    0.00    0.00    0.00    0.00    0.00   19.21
03:13:40     all   83.51    0.00    0.19    0.00    0.00    0.00    0.00    0.00   16.30
03:13:42     all   79.99    0.00    0.16    0.00    0.00    0.00    0.00    0.00   19.85
03:13:44     all   79.29    0.00    0.19    0.00    0.00    0.00    0.00    0.00   20.52
03:13:46     all   82.25    0.00    0.20    0.00    0.00    0.00    0.00    0.00   17.55
03:13:48     all   80.51    0.00    0.16    0.00    0.00    0.00    0.00    0.00   19.33
03:13:50     all   79.45    0.00    0.17    0.00    0.00    0.00    0.00    0.00   20.38
03:13:52     all   81.19    0.00    0.20    0.00    0.00    0.00    0.00    0.00   18.61
03:13:54     all   81.78    0.00    0.17    0.00    0.00    0.00    0.00    0.00   18.05
03:13:56     all   80.55    0.00    0.20    0.00    0.00    0.00    0.00    0.00   19.24
03:13:58     all   79.79    0.00    0.19    0.00    0.00    0.00    0.00    0.00   20.02
03:14:00     all   80.14    0.00    0.17    0.00    0.00    0.00    0.00    0.00   19.68
03:14:02     all   80.11    0.00    0.20    0.00    0.00    0.00    0.00    0.00   19.69
03:14:04     all   82.11    0.00    0.22    0.00    0.00    0.02    0.00    0.00   17.65
03:14:06     all   82.76    0.00    0.17    0.00    0.00    0.00    0.00    0.00   17.07
03:14:08     all   81.67    0.00    0.17    0.00    0.00    0.00    0.00    0.00   18.16
03:14:10     all   80.75    0.00    0.16    0.00    0.00    0.00    0.00    0.00   19.10
03:14:12     all   81.33    0.00    0.16    0.06    0.00    0.00    0.00    0.00   18.46
03:14:14     all   79.30    0.00    0.20    0.00    0.00    0.00    0.00    0.00   20.50
03:14:16     all   81.13    0.00    0.22    0.00    0.00    0.00    0.00    0.00   18.65
03:14:18     all   79.35    0.00    0.16    0.00    0.00    0.00    0.00    0.00   20.49
