Linux 2.6.32-279.14.1.el6.x86_64 (compute-641-14.local) 	04/21/20 	_x86_64_	(32 CPU)

04:21:09     CPU    %usr   %nice    %sys %iowait    %irq   %soft  %steal  %guest   %idle
04:21:11     all   60.69    0.00    4.26    0.00    0.00    0.09    0.00    0.00   34.96
04:21:13     all   82.37    0.00    0.19    0.00    0.00    0.00    0.00    0.00   17.44
04:21:15     all   84.75    0.00    0.19    0.00    0.00    0.00    0.00    0.00   15.06
04:21:17     all   83.64    0.00    0.14    0.00    0.00    0.00    0.00    0.00   16.22
04:21:19     all   82.31    0.00    0.19    0.00    0.00    0.00    0.00    0.00   17.51
04:21:21     all   82.80    0.00    0.17    0.00    0.00    0.00    0.00    0.00   17.03
04:21:23     all   83.25    0.00    0.16    0.00    0.00    0.00    0.00    0.00   16.60
04:21:25     all   85.58    0.00    0.20    0.00    0.00    0.00    0.00    0.00   14.22
04:21:27     all   83.60    0.00    0.20    0.00    0.00    0.00    0.00    0.00   16.20
04:21:29     all   89.15    0.00    0.20    0.00    0.00    0.00    0.00    0.00   10.64
04:21:31     all   85.75    0.00    0.17    0.00    0.00    0.00    0.00    0.00   14.08
04:21:33     all   85.02    0.00    0.17    0.00    0.00    0.00    0.00    0.00   14.80
04:21:35     all   82.17    0.00    0.19    0.00    0.00    0.00    0.00    0.00   17.65
04:21:37     all   83.47    0.00    0.20    0.00    0.00    0.00    0.00    0.00   16.33
04:21:39     all   83.01    0.00    0.19    0.00    0.00    0.00    0.00    0.00   16.80
04:21:41     all   84.39    0.00    0.17    0.00    0.00    0.00    0.00    0.00   15.44
04:21:43     all   83.56    0.00    0.22    0.02    0.00    0.02    0.00    0.00   16.19
04:21:45     all   84.44    0.00    0.19    0.00    0.00    0.00    0.00    0.00   15.38
04:21:47     all   88.31    0.00    0.20    0.00    0.00    0.00    0.00    0.00   11.48
04:21:49     all   84.50    0.00    0.22    0.05    0.00    0.00    0.00    0.00   15.24
04:21:51     all   85.22    0.00    0.19    0.00    0.00    0.00    0.00    0.00   14.60
04:21:53     all   84.67    0.00    0.19    0.00    0.00    0.00    0.00    0.00   15.14
04:21:55     all   84.48    0.00    0.17    0.00    0.00    0.00    0.00    0.00   15.35
04:21:57     all   87.77    0.00    0.19    0.00    0.00    0.00    0.00    0.00   12.04
04:21:59     all   82.98    0.00    0.19    0.00    0.00    0.00    0.00    0.00   16.83
04:22:01     all   81.11    0.00    0.17    0.00    0.00    0.00    0.00    0.00   18.72
04:22:03     all   83.01    0.00    0.22    0.00    0.00    0.00    0.00    0.00   16.77
04:22:05     all   81.35    0.00    0.22    0.02    0.00    0.00    0.00    0.00   18.42
04:22:07     all   82.49    0.00    0.14    0.00    0.00    0.00    0.00    0.00   17.37
04:22:09     all   88.30    0.00    0.17    0.00    0.00    0.00    0.00    0.00   11.53
04:22:11     all   89.65    0.00    0.17    0.00    0.00    0.00    0.00    0.00   10.17
04:22:13     all   84.69    0.00    0.23    0.05    0.00    0.00    0.00    0.00   15.03
04:22:15     all   83.85    0.00    0.19    0.00    0.00    0.00    0.00    0.00   15.96
04:22:17     all   82.50    0.00    0.17    0.00    0.00    0.00    0.00    0.00   17.33
04:22:19     all   83.43    0.00    0.16    0.00    0.00    0.00    0.00    0.00   16.42
04:22:21     all   86.23    0.00    0.16    0.00    0.00    0.00    0.00    0.00   13.61
04:22:23     all   84.31    0.00    0.20    0.00    0.00    0.00    0.00    0.00   15.48
04:22:25     all   84.09    0.00    0.19    0.00    0.00    0.00    0.00    0.00   15.73
04:22:27     all   85.92    0.00    0.19    0.00    0.00    0.00    0.00    0.00   13.89
04:22:29     all   89.08    0.00    0.22    0.00    0.00    0.00    0.00    0.00   10.70
04:22:31     all   82.29    0.00    0.16    0.00    0.00    0.00    0.00    0.00   17.55
04:22:33     all   83.90    0.00    0.20    0.00    0.00    0.00    0.00    0.00   15.89
04:22:35     all   84.18    0.00    0.17    0.00    0.00    0.00    0.00    0.00   15.65
04:22:37     all   84.75    0.00    0.17    0.00    0.00    0.00    0.00    0.00   15.08
04:22:39     all   84.67    0.00    0.20    0.00    0.00    0.00    0.00    0.00   15.12
04:22:41     all   81.50    0.00    0.19    0.00    0.00    0.00    0.00    0.00   18.32
04:22:43     all   85.00    0.00    0.22    0.00    0.00    0.00    0.00    0.00   14.78
04:22:45     all   82.92    0.00    0.19    0.00    0.00    0.02    0.00    0.00   16.88
04:22:47     all   83.69    0.00    0.19    0.00    0.00    0.00    0.00    0.00   16.12
04:22:49     all   82.18    0.00    0.19    0.00    0.00    0.00    0.00    0.00   17.63
04:22:51     all   82.90    0.00    0.14    0.00    0.00    0.00    0.00    0.00   16.96
04:22:53     all   82.02    0.00    0.20    0.00    0.00    0.00    0.00    0.00   17.78
04:22:55     all   81.49    0.00    0.16    0.00    0.00    0.00    0.00    0.00   18.35
04:22:57     all   83.92    0.00    0.22    0.00    0.00    0.00    0.00    0.00   15.86
04:22:59     all   84.83    0.00    0.22    0.00    0.00    0.00    0.00    0.00   14.96
04:23:01     all   85.07    0.00    0.19    0.00    0.00    0.00    0.00    0.00   14.74
04:23:03     all   84.78    0.00    0.19    0.00    0.00    0.00    0.00    0.00   15.03
04:23:05     all   85.21    0.00    0.20    0.00    0.00    0.00    0.00    0.00   14.58
04:23:07     all   83.83    0.00    0.16    0.00    0.00    0.00    0.00    0.00   16.02
04:23:09     all   82.84    0.00    0.17    0.00    0.00    0.00    0.00    0.00   16.99
04:23:11     all   83.74    0.00    0.19    0.00    0.00    0.00    0.00    0.00   16.08
04:23:13     all   84.87    0.00    0.20    0.00    0.00    0.00    0.00    0.00   14.93
04:23:15     all   85.15    0.00    0.22    0.00    0.00    0.00    0.00    0.00   14.63
04:23:17     all   83.92    0.00    0.19    0.00    0.00    0.00    0.00    0.00   15.89
04:23:19     all   83.33    0.00    0.16    0.02    0.00    0.00    0.00    0.00   16.50
04:23:21     all   85.14    0.00    0.22    0.00    0.00    0.00    0.00    0.00   14.64
04:23:23     all   84.98    0.00    0.19    0.00    0.00    0.00    0.00    0.00   14.83
04:23:25     all   83.76    0.00    0.17    0.00    0.00    0.00    0.00    0.00   16.07
04:23:27     all   78.71    0.00    0.20    0.00    0.00    0.00    0.00    0.00   21.09
04:23:29     all   85.09    0.00    0.17    0.00    0.00    0.00    0.00    0.00   14.74
