Linux 2.6.32-279.14.1.el6.x86_64 (compute-641-14.local) 	04/21/20 	_x86_64_	(32 CPU)

04:06:48     CPU    %usr   %nice    %sys %iowait    %irq   %soft  %steal  %guest   %idle
04:06:50     all   61.59    0.00    5.11    0.00    0.00    0.08    0.00    0.00   33.22
04:06:52     all   80.62    0.00    0.17    0.00    0.00    0.00    0.00    0.00   19.21
04:06:54     all   79.95    0.00    0.17    0.00    0.00    0.00    0.00    0.00   19.88
04:06:56     all   79.13    0.00    0.22    0.00    0.00    0.00    0.00    0.00   20.65
04:06:58     all   79.04    0.00    0.19    0.00    0.00    0.00    0.00    0.00   20.77
04:07:00     all   82.26    0.00    0.19    0.00    0.00    0.00    0.00    0.00   17.55
04:07:02     all   80.34    0.00    0.16    0.00    0.00    0.00    0.00    0.00   19.51
04:07:04     all   81.32    0.00    0.16    0.00    0.00    0.00    0.00    0.00   18.52
04:07:06     all   77.93    0.00    0.17    0.00    0.00    0.00    0.00    0.00   21.90
04:07:08     all   79.16    0.00    0.19    0.00    0.00    0.00    0.00    0.00   20.65
04:07:10     all   80.28    0.00    0.17    0.02    0.00    0.00    0.00    0.00   19.54
04:07:12     all   81.36    0.00    0.19    0.00    0.00    0.00    0.00    0.00   18.45
04:07:14     all   82.15    0.00    0.20    0.00    0.00    0.00    0.00    0.00   17.64
04:07:16     all   81.07    0.00    0.19    0.00    0.00    0.00    0.00    0.00   18.74
04:07:18     all   82.62    0.00    0.17    0.00    0.00    0.00    0.00    0.00   17.21
04:07:20     all   82.58    0.00    0.20    0.00    0.00    0.00    0.00    0.00   17.22
04:07:22     all   80.03    0.00    0.22    0.00    0.00    0.00    0.00    0.00   19.75
04:07:24     all   79.65    0.00    0.17    0.00    0.00    0.00    0.00    0.00   20.18
04:07:26     all   78.82    0.00    0.19    0.00    0.00    0.00    0.00    0.00   20.99
04:07:28     all   82.13    0.00    0.19    0.00    0.00    0.00    0.00    0.00   17.68
04:07:30     all   81.38    0.00    0.17    0.00    0.00    0.00    0.00    0.00   18.45
04:07:32     all   82.04    0.00    0.16    0.00    0.00    0.00    0.00    0.00   17.80
04:07:34     all   79.93    0.00    0.20    0.02    0.00    0.00    0.00    0.00   19.85
04:07:36     all   80.57    0.00    0.17    0.00    0.00    0.00    0.00    0.00   19.26
