Linux 2.6.32-279.14.1.el6.x86_64 (compute-641-14.local) 	04/21/20 	_x86_64_	(32 CPU)

04:14:20     CPU    %usr   %nice    %sys %iowait    %irq   %soft  %steal  %guest   %idle
04:14:22     all   59.97    0.00    4.65    0.00    0.00    0.06    0.00    0.00   35.32
04:14:24     all   77.16    0.00    0.19    0.00    0.00    0.00    0.00    0.00   22.65
04:14:26     all   77.84    0.00    0.17    0.00    0.00    0.00    0.00    0.00   21.99
04:14:28     all   82.35    0.00    0.17    0.00    0.00    0.00    0.00    0.00   17.48
04:14:30     all   81.18    0.00    0.17    0.00    0.00    0.00    0.00    0.00   18.65
04:14:32     all   81.29    0.00    0.19    0.00    0.00    0.00    0.00    0.00   18.52
04:14:34     all   80.54    0.00    0.20    0.00    0.00    0.00    0.00    0.00   19.25
04:14:36     all   79.33    0.00    0.16    0.00    0.00    0.00    0.00    0.00   20.51
04:14:38     all   82.54    0.00    0.17    0.00    0.00    0.00    0.00    0.00   17.29
04:14:40     all   80.16    0.00    0.20    0.00    0.00    0.00    0.00    0.00   19.64
04:14:42     all   81.54    0.00    0.19    0.00    0.00    0.00    0.00    0.00   18.27
04:14:44     all   81.45    0.00    0.20    0.00    0.00    0.00    0.00    0.00   18.35
04:14:46     all   81.23    0.00    0.22    0.00    0.00    0.00    0.00    0.00   18.56
04:14:48     all   81.34    0.00    0.16    0.02    0.00    0.00    0.00    0.00   18.49
04:14:50     all   80.26    0.00    0.17    0.00    0.00    0.00    0.00    0.00   19.57
04:14:52     all   80.22    0.00    0.17    0.00    0.00    0.00    0.00    0.00   19.61
04:14:54     all   80.97    0.00    0.22    0.00    0.00    0.02    0.00    0.00   18.80
04:14:56     all   85.26    0.00    0.17    0.00    0.00    0.00    0.00    0.00   14.57
04:14:58     all   82.63    0.00    0.17    0.00    0.00    0.00    0.00    0.00   17.20
04:15:00     all   81.26    0.00    0.17    0.00    0.00    0.00    0.00    0.00   18.57
04:15:02     all   82.51    0.00    0.20    0.00    0.00    0.00    0.00    0.00   17.28
04:15:04     all   80.44    0.00    0.14    0.00    0.00    0.00    0.00    0.00   19.42
04:15:06     all   81.68    0.00    0.17    0.00    0.00    0.00    0.00    0.00   18.15
04:15:08     all   82.03    0.00    0.19    0.00    0.00    0.00    0.00    0.00   17.78
04:15:10     all   81.05    0.00    0.17    0.00    0.00    0.00    0.00    0.00   18.78
04:15:12     all   81.28    0.00    0.20    0.00    0.00    0.00    0.00    0.00   18.52
