Linux 2.6.32-279.14.1.el6.x86_64 (compute-641-14.local) 	04/21/20 	_x86_64_	(32 CPU)

03:29:38     CPU    %usr   %nice    %sys %iowait    %irq   %soft  %steal  %guest   %idle
03:29:40     all   61.57    0.00    5.88    0.02    0.00    0.08    0.00    0.00   32.46
03:29:42     all   75.26    0.00    0.19    0.00    0.00    0.00    0.00    0.00   24.55
03:29:44     all   84.40    0.00    0.22    0.00    0.00    0.00    0.00    0.00   15.38
03:29:46     all   83.29    0.00    0.19    0.00    0.00    0.00    0.00    0.00   16.52
03:29:48     all   84.67    0.00    0.19    0.00    0.00    0.00    0.00    0.00   15.14
03:29:50     all   86.81    0.00    0.22    0.00    0.00    0.00    0.00    0.00   12.97
03:29:52     all   86.01    0.00    0.20    0.00    0.00    0.00    0.00    0.00   13.79
03:29:54     all   83.58    0.00    0.22    0.00    0.00    0.00    0.00    0.00   16.20
03:29:56     all   85.62    0.00    0.19    0.00    0.00    0.00    0.00    0.00   14.19
03:29:58     all   85.65    0.00    0.19    0.00    0.00    0.00    0.00    0.00   14.16
03:30:00     all   80.59    0.00    0.16    0.00    0.00    0.00    0.00    0.00   19.25
03:30:02     all   84.38    0.00    0.20    0.00    0.00    0.00    0.00    0.00   15.42
03:30:04     all   83.59    0.00    0.20    0.00    0.00    0.00    0.00    0.00   16.20
03:30:06     all   87.35    0.00    0.17    0.00    0.00    0.00    0.00    0.00   12.48
03:30:08     all   84.42    0.00    0.19    0.00    0.00    0.00    0.00    0.00   15.39
03:30:10     all   87.81    0.00    0.17    0.00    0.00    0.00    0.00    0.00   12.02
03:30:12     all   86.59    0.00    0.22    0.03    0.00    0.00    0.00    0.00   13.16
03:30:14     all   84.40    0.00    0.19    0.00    0.00    0.00    0.00    0.00   15.41
03:30:16     all   83.34    0.00    0.16    0.00    0.00    0.00    0.00    0.00   16.51
03:30:18     all   88.79    0.00    0.20    0.02    0.00    0.00    0.00    0.00   10.99
03:30:20     all   84.98    0.00    0.20    0.00    0.00    0.00    0.00    0.00   14.81
03:30:22     all   84.26    0.00    0.20    0.00    0.00    0.00    0.00    0.00   15.54
03:30:24     all   88.47    0.00    0.20    0.00    0.00    0.00    0.00    0.00   11.33
03:30:26     all   86.53    0.00    0.19    0.00    0.00    0.00    0.00    0.00   13.29
03:30:28     all   88.28    0.00    0.19    0.00    0.00    0.00    0.00    0.00   11.53
03:30:30     all   82.93    0.00    0.23    0.00    0.00    0.00    0.00    0.00   16.83
03:30:32     all   87.53    0.00    0.20    0.00    0.00    0.00    0.00    0.00   12.27
03:30:34     all   83.95    0.00    0.16    0.00    0.00    0.00    0.00    0.00   15.90
03:30:36     all   81.24    0.00    0.17    0.00    0.00    0.00    0.00    0.00   18.58
03:30:38     all   85.20    0.00    0.19    0.00    0.00    0.00    0.00    0.00   14.62
03:30:40     all   85.73    0.00    0.19    0.00    0.00    0.00    0.00    0.00   14.08
03:30:42     all   83.07    0.00    0.17    0.00    0.00    0.00    0.00    0.00   16.76
03:30:44     all   84.65    0.00    0.19    0.00    0.00    0.00    0.00    0.00   15.16
03:30:46     all   84.87    0.00    0.19    0.00    0.00    0.00    0.00    0.00   14.94
03:30:48     all   86.34    0.00    0.19    0.00    0.00    0.02    0.00    0.00   13.45
03:30:50     all   86.07    0.00    0.16    0.00    0.00    0.00    0.00    0.00   13.77
03:30:52     all   84.58    0.00    0.19    0.00    0.00    0.00    0.00    0.00   15.23
03:30:54     all   85.75    0.00    0.19    0.00    0.00    0.00    0.00    0.00   14.06
03:30:56     all   87.32    0.00    0.20    0.00    0.00    0.00    0.00    0.00   12.47
03:30:58     all   82.01    0.00    0.16    0.00    0.00    0.00    0.00    0.00   17.83
03:31:00     all   86.28    0.00    0.16    0.00    0.00    0.00    0.00    0.00   13.56
03:31:02     all   84.45    0.00    0.20    0.00    0.00    0.00    0.00    0.00   15.35
03:31:04     all   89.22    0.00    0.19    0.00    0.00    0.00    0.00    0.00   10.60
03:31:06     all   84.22    0.00    0.16    0.02    0.00    0.00    0.00    0.00   15.61
03:31:08     all   82.03    0.00    0.19    0.00    0.00    0.00    0.00    0.00   17.79
03:31:10     all   81.41    0.00    0.19    0.00    0.00    0.00    0.00    0.00   18.40
03:31:12     all   87.83    0.00    0.25    0.00    0.00    0.00    0.00    0.00   11.92
03:31:14     all   82.81    0.00    0.16    0.00    0.00    0.00    0.00    0.00   17.04
03:31:16     all   85.54    0.00    0.19    0.00    0.00    0.00    0.00    0.00   14.27
03:31:18     all   85.20    0.00    0.16    0.00    0.00    0.00    0.00    0.00   14.64
03:31:20     all   85.29    0.00    0.20    0.00    0.00    0.00    0.00    0.00   14.50
03:31:22     all   83.40    0.00    0.19    0.00    0.00    0.00    0.00    0.00   16.41
03:31:24     all   84.11    0.00    0.22    0.00    0.00    0.00    0.00    0.00   15.67
03:31:26     all   86.93    0.00    0.17    0.00    0.00    0.00    0.00    0.00   12.89
03:31:28     all   89.06    0.00    0.19    0.00    0.00    0.00    0.00    0.00   10.75
03:31:30     all   86.76    0.00    0.14    0.00    0.00    0.00    0.00    0.00   13.10
03:31:32     all   87.90    0.00    0.17    0.00    0.00    0.00    0.00    0.00   11.93
03:31:34     all   84.96    0.00    0.20    0.00    0.00    0.00    0.00    0.00   14.83
03:31:36     all   84.01    0.00    0.20    0.00    0.00    0.00    0.00    0.00   15.78
03:31:38     all   81.34    0.00    0.16    0.00    0.00    0.00    0.00    0.00   18.50
03:31:40     all   84.96    0.00    0.16    0.00    0.00    0.00    0.00    0.00   14.88
03:31:42     all   86.97    0.00    0.22    0.00    0.00    0.00    0.00    0.00   12.81
03:31:44     all   84.72    0.00    0.20    0.00    0.00    0.00    0.00    0.00   15.08
03:31:46     all   81.09    0.00    0.17    0.00    0.00    0.00    0.00    0.00   18.74
