procs -----------memory---------- ---swap-- -----io---- --system-- -----cpu-----
 r  b   swpd   free   buff  cache   si   so    bi    bo   in   cs us sy id wa st
 9  0      0 64625076 214924 317808    0    0     0     1    0    0 38  2 60  0  0	
20  0      0 64178804 214924 327700    0    0     0     0 39559 16978 51 15 34  0  0	
32  0      0 64178592 214932 327760    0    0     0   102 45582 7839 71 13 17  0  0	
17  0      0 64177688 214932 327820    0    0     0     0 45682 7769 71 12 16  0  0	
32  0      0 64178196 214932 327884    0    0     0     6 45525 7800 72 12 16  0  0	
32  0      0 64177988 214932 327944    0    0     0    26 45961 7724 71 13 17  0  0	
16  0      0 64179348 214932 328004    0    0     0    10 45205 7800 72 12 16  0  0	
32  0      0 64178760 214936 328068    0    0     0     6 45548 7776 72 12 16  0  0	
32  0      0 64180412 214936 328128    0    0     0     0 46048 7766 71 13 17  0  0	
19  0      0 64177792 214936 328192    0    0     0     6 44642 7876 73 12 15  0  0	
32  0      0 64174932 214936 328252    0    0     0    98 46001 7838 71 13 16  0  0	
18  0      0 64175888 214936 328316    0    0     0     0 45660 7734 71 13 17  0  0	
32  0      0 64177028 214936 328376    0    0     0     8 45165 7850 73 12 15  0  0	
32  0      0 64176780 214936 328436    0    0     0     0 46122 7776 72 12 16  0  0	
32  0      0 64175484 214936 328500    0    0     0     6 46105 7774 71 13 16  0  0	
25  0      0 64176692 214936 328564    0    0     0    10 44726 7827 73 12 15  0  0	
32  0      0 64175956 214936 328628    0    0     0    12 45972 7765 72 12 16  0  0	
32  0      0 64177408 214936 328688    0    0     0  3504 47120 7628 68 14 18  0  0	
