Linux 2.6.32-279.14.1.el6.x86_64 (compute-641-14.local) 	04/21/20 	_x86_64_	(32 CPU)

02:15:31          PID    %usr %system  %guest    %CPU   CPU  Command
02:15:33           13    0.00    0.49    0.00    0.49     2  ksoftirqd/2
02:15:33         3137    0.00    0.49    0.00    0.49     4  kondemand/4
02:15:33         3146    0.00    0.49    0.00    0.49    13  kondemand/13
02:15:33         3180    0.00    0.49    0.00    0.49     0  kipmi0
02:15:33         4128    0.00    0.49    0.00    0.49     0  gmond
02:15:33        11313    2.96    1.97    0.00    4.93    14  mpirun
02:15:33        11319    0.49    0.49    0.00    0.99     4  top
02:15:33        11321    0.49    1.48    0.00    1.97    16  pidstat
02:15:33        11323    0.49    0.99    0.00    1.48     3  pidstat
02:15:33        11333  132.51    8.87    0.00  141.38     0  bt-mz.B.32
02:15:33        11334  133.99   14.78    0.00  148.77    17  bt-mz.B.32
02:15:33        11335  130.54   16.75    0.00  147.29    18  bt-mz.B.32
02:15:33        11336  117.24   19.21    0.00  136.45    19  bt-mz.B.32
02:15:33        11337  115.27   21.18    0.00  136.45    20  bt-mz.B.32
02:15:33        11338  113.30   22.17    0.00  135.47    21  bt-mz.B.32
02:15:33        11339  104.93   23.65    0.00  128.57    22  bt-mz.B.32
02:15:33        11340  104.93   23.65    0.00  128.57    23  bt-mz.B.32
02:15:33        11341  100.00   28.08    0.00  128.08    24  bt-mz.B.32
02:15:33        11344   97.04   27.59    0.00  124.63     9  bt-mz.B.32
02:15:33        11345   97.04   31.53    0.00  128.57    26  bt-mz.B.32
02:15:33        11347   98.03   30.54    0.00  128.57    27  bt-mz.B.32
02:15:33        11349   94.09   31.53    0.00  125.62    12  bt-mz.B.32

02:15:33          PID    %usr %system  %guest    %CPU   CPU  Command
02:15:35         3180    0.00    0.50    0.00    0.50     0  kipmi0
02:15:35         4128    0.50    0.00    0.00    0.50     0  gmond
02:15:35        11319    1.00    0.50    0.00    1.50     4  top
02:15:35        11321    1.00    2.00    0.00    3.00     0  pidstat
02:15:35        11323    0.50    2.50    0.00    3.00     3  pidstat
02:15:35        11333  162.00    5.00    0.00  167.00    16  bt-mz.B.32
02:15:35        11334  164.00   12.50    0.00  176.50    17  bt-mz.B.32
02:15:35        11335  160.00   14.00    0.00  174.00    18  bt-mz.B.32
02:15:35        11336  141.50   17.50    0.00  159.00    19  bt-mz.B.32
02:15:35        11337  141.00   19.50    0.00  160.50     4  bt-mz.B.32
02:15:35        11338  138.50   21.00    0.00  159.50    21  bt-mz.B.32
02:15:35        11339  127.00   23.00    0.00  150.00    22  bt-mz.B.32
02:15:35        11340  125.00   23.50    0.00  148.50    23  bt-mz.B.32
02:15:35        11341  120.50   28.00    0.00  148.50    24  bt-mz.B.32
02:15:35        11344  118.50   27.50    0.00  146.00     9  bt-mz.B.32
02:15:35        11345  116.00   33.00    0.00  149.00    26  bt-mz.B.32
02:15:35        11347  114.50   34.50    0.00  149.00    27  bt-mz.B.32
02:15:35        11349  113.50   34.50    0.00  148.00    12  bt-mz.B.32

02:15:35          PID    %usr %system  %guest    %CPU   CPU  Command
02:15:37          136    0.00    0.50    0.00    0.50     5  events/5
02:15:37         3134    0.00    0.50    0.00    0.50     1  kondemand/1
02:15:37         3154    0.00    0.50    0.00    0.50    21  kondemand/21
02:15:37         3161    0.00    0.50    0.00    0.50    28  kondemand/28
02:15:37         4128    0.00    0.50    0.00    0.50     0  gmond
02:15:37        11319    0.50    0.50    0.00    1.00     4  top
02:15:37        11321    1.00    1.00    0.00    2.00     0  pidstat
02:15:37        11323    0.50    1.50    0.00    2.00     3  pidstat
02:15:37        11333  171.50    1.50    0.00  173.00    16  bt-mz.B.32
02:15:37        11334  171.00   12.00    0.00  183.00    17  bt-mz.B.32
02:15:37        11335  169.00   11.50    0.00  180.50    18  bt-mz.B.32
02:15:37        11336  149.00   16.00    0.00  165.00    19  bt-mz.B.32
02:15:37        11337  148.50   16.50    0.00  165.00    20  bt-mz.B.32
02:15:37        11338  146.00   18.00    0.00  164.00    21  bt-mz.B.32
02:15:37        11339  132.50   21.00    0.00  153.50    22  bt-mz.B.32
02:15:37        11340  132.50   20.00    0.00  152.50    23  bt-mz.B.32
02:15:37        11341  125.00   27.50    0.00  152.50    24  bt-mz.B.32
02:15:37        11344  123.00   27.00    0.00  150.00     9  bt-mz.B.32
02:15:37        11345  118.50   35.00    0.00  153.50    26  bt-mz.B.32
02:15:37        11347  120.00   33.00    0.00  153.00    27  bt-mz.B.32
02:15:37        11349  119.00   32.00    0.00  151.00    12  bt-mz.B.32

02:15:37          PID    %usr %system  %guest    %CPU   CPU  Command
02:15:39           17    0.00    0.50    0.00    0.50     3  ksoftirqd/3
02:15:39         3133    0.00    0.50    0.00    0.50     0  kondemand/0
02:15:39         3152    0.00    0.50    0.00    0.50    19  kondemand/19
02:15:39         4128    0.00    0.50    0.00    0.50     0  gmond
02:15:39        11319    0.50    0.50    0.00    1.00     4  top
02:15:39        11321    0.50    2.00    0.00    2.50     0  pidstat
02:15:39        11323    1.00    2.00    0.00    3.00     3  pidstat
02:15:39        11333  171.50    1.50    0.00  173.00    16  bt-mz.B.32
02:15:39        11334  173.00    9.00    0.00  182.00    17  bt-mz.B.32
02:15:39        11335  169.50   11.00    0.00  180.50    18  bt-mz.B.32
02:15:39        11336  149.00   16.00    0.00  165.00    19  bt-mz.B.32
02:15:39        11337  149.00   16.00    0.00  165.00    20  bt-mz.B.32
02:15:39        11338  145.00   19.00    0.00  164.00    21  bt-mz.B.32
02:15:39        11339  133.00   20.50    0.00  153.50    22  bt-mz.B.32
02:15:39        11340  131.00   22.50    0.00  153.50    23  bt-mz.B.32
02:15:39        11341  127.50   25.00    0.00  152.50    24  bt-mz.B.32
02:15:39        11344  125.00   24.50    0.00  149.50     9  bt-mz.B.32
02:15:39        11345  121.00   32.50    0.00  153.50    26  bt-mz.B.32
02:15:39        11347  120.50   32.50    0.00  153.00    27  bt-mz.B.32
02:15:39        11349  120.00   31.00    0.00  151.00    12  bt-mz.B.32

02:15:39          PID    %usr %system  %guest    %CPU   CPU  Command
02:15:41         3136    0.00    0.50    0.00    0.50     3  kondemand/3
02:15:41         3142    0.00    0.50    0.00    0.50     9  kondemand/9
02:15:41         3156    0.00    0.50    0.00    0.50    23  kondemand/23
02:15:41         3164    0.00    0.50    0.00    0.50    31  kondemand/31
02:15:41         3180    0.00    0.50    0.00    0.50     0  kipmi0
02:15:41        11319    0.50    1.00    0.00    1.50     4  top
02:15:41        11321    1.00    1.50    0.00    2.50     0  pidstat
02:15:41        11323    0.50    0.50    0.00    1.00     3  pidstat
02:15:41        11333  171.00    1.50    0.00  172.50    16  bt-mz.B.32
02:15:41        11334  172.50   10.50    0.00  183.00    17  bt-mz.B.32
02:15:41        11335  169.50   11.00    0.00  180.50    18  bt-mz.B.32
02:15:41        11336  149.50   16.50    0.00  166.00    19  bt-mz.B.32
02:15:41        11337  149.50   16.00    0.00  165.50     4  bt-mz.B.32
02:15:41        11338  145.50   19.00    0.00  164.50    21  bt-mz.B.32
02:15:41        11339  132.00   22.00    0.00  154.00    22  bt-mz.B.32
02:15:41        11340  130.50   22.00    0.00  152.50    23  bt-mz.B.32
02:15:41        11341  125.00   28.00    0.00  153.00    24  bt-mz.B.32
02:15:41        11344  125.50   25.00    0.00  150.50     9  bt-mz.B.32
02:15:41        11345  119.50   34.00    0.00  153.50    26  bt-mz.B.32
02:15:41        11347  119.50   33.50    0.00  153.00    27  bt-mz.B.32
02:15:41        11349  117.50   34.00    0.00  151.50    12  bt-mz.B.32

02:15:41          PID    %usr %system  %guest    %CPU   CPU  Command
02:15:43         3140    0.00    0.50    0.00    0.50     7  kondemand/7
02:15:43         3141    0.00    0.50    0.00    0.50     8  kondemand/8
02:15:43         3148    0.00    0.50    0.00    0.50    15  kondemand/15
02:15:43         3149    0.00    0.50    0.00    0.50    16  kondemand/16
02:15:43         3180    0.00    0.50    0.00    0.50     0  kipmi0
02:15:43         3195    0.00    0.50    0.00    0.50    28  irqbalance
02:15:43        11313    0.00    0.50    0.00    0.50    24  mpirun
02:15:43        11319    0.50    0.50    0.00    1.00     4  top
02:15:43        11321    0.00    1.50    0.00    1.50     0  pidstat
02:15:43        11323    1.00    1.50    0.00    2.50     3  pidstat
