Linux 2.6.32-279.14.1.el6.x86_64 (compute-662-5.local) 	04/21/20 	_x86_64_	(48 CPU)

02:17:48          PID    %usr %system  %guest    %CPU   CPU  Command
02:17:50           26    0.00    0.49    0.00    0.49     5  watchdog/5
02:17:50          117    0.00    0.49    0.00    0.49    28  ksoftirqd/28
02:17:50          207    0.00    0.49    0.00    0.49    12  events/12
02:17:50          241    0.00    0.49    0.00    0.49    46  events/46
02:17:50         4114    0.00    0.49    0.00    0.49     3  kondemand/3
02:17:50         4117    0.00    0.49    0.00    0.49     6  kondemand/6
02:17:50         4121    0.00    0.49    0.00    0.49    10  kondemand/10
02:17:50         4124    0.00    0.49    0.00    0.49    13  kondemand/13
02:17:50         4126    0.00    0.49    0.00    0.49    15  kondemand/15
02:17:50         4144    0.00    0.49    0.00    0.49    33  kondemand/33
02:17:50         4146    0.00    0.49    0.00    0.49    35  kondemand/35
02:17:50         4174    0.00    0.49    0.00    0.49    24  kipmi0
02:17:50        23393    0.49    0.00    0.00    0.49    15  gmond
02:17:50        32414    3.90    1.46    0.00    5.37    24  mpirun
02:17:50        32420    0.98    0.98    0.00    1.95    15  top
02:17:50        32422    0.98    2.93    0.00    3.90     0  pidstat
02:17:50        32424    0.98    2.93    0.00    3.90    27  pidstat
02:17:50        32434  167.80    6.34    0.00  174.15    24  bt-mz.B.24
02:17:50        32435  156.10    6.83    0.00  162.93    36  bt-mz.B.24
02:17:50        32436  155.61    6.34    0.00  161.95     1  bt-mz.B.24
02:17:50        32437  147.80    4.88    0.00  152.68    37  bt-mz.B.24
02:17:50        32438  148.78    6.34    0.00  155.12    26  bt-mz.B.24
02:17:50        32439  147.80    6.83    0.00  154.63    38  bt-mz.B.24
02:17:50        32440  145.37    6.83    0.00  152.20     3  bt-mz.B.24
02:17:50        32441  145.37    6.34    0.00  151.71    39  bt-mz.B.24
02:17:50        32443  145.85    7.32    0.00  153.17    28  bt-mz.B.24
02:17:50        32444  149.27    6.34    0.00  155.61    16  bt-mz.B.24
02:17:50        32445  146.34    5.37    0.00  151.71    29  bt-mz.B.24
02:17:50        32447  145.37    5.85    0.00  151.22    41  bt-mz.B.24
02:17:50        32448  145.37    5.85    0.00  151.22    30  bt-mz.B.24
02:17:50        32451  145.85    5.85    0.00  151.71    42  bt-mz.B.24

02:17:50          PID    %usr %system  %guest    %CPU   CPU  Command
02:17:52         4111    0.00    0.50    0.00    0.50     0  kondemand/0
02:17:52         4119    0.00    0.50    0.00    0.50     8  kondemand/8
02:17:52         4125    0.00    0.50    0.00    0.50    14  kondemand/14
02:17:52         4148    0.00    0.50    0.00    0.50    37  kondemand/37
02:17:52         4151    0.00    0.50    0.00    0.50    40  kondemand/40
02:17:52         4156    0.00    0.50    0.00    0.50    45  kondemand/45
02:17:52         4888    0.50    1.00    0.00    1.50     2  pbs_mom
02:17:52        23393    0.50    0.00    0.00    0.50    15  gmond
02:17:52        32420    1.00    1.00    0.00    2.00    15  top
02:17:52        32422    1.50    2.50    0.00    4.00     0  pidstat
02:17:52        32424    1.00    3.00    0.00    4.00    27  pidstat
02:17:52        32434  194.00    0.00    0.00  194.00    24  bt-mz.B.24
02:17:52        32435  180.00    0.00    0.00  180.00    36  bt-mz.B.24
02:17:52        32436  179.50    0.00    0.00  179.50     1  bt-mz.B.24
02:17:52        32437  171.00    0.50    0.00  171.50    37  bt-mz.B.24
02:17:52        32438  170.50    0.50    0.00  171.00    26  bt-mz.B.24
02:17:52        32439  170.50    0.00    0.00  170.50    38  bt-mz.B.24
02:17:52        32440  168.50    0.00    0.00  168.50     3  bt-mz.B.24
02:17:52        32441  167.00    0.00    0.00  167.00    39  bt-mz.B.24
02:17:52        32443  168.50    0.00    0.00  168.50    28  bt-mz.B.24
02:17:52        32444  171.50    0.00    0.00  171.50    16  bt-mz.B.24
02:17:52        32445  169.00    0.00    0.00  169.00    29  bt-mz.B.24
02:17:52        32447  169.50    0.00    0.00  169.50    41  bt-mz.B.24
02:17:52        32448  169.00    0.00    0.00  169.00    30  bt-mz.B.24
02:17:52        32451  170.00    0.00    0.00  170.00    42  bt-mz.B.24

02:17:52          PID    %usr %system  %guest    %CPU   CPU  Command
02:17:54         4120    0.00    0.50    0.00    0.50     9  kondemand/9
02:17:54         4131    0.00    0.50    0.00    0.50    20  kondemand/20
02:17:54         4133    0.00    0.50    0.00    0.50    22  kondemand/22
02:17:54         4136    0.00    0.50    0.00    0.50    25  kondemand/25
02:17:54         4138    0.00    0.50    0.00    0.50    27  kondemand/27
02:17:54         4141    0.00    0.50    0.00    0.50    30  kondemand/30
02:17:54        23393    0.50    0.00    0.00    0.50    15  gmond
02:17:54        32420    1.00    1.50    0.00    2.50    15  top
02:17:54        32422    1.00    3.00    0.00    4.00     0  pidstat
02:17:54        32424    1.00    2.00    0.00    3.00    27  pidstat
02:17:54        32434  194.50    0.50    0.00  195.00    24  bt-mz.B.24
02:17:54        32435  182.50    0.00    0.00  182.50    36  bt-mz.B.24
02:17:54        32436  181.00    0.00    0.00  181.00     1  bt-mz.B.24
02:17:54        32437  172.00    0.00    0.00  172.00    37  bt-mz.B.24
02:17:54        32438  172.50    0.00    0.00  172.50     2  bt-mz.B.24
02:17:54        32439  172.50    0.00    0.00  172.50    38  bt-mz.B.24
02:17:54        32440  169.50    0.50    0.00  170.00     3  bt-mz.B.24
02:17:54        32441  168.00    0.00    0.00  168.00    15  bt-mz.B.24
02:17:54        32443  170.50    0.00    0.00  170.50    28  bt-mz.B.24
02:17:54        32444  173.50    0.50    0.00  174.00    16  bt-mz.B.24
02:17:54        32445  171.00    0.00    0.00  171.00    29  bt-mz.B.24
02:17:54        32447  171.00    0.00    0.00  171.00    41  bt-mz.B.24
02:17:54        32448  170.50    0.00    0.00  170.50    30  bt-mz.B.24
02:17:54        32451  171.50    0.00    0.00  171.50    42  bt-mz.B.24

02:17:54          PID    %usr %system  %guest    %CPU   CPU  Command
02:17:56         4122    0.00    0.50    0.00    0.50    11  kondemand/11
02:17:56         4123    0.00    0.50    0.00    0.50    12  kondemand/12
02:17:56         4127    0.00    0.50    0.00    0.50    16  kondemand/16
02:17:56         4129    0.00    0.50    0.00    0.50    18  kondemand/18
02:17:56         4132    0.00    0.50    0.00    0.50    21  kondemand/21
02:17:56         4137    0.00    0.50    0.00    0.50    26  kondemand/26
02:17:56         4150    0.00    0.50    0.00    0.50    39  kondemand/39
02:17:56         4158    0.00    0.50    0.00    0.50    47  kondemand/47
02:17:56        23393    0.50    0.00    0.00    0.50    15  gmond
02:17:56        32420    1.00    1.00    0.00    2.00    15  top
02:17:56        32422    1.00    2.50    0.00    3.50     0  pidstat
02:17:56        32424    1.00    3.50    0.00    4.50    27  pidstat
02:17:56        32434  195.00    0.00    0.00  195.00    24  bt-mz.B.24
02:17:56        32435  180.00    0.00    0.00  180.00    36  bt-mz.B.24
02:17:56        32436  179.50    0.00    0.00  179.50     1  bt-mz.B.24
02:17:56        32437  171.00    0.00    0.00  171.00    37  bt-mz.B.24
02:17:56        32438  171.00    0.00    0.00  171.00     2  bt-mz.B.24
02:17:56        32439  170.50    0.00    0.00  170.50    38  bt-mz.B.24
02:17:56        32440  167.50    0.00    0.00  167.50     3  bt-mz.B.24
02:17:56        32441  167.00    0.00    0.00  167.00    39  bt-mz.B.24
02:17:56        32443  168.50    0.00    0.00  168.50    28  bt-mz.B.24
02:17:56        32444  171.50    0.00    0.00  171.50    16  bt-mz.B.24
02:17:56        32445  169.50    0.00    0.00  169.50    29  bt-mz.B.24
02:17:56        32447  169.00    0.00    0.00  169.00    41  bt-mz.B.24
02:17:56        32448  168.50    0.00    0.00  168.50    30  bt-mz.B.24
02:17:56        32451  170.00    0.00    0.00  170.00    42  bt-mz.B.24

02:17:56          PID    %usr %system  %guest    %CPU   CPU  Command
02:17:58          232    0.00    0.50    0.00    0.50    37  events/37
02:17:58          237    0.00    0.50    0.00    0.50    42  events/42
02:17:58         4112    0.00    0.50    0.00    0.50     1  kondemand/1
02:17:58         4113    0.00    0.50    0.00    0.50     2  kondemand/2
02:17:58         4115    0.00    0.50    0.00    0.50     4  kondemand/4
02:17:58         4118    0.00    0.50    0.00    0.50     7  kondemand/7
02:17:58         4145    0.00    0.50    0.00    0.50    34  kondemand/34
02:17:58         4154    0.00    0.50    0.00    0.50    43  kondemand/43
02:17:58        23393    1.00    0.00    0.00    1.00    15  gmond
02:17:58        32420    1.00    1.00    0.00    2.00    15  top
02:17:58        32422    1.00    3.00    0.00    4.00     0  pidstat
02:17:58        32424    1.00    3.00    0.00    4.00    27  pidstat
02:17:58        32434  194.50    0.00    0.00  194.50    24  bt-mz.B.24
02:17:58        32435  180.00    0.00    0.00  180.00    36  bt-mz.B.24
02:17:58        32436  179.00    0.50    0.00  179.50     1  bt-mz.B.24
02:17:58        32437  170.50    0.00    0.00  170.50    37  bt-mz.B.24
02:17:58        32438  171.00    0.00    0.00  171.00     2  bt-mz.B.24
02:17:58        32439  170.00    0.00    0.00  170.00    38  bt-mz.B.24
02:17:58        32440  168.00    0.00    0.00  168.00     3  bt-mz.B.24
02:17:58        32441  167.00    0.00    0.00  167.00    15  bt-mz.B.24
02:17:58        32443  168.00    0.50    0.00  168.50    28  bt-mz.B.24
02:17:58        32444  171.50    0.00    0.00  171.50    16  bt-mz.B.24
02:17:58        32445  168.50    0.50    0.00  169.00    29  bt-mz.B.24
02:17:58        32447  169.00    0.50    0.00  169.50    41  bt-mz.B.24
02:17:58        32448  168.50    0.00    0.00  168.50    30  bt-mz.B.24
02:17:58        32451  170.00    0.00    0.00  170.00    42  bt-mz.B.24

02:17:58          PID    %usr %system  %guest    %CPU   CPU  Command
02:18:00          205    0.00    0.50    0.00    0.50    10  events/10
02:18:00         4116    0.00    0.50    0.00    0.50     5  kondemand/5
02:18:00         4128    0.00    0.50    0.00    0.50    17  kondemand/17
02:18:00         4130    0.00    0.50    0.00    0.50    19  kondemand/19
02:18:00         4139    0.00    0.50    0.00    0.50    28  kondemand/28
02:18:00         4143    0.00    0.50    0.00    0.50    32  kondemand/32
02:18:00        23393    0.50    0.00    0.00    0.50    15  gmond
02:18:00        32420    0.50    1.00    0.00    1.50    15  top
02:18:00        32422    1.50    2.50    0.00    4.00     0  pidstat
02:18:00        32424    1.00    2.50    0.00    3.50     3  pidstat
02:18:00        32434  195.00    0.00    0.00  195.00    24  bt-mz.B.24
02:18:00        32435  182.00    0.00    0.00  182.00    36  bt-mz.B.24
02:18:00        32436  180.50    0.00    0.00  180.50     1  bt-mz.B.24
02:18:00        32437  172.50    0.00    0.00  172.50    37  bt-mz.B.24
02:18:00        32438  172.50    0.00    0.00  172.50     2  bt-mz.B.24
02:18:00        32439  172.00    0.00    0.00  172.00    38  bt-mz.B.24
02:18:00        32440  169.50    0.00    0.00  169.50    27  bt-mz.B.24
02:18:00        32441  168.50    0.00    0.00  168.50    15  bt-mz.B.24
02:18:00        32443  170.00    0.00    0.00  170.00    28  bt-mz.B.24
02:18:00        32444  173.00    0.00    0.00  173.00    16  bt-mz.B.24
02:18:00        32445  171.00    0.00    0.00  171.00    29  bt-mz.B.24
02:18:00        32447  170.50    0.00    0.00  170.50    41  bt-mz.B.24
02:18:00        32448  170.50    0.50    0.00  171.00    30  bt-mz.B.24
02:18:00        32451  171.50    0.50    0.00  172.00    42  bt-mz.B.24
