Linux 2.6.32-279.14.1.el6.x86_64 (compute-641-14.local) 	04/21/20 	_x86_64_	(32 CPU)

04:08:28          PID    %usr %system  %guest    %CPU   CPU  Command
04:08:30         3133    0.00    0.49    0.00    0.49     0  kondemand/0
04:08:30         3138    0.00    0.49    0.00    0.49     5  kondemand/5
04:08:30         3145    0.00    0.49    0.00    0.49    12  kondemand/12
04:08:30         3180    0.00    0.99    0.00    0.99    31  kipmi0
04:08:30         4269    3.45    1.97    0.00    5.42     8  mpirun
04:08:30         4275    0.49    0.49    0.00    0.99    20  top
04:08:30         4277    0.99    1.48    0.00    2.46     6  pidstat
04:08:30         4279    0.99    1.48    0.00    2.46     8  pidstat
04:08:30         4288   89.66    4.43    0.00   94.09     6  bt-mz.B.24
04:08:30         4289   79.80    4.93    0.00   84.73     0  bt-mz.B.24
04:08:30         4290   90.15    3.94    0.00   94.09     4  bt-mz.B.24
04:08:30         4291   91.13    4.93    0.00   96.06    17  bt-mz.B.24
04:08:30         4292   90.64    4.93    0.00   95.57    24  bt-mz.B.24
04:08:30         4293   89.66    4.43    0.00   94.09     5  bt-mz.B.24
04:08:30         4294   92.61    4.43    0.00   97.04    15  bt-mz.B.24
04:08:30         4295   80.79    4.93    0.00   85.71    22  bt-mz.B.24
04:08:30         4296   85.22    3.45    0.00   88.67    26  bt-mz.B.24
04:08:30         4297   92.61    4.93    0.00   97.54    30  bt-mz.B.24
04:08:30         4299   91.13    5.42    0.00   96.55     2  bt-mz.B.24
04:08:30         4302   84.24    4.93    0.00   89.16    19  bt-mz.B.24
04:08:30         4303   93.60    4.43    0.00   98.03    10  bt-mz.B.24
04:08:30         4306   85.22    4.93    0.00   90.15    25  bt-mz.B.24
04:08:30         4309   76.85    4.43    0.00   81.28    16  bt-mz.B.24
04:08:30         4310   86.21    4.43    0.00   90.64     1  bt-mz.B.24
04:08:30         4312   92.61    3.94    0.00   96.55    12  bt-mz.B.24

04:08:30          PID    %usr %system  %guest    %CPU   CPU  Command
04:08:32         3153    0.00    0.50    0.00    0.50    20  kondemand/20
04:08:32         4128    0.00    0.50    0.00    0.50    17  gmond
04:08:32         4275    0.50    1.00    0.00    1.50    20  top
04:08:32         4277    0.50    2.00    0.00    2.50     6  pidstat
04:08:32         4279    0.50    2.50    0.00    3.00     8  pidstat
04:08:32         4288  114.00    0.00    0.00  114.00     5  bt-mz.B.24
04:08:32         4289  109.00    0.00    0.00  109.00     0  bt-mz.B.24
04:08:32         4290   99.00    0.00    0.00   99.00     4  bt-mz.B.24
04:08:32         4291  106.00    0.00    0.00  106.00    20  bt-mz.B.24
04:08:32         4292  107.50    0.00    0.00  107.50    12  bt-mz.B.24
04:08:32         4293  108.00    0.00    0.00  108.00     6  bt-mz.B.24
04:08:32         4294  100.50    0.50    0.00  101.00    24  bt-mz.B.24
04:08:32         4295  107.50    0.00    0.00  107.50    22  bt-mz.B.24
04:08:32         4296  108.50    0.00    0.00  108.50    29  bt-mz.B.24
04:08:32         4297  112.00    0.00    0.00  112.00    14  bt-mz.B.24
04:08:32         4299  112.50    0.00    0.00  112.50     2  bt-mz.B.24
04:08:32         4302  109.50    0.00    0.00  109.50    17  bt-mz.B.24
04:08:32         4303  104.50    0.00    0.00  104.50    25  bt-mz.B.24
04:08:32         4306  106.50    0.00    0.00  106.50    10  bt-mz.B.24
04:08:32         4309  107.00    0.00    0.00  107.00     3  bt-mz.B.24
04:08:32         4310   93.00    0.00    0.00   93.00    16  bt-mz.B.24
04:08:32         4312  111.50    0.00    0.00  111.50    26  bt-mz.B.24

04:08:32          PID    %usr %system  %guest    %CPU   CPU  Command
04:08:34         3143    0.00    0.50    0.00    0.50    10  kondemand/10
04:08:34         3144    0.00    0.50    0.00    0.50    11  kondemand/11
04:08:34         3147    0.00    0.50    0.00    0.50    14  kondemand/14
04:08:34         3155    0.00    0.50    0.00    0.50    22  kondemand/22
04:08:34         3180    0.00    0.50    0.00    0.50    31  kipmi0
04:08:34         3684    0.00    0.50    0.00    0.50    22  snmpd
04:08:34         4128    0.50    0.00    0.00    0.50    17  gmond
04:08:34         4275    0.50    0.50    0.00    1.00    20  top
04:08:34         4277    0.00    1.50    0.00    1.50    22  pidstat
04:08:34         4279    0.00    1.00    0.00    1.00     8  pidstat
04:08:34         4288  111.00    0.00    0.00  111.00     3  bt-mz.B.24
04:08:34         4289  105.50    0.00    0.00  105.50    23  bt-mz.B.24
04:08:34         4290  110.50    0.00    0.00  110.50    20  bt-mz.B.24
04:08:34         4291  108.00    0.00    0.00  108.00     6  bt-mz.B.24
04:08:34         4292  106.50    0.00    0.00  106.50    28  bt-mz.B.24
04:08:34         4293  106.00    0.00    0.00  106.00    16  bt-mz.B.24
04:08:34         4294  110.00    0.00    0.00  110.00    26  bt-mz.B.24
04:08:34         4295  104.00    0.00    0.00  104.00    21  bt-mz.B.24
04:08:34         4296  103.00    0.50    0.00  103.50     9  bt-mz.B.24
04:08:34         4297  111.50    0.00    0.00  111.50    30  bt-mz.B.24
04:08:34         4299  106.50    0.00    0.00  106.50    23  bt-mz.B.24
04:08:34         4302  107.50    0.00    0.00  107.50     1  bt-mz.B.24
04:08:34         4303  104.50    0.50    0.00  105.00    12  bt-mz.B.24
04:08:34         4306  101.00    0.50    0.00  101.50     8  bt-mz.B.24
04:08:34         4309  106.00    0.00    0.00  106.00     5  bt-mz.B.24
04:08:34         4310  102.00    0.00    0.00  102.00     4  bt-mz.B.24
04:08:34         4312  107.50    0.00    0.00  107.50    26  bt-mz.B.24

04:08:34          PID    %usr %system  %guest    %CPU   CPU  Command
04:08:36         3142    0.00    0.50    0.00    0.50     9  kondemand/9
04:08:36         3156    0.00    0.50    0.00    0.50    23  kondemand/23
04:08:36         3158    0.00    0.50    0.00    0.50    25  kondemand/25
04:08:36         3180    0.00    0.50    0.00    0.50    31  kipmi0
04:08:36         4128    0.00    0.50    0.00    0.50    17  gmond
04:08:36         4275    0.50    0.50    0.00    1.00    20  top
04:08:36         4277    0.50    2.00    0.00    2.50    22  pidstat
04:08:36         4279    1.00    2.00    0.00    3.00     8  pidstat
04:08:36         4288  116.50    0.00    0.00  116.50    23  bt-mz.B.24
04:08:36         4289  112.50    0.00    0.00  112.50     7  bt-mz.B.24
04:08:36         4290  113.00    0.00    0.00  113.00    18  bt-mz.B.24
04:08:36         4291  112.00    0.00    0.00  112.00    16  bt-mz.B.24
04:08:36         4292  110.00    0.50    0.00  110.50    30  bt-mz.B.24
04:08:36         4293  112.00    0.00    0.00  112.00     3  bt-mz.B.24
04:08:36         4294  113.50    0.00    0.00  113.50    10  bt-mz.B.24
04:08:36         4295  110.00    0.00    0.00  110.00    19  bt-mz.B.24
04:08:36         4296  112.50    0.00    0.00  112.50    25  bt-mz.B.24
04:08:36         4297  110.00    0.00    0.00  110.00    14  bt-mz.B.24
04:08:36         4299  109.50    0.00    0.00  109.50     0  bt-mz.B.24
04:08:36         4302  114.00    0.00    0.00  114.00     1  bt-mz.B.24
04:08:36         4303  108.00    0.00    0.00  108.00    12  bt-mz.B.24
04:08:36         4306  113.00    0.00    0.00  113.00    11  bt-mz.B.24
04:08:36         4309  106.00    0.00    0.00  106.00     5  bt-mz.B.24
04:08:36         4310  112.00    0.00    0.00  112.00     6  bt-mz.B.24
04:08:36         4312  102.50    0.00    0.00  102.50    15  bt-mz.B.24

04:08:36          PID    %usr %system  %guest    %CPU   CPU  Command
04:08:38           85    0.00    0.50    0.00    0.50    20  ksoftirqd/20
04:08:38         3140    0.00    0.50    0.00    0.50     7  kondemand/7
04:08:38         3162    0.00    0.50    0.00    0.50    29  kondemand/29
04:08:38         3180    0.00    0.50    0.00    0.50    15  kipmi0
04:08:38         3684    0.50    0.00    0.00    0.50    22  snmpd
04:08:38         4275    1.00    0.50    0.00    1.50    20  top
04:08:38         4277    0.50    2.00    0.00    2.50    22  pidstat
04:08:38         4279    1.00    2.00    0.00    3.00     8  pidstat
04:08:38         4288  115.00    0.00    0.00  115.00    17  bt-mz.B.24
04:08:38         4289  112.50    0.00    0.00  112.50    23  bt-mz.B.24
04:08:38         4290  115.50    0.00    0.00  115.50     4  bt-mz.B.24
04:08:38         4291  114.50    0.00    0.00  114.50     1  bt-mz.B.24
04:08:38         4292  109.50    0.00    0.00  109.50    14  bt-mz.B.24
04:08:38         4293  109.00    0.50    0.00  109.50    18  bt-mz.B.24
04:08:38         4294  111.50    0.50    0.00  112.00    24  bt-mz.B.24
04:08:38         4295  112.00    0.00    0.00  112.00     3  bt-mz.B.24
04:08:38         4296  110.00    0.00    0.00  110.00     9  bt-mz.B.24
04:08:38         4297  108.50    0.00    0.00  108.50    26  bt-mz.B.24
04:08:38         4299  107.00    0.00    0.00  107.00     0  bt-mz.B.24
04:08:38         4302  115.00    0.00    0.00  115.00     6  bt-mz.B.24
04:08:38         4303  118.00    0.00    0.00  118.00    28  bt-mz.B.24
04:08:38         4306  115.00    0.00    0.00  115.00    27  bt-mz.B.24
04:08:38         4309  109.00    0.00    0.00  109.00     6  bt-mz.B.24
04:08:38         4310  107.50    0.50    0.00  108.00     3  bt-mz.B.24
04:08:38         4312  115.00    0.00    0.00  115.00    15  bt-mz.B.24

04:08:38          PID    %usr %system  %guest    %CPU   CPU  Command
04:08:40         3152    0.00    0.50    0.00    0.50    19  kondemand/19
04:08:40         3180    0.00    0.50    0.00    0.50    31  kipmi0
04:08:40         4128    0.00    0.50    0.00    0.50    17  gmond
04:08:40         4275    0.50    1.00    0.00    1.50    20  top
04:08:40         4277    0.50    2.00    0.00    2.50    22  pidstat
04:08:40         4279    0.50    1.50    0.00    2.00     8  pidstat
04:08:40         4288  112.50    0.00    0.00  112.50    21  bt-mz.B.24
04:08:40         4289  106.50    0.00    0.00  106.50     0  bt-mz.B.24
04:08:40         4290  106.00    0.00    0.00  106.00     2  bt-mz.B.24
04:08:40         4291  107.00    0.00    0.00  107.00     1  bt-mz.B.24
04:08:40         4292   99.50    0.00    0.00   99.50    13  bt-mz.B.24
04:08:40         4293  105.00    0.00    0.00  105.00    18  bt-mz.B.24
04:08:40         4294  102.00    0.00    0.00  102.00    26  bt-mz.B.24
04:08:40         4295  104.50    0.00    0.00  104.50     3  bt-mz.B.24
04:08:40         4296  107.00    0.00    0.00  107.00    15  bt-mz.B.24
04:08:40         4297  107.00    0.00    0.00  107.00    11  bt-mz.B.24
04:08:40         4299  107.00    0.00    0.00  107.00     5  bt-mz.B.24
04:08:40         4302  106.00    0.00    0.00  106.00     7  bt-mz.B.24
04:08:40         4303  103.00    0.00    0.00  103.00    28  bt-mz.B.24
04:08:40         4306  109.00    0.00    0.00  109.00    25  bt-mz.B.24
04:08:40         4309  102.00    0.00    0.00  102.00    20  bt-mz.B.24
04:08:40         4310  101.00    0.00    0.00  101.00    19  bt-mz.B.24
04:08:40         4312  105.50    0.00    0.00  105.50    12  bt-mz.B.24

04:08:40          PID    %usr %system  %guest    %CPU   CPU  Command
04:08:42         3180    0.00    0.50    0.00    0.50    31  kipmi0
04:08:42         3852    0.50    1.00    0.00    1.50    24  pbs_mom
04:08:42         4275    0.50    0.50    0.00    1.00    20  top
04:08:42         4277    0.50    1.50    0.00    2.00    22  pidstat
04:08:42         4279    0.50    2.50    0.00    3.00     8  pidstat
04:08:42         4288  111.50    0.00    0.00  111.50     5  bt-mz.B.24
04:08:42         4289  115.50    0.00    0.00  115.50    16  bt-mz.B.24
04:08:42         4290  114.50    0.00    0.00  114.50    18  bt-mz.B.24
04:08:42         4291  114.50    0.00    0.00  114.50     1  bt-mz.B.24
04:08:42         4292  110.50    0.00    0.00  110.50    28  bt-mz.B.24
04:08:42         4293  103.00    0.00    0.00  103.00    23  bt-mz.B.24
04:08:42         4294  111.50    0.00    0.00  111.50    30  bt-mz.B.24
04:08:42         4295  107.50    0.50    0.00  108.00    19  bt-mz.B.24
04:08:42         4296  101.50    0.00    0.00  101.50    14  bt-mz.B.24
04:08:42         4297  110.50    0.00    0.00  110.50     9  bt-mz.B.24
04:08:42         4299  112.50    0.00    0.00  112.50     4  bt-mz.B.24
04:08:42         4302  114.00    0.00    0.00  114.00     7  bt-mz.B.24
04:08:42         4303  111.00    0.00    0.00  111.00    26  bt-mz.B.24
04:08:42         4306  110.50    0.00    0.00  110.50    25  bt-mz.B.24
04:08:42         4309   98.50    0.00    0.00   98.50    22  bt-mz.B.24
04:08:42         4310  107.00    0.00    0.00  107.00     6  bt-mz.B.24
04:08:42         4312  113.00    0.50    0.00  113.50    10  bt-mz.B.24

04:08:42          PID    %usr %system  %guest    %CPU   CPU  Command
04:08:44         3154    0.00    0.50    0.00    0.50    21  kondemand/21
04:08:44         3164    0.00    0.50    0.00    0.50    31  kondemand/31
04:08:44         3180    0.00    0.50    0.00    0.50    15  kipmi0
04:08:44         4128    0.00    0.50    0.00    0.50    17  gmond
04:08:44         4275    0.50    0.50    0.00    1.00     4  top
04:08:44         4277    0.50    1.50    0.00    2.00     7  pidstat
04:08:44         4279    0.50    1.50    0.00    2.00     8  pidstat
04:08:44         4288  119.50    0.00    0.00  119.50     5  bt-mz.B.24
04:08:44         4289  102.50    0.00    0.00  102.50    16  bt-mz.B.24
04:08:44         4290  111.00    0.00    0.00  111.00     2  bt-mz.B.24
04:08:44         4291  101.50    0.00    0.00  101.50    17  bt-mz.B.24
04:08:44         4292  108.50    0.00    0.00  108.50    28  bt-mz.B.24
04:08:44         4293  108.50    0.00    0.00  108.50     1  bt-mz.B.24
04:08:44         4294  100.00    0.00    0.00  100.00    30  bt-mz.B.24
04:08:44         4295   99.50    0.00    0.00   99.50    19  bt-mz.B.24
04:08:44         4296  111.00    0.00    0.00  111.00    14  bt-mz.B.24
04:08:44         4297  106.50    0.00    0.00  106.50     8  bt-mz.B.24
04:08:44         4299  112.50    0.00    0.00  112.50     4  bt-mz.B.24
04:08:44         4302  112.00    0.00    0.00  112.00    21  bt-mz.B.24
04:08:44         4303  110.50    0.50    0.00  111.00     9  bt-mz.B.24
04:08:44         4306  102.00    0.00    0.00  102.00    15  bt-mz.B.24
04:08:44         4309  100.00    0.50    0.00  100.50    22  bt-mz.B.24
04:08:44         4310  101.00    0.00    0.00  101.00     6  bt-mz.B.24
04:08:44         4312  109.50    0.00    0.00  109.50    24  bt-mz.B.24

04:08:44          PID    %usr %system  %guest    %CPU   CPU  Command
04:08:46         4275    1.00    0.50    0.00    1.50     4  top
04:08:46         4277    0.50    2.00    0.00    2.50     0  pidstat
04:08:46         4279    1.00    2.50    0.00    3.50     8  pidstat
04:08:46         4288  114.00    0.00    0.00  114.00     4  bt-mz.B.24
04:08:46         4289  112.00    0.00    0.00  112.00    23  bt-mz.B.24
04:08:46         4290  112.50    0.00    0.00  112.50    20  bt-mz.B.24
04:08:46         4291  109.00    0.00    0.00  109.00    21  bt-mz.B.24
04:08:46         4292  110.00    0.00    0.00  110.00    12  bt-mz.B.24
04:08:46         4293  111.00    0.00    0.00  111.00     5  bt-mz.B.24
04:08:46         4294  104.50    0.00    0.00  104.50    14  bt-mz.B.24
04:08:46         4295  111.00    0.00    0.00  111.00     3  bt-mz.B.24
04:08:46         4296  114.00    0.00    0.00  114.00    27  bt-mz.B.24
04:08:46         4297  107.50    0.00    0.00  107.50    15  bt-mz.B.24
04:08:46         4299  108.50    0.00    0.00  108.50    22  bt-mz.B.24
04:08:46         4302  109.50    0.00    0.00  109.50     1  bt-mz.B.24
04:08:46         4303  114.00    0.00    0.00  114.00    10  bt-mz.B.24
04:08:46         4306  111.00    0.00    0.00  111.00    25  bt-mz.B.24
04:08:46         4309  110.00    0.00    0.00  110.00    18  bt-mz.B.24
04:08:46         4310  111.50    0.00    0.00  111.50     4  bt-mz.B.24
04:08:46         4312  106.00    0.00    0.00  106.00    24  bt-mz.B.24

04:08:46          PID    %usr %system  %guest    %CPU   CPU  Command
04:08:48         3137    0.00    0.50    0.00    0.50     4  kondemand/4
04:08:48         3151    0.00    0.50    0.00    0.50    18  kondemand/18
04:08:48         3157    0.00    0.50    0.00    0.50    24  kondemand/24
04:08:48         3163    0.00    0.50    0.00    0.50    30  kondemand/30
04:08:48         3180    0.00    0.50    0.00    0.50    15  kipmi0
04:08:48         4128    0.00    0.50    0.00    0.50    17  gmond
04:08:48         4275    0.50    1.00    0.00    1.50     4  top
04:08:48         4277    1.00    1.50    0.00    2.50     7  pidstat
04:08:48         4279    0.50    0.50    0.00    1.00     8  pidstat
04:08:48         4288  114.50    0.00    0.00  114.50     3  bt-mz.B.24
04:08:48         4289  113.50    0.00    0.00  113.50    23  bt-mz.B.24
04:08:48         4290  105.00    0.00    0.00  105.00     5  bt-mz.B.24
04:08:48         4291  110.50    0.00    0.00  110.50    21  bt-mz.B.24
04:08:48         4292  113.50    0.00    0.00  113.50    12  bt-mz.B.24
04:08:48         4293  103.00    0.00    0.00  103.00     1  bt-mz.B.24
04:08:48         4294  104.00    0.00    0.00  104.00    24  bt-mz.B.24
04:08:48         4295  111.00    0.00    0.00  111.00    19  bt-mz.B.24
04:08:48         4296  109.50    0.00    0.00  109.50    27  bt-mz.B.24
04:08:48         4297  107.50    0.00    0.00  107.50    11  bt-mz.B.24
04:08:48         4299  103.50    0.50    0.00  104.00    17  bt-mz.B.24
04:08:48         4302  110.50    0.00    0.00  110.50     4  bt-mz.B.24
04:08:48         4303  108.50    0.00    0.00  108.50    26  bt-mz.B.24
04:08:48         4306  108.00    0.50    0.00  108.50    25  bt-mz.B.24
04:08:48         4309  107.00    0.00    0.00  107.00    18  bt-mz.B.24
04:08:48         4310  104.50    0.00    0.00  104.50     2  bt-mz.B.24
04:08:48         4312  109.00    0.00    0.00  109.00     8  bt-mz.B.24

04:08:48          PID    %usr %system  %guest    %CPU   CPU  Command
04:08:50         3135    0.00    0.50    0.00    0.50     2  kondemand/2
04:08:50         3139    0.00    0.50    0.00    0.50     6  kondemand/6
04:08:50         3146    0.00    0.50    0.00    0.50    13  kondemand/13
04:08:50         3160    0.00    0.50    0.00    0.50    27  kondemand/27
04:08:50         3180    0.00    0.50    0.00    0.50    15  kipmi0
04:08:50         4275    0.50    0.50    0.00    1.00     4  top
04:08:50         4277    0.50    2.00    0.00    2.50     7  pidstat
04:08:50         4279    1.00    3.00    0.00    4.00     8  pidstat
04:08:50         4281    0.00    0.50    0.00    0.50    17  iostat
04:08:50         4288   96.50    0.00    0.00   96.50     7  bt-mz.B.24
04:08:50         4289   99.00    0.00    0.00   99.00    23  bt-mz.B.24
04:08:50         4290  105.50    0.00    0.00  105.50     5  bt-mz.B.24
04:08:50         4291  108.50    0.00    0.00  108.50    21  bt-mz.B.24
04:08:50         4292  114.50    0.00    0.00  114.50    28  bt-mz.B.24
04:08:50         4293  113.50    0.00    0.00  113.50    17  bt-mz.B.24
04:08:50         4294  111.00    0.00    0.00  111.00    24  bt-mz.B.24
04:08:50         4295  113.50    0.00    0.00  113.50    19  bt-mz.B.24
04:08:50         4296  111.50    0.00    0.00  111.50    27  bt-mz.B.24
04:08:50         4297  103.00    0.00    0.00  103.00    11  bt-mz.B.24
04:08:50         4299  100.00    0.00    0.00  100.00    22  bt-mz.B.24
04:08:50         4302  114.50    0.00    0.00  114.50    20  bt-mz.B.24
04:08:50         4303  101.50    0.00    0.00  101.50    26  bt-mz.B.24
04:08:50         4306  103.50    0.00    0.00  103.50    25  bt-mz.B.24
04:08:50         4309  112.00    0.00    0.00  112.00    18  bt-mz.B.24
04:08:50         4310  107.00    0.00    0.00  107.00     1  bt-mz.B.24
04:08:50         4312  105.50    0.50    0.00  106.00    15  bt-mz.B.24

04:08:50          PID    %usr %system  %guest    %CPU   CPU  Command
04:08:52         3159    0.00    0.50    0.00    0.50    26  kondemand/26
04:08:52         4275    0.50    1.00    0.00    1.50    20  top
04:08:52         4277    0.50    1.50    0.00    2.00     7  pidstat
04:08:52         4279    0.50    1.50    0.00    2.00     8  pidstat
04:08:52         4288  110.50    0.00    0.00  110.50    16  bt-mz.B.24
04:08:52         4289  106.00    0.00    0.00  106.00     3  bt-mz.B.24
04:08:52         4290  103.00    0.50    0.00  103.50     5  bt-mz.B.24
04:08:52         4291  104.00    0.00    0.00  104.00    21  bt-mz.B.24
04:08:52         4292  104.00    0.00    0.00  104.00    28  bt-mz.B.24
04:08:52         4293  107.00    0.00    0.00  107.00    23  bt-mz.B.24
04:08:52         4294  109.50    0.00    0.00  109.50    24  bt-mz.B.24
04:08:52         4295  104.50    0.00    0.00  104.50    19  bt-mz.B.24
04:08:52         4296  109.50    0.00    0.00  109.50    11  bt-mz.B.24
04:08:52         4297  100.50    0.50    0.00  101.00    27  bt-mz.B.24
04:08:52         4299  109.50    0.00    0.00  109.50     6  bt-mz.B.24
04:08:52         4302  110.00    0.00    0.00  110.00     4  bt-mz.B.24
04:08:52         4303  109.50    0.00    0.00  109.50    26  bt-mz.B.24
04:08:52         4306  106.00    0.00    0.00  106.00    12  bt-mz.B.24
04:08:52         4309  110.00    0.00    0.00  110.00     2  bt-mz.B.24
04:08:52         4310  110.50    0.00    0.00  110.50    17  bt-mz.B.24
04:08:52         4312  103.00    0.00    0.00  103.00    30  bt-mz.B.24

04:08:52          PID    %usr %system  %guest    %CPU   CPU  Command
04:08:54         3133    0.00    0.50    0.00    0.50     0  kondemand/0
04:08:54         3180    0.00    0.50    0.00    0.50    31  kipmi0
04:08:54         3195    0.00    0.50    0.00    0.50    26  irqbalance
04:08:54         4128    0.50    0.50    0.00    1.00     1  gmond
04:08:54         4275    0.50    0.50    0.00    1.00    20  top
04:08:54         4277    1.00    1.50    0.00    2.50     7  pidstat
04:08:54         4279    1.00    1.50    0.00    2.50     8  pidstat
04:08:54         4288  113.00    0.00    0.00  113.00     0  bt-mz.B.24
04:08:54         4289  112.50    0.00    0.00  112.50     5  bt-mz.B.24
04:08:54         4290  104.50    0.00    0.00  104.50     7  bt-mz.B.24
04:08:54         4291  105.50    0.00    0.00  105.50    21  bt-mz.B.24
04:08:54         4292  108.00    0.00    0.00  108.00    12  bt-mz.B.24
04:08:54         4293  109.00    0.00    0.00  109.00    18  bt-mz.B.24
04:08:54         4294  107.50    0.00    0.00  107.50     8  bt-mz.B.24
04:08:54         4295  108.50    0.00    0.00  108.50     3  bt-mz.B.24
04:08:54         4296  109.50    0.00    0.00  109.50    11  bt-mz.B.24
04:08:54         4297  107.00    0.00    0.00  107.00    27  bt-mz.B.24
04:08:54         4299  106.50    0.00    0.00  106.50    22  bt-mz.B.24
04:08:54         4302  106.50    0.00    0.00  106.50     6  bt-mz.B.24
04:08:54         4303  108.50    0.00    0.00  108.50    10  bt-mz.B.24
04:08:54         4306  107.50    0.00    0.00  107.50    15  bt-mz.B.24
04:08:54         4309  106.50    0.00    0.00  106.50     1  bt-mz.B.24
04:08:54         4310  108.50    0.00    0.00  108.50    17  bt-mz.B.24
04:08:54         4312  106.00    0.00    0.00  106.00    26  bt-mz.B.24

04:08:54          PID    %usr %system  %guest    %CPU   CPU  Command
04:08:56         3149    0.00    0.50    0.00    0.50    16  kondemand/16
04:08:56         3180    0.00    0.50    0.00    0.50    15  kipmi0
04:08:56         4128    0.00    0.50    0.00    0.50     1  gmond
04:08:56         4275    0.50    0.50    0.00    1.00    20  top
04:08:56         4277    0.50    1.50    0.00    2.00     7  pidstat
04:08:56         4279    0.50    1.50    0.00    2.00     8  pidstat
04:08:56         4288  114.00    0.00    0.00  114.00    18  bt-mz.B.24
04:08:56         4289  110.00    0.00    0.00  110.00     5  bt-mz.B.24
04:08:56         4290  109.50    0.00    0.00  109.50     6  bt-mz.B.24
04:08:56         4291  105.00    0.50    0.00  105.50     4  bt-mz.B.24
04:08:56         4292  109.50    0.00    0.00  109.50    28  bt-mz.B.24
04:08:56         4293  107.00    0.00    0.00  107.00    21  bt-mz.B.24
04:08:56         4294   96.00    0.00    0.00   96.00    24  bt-mz.B.24
04:08:56         4295  107.00    0.00    0.00  107.00    22  bt-mz.B.24
04:08:56         4296  104.50    0.00    0.00  104.50     8  bt-mz.B.24
04:08:56         4297  105.00    0.00    0.00  105.00     8  bt-mz.B.24
04:08:56         4299  104.00    0.00    0.00  104.00     0  bt-mz.B.24
04:08:56         4302  111.50    0.00    0.00  111.50    17  bt-mz.B.24
04:08:56         4303  109.50    0.00    0.00  109.50    26  bt-mz.B.24
04:08:56         4306  108.00    0.00    0.00  108.00    31  bt-mz.B.24
04:08:56         4309  106.00    0.00    0.00  106.00    23  bt-mz.B.24
04:08:56         4310  107.50    0.00    0.00  107.50     0  bt-mz.B.24
04:08:56         4312  104.50    0.00    0.00  104.50    15  bt-mz.B.24

04:08:56          PID    %usr %system  %guest    %CPU   CPU  Command
04:08:58         3141    0.00    0.50    0.00    0.50     8  kondemand/8
04:08:58         4275    0.50    0.50    0.00    1.00    20  top
04:08:58         4277    0.50    2.00    0.00    2.50    23  pidstat
04:08:58         4279    1.00    1.50    0.00    2.50     8  pidstat
04:08:58         4288  111.50    0.00    0.00  111.50     2  bt-mz.B.24
04:08:58         4289  110.50    0.00    0.00  110.50     5  bt-mz.B.24
04:08:58         4290  109.00    0.00    0.00  109.00    22  bt-mz.B.24
04:08:58         4291  110.00    0.00    0.00  110.00     4  bt-mz.B.24
04:08:58         4292  107.00    0.00    0.00  107.00    28  bt-mz.B.24
04:08:58         4293   99.00    0.50    0.00   99.50    21  bt-mz.B.24
04:08:58         4294   76.50    0.00    0.00   76.50    24  bt-mz.B.24
04:08:58         4295  100.00    0.50    0.00  100.50     6  bt-mz.B.24
04:08:58         4296   88.50    0.00    0.00   88.50    27  bt-mz.B.24
04:08:58         4297   71.00    0.00    0.00   71.00     8  bt-mz.B.24
04:08:58         4299  111.00    0.00    0.00  111.00    16  bt-mz.B.24
04:08:58         4302  111.50    0.00    0.00  111.50    17  bt-mz.B.24
04:08:58         4303  105.50    0.00    0.00  105.50    26  bt-mz.B.24
04:08:58         4306  101.50    0.00    0.00  101.50    12  bt-mz.B.24
04:08:58         4309  102.50    0.00    0.00  102.50     0  bt-mz.B.24
04:08:58         4310  108.00    0.00    0.00  108.00     7  bt-mz.B.24
04:08:58         4312  110.00    0.00    0.00  110.00    15  bt-mz.B.24

04:08:58          PID    %usr %system  %guest    %CPU   CPU  Command
04:09:00         3148    0.00    0.50    0.00    0.50    15  kondemand/15
04:09:00         3180    0.00    1.00    0.00    1.00    31  kipmi0
04:09:00         4128    0.00    0.50    0.00    0.50    17  gmond
04:09:00         4275    0.50    1.00    0.00    1.50    20  top
04:09:00         4277    0.50    1.50    0.00    2.00     7  pidstat
04:09:00         4279    1.00    2.50    0.00    3.50     8  pidstat
04:09:00         4288  117.00    0.00    0.00  117.00    18  bt-mz.B.24
04:09:00         4289  110.50    0.00    0.00  110.50    17  bt-mz.B.24
04:09:00         4290  105.00    0.00    0.00  105.00    22  bt-mz.B.24
04:09:00         4291  116.00    0.00    0.00  116.00     4  bt-mz.B.24
04:09:00         4292  110.50    0.00    0.00  110.50    28  bt-mz.B.24
04:09:00         4293  112.00    0.00    0.00  112.00     5  bt-mz.B.24
04:09:00         4294   96.50    0.00    0.00   96.50     8  bt-mz.B.24
04:09:00         4295  100.50    0.00    0.00  100.50     1  bt-mz.B.24
04:09:00         4296  108.50    0.00    0.00  108.50    27  bt-mz.B.24
04:09:00         4297  104.00    0.50    0.00  104.50    30  bt-mz.B.24
04:09:00         4299  111.50    0.00    0.00  111.50     0  bt-mz.B.24
04:09:00         4302  111.50    0.00    0.00  111.50     7  bt-mz.B.24
04:09:00         4303  114.00    0.00    0.00  114.00    11  bt-mz.B.24
04:09:00         4306  108.50    0.00    0.00  108.50    25  bt-mz.B.24
04:09:00         4309  105.00    0.00    0.00  105.00    23  bt-mz.B.24
04:09:00         4310  106.00    0.50    0.00  106.50     6  bt-mz.B.24
04:09:00         4312  112.50    0.00    0.00  112.50    14  bt-mz.B.24

04:09:00          PID    %usr %system  %guest    %CPU   CPU  Command
04:09:02         3021    0.00    1.00    0.00    1.00     3  flush-8:0
04:09:02         3138    0.00    0.50    0.00    0.50     5  kondemand/5
04:09:02         3161    0.00    0.50    0.00    0.50    28  kondemand/28
04:09:02         3180    0.00    0.50    0.00    0.50    31  kipmi0
04:09:02         3808    0.50    0.00    0.00    0.50    12  crond
04:09:02         4275    1.00    0.50    0.00    1.50    20  top
04:09:02         4277    0.50    2.00    0.00    2.50    23  pidstat
04:09:02         4279    0.00    1.50    0.00    1.50     8  pidstat
04:09:02         4288  110.00    0.50    0.00  110.50    18  bt-mz.B.24
04:09:02         4289  110.50    0.00    0.00  110.50    17  bt-mz.B.24
04:09:02         4290  110.50    0.00    0.00  110.50    22  bt-mz.B.24
04:09:02         4291  106.00    0.00    0.00  106.00     6  bt-mz.B.24
04:09:02         4292  105.50    0.00    0.00  105.50    26  bt-mz.B.24
04:09:02         4293  107.50    0.00    0.00  107.50    16  bt-mz.B.24
04:09:02         4294  106.00    0.00    0.00  106.00    27  bt-mz.B.24
04:09:02         4295  105.50    0.00    0.00  105.50     4  bt-mz.B.24
04:09:02         4296  108.50    0.00    0.00  108.50    10  bt-mz.B.24
04:09:02         4297   97.00    0.00    0.00   97.00    30  bt-mz.B.24
04:09:02         4299  107.00    0.00    0.00  107.00     2  bt-mz.B.24
04:09:02         4302   96.00    0.00    0.00   96.00    20  bt-mz.B.24
04:09:02         4303   95.50    1.00    0.00   96.50    14  bt-mz.B.24
04:09:02         4306  106.50    0.00    0.00  106.50    25  bt-mz.B.24
04:09:02         4309  105.00    0.00    0.00  105.00     7  bt-mz.B.24
04:09:02         4310   99.00    0.00    0.00   99.00     0  bt-mz.B.24
04:09:02         4312  106.00    0.00    0.00  106.00    12  bt-mz.B.24

04:09:02          PID    %usr %system  %guest    %CPU   CPU  Command
04:09:04         3136    0.00    0.50    0.00    0.50     3  kondemand/3
04:09:04         3150    0.00    0.50    0.00    0.50    17  kondemand/17
04:09:04         3180    0.00    1.00    0.00    1.00    15  kipmi0
04:09:04         4275    0.50    0.50    0.00    1.00    20  top
04:09:04         4277    1.00    1.50    0.00    2.50    23  pidstat
04:09:04         4279    0.50    1.00    0.00    1.50     8  pidstat
04:09:04         4288  108.50    0.00    0.00  108.50     2  bt-mz.B.24
04:09:04         4289  106.50    0.50    0.00  107.00    17  bt-mz.B.24
04:09:04         4290  110.00    0.00    0.00  110.00     6  bt-mz.B.24
04:09:04         4291  108.50    0.00    0.00  108.50     1  bt-mz.B.24
04:09:04         4292  109.00    0.50    0.00  109.50    26  bt-mz.B.24
04:09:04         4293  110.00    0.00    0.00  110.00    22  bt-mz.B.24
04:09:04         4294  110.50    0.00    0.00  110.50    27  bt-mz.B.24
04:09:04         4295  112.00    0.00    0.00  112.00    20  bt-mz.B.24
04:09:04         4296  103.50    0.00    0.00  103.50    30  bt-mz.B.24
04:09:04         4297  109.00    0.00    0.00  109.00    15  bt-mz.B.24
04:09:04         4299  105.50    0.00    0.00  105.50    16  bt-mz.B.24
04:09:04         4302  105.00    0.00    0.00  105.00     0  bt-mz.B.24
04:09:04         4303  106.50    0.00    0.00  106.50    29  bt-mz.B.24
04:09:04         4306  105.00    0.50    0.00  105.50    24  bt-mz.B.24
04:09:04         4309  112.00    0.00    0.00  112.00     7  bt-mz.B.24
04:09:04         4310  104.00    0.00    0.00  104.00    18  bt-mz.B.24
04:09:04         4312  108.50    0.00    0.00  108.50    12  bt-mz.B.24

04:09:04          PID    %usr %system  %guest    %CPU   CPU  Command
04:09:06           65    0.00    0.50    0.00    0.50    15  ksoftirqd/15
04:09:06         3134    0.00    0.50    0.00    0.50     1  kondemand/1
04:09:06         3145    0.00    0.50    0.00    0.50    12  kondemand/12
04:09:06         3180    0.00    1.00    0.00    1.00    15  kipmi0
04:09:06         4128    0.00    0.50    0.00    0.50    17  gmond
04:09:06         4275    0.50    0.50    0.00    1.00    20  top
04:09:06         4277    1.00    1.50    0.00    2.50    23  pidstat
04:09:06         4279    0.50    3.00    0.00    3.50     8  pidstat
04:09:06         4288  109.50    0.00    0.00  109.50     5  bt-mz.B.24
04:09:06         4289  110.00    0.00    0.00  110.00     1  bt-mz.B.24
04:09:06         4290  111.00    0.00    0.00  111.00    22  bt-mz.B.24
04:09:06         4291   86.00    0.00    0.00   86.00    27  bt-mz.B.24
04:09:06         4292  106.00    0.00    0.00  106.00    26  bt-mz.B.24
04:09:06         4293  111.50    0.00    0.00  111.50     6  bt-mz.B.24
04:09:06         4294   88.00    0.00    0.00   88.00    27  bt-mz.B.24
04:09:06         4295  109.50    0.00    0.00  109.50     4  bt-mz.B.24
04:09:06         4296  100.00    0.00    0.00  100.00    30  bt-mz.B.24
04:09:06         4297  109.50    0.50    0.00  110.00    28  bt-mz.B.24
04:09:06         4299  109.00    0.00    0.00  109.00     0  bt-mz.B.24
04:09:06         4302  107.50    0.00    0.00  107.50    16  bt-mz.B.24
04:09:06         4303  108.50    0.50    0.00  109.00    13  bt-mz.B.24
04:09:06         4306  108.00    0.00    0.00  108.00    24  bt-mz.B.24
04:09:06         4309  109.50    0.00    0.00  109.50     7  bt-mz.B.24
04:09:06         4310  105.50    0.00    0.00  105.50     3  bt-mz.B.24
04:09:06         4312  103.00    0.00    0.00  103.00    12  bt-mz.B.24

04:09:06          PID    %usr %system  %guest    %CPU   CPU  Command
04:09:08          131    0.00    0.50    0.00    0.50     0  events/0
04:09:08         3147    0.00    0.50    0.00    0.50    14  kondemand/14
04:09:08         3180    0.00    1.00    0.00    1.00    31  kipmi0
04:09:08         4275    0.50    1.00    0.00    1.50    20  top
04:09:08         4277    0.00    2.00    0.00    2.00    23  pidstat
04:09:08         4279    1.00    2.00    0.00    3.00     8  pidstat
04:09:08         4288  113.00    0.00    0.00  113.00     5  bt-mz.B.24
04:09:08         4289  107.00    0.00    0.00  107.00     2  bt-mz.B.24
04:09:08         4290  111.50    0.00    0.00  111.50    18  bt-mz.B.24
04:09:08         4291   97.50    0.00    0.00   97.50    11  bt-mz.B.24
04:09:08         4292  103.00    0.00    0.00  103.00    10  bt-mz.B.24
04:09:08         4293  110.50    0.00    0.00  110.50     6  bt-mz.B.24
04:09:08         4294   85.50    0.00    0.00   85.50    27  bt-mz.B.24
04:09:08         4295  110.50    0.00    0.00  110.50     4  bt-mz.B.24
04:09:08         4296  101.00    0.00    0.00  101.00    31  bt-mz.B.24
04:09:08         4297  104.50    0.00    0.00  104.50    26  bt-mz.B.24
04:09:08         4299  107.50    0.00    0.00  107.50     0  bt-mz.B.24
04:09:08         4302  105.00    0.00    0.00  105.00     1  bt-mz.B.24
04:09:08         4303  109.00    0.00    0.00  109.00    29  bt-mz.B.24
04:09:08         4306  108.50    0.00    0.00  108.50    24  bt-mz.B.24
04:09:08         4309  108.00    0.00    0.00  108.00     7  bt-mz.B.24
04:09:08         4310  107.50    0.00    0.00  107.50     3  bt-mz.B.24
04:09:08         4312  102.50    0.00    0.00  102.50    28  bt-mz.B.24

04:09:08          PID    %usr %system  %guest    %CPU   CPU  Command
04:09:10         3144    0.00    0.50    0.00    0.50    11  kondemand/11
04:09:10         4128    0.50    0.50    0.00    1.00    17  gmond
04:09:10         4275    0.50    0.50    0.00    1.00    20  top
04:09:10         4277    1.00    1.50    0.00    2.50    23  pidstat
04:09:10         4279    0.50    2.00    0.00    2.50     8  pidstat
04:09:10         4288  109.00    0.00    0.00  109.00    23  bt-mz.B.24
04:09:10         4289  113.00    0.00    0.00  113.00     6  bt-mz.B.24
04:09:10         4290  112.50    0.00    0.00  112.50    19  bt-mz.B.24
04:09:10         4291  109.50    0.00    0.00  109.50    27  bt-mz.B.24
04:09:10         4292  107.50    0.00    0.00  107.50    25  bt-mz.B.24
04:09:10         4293  102.00    0.00    0.00  102.00     7  bt-mz.B.24
04:09:10         4294  106.50    0.00    0.00  106.50    13  bt-mz.B.24
04:09:10         4295  114.00    0.00    0.00  114.00     4  bt-mz.B.24
04:09:10         4296  101.50    0.00    0.00  101.50    31  bt-mz.B.24
04:09:10         4297  109.50    0.00    0.00  109.50    26  bt-mz.B.24
04:09:10         4299  112.00    0.00    0.00  112.00     2  bt-mz.B.24
04:09:10         4302  113.50    0.00    0.00  113.50     1  bt-mz.B.24
04:09:10         4303  109.50    0.00    0.00  109.50    12  bt-mz.B.24
04:09:10         4306  105.50    0.00    0.00  105.50    31  bt-mz.B.24
04:09:10         4309  113.50    0.50    0.00  114.00     0  bt-mz.B.24
04:09:10         4310  114.50    0.00    0.00  114.50     3  bt-mz.B.24
04:09:10         4312  105.00    0.00    0.00  105.00    28  bt-mz.B.24

04:09:10          PID    %usr %system  %guest    %CPU   CPU  Command
04:09:12         3143    0.00    0.50    0.00    0.50    10  kondemand/10
04:09:12         3153    0.00    0.50    0.00    0.50    20  kondemand/20
04:09:12         4275    0.50    1.00    0.00    1.50    20  top
04:09:12         4277    0.50    1.50    0.00    2.00    18  pidstat
04:09:12         4279    1.00    1.50    0.00    2.50    24  pidstat
04:09:12         4281    0.00    0.50    0.00    0.50    17  iostat
04:09:12         4288  112.50    0.00    0.00  112.50    16  bt-mz.B.24
04:09:12         4289  113.00    0.00    0.00  113.00    22  bt-mz.B.24
04:09:12         4290  109.50    0.00    0.00  109.50    19  bt-mz.B.24
04:09:12         4291  103.50    0.00    0.00  103.50    27  bt-mz.B.24
04:09:12         4292  106.50    0.00    0.00  106.50    11  bt-mz.B.24
04:09:12         4293  106.50    0.00    0.00  106.50     0  bt-mz.B.24
04:09:12         4294  109.00    0.50    0.00  109.50    29  bt-mz.B.24
04:09:12         4295  106.50    0.00    0.00  106.50     4  bt-mz.B.24
04:09:12         4296   93.00    0.00    0.00   93.00    15  bt-mz.B.24
04:09:12         4297   96.50    0.00    0.00   96.50    26  bt-mz.B.24
04:09:12         4299  102.50    0.00    0.00  102.50    20  bt-mz.B.24
04:09:12         4302  110.00    0.00    0.00  110.00     1  bt-mz.B.24
04:09:12         4303   98.50    0.00    0.00   98.50    10  bt-mz.B.24
04:09:12         4306  102.50    0.50    0.00  103.00     8  bt-mz.B.24
04:09:12         4309  104.50    0.00    0.00  104.50    23  bt-mz.B.24
04:09:12         4310  107.00    0.00    0.00  107.00     3  bt-mz.B.24
04:09:12         4312  107.50    0.00    0.00  107.50    12  bt-mz.B.24

04:09:12          PID    %usr %system  %guest    %CPU   CPU  Command
04:09:14         3142    0.00    0.50    0.00    0.50     9  kondemand/9
04:09:14         3155    0.00    0.50    0.00    0.50    22  kondemand/22
04:09:14         3180    0.00    0.50    0.00    0.50    15  kipmi0
04:09:14         4128    0.00    0.50    0.00    0.50    17  gmond
04:09:14         4275    0.50    0.50    0.00    1.00     4  top
04:09:14         4277    1.00    1.50    0.00    2.50    23  pidstat
04:09:14         4279    0.50    1.00    0.00    1.50    24  pidstat
04:09:14         4288  113.00    0.00    0.00  113.00    21  bt-mz.B.24
04:09:14         4289  113.00    0.00    0.00  113.00    22  bt-mz.B.24
04:09:14         4290  112.00    0.00    0.00  112.00     3  bt-mz.B.24
04:09:14         4291   91.50    0.00    0.00   91.50    30  bt-mz.B.24
04:09:14         4292  107.00    0.00    0.00  107.00    11  bt-mz.B.24
04:09:14         4293  105.50    0.00    0.00  105.50    18  bt-mz.B.24
04:09:14         4294  102.00    0.00    0.00  102.00    29  bt-mz.B.24
04:09:14         4295  107.50    0.00    0.00  107.50     0  bt-mz.B.24
04:09:14         4296  105.50    0.00    0.00  105.50    31  bt-mz.B.24
04:09:14         4297  107.50    0.00    0.00  107.50     8  bt-mz.B.24
04:09:14         4299  108.50    0.00    0.00  108.50    20  bt-mz.B.24
04:09:14         4302  105.00    0.50    0.00  105.50    16  bt-mz.B.24
04:09:14         4303   96.50    0.00    0.00   96.50    10  bt-mz.B.24
04:09:14         4306   98.00    0.00    0.00   98.00     9  bt-mz.B.24
04:09:14         4309  110.00    0.00    0.00  110.00     7  bt-mz.B.24
04:09:14         4310  102.00    0.00    0.00  102.00     2  bt-mz.B.24
04:09:14         4312  111.00    0.50    0.00  111.50    12  bt-mz.B.24

04:09:14          PID    %usr %system  %guest    %CPU   CPU  Command
04:09:16         3140    0.00    0.50    0.00    0.50     7  kondemand/7
04:09:16         3156    0.00    0.50    0.00    0.50    23  kondemand/23
04:09:16         3180    0.00    0.50    0.00    0.50    31  kipmi0
04:09:16         4275    0.50    0.50    0.00    1.00     4  top
04:09:16         4277    0.50    1.50    0.00    2.00    23  pidstat
04:09:16         4279    1.00    2.50    0.00    3.50    15  pidstat
04:09:16         4288  109.50    0.00    0.00  109.50    21  bt-mz.B.24
04:09:16         4289  116.50    0.00    0.00  116.50     6  bt-mz.B.24
04:09:16         4290  114.50    0.00    0.00  114.50     3  bt-mz.B.24
04:09:16         4291  110.00    0.00    0.00  110.00     9  bt-mz.B.24
04:09:16         4292  110.00    0.00    0.00  110.00    12  bt-mz.B.24
04:09:16         4293  116.00    0.00    0.00  116.00    18  bt-mz.B.24
04:09:16         4294  107.50    0.00    0.00  107.50    27  bt-mz.B.24
04:09:16         4295  109.00    0.00    0.00  109.00    16  bt-mz.B.24
04:09:16         4296  104.00    0.00    0.00  104.00    15  bt-mz.B.24
04:09:16         4297  100.00    0.00    0.00  100.00    10  bt-mz.B.24
04:09:16         4299  106.00    0.00    0.00  106.00    22  bt-mz.B.24
04:09:16         4302  112.50    0.00    0.00  112.50     4  bt-mz.B.24
04:09:16         4303  100.00    0.00    0.00  100.00    30  bt-mz.B.24
04:09:16         4306  108.00    0.00    0.00  108.00     0  bt-mz.B.24
04:09:16         4309  111.00    0.00    0.00  111.00    23  bt-mz.B.24
04:09:16         4310  109.00    0.00    0.00  109.00     5  bt-mz.B.24
04:09:16         4312  112.50    0.00    0.00  112.50    11  bt-mz.B.24

04:09:16          PID    %usr %system  %guest    %CPU   CPU  Command
04:09:18          137    0.00    0.50    0.00    0.50     6  events/6
04:09:18         3158    0.00    0.50    0.00    0.50    25  kondemand/25
04:09:18         3180    0.00    0.50    0.00    0.50    15  kipmi0
04:09:18         4275    0.50    1.00    0.00    1.50     4  top
04:09:18         4277    0.50    1.50    0.00    2.00    23  pidstat
04:09:18         4279    0.00    1.00    0.00    1.00    15  pidstat
04:09:18         4280    0.00    0.50    0.00    0.50    26  mpstat
04:09:18         4288  110.00    0.00    0.00  110.00    21  bt-mz.B.24
04:09:18         4289  108.00    0.00    0.00  108.00     4  bt-mz.B.24
04:09:18         4290  101.50    0.00    0.00  101.50     2  bt-mz.B.24
04:09:18         4291  104.50    0.00    0.00  104.50    25  bt-mz.B.24
04:09:18         4292  103.50    0.00    0.00  103.50    12  bt-mz.B.24
04:09:18         4293  104.00    0.00    0.00  104.00     7  bt-mz.B.24
04:09:18         4294   92.50    0.00    0.00   92.50    13  bt-mz.B.24
04:09:18         4295  105.00    0.00    0.00  105.00     0  bt-mz.B.24
04:09:18         4296  100.50    0.00    0.00  100.50    11  bt-mz.B.24
04:09:18         4297  110.00    0.00    0.00  110.00    10  bt-mz.B.24
04:09:18         4299  109.00    0.50    0.00  109.50     6  bt-mz.B.24
04:09:18         4302  108.50    0.00    0.00  108.50     3  bt-mz.B.24
04:09:18         4303  102.00    0.00    0.00  102.00    28  bt-mz.B.24
04:09:18         4306  101.00    0.00    0.00  101.00    17  bt-mz.B.24
04:09:18         4309   94.00    0.00    0.00   94.00    16  bt-mz.B.24
04:09:18         4310  100.00    0.00    0.00  100.00     1  bt-mz.B.24
04:09:18         4312   92.00    0.00    0.00   92.00    29  bt-mz.B.24
