Linux 2.6.32-279.14.1.el6.x86_64 (compute-641-14.local) 	04/21/20 	_x86_64_	(32 CPU)

02:27:44     CPU    %usr   %nice    %sys %iowait    %irq   %soft  %steal  %guest   %idle
02:27:46     all   56.61    0.00   10.25    0.00    0.00    0.06    0.00    0.00   33.08
02:27:48     all   70.35    0.00    9.91    0.00    0.00    0.05    0.00    0.00   19.70
02:27:50     all   71.34    0.00    9.45    0.00    0.00    0.03    0.00    0.00   19.17
02:27:52     all   70.55    0.00    9.85    0.00    0.00    0.05    0.00    0.00   19.55
02:27:54     all   71.46    0.00    9.52    0.00    0.00    0.03    0.00    0.00   18.99
02:27:56     all   71.79    0.00    9.43    0.02    0.00    0.03    0.00    0.00   18.73
02:27:58     all   70.74    0.00    9.75    0.00    0.00    0.03    0.00    0.00   19.47
02:28:00     all   70.98    0.00    9.64    0.00    0.00    0.03    0.00    0.00   19.35
02:28:02     all   71.77    0.00    9.32    0.00    0.00    0.05    0.00    0.00   18.87
02:28:04     all   69.62    0.00   10.16    0.00    0.00    0.03    0.00    0.00   20.19
02:28:06     all   71.46    0.00    9.46    0.00    0.00    0.05    0.00    0.00   19.04
02:28:08     all   70.59    0.00    9.83    0.00    0.00    0.03    0.00    0.00   19.55
02:28:10     all   70.73    0.00    9.64    0.00    0.00    0.03    0.00    0.00   19.60
02:28:12     all   71.15    0.00    9.60    0.00    0.00    0.03    0.00    0.00   19.22
02:28:14     all   71.60    0.00    9.36    0.00    0.00    0.05    0.00    0.00   18.99
02:28:16     all   70.75    0.00    9.77    0.00    0.00    0.03    0.00    0.00   19.46
02:28:18     all   70.53    0.00    9.78    0.02    0.00    0.03    0.00    0.00   19.64
02:28:20     all   70.64    0.00    9.78    0.00    0.00    0.05    0.00    0.00   19.53
02:28:22     all   71.44    0.00    9.41    0.00    0.00    0.03    0.00    0.00   19.12
02:28:24     all   71.55    0.00    9.41    0.00    0.00    0.03    0.00    0.00   19.01
02:28:26     all   70.99    0.00    9.54    0.00    0.00    0.03    0.00    0.00   19.45
02:28:28     all   70.39    0.00    9.82    0.00    0.00    0.03    0.00    0.00   19.76
