Linux 2.6.32-279.14.1.el6.x86_64 (compute-662-5.local) 	04/21/20 	_x86_64_	(48 CPU)

02:18:15          PID    %usr %system  %guest    %CPU   CPU  Command
02:18:17         4123    0.00    0.49    0.00    0.49    12  kondemand/12
02:18:17         4127    0.00    0.49    0.00    0.49    16  kondemand/16
02:18:17         4141    0.00    0.49    0.00    0.49    30  kondemand/30
02:18:17         4154    0.00    0.49    0.00    0.49    43  kondemand/43
02:18:17        23393    0.98    0.00    0.00    0.98    15  gmond
02:18:17        32729    3.90    1.95    0.00    5.85     7  mpirun
02:18:17        32735    0.98    0.98    0.00    1.95    28  top
02:18:17        32737    0.98    2.93    0.00    3.90     0  pidstat
02:18:17        32739    0.98    2.44    0.00    3.41    27  pidstat
02:18:17        32749  167.32    6.83    0.00  174.15    24  bt-mz.B.24
02:18:17        32750  156.10    4.39    0.00  160.49    12  bt-mz.B.24
02:18:17        32751  155.61    6.34    0.00  161.95    25  bt-mz.B.24
02:18:17        32752  147.80    4.88    0.00  152.68    37  bt-mz.B.24
02:18:17        32753  148.78    6.83    0.00  155.61    26  bt-mz.B.24
02:18:17        32754  148.29    6.34    0.00  154.63    14  bt-mz.B.24
02:18:17        32755  145.85    6.34    0.00  152.20     3  bt-mz.B.24
02:18:17        32756  145.85    5.85    0.00  151.71    15  bt-mz.B.24
02:18:17        32758  145.37    6.34    0.00  151.71    28  bt-mz.B.24
02:18:17        32759  148.29    6.83    0.00  155.12    40  bt-mz.B.24
02:18:17        32760  145.85    7.32    0.00  153.17    29  bt-mz.B.24

02:18:17          PID    %usr %system  %guest    %CPU   CPU  Command
02:18:19         4113    0.00    0.50    0.00    0.50     2  kondemand/2
02:18:19         4117    0.00    0.50    0.00    0.50     6  kondemand/6
02:18:19         4130    0.00    0.50    0.00    0.50    19  kondemand/19
02:18:19         4158    0.00    0.50    0.00    0.50    47  kondemand/47
02:18:19        23393    1.00    0.00    0.00    1.00    15  gmond
02:18:19        32735    0.50    1.00    0.00    1.50    28  top
02:18:19        32737    1.50    2.50    0.00    4.00     0  pidstat
02:18:19        32739    0.50    2.00    0.00    2.50    27  pidstat
02:18:19        32749  195.00    0.00    0.00  195.00    24  bt-mz.B.24
02:18:19        32750  181.50    0.00    0.00  181.50    12  bt-mz.B.24
02:18:19        32751  180.50    0.00    0.00  180.50    25  bt-mz.B.24
02:18:19        32752  172.00    0.00    0.00  172.00    37  bt-mz.B.24
02:18:19        32753  172.00    0.00    0.00  172.00    26  bt-mz.B.24
02:18:19        32754  172.00    0.00    0.00  172.00    14  bt-mz.B.24
02:18:19        32755  169.50    0.00    0.00  169.50     3  bt-mz.B.24
02:18:19        32756  169.50    0.00    0.00  169.50    15  bt-mz.B.24
02:18:19        32758  169.50    0.00    0.00  169.50     4  bt-mz.B.24
02:18:19        32759  173.50    0.00    0.00  173.50    40  bt-mz.B.24
02:18:19        32760  170.50    0.00    0.00  170.50    29  bt-mz.B.24

02:18:19          PID    %usr %system  %guest    %CPU   CPU  Command
02:18:21         4119    0.00    0.50    0.00    0.50     8  kondemand/8
02:18:21         4124    0.00    0.50    0.00    0.50    13  kondemand/13
02:18:21         4134    0.00    0.50    0.00    0.50    23  kondemand/23
02:18:21        23393    0.50    0.00    0.00    0.50    39  gmond
02:18:21        32735    1.00    1.50    0.00    2.50    28  top
02:18:21        32737    1.00    2.50    0.00    3.50     0  pidstat
02:18:21        32739    2.00    3.50    0.00    5.50    27  pidstat
02:18:21        32749  196.00    0.00    0.00  196.00    24  bt-mz.B.24
02:18:21        32750  181.50    0.00    0.00  181.50    12  bt-mz.B.24
02:18:21        32751  180.00    0.00    0.00  180.00    25  bt-mz.B.24
02:18:21        32752  171.00    0.00    0.00  171.00    37  bt-mz.B.24
02:18:21        32753  172.00    0.00    0.00  172.00    26  bt-mz.B.24
02:18:21        32754  171.00    0.00    0.00  171.00    14  bt-mz.B.24
02:18:21        32755  168.00    0.00    0.00  168.00     3  bt-mz.B.24
02:18:21        32756  168.00    0.50    0.00  168.50    15  bt-mz.B.24
02:18:21        32758  168.00    0.00    0.00  168.00    28  bt-mz.B.24
02:18:21        32759  172.50    0.00    0.00  172.50    40  bt-mz.B.24
02:18:21        32760  169.50    0.00    0.00  169.50    29  bt-mz.B.24

02:18:21          PID    %usr %system  %guest    %CPU   CPU  Command
02:18:23         4114    0.00    0.50    0.00    0.50     3  kondemand/3
02:18:23         4121    0.00    0.50    0.00    0.50    10  kondemand/10
02:18:23         4135    0.00    0.50    0.00    0.50    24  kondemand/24
02:18:23         4138    0.00    0.50    0.00    0.50    27  kondemand/27
02:18:23         4139    0.00    0.50    0.00    0.50    28  kondemand/28
02:18:23         4143    0.00    0.50    0.00    0.50    32  kondemand/32
02:18:23         4147    0.00    0.50    0.00    0.50    36  kondemand/36
02:18:23         4149    0.00    0.50    0.00    0.50    38  kondemand/38
02:18:23        32735    1.00    0.50    0.00    1.50     4  top
02:18:23        32737    1.00    3.00    0.00    4.00     0  pidstat
02:18:23        32739    0.50    2.50    0.00    3.00     3  pidstat
02:18:23        32749  195.00    0.00    0.00  195.00    24  bt-mz.B.24
02:18:23        32750  181.50    0.00    0.00  181.50    12  bt-mz.B.24
02:18:23        32751  179.50    1.00    0.00  180.50    25  bt-mz.B.24
02:18:23        32752  172.00    0.50    0.00  172.50    37  bt-mz.B.24
02:18:23        32753  172.50    0.00    0.00  172.50    26  bt-mz.B.24
02:18:23        32754  172.00    0.00    0.00  172.00    14  bt-mz.B.24
02:18:23        32755  169.00    0.00    0.00  169.00    27  bt-mz.B.24
02:18:23        32756  169.50    0.00    0.00  169.50    15  bt-mz.B.24
02:18:23        32758  169.50    0.00    0.00  169.50    28  bt-mz.B.24
02:18:23        32759  173.00    0.50    0.00  173.50    40  bt-mz.B.24
02:18:23        32760  171.00    0.00    0.00  171.00    29  bt-mz.B.24

02:18:23          PID    %usr %system  %guest    %CPU   CPU  Command
02:18:25         4122    0.00    0.50    0.00    0.50    11  kondemand/11
02:18:25         4126    0.00    0.50    0.00    0.50    15  kondemand/15
02:18:25         4131    0.00    0.50    0.00    0.50    20  kondemand/20
02:18:25         4151    0.00    0.50    0.00    0.50    40  kondemand/40
02:18:25         4189    0.00    0.50    0.00    0.50     2  irqbalance
02:18:25        23393    0.50    0.00    0.00    0.50    39  gmond
02:18:25        32735    1.00    1.50    0.00    2.50     4  top
02:18:25        32737    1.00    3.00    0.00    4.00     0  pidstat
02:18:25        32739    1.50    3.00    0.00    4.50     3  pidstat
02:18:25        32749  195.50    0.00    0.00  195.50    24  bt-mz.B.24
02:18:25        32750  181.00    0.00    0.00  181.00    12  bt-mz.B.24
02:18:25        32751  179.50    0.50    0.00  180.00    25  bt-mz.B.24
02:18:25        32752  171.00    0.00    0.00  171.00    37  bt-mz.B.24
02:18:25        32753  171.50    0.00    0.00  171.50    26  bt-mz.B.24
02:18:25        32754  171.00    0.00    0.00  171.00    14  bt-mz.B.24
02:18:25        32755  167.50    0.00    0.00  167.50    27  bt-mz.B.24
02:18:25        32756  168.00    0.00    0.00  168.00    15  bt-mz.B.24
02:18:25        32758  168.50    0.50    0.00  169.00     4  bt-mz.B.24
02:18:25        32759  172.00    0.00    0.00  172.00    40  bt-mz.B.24
02:18:25        32760  169.00    0.50    0.00  169.50    29  bt-mz.B.24

02:18:25          PID    %usr %system  %guest    %CPU   CPU  Command
02:18:27         4111    0.00    0.50    0.00    0.50     0  kondemand/0
02:18:27         4112    0.00    0.50    0.00    0.50     1  kondemand/1
02:18:27         4115    0.00    0.50    0.00    0.50     4  kondemand/4
02:18:27         4120    0.00    0.50    0.00    0.50     9  kondemand/9
02:18:27         4125    0.00    0.50    0.00    0.50    14  kondemand/14
02:18:27         4129    0.00    0.50    0.00    0.50    18  kondemand/18
02:18:27         4132    0.00    0.50    0.00    0.50    21  kondemand/21
02:18:27         4133    0.00    0.50    0.00    0.50    22  kondemand/22
02:18:27         4144    0.00    0.50    0.00    0.50    33  kondemand/33
02:18:27         4152    0.00    0.50    0.00    0.50    41  kondemand/41
02:18:27        23393    0.50    0.00    0.00    0.50    39  gmond
02:18:27        32735    0.50    1.00    0.00    1.50     4  top
02:18:27        32737    1.00    2.50    0.00    3.50     0  pidstat
02:18:27        32739    1.50    3.00    0.00    4.50     3  pidstat
02:18:27        32741    0.00    0.50    0.00    0.50    29  iostat
02:18:27        32749  195.00    0.00    0.00  195.00    24  bt-mz.B.24
02:18:27        32750  180.00    0.00    0.00  180.00    12  bt-mz.B.24
02:18:27        32751  178.00    0.50    0.00  178.50    25  bt-mz.B.24
02:18:27        32752  170.50    0.00    0.00  170.50    37  bt-mz.B.24
02:18:27        32753  170.50    0.00    0.00  170.50    26  bt-mz.B.24
02:18:27        32754  170.50    0.00    0.00  170.50    14  bt-mz.B.24
02:18:27        32755  169.00    0.50    0.00  169.50    27  bt-mz.B.24
02:18:27        32756  167.50    0.00    0.00  167.50    15  bt-mz.B.24
02:18:27        32758  168.00    0.00    0.00  168.00    28  bt-mz.B.24
02:18:27        32759  171.50    0.00    0.00  171.50    40  bt-mz.B.24
02:18:27        32760  169.00    0.00    0.00  169.00    29  bt-mz.B.24
