Linux 2.6.32-279.14.1.el6.x86_64 (compute-641-14.local) 	04/21/20 	_x86_64_	(32 CPU)

02:16:20          PID    %usr %system  %guest    %CPU   CPU  Command
02:16:22         3134    0.00    0.49    0.00    0.49     1  kondemand/1
02:16:22         3161    0.00    0.49    0.00    0.49    28  kondemand/28
02:16:22         3180    0.00    0.49    0.00    0.49    16  kipmi0
02:16:22         4128    0.00    0.49    0.00    0.49     0  gmond
02:16:22        11750    2.96    1.97    0.00    4.93    16  mpirun
02:16:22        11756    0.49    0.49    0.00    0.99     4  top
02:16:22        11758    0.49    1.97    0.00    2.46    21  pidstat
02:16:22        11760    0.49    1.97    0.00    2.46     8  pidstat
02:16:22        11770  133.00    9.36    0.00  142.36     0  bt-mz.B.32
02:16:22        11771  132.51   16.26    0.00  148.77     1  bt-mz.B.32
02:16:22        11772  131.53   15.76    0.00  147.29    18  bt-mz.B.32
02:16:22        11773  118.23   19.21    0.00  137.44    19  bt-mz.B.32
02:16:22        11774  115.76   20.69    0.00  136.45    20  bt-mz.B.32
02:16:22        11775  113.30   21.18    0.00  134.48     5  bt-mz.B.32
02:16:22        11776  104.43   23.15    0.00  127.59    22  bt-mz.B.32
02:16:22        11777  103.94   22.66    0.00  126.60    23  bt-mz.B.32
02:16:22        11778  101.97   23.15    0.00  125.12    24  bt-mz.B.32
02:16:22        11779  100.99   23.15    0.00  124.14     9  bt-mz.B.32
02:16:22        11782   94.09   31.53    0.00  125.62    10  bt-mz.B.32
02:16:22        11784   95.07   31.53    0.00  126.60    27  bt-mz.B.32
02:16:22        11785   94.09   31.03    0.00  125.12    28  bt-mz.B.32

02:16:22          PID    %usr %system  %guest    %CPU   CPU  Command
02:16:24          131    0.00    0.50    0.00    0.50     0  events/0
02:16:24         3164    0.00    0.50    0.00    0.50    31  kondemand/31
02:16:24         4128    0.50    0.00    0.00    0.50     0  gmond
02:16:24        11756    0.50    1.00    0.00    1.50     4  top
02:16:24        11758    0.50    1.50    0.00    2.00     0  pidstat
02:16:24        11760    0.50    2.50    0.00    3.00     8  pidstat
02:16:24        11770  172.00    2.00    0.00  174.00    16  bt-mz.B.32
02:16:24        11771  174.00   11.00    0.00  185.00     1  bt-mz.B.32
02:16:24        11772  171.50   10.50    0.00  182.00    18  bt-mz.B.32
02:16:24        11773  151.00   16.50    0.00  167.50    19  bt-mz.B.32
02:16:24        11774  148.00   19.00    0.00  167.00    20  bt-mz.B.32
02:16:24        11775  147.50   19.00    0.00  166.50     5  bt-mz.B.32
02:16:24        11776  132.00   23.00    0.00  155.00    22  bt-mz.B.32
02:16:24        11777  132.50   22.00    0.00  154.50    23  bt-mz.B.32
02:16:24        11778  132.00   21.00    0.00  153.00    24  bt-mz.B.32
02:16:24        11779  128.00   23.00    0.00  151.00     9  bt-mz.B.32
02:16:24        11782  122.50   31.50    0.00  154.00    10  bt-mz.B.32
02:16:24        11784  123.50   30.50    0.00  154.00    27  bt-mz.B.32
02:16:24        11785  119.50   33.00    0.00  152.50    28  bt-mz.B.32

02:16:24          PID    %usr %system  %guest    %CPU   CPU  Command
02:16:26         3133    0.00    0.50    0.00    0.50     0  kondemand/0
02:16:26         3137    0.00    0.50    0.00    0.50     4  kondemand/4
02:16:26         3138    0.00    0.50    0.00    0.50     5  kondemand/5
02:16:26         3150    0.00    0.50    0.00    0.50    17  kondemand/17
02:16:26         3152    0.00    0.50    0.00    0.50    19  kondemand/19
02:16:26         3180    0.00    0.50    0.00    0.50     0  kipmi0
02:16:26         4128    0.00    0.50    0.00    0.50     0  gmond
02:16:26        11756    0.50    1.00    0.00    1.50     4  top
02:16:26        11758    0.50    2.50    0.00    3.00     3  pidstat
02:16:26        11760    1.00    1.50    0.00    2.50     8  pidstat
02:16:26        11770  167.00    5.00    0.00  172.00     0  bt-mz.B.32
02:16:26        11771  165.00   13.00    0.00  178.00     1  bt-mz.B.32
02:16:26        11772  163.50   12.00    0.00  175.50    18  bt-mz.B.32
02:16:26        11773  144.00   17.50    0.00  161.50    19  bt-mz.B.32
02:16:26        11774  141.50   20.50    0.00  162.00    20  bt-mz.B.32
02:16:26        11775  140.00   21.00    0.00  161.00     5  bt-mz.B.32
02:16:26        11776  128.00   22.50    0.00  150.50    22  bt-mz.B.32
02:16:26        11777  126.50   24.00    0.00  150.50    23  bt-mz.B.32
02:16:26        11778  125.50   23.50    0.00  149.00     8  bt-mz.B.32
02:16:26        11779  122.50   25.00    0.00  147.50     9  bt-mz.B.32
02:16:26        11782  115.50   34.50    0.00  150.00    10  bt-mz.B.32
02:16:26        11784  115.00   35.50    0.00  150.50    27  bt-mz.B.32
02:16:26        11785  115.00   34.00    0.00  149.00    28  bt-mz.B.32

02:16:26          PID    %usr %system  %guest    %CPU   CPU  Command
02:16:28         3140    0.00    0.50    0.00    0.50     7  kondemand/7
02:16:28         3142    0.00    0.50    0.00    0.50     9  kondemand/9
02:16:28         3148    0.00    0.50    0.00    0.50    15  kondemand/15
02:16:28         3156    0.00    0.50    0.00    0.50    23  kondemand/23
02:16:28         4128    0.00    0.50    0.00    0.50     0  gmond
02:16:28        11756    0.50    0.50    0.00    1.00     4  top
02:16:28        11758    0.50    2.00    0.00    2.50     3  pidstat
02:16:28        11760    0.50    1.50    0.00    2.00    24  pidstat
02:16:28        11770  172.50    1.00    0.00  173.50     0  bt-mz.B.32
02:16:28        11771  172.00   10.50    0.00  182.50     1  bt-mz.B.32
02:16:28        11772  170.00   10.50    0.00  180.50    18  bt-mz.B.32
02:16:28        11773  149.00   14.50    0.00  163.50    19  bt-mz.B.32
02:16:28        11774  147.00   17.50    0.00  164.50     4  bt-mz.B.32
02:16:28        11775  144.50   19.00    0.00  163.50     5  bt-mz.B.32
02:16:28        11776  131.50   21.50    0.00  153.00    22  bt-mz.B.32
02:16:28        11777  132.50   19.50    0.00  152.00    23  bt-mz.B.32
02:16:28        11778  131.00   21.00    0.00  152.00     8  bt-mz.B.32
02:16:28        11779  126.50   23.50    0.00  150.00     9  bt-mz.B.32
02:16:28        11782  119.00   32.50    0.00  151.50    10  bt-mz.B.32
02:16:28        11784  121.00   31.00    0.00  152.00    27  bt-mz.B.32
02:16:28        11785  119.50   31.50    0.00  151.00    28  bt-mz.B.32

02:16:28          PID    %usr %system  %guest    %CPU   CPU  Command
02:16:30         3135    0.00    0.50    0.00    0.50     2  kondemand/2
02:16:30         3143    0.00    0.50    0.00    0.50    10  kondemand/10
02:16:30         3145    0.00    0.50    0.00    0.50    12  kondemand/12
02:16:30         3151    0.00    0.50    0.00    0.50    18  kondemand/18
02:16:30         3153    0.00    0.50    0.00    0.50    20  kondemand/20
02:16:30         3157    0.00    0.50    0.00    0.50    24  kondemand/24
02:16:30        11756    0.50    0.50    0.00    1.00    20  top
02:16:30        11758    1.00    1.50    0.00    2.50     3  pidstat
02:16:30        11760    1.00    2.00    0.00    3.00     8  pidstat
02:16:30        11770  174.00    2.00    0.00  176.00     0  bt-mz.B.32
02:16:30        11771  172.50   10.50    0.00  183.00     1  bt-mz.B.32
02:16:30        11772  170.00   10.50    0.00  180.50    18  bt-mz.B.32
02:16:30        11773  151.00   14.50    0.00  165.50    19  bt-mz.B.32
02:16:30        11774  147.00   18.50    0.00  165.50     4  bt-mz.B.32
02:16:30        11775  145.50   18.50    0.00  164.00     5  bt-mz.B.32
02:16:30        11776  132.00   22.50    0.00  154.50    22  bt-mz.B.32
02:16:30        11777  132.50   21.50    0.00  154.00    23  bt-mz.B.32
02:16:30        11778  130.50   21.50    0.00  152.00    24  bt-mz.B.32
02:16:30        11779  125.00   24.50    0.00  149.50     9  bt-mz.B.32
02:16:30        11782  119.50   33.00    0.00  152.50    10  bt-mz.B.32
02:16:30        11784  121.00   32.00    0.00  153.00    27  bt-mz.B.32
02:16:30        11785  119.50   31.50    0.00  151.00    28  bt-mz.B.32

02:16:30          PID    %usr %system  %guest    %CPU   CPU  Command
02:16:32         3144    0.00    0.50    0.00    0.50    11  kondemand/11
02:16:32         3149    0.00    0.50    0.00    0.50    16  kondemand/16
02:16:32         3158    0.00    0.50    0.00    0.50    25  kondemand/25
02:16:32         3159    0.00    0.50    0.00    0.50    26  kondemand/26
02:16:32         3160    0.00    0.50    0.00    0.50    27  kondemand/27
02:16:32         3163    0.00    0.50    0.00    0.50    30  kondemand/30
02:16:32         3180    0.00    0.50    0.00    0.50     0  kipmi0
02:16:32         4128    0.00    0.50    0.00    0.50     0  gmond
02:16:32        11750    0.50    0.00    0.00    0.50     0  mpirun
02:16:32        11756    0.50    1.00    0.00    1.50    20  top
02:16:32        11758    0.50    1.50    0.00    2.00     3  pidstat
02:16:32        11760    0.50    1.50    0.00    2.00    24  pidstat
