Linux 2.6.32-279.14.1.el6.x86_64 (compute-641-14.local) 	04/21/20 	_x86_64_	(32 CPU)

03:53:11          PID    %usr %system  %guest    %CPU   CPU  Command
03:53:13           57    0.00    0.49    0.00    0.49    13  ksoftirqd/13
03:53:13         1217    3.45    2.46    0.00    5.91    27  mpirun
03:53:13         1223    0.00    0.99    0.00    0.99    11  top
03:53:13         1225    0.49    1.48    0.00    1.97    10  pidstat
03:53:13         1227    0.49    1.97    0.00    2.46    25  pidstat
03:53:13         1236   95.57    6.90    0.00  102.46    12  bt-mz.B.24
03:53:13         1237   85.71    6.90    0.00   92.61     0  bt-mz.B.24
03:53:13         1238   82.76    5.91    0.00   88.67     7  bt-mz.B.24
03:53:13         1239   78.33    5.91    0.00   84.24    20  bt-mz.B.24
03:53:13         1240   88.67    5.91    0.00   94.58    13  bt-mz.B.24
03:53:13         1241   93.60    5.42    0.00   99.01    24  bt-mz.B.24
03:53:13         1242   90.64    5.42    0.00   96.06     9  bt-mz.B.24
03:53:13         1243   90.64    5.91    0.00   96.55    30  bt-mz.B.24
03:53:13         1244   87.19    6.90    0.00   94.09    31  bt-mz.B.24
03:53:13         1245   77.83    5.91    0.00   83.74     1  bt-mz.B.24
03:53:13         1247   87.19    5.91    0.00   93.10     5  bt-mz.B.24
03:53:13         1249   85.22    5.91    0.00   91.13    16  bt-mz.B.24
03:53:13         1251   91.13    5.42    0.00   96.55    27  bt-mz.B.24
03:53:13         1254   78.82    6.40    0.00   85.22    18  bt-mz.B.24
03:53:13         1255   81.28    5.42    0.00   86.70     2  bt-mz.B.24
03:53:13         1256   87.68    5.42    0.00   93.10    19  bt-mz.B.24
03:53:13         1257   78.33    5.91    0.00   84.24     1  bt-mz.B.24
03:53:13         1260   83.25    5.91    0.00   89.16     4  bt-mz.B.24
03:53:13         1261   82.27    4.93    0.00   87.19     5  bt-mz.B.24
03:53:13         1262   82.27    5.91    0.00   88.18     4  bt-mz.B.24
03:53:13         1265   84.24    5.91    0.00   90.15     6  bt-mz.B.24
03:53:13         1268   90.64    5.42    0.00   96.06    29  bt-mz.B.24
03:53:13         1269   79.31    5.91    0.00   85.22    21  bt-mz.B.24
03:53:13         1271   93.10    5.42    0.00   98.52    26  bt-mz.B.24
03:53:13         3195    0.00    0.49    0.00    0.49    10  irqbalance
03:53:13         3684    0.49    0.00    0.00    0.49    22  snmpd
03:53:13         3852    0.49    0.00    0.00    0.49    24  pbs_mom

03:53:13          PID    %usr %system  %guest    %CPU   CPU  Command
03:53:15         1223    1.00    0.50    0.00    1.50    11  top
03:53:15         1225    0.50    1.50    0.00    2.00    10  pidstat
03:53:15         1227    0.50    1.50    0.00    2.00    25  pidstat
03:53:15         1236  119.00    0.00    0.00  119.00    12  bt-mz.B.24
03:53:15         1237  108.50    0.00    0.00  108.50    19  bt-mz.B.24
03:53:15         1238  102.00    0.00    0.00  102.00     7  bt-mz.B.24
03:53:15         1239   97.50    0.00    0.00   97.50    29  bt-mz.B.24
03:53:15         1240  110.00    0.00    0.00  110.00    26  bt-mz.B.24
03:53:15         1241  111.00    0.00    0.00  111.00     8  bt-mz.B.24
03:53:15         1242  112.50    0.00    0.00  112.50    31  bt-mz.B.24
03:53:15         1243  113.00    0.00    0.00  113.00    14  bt-mz.B.24
03:53:15         1244  113.00    0.00    0.00  113.00    15  bt-mz.B.24
03:53:15         1245   96.50    0.00    0.00   96.50     4  bt-mz.B.24
03:53:15         1247   92.50    0.00    0.00   92.50    20  bt-mz.B.24
03:53:15         1249  105.00    0.00    0.00  105.00    17  bt-mz.B.24
03:53:15         1251  109.00    0.50    0.00  109.50    27  bt-mz.B.24
03:53:15         1254   92.50    0.00    0.00   92.50    23  bt-mz.B.24
03:53:15         1255  106.00    0.00    0.00  106.00     6  bt-mz.B.24
03:53:15         1256   98.50    0.00    0.00   98.50    16  bt-mz.B.24
03:53:15         1257  108.00    0.00    0.00  108.00     1  bt-mz.B.24
03:53:15         1260   98.50    0.00    0.00   98.50    21  bt-mz.B.24
03:53:15         1261   95.00    0.00    0.00   95.00     4  bt-mz.B.24
03:53:15         1262   99.50    0.50    0.00  100.00     0  bt-mz.B.24
03:53:15         1265   95.50    0.00    0.00   95.50    18  bt-mz.B.24
03:53:15         1268  107.00    0.50    0.00  107.50    13  bt-mz.B.24
03:53:15         1269  102.50    0.00    0.00  102.50     5  bt-mz.B.24
03:53:15         1271  113.50    0.00    0.00  113.50     9  bt-mz.B.24
03:53:15         3137    0.00    0.50    0.00    0.50     4  kondemand/4
03:53:15         3140    0.00    0.50    0.00    0.50     7  kondemand/7

03:53:15          PID    %usr %system  %guest    %CPU   CPU  Command
03:53:17         1223    0.50    0.50    0.00    1.00    11  top
03:53:17         1225    1.50    1.50    0.00    3.00    10  pidstat
03:53:17         1227    1.00    1.50    0.00    2.50    25  pidstat
03:53:17         1236  116.00    0.00    0.00  116.00    26  bt-mz.B.24
03:53:17         1237   97.00    0.00    0.00   97.00     6  bt-mz.B.24
03:53:17         1238  105.50    0.00    0.00  105.50     7  bt-mz.B.24
03:53:17         1239  111.50    0.00    0.00  111.50    29  bt-mz.B.24
03:53:17         1240  113.50    0.50    0.00  114.00    14  bt-mz.B.24
03:53:17         1241  112.50    0.00    0.00  112.50    12  bt-mz.B.24
03:53:17         1242  109.50    0.00    0.00  109.50    28  bt-mz.B.24
03:53:17         1243  108.50    0.00    0.00  108.50    12  bt-mz.B.24
03:53:17         1244  114.00    0.00    0.00  114.00    31  bt-mz.B.24
03:53:17         1245  104.50    0.00    0.00  104.50     2  bt-mz.B.24
03:53:17         1247  100.50    0.00    0.00  100.50     7  bt-mz.B.24
03:53:17         1249  102.00    0.00    0.00  102.00     4  bt-mz.B.24
03:53:17         1251  113.00    0.00    0.00  113.00    11  bt-mz.B.24
03:53:17         1254  101.50    0.00    0.00  101.50    18  bt-mz.B.24
03:53:17         1255   94.50    0.00    0.00   94.50    21  bt-mz.B.24
03:53:17         1256   98.00    0.00    0.00   98.00    21  bt-mz.B.24
03:53:17         1257  103.50    0.00    0.00  103.50    23  bt-mz.B.24
03:53:17         1260  100.50    0.00    0.00  100.50    20  bt-mz.B.24
03:53:17         1261  107.00    0.00    0.00  107.00    19  bt-mz.B.24
03:53:17         1262  107.00    0.00    0.00  107.00     0  bt-mz.B.24
03:53:17         1265  106.00    0.00    0.00  106.00     3  bt-mz.B.24
03:53:17         1268  111.50    0.00    0.00  111.50    13  bt-mz.B.24
03:53:17         1269   98.50    0.00    0.00   98.50     1  bt-mz.B.24
03:53:17         1271  112.50    0.00    0.00  112.50     9  bt-mz.B.24
03:53:17         3153    0.00    0.50    0.00    0.50    20  kondemand/20

03:53:17          PID    %usr %system  %guest    %CPU   CPU  Command
03:53:19          136    0.00    0.50    0.00    0.50     5  events/5
03:53:19         1223    0.50    1.00    0.00    1.50    11  top
03:53:19         1225    0.00    2.00    0.00    2.00    10  pidstat
03:53:19         1227    0.50    2.00    0.00    2.50    25  pidstat
03:53:19         1236  118.50    0.00    0.00  118.50    26  bt-mz.B.24
03:53:19         1237  107.50    0.00    0.00  107.50    22  bt-mz.B.24
03:53:19         1238  105.00    0.00    0.00  105.00    18  bt-mz.B.24
03:53:19         1239  111.00    0.00    0.00  111.00    10  bt-mz.B.24
03:53:19         1240  113.50    0.00    0.00  113.50    28  bt-mz.B.24
03:53:19         1241  115.00    0.00    0.00  115.00    14  bt-mz.B.24
03:53:19         1242  113.00    0.00    0.00  113.00    12  bt-mz.B.24
03:53:19         1243  114.00    0.00    0.00  114.00    11  bt-mz.B.24
03:53:19         1244  114.00    0.00    0.00  114.00     9  bt-mz.B.24
03:53:19         1245  108.50    0.00    0.00  108.50     0  bt-mz.B.24
03:53:19         1247   99.00    0.00    0.00   99.00    17  bt-mz.B.24
03:53:19         1249  109.50    0.00    0.00  109.50     7  bt-mz.B.24
03:53:19         1251  114.50    0.00    0.00  114.50    15  bt-mz.B.24
03:53:19         1254  108.50    0.00    0.00  108.50     2  bt-mz.B.24
03:53:19         1255  107.00    0.00    0.00  107.00    23  bt-mz.B.24
03:53:19         1256  106.50    0.00    0.00  106.50    21  bt-mz.B.24
03:53:19         1257  105.50    0.00    0.00  105.50     4  bt-mz.B.24
03:53:19         1260  106.00    0.50    0.00  106.50    19  bt-mz.B.24
03:53:19         1261  109.00    0.00    0.00  109.00     3  bt-mz.B.24
03:53:19         1262  105.50    0.00    0.00  105.50     6  bt-mz.B.24
03:53:19         1265  103.00    0.00    0.00  103.00    20  bt-mz.B.24
03:53:19         1268  114.00    0.00    0.00  114.00     8  bt-mz.B.24
03:53:19         1269  107.50    0.00    0.00  107.50     1  bt-mz.B.24
03:53:19         1271  112.50    0.00    0.00  112.50    25  bt-mz.B.24
03:53:19         3149    0.00    0.50    0.00    0.50    16  kondemand/16

03:53:19          PID    %usr %system  %guest    %CPU   CPU  Command
03:53:21         1223    0.50    0.50    0.00    1.00    27  top
03:53:21         1225    1.00    2.00    0.00    3.00    10  pidstat
03:53:21         1227    0.50    1.00    0.00    1.50    25  pidstat
03:53:21         1236  113.00    0.00    0.00  113.00    25  bt-mz.B.24
03:53:21         1237  104.50    0.00    0.00  104.50    17  bt-mz.B.24
03:53:21         1238  101.00    0.00    0.00  101.00    22  bt-mz.B.24
03:53:21         1239  108.00    0.00    0.00  108.00    26  bt-mz.B.24
03:53:21         1240  109.00    0.50    0.00  109.50    28  bt-mz.B.24
03:53:21         1241  112.50    0.00    0.00  112.50    14  bt-mz.B.24
03:53:21         1242  102.50    1.00    0.00  103.50    12  bt-mz.B.24
03:53:21         1243  111.00    0.00    0.00  111.00    11  bt-mz.B.24
03:53:21         1244  111.00    0.00    0.00  111.00     9  bt-mz.B.24
03:53:21         1245  102.50    0.50    0.00  103.00     6  bt-mz.B.24
03:53:21         1247  102.50    0.00    0.00  102.50     7  bt-mz.B.24
03:53:21         1249  102.00    0.00    0.00  102.00     0  bt-mz.B.24
03:53:21         1251  110.50    0.00    0.00  110.50    31  bt-mz.B.24
03:53:21         1254  100.00    0.00    0.00  100.00    18  bt-mz.B.24
03:53:21         1255  100.00    0.50    0.00  100.50     3  bt-mz.B.24
03:53:21         1256  105.00    0.00    0.00  105.00     4  bt-mz.B.24
03:53:21         1257  104.50    0.00    0.00  104.50    20  bt-mz.B.24
03:53:21         1260  103.00    0.00    0.00  103.00    19  bt-mz.B.24
03:53:21         1261   95.00    0.50    0.00   95.50     2  bt-mz.B.24
03:53:21         1262  102.50    0.00    0.00  102.50     5  bt-mz.B.24
03:53:21         1265   92.50    0.00    0.00   92.50    19  bt-mz.B.24
03:53:21         1268  109.50    0.00    0.00  109.50    24  bt-mz.B.24
03:53:21         1269  104.00    0.00    0.00  104.00     1  bt-mz.B.24
03:53:21         1271  106.50    0.00    0.00  106.50    13  bt-mz.B.24
03:53:21         3135    0.00    0.50    0.00    0.50     2  kondemand/2
03:53:21         3146    0.00    0.50    0.00    0.50    13  kondemand/13
03:53:21         3147    0.00    0.50    0.00    0.50    14  kondemand/14

03:53:21          PID    %usr %system  %guest    %CPU   CPU  Command
03:53:23         1223    0.50    0.50    0.00    1.00    27  top
03:53:23         1225    0.50    1.50    0.00    2.00    10  pidstat
03:53:23         1227    1.00    2.50    0.00    3.50     9  pidstat
03:53:23         1236  121.00    0.00    0.00  121.00    25  bt-mz.B.24
03:53:23         1237  112.50    0.00    0.00  112.50     6  bt-mz.B.24
03:53:23         1238  110.50    0.00    0.00  110.50     0  bt-mz.B.24
03:53:23         1239  113.00    0.00    0.00  113.00    26  bt-mz.B.24
03:53:23         1240  113.50    0.00    0.00  113.50    13  bt-mz.B.24
03:53:23         1241  114.50    0.00    0.00  114.50    12  bt-mz.B.24
03:53:23         1242  112.50    0.00    0.00  112.50    30  bt-mz.B.24
03:53:23         1243  113.50    0.00    0.00  113.50    11  bt-mz.B.24
03:53:23         1244  109.50    0.00    0.00  109.50    10  bt-mz.B.24
03:53:23         1245  106.00    0.00    0.00  106.00     5  bt-mz.B.24
03:53:23         1247  102.00    0.00    0.00  102.00     3  bt-mz.B.24
03:53:23         1249  104.00    0.00    0.00  104.00    21  bt-mz.B.24
03:53:23         1251  116.00    0.00    0.00  116.00    15  bt-mz.B.24
03:53:23         1254  102.50    0.00    0.00  102.50     7  bt-mz.B.24
03:53:23         1255  101.50    0.00    0.00  101.50     1  bt-mz.B.24
03:53:23         1256  105.00    0.00    0.00  105.00    20  bt-mz.B.24
03:53:23         1257  104.00    0.00    0.00  104.00    17  bt-mz.B.24
03:53:23         1260   89.50    0.00    0.00   89.50    19  bt-mz.B.24
03:53:23         1261  106.50    0.00    0.00  106.50     0  bt-mz.B.24
03:53:23         1262  110.00    0.00    0.00  110.00    18  bt-mz.B.24
03:53:23         1265  101.50    0.50    0.00  102.00    22  bt-mz.B.24
03:53:23         1268  115.00    0.50    0.00  115.50    24  bt-mz.B.24
03:53:23         1269  109.50    0.00    0.00  109.50     4  bt-mz.B.24
03:53:23         1271  115.00    0.00    0.00  115.00    29  bt-mz.B.24
03:53:23         3138    0.00    0.50    0.00    0.50     5  kondemand/5

03:53:23          PID    %usr %system  %guest    %CPU   CPU  Command
03:53:25         1223    0.50    1.00    0.00    1.50    27  top
03:53:25         1225    0.50    2.00    0.00    2.50    26  pidstat
03:53:25         1227    0.50    1.50    0.00    2.00     9  pidstat
03:53:25         1236  115.00    0.00    0.00  115.00    24  bt-mz.B.24
03:53:25         1237   96.00    0.00    0.00   96.00     3  bt-mz.B.24
03:53:25         1238   95.00    0.00    0.00   95.00    19  bt-mz.B.24
03:53:25         1239  113.00    0.00    0.00  113.00    10  bt-mz.B.24
03:53:25         1240  110.00    0.00    0.00  110.00    12  bt-mz.B.24
03:53:25         1241  112.00    0.00    0.00  112.00    25  bt-mz.B.24
03:53:25         1242  111.50    0.00    0.00  111.50    30  bt-mz.B.24
03:53:25         1243  100.50    0.00    0.00  100.50    11  bt-mz.B.24
03:53:25         1244  107.50    0.00    0.00  107.50    27  bt-mz.B.24
03:53:25         1245  107.00    0.00    0.00  107.00     7  bt-mz.B.24
03:53:25         1247  109.00    0.00    0.00  109.00     2  bt-mz.B.24
03:53:25         1249   90.00    0.00    0.00   90.00    18  bt-mz.B.24
03:53:25         1251  106.50    0.00    0.00  106.50    15  bt-mz.B.24
03:53:25         1254  102.50    0.00    0.00  102.50     6  bt-mz.B.24
03:53:25         1255  104.00    0.00    0.00  104.00     1  bt-mz.B.24
03:53:25         1256  104.50    0.00    0.00  104.50    17  bt-mz.B.24
03:53:25         1257  103.00    0.00    0.00  103.00     2  bt-mz.B.24
03:53:25         1260  104.00    0.00    0.00  104.00     0  bt-mz.B.24
03:53:25         1261   89.00    0.00    0.00   89.00    19  bt-mz.B.24
03:53:25         1262   98.50    0.00    0.00   98.50     5  bt-mz.B.24
03:53:25         1265   99.50    0.00    0.00   99.50    22  bt-mz.B.24
03:53:25         1268  110.00    0.00    0.00  110.00    31  bt-mz.B.24
03:53:25         1269   99.50    0.50    0.00  100.00     4  bt-mz.B.24
03:53:25         1271  106.50    0.00    0.00  106.50    29  bt-mz.B.24
03:53:25         3143    0.00    0.50    0.00    0.50    10  kondemand/10

03:53:25          PID    %usr %system  %guest    %CPU   CPU  Command
03:53:27         1223    0.50    1.00    0.00    1.50    27  top
03:53:27         1225    0.50    1.50    0.00    2.00    26  pidstat
03:53:27         1227    1.00    1.50    0.00    2.50     9  pidstat
03:53:27         1236  123.50    0.00    0.00  123.50     8  bt-mz.B.24
03:53:27         1237  101.00    0.00    0.00  101.00     6  bt-mz.B.24
03:53:27         1238  104.50    0.00    0.00  104.50    20  bt-mz.B.24
03:53:27         1239  115.00    0.50    0.00  115.50    10  bt-mz.B.24
03:53:27         1240  116.00    0.00    0.00  116.00    12  bt-mz.B.24
03:53:27         1241  114.00    0.00    0.00  114.00    10  bt-mz.B.24
03:53:27         1242  114.00    0.00    0.00  114.00    14  bt-mz.B.24
03:53:27         1243  115.50    0.00    0.00  115.50    27  bt-mz.B.24
03:53:27         1244  113.50    0.00    0.00  113.50    28  bt-mz.B.24
03:53:27         1245  111.00    0.00    0.00  111.00    23  bt-mz.B.24
03:53:27         1247  106.50    0.00    0.00  106.50    19  bt-mz.B.24
03:53:27         1249  107.50    0.00    0.00  107.50     1  bt-mz.B.24
03:53:27         1251  115.00    0.00    0.00  115.00    15  bt-mz.B.24
03:53:27         1254   99.50    0.00    0.00   99.50    17  bt-mz.B.24
03:53:27         1255  100.00    0.00    0.00  100.00    20  bt-mz.B.24
03:53:27         1256  100.50    0.00    0.00  100.50     0  bt-mz.B.24
03:53:27         1257  103.50    0.00    0.00  103.50    16  bt-mz.B.24
03:53:27         1260  107.50    0.00    0.00  107.50    23  bt-mz.B.24
03:53:27         1261   98.50    0.00    0.00   98.50    22  bt-mz.B.24
03:53:27         1262  109.50    0.00    0.00  109.50     5  bt-mz.B.24
03:53:27         1265  101.50    0.00    0.00  101.50     3  bt-mz.B.24
03:53:27         1268  112.00    0.00    0.00  112.00    25  bt-mz.B.24
03:53:27         1269  100.00    0.00    0.00  100.00    21  bt-mz.B.24
03:53:27         1271  113.00    0.00    0.00  113.00    29  bt-mz.B.24
03:53:27         3159    0.00    0.50    0.00    0.50    26  kondemand/26
03:53:27         3684    0.00    0.50    0.00    0.50    22  snmpd

03:53:27          PID    %usr %system  %guest    %CPU   CPU  Command
03:53:29         1223    0.50    0.50    0.00    1.00    27  top
03:53:29         1225    0.50    1.50    0.00    2.00    26  pidstat
03:53:29         1227    0.00    1.50    0.00    1.50     9  pidstat
03:53:29         1229    0.00    0.50    0.00    0.50    21  iostat
03:53:29         1236  119.00    0.00    0.00  119.00     8  bt-mz.B.24
03:53:29         1237   96.00    0.00    0.00   96.00    23  bt-mz.B.24
03:53:29         1238   91.50    0.00    0.00   91.50     0  bt-mz.B.24
03:53:29         1239  110.50    0.00    0.00  110.50    27  bt-mz.B.24
03:53:29         1240  103.50    0.50    0.00  104.00    28  bt-mz.B.24
03:53:29         1241  104.50    0.50    0.00  105.00    25  bt-mz.B.24
03:53:29         1242  111.00    0.00    0.00  111.00    30  bt-mz.B.24
03:53:29         1243   93.00    0.50    0.00   93.50    29  bt-mz.B.24
03:53:29         1244  107.00    0.00    0.00  107.00    11  bt-mz.B.24
03:53:29         1245  102.00    0.00    0.00  102.00     2  bt-mz.B.24
03:53:29         1247  106.00    0.00    0.00  106.00     3  bt-mz.B.24
03:53:29         1249  108.50    0.00    0.00  108.50    16  bt-mz.B.24
03:53:29         1251  114.00    0.00    0.00  114.00    15  bt-mz.B.24
03:53:29         1254  112.00    0.00    0.00  112.00     1  bt-mz.B.24
03:53:29         1255   78.00    0.00    0.00   78.00    18  bt-mz.B.24
03:53:29         1256  106.00    0.50    0.00  106.50     4  bt-mz.B.24
03:53:29         1257   90.00    0.00    0.00   90.00    17  bt-mz.B.24
03:53:29         1260   97.50    0.00    0.00   97.50    20  bt-mz.B.24
03:53:29         1261  105.50    0.00    0.00  105.50     6  bt-mz.B.24
03:53:29         1262  105.00    0.00    0.00  105.00    21  bt-mz.B.24
03:53:29         1265   99.00    0.00    0.00   99.00    19  bt-mz.B.24
03:53:29         1268  111.50    0.00    0.00  111.50     9  bt-mz.B.24
03:53:29         1269  106.00    0.00    0.00  106.00     7  bt-mz.B.24
03:53:29         1271  112.00    0.00    0.00  112.00    13  bt-mz.B.24
03:53:29         3161    0.00    0.50    0.00    0.50    28  kondemand/28
03:53:29         3180    0.00    0.50    0.00    0.50    18  kipmi0

03:53:29          PID    %usr %system  %guest    %CPU   CPU  Command
03:53:31         1223    0.50    1.00    0.00    1.50    27  top
03:53:31         1225    1.00    1.00    0.00    2.00     9  pidstat
03:53:31         1227    1.00    1.50    0.00    2.50     9  pidstat
03:53:31         1236  119.00    0.00    0.00  119.00     8  bt-mz.B.24
03:53:31         1237  107.50    0.50    0.00  108.00     2  bt-mz.B.24
03:53:31         1238  116.00    0.00    0.00  116.00     0  bt-mz.B.24
03:53:31         1239  109.00    0.00    0.00  109.00    26  bt-mz.B.24
03:53:31         1240  108.50    0.00    0.00  108.50    24  bt-mz.B.24
03:53:31         1241  113.50    0.00    0.00  113.50    29  bt-mz.B.24
03:53:31         1242  112.00    0.00    0.00  112.00    30  bt-mz.B.24
03:53:31         1243  109.00    0.00    0.00  109.00    28  bt-mz.B.24
03:53:31         1244  114.00    0.00    0.00  114.00    11  bt-mz.B.24
03:53:31         1245   99.00    0.00    0.00   99.00     5  bt-mz.B.24
03:53:31         1247  107.50    0.00    0.00  107.50     4  bt-mz.B.24
03:53:31         1249  102.00    0.00    0.00  102.00    16  bt-mz.B.24
03:53:31         1251  114.00    0.00    0.00  114.00    31  bt-mz.B.24
03:53:31         1254   99.00    0.00    0.00   99.00    18  bt-mz.B.24
03:53:31         1255   96.50    0.00    0.00   96.50     3  bt-mz.B.24
03:53:31         1256  101.50    0.00    0.00  101.50     6  bt-mz.B.24
03:53:31         1257  105.50    0.50    0.00  106.00     1  bt-mz.B.24
03:53:31         1260  108.50    0.00    0.00  108.50    20  bt-mz.B.24
03:53:31         1261  103.00    0.00    0.00  103.00    22  bt-mz.B.24
03:53:31         1262  109.50    0.00    0.00  109.50    21  bt-mz.B.24
03:53:31         1265  104.00    0.00    0.00  104.00    19  bt-mz.B.24
03:53:31         1268  112.00    0.00    0.00  112.00    10  bt-mz.B.24
03:53:31         1269  104.00    0.00    0.00  104.00     7  bt-mz.B.24
03:53:31         1271  111.50    0.00    0.00  111.50    27  bt-mz.B.24
03:53:31         3142    0.00    0.50    0.00    0.50     9  kondemand/9
03:53:31         3144    0.00    0.50    0.00    0.50    11  kondemand/11
03:53:31         3155    0.00    0.50    0.00    0.50    22  kondemand/22

03:53:31          PID    %usr %system  %guest    %CPU   CPU  Command
03:53:33         1223    1.00    0.00    0.00    1.00    27  top
03:53:33         1225    0.50    1.50    0.00    2.00    29  pidstat
03:53:33         1227    0.50    1.00    0.00    1.50     9  pidstat
03:53:33         1236  116.00    0.00    0.00  116.00     8  bt-mz.B.24
03:53:33         1237  108.50    0.00    0.00  108.50    18  bt-mz.B.24
03:53:33         1238  102.50    0.50    0.00  103.00     0  bt-mz.B.24
03:53:33         1239  109.50    0.50    0.00  110.00    26  bt-mz.B.24
03:53:33         1240  112.00    0.00    0.00  112.00    13  bt-mz.B.24
03:53:33         1241  110.50    0.00    0.00  110.50    30  bt-mz.B.24
03:53:33         1242  110.00    0.00    0.00  110.00    24  bt-mz.B.24
03:53:33         1243  110.50    0.00    0.00  110.50    25  bt-mz.B.24
03:53:33         1244  109.50    0.00    0.00  109.50    27  bt-mz.B.24
03:53:33         1245   96.50    0.00    0.00   96.50     5  bt-mz.B.24
03:53:33         1247   99.00    0.00    0.00   99.00    20  bt-mz.B.24
03:53:33         1249  101.00    0.00    0.00  101.00    16  bt-mz.B.24
03:53:33         1251  112.00    0.00    0.00  112.00    31  bt-mz.B.24
03:53:33         1254  101.00    0.00    0.00  101.00     7  bt-mz.B.24
03:53:33         1255  101.50    0.00    0.00  101.50     1  bt-mz.B.24
03:53:33         1256  106.50    0.00    0.00  106.50     4  bt-mz.B.24
03:53:33         1257  111.00    0.00    0.00  111.00    17  bt-mz.B.24
03:53:33         1260  101.50    0.00    0.00  101.50     6  bt-mz.B.24
03:53:33         1261  104.00    0.00    0.00  104.00    22  bt-mz.B.24
03:53:33         1262  107.50    0.00    0.00  107.50    21  bt-mz.B.24
03:53:33         1265  104.00    0.00    0.00  104.00    19  bt-mz.B.24
03:53:33         1268  106.50    0.00    0.00  106.50    11  bt-mz.B.24
03:53:33         1269  107.50    0.00    0.00  107.50    23  bt-mz.B.24
03:53:33         1271  105.50    0.50    0.00  106.00    12  bt-mz.B.24
03:53:33         3133    0.00    0.50    0.00    0.50     0  kondemand/0
03:53:33         3154    0.00    0.50    0.00    0.50    21  kondemand/21
03:53:33         3158    0.00    0.50    0.00    0.50    25  kondemand/25

03:53:33          PID    %usr %system  %guest    %CPU   CPU  Command
03:53:35         1223    0.50    1.00    0.00    1.50    27  top
03:53:35         1225    0.50    1.50    0.00    2.00    29  pidstat
03:53:35         1227    0.50    1.50    0.00    2.00     9  pidstat
03:53:35         1236  111.00    0.00    0.00  111.00     8  bt-mz.B.24
03:53:35         1237  106.00    0.00    0.00  106.00     2  bt-mz.B.24
03:53:35         1238  107.00    0.00    0.00  107.00    21  bt-mz.B.24
03:53:35         1239  111.50    0.00    0.00  111.50    26  bt-mz.B.24
03:53:35         1240  114.00    0.00    0.00  114.00    13  bt-mz.B.24
03:53:35         1241  113.00    0.00    0.00  113.00    30  bt-mz.B.24
03:53:35         1242  104.00    0.00    0.00  104.00    10  bt-mz.B.24
03:53:35         1243  109.50    0.00    0.00  109.50    25  bt-mz.B.24
03:53:35         1244  104.00    0.50    0.00  104.50     9  bt-mz.B.24
03:53:35         1245  107.00    0.00    0.00  107.00     5  bt-mz.B.24
03:53:35         1247  103.00    0.50    0.00  103.50     3  bt-mz.B.24
03:53:35         1249  103.50    0.50    0.00  104.00    20  bt-mz.B.24
03:53:35         1251  109.50    0.50    0.00  110.00    15  bt-mz.B.24
03:53:35         1254  101.00    0.50    0.00  101.50     0  bt-mz.B.24
03:53:35         1255  102.00    0.00    0.00  102.00    16  bt-mz.B.24
03:53:35         1256  107.00    0.00    0.00  107.00     4  bt-mz.B.24
03:53:35         1257  107.00    0.00    0.00  107.00    17  bt-mz.B.24
03:53:35         1260  103.50    0.00    0.00  103.50     6  bt-mz.B.24
03:53:35         1261  107.00    0.00    0.00  107.00     5  bt-mz.B.24
03:53:35         1262  104.50    0.50    0.00  105.00    18  bt-mz.B.24
03:53:35         1265  104.50    0.00    0.00  104.50    19  bt-mz.B.24
03:53:35         1268  111.50    0.00    0.00  111.50    27  bt-mz.B.24
03:53:35         1269  101.00    0.00    0.00  101.00     7  bt-mz.B.24
03:53:35         1271  112.00    0.00    0.00  112.00    12  bt-mz.B.24
03:53:35         3145    0.00    0.50    0.00    0.50    12  kondemand/12
03:53:35         3162    0.00    0.50    0.00    0.50    29  kondemand/29

03:53:35          PID    %usr %system  %guest    %CPU   CPU  Command
03:53:37          147    0.00    0.50    0.00    0.50    16  events/16
03:53:37         1223    0.50    0.50    0.00    1.00    27  top
03:53:37         1225    0.50    2.00    0.00    2.50    29  pidstat
03:53:37         1227    1.00    1.00    0.00    2.00     9  pidstat
03:53:37         1236  124.50    0.00    0.00  124.50     8  bt-mz.B.24
03:53:37         1237  108.50    0.00    0.00  108.50    23  bt-mz.B.24
03:53:37         1238  100.50    0.00    0.00  100.50    17  bt-mz.B.24
03:53:37         1239  115.00    0.00    0.00  115.00    10  bt-mz.B.24
03:53:37         1240  116.00    0.00    0.00  116.00    13  bt-mz.B.24
03:53:37         1241  111.00    0.00    0.00  111.00    14  bt-mz.B.24
03:53:37         1242  105.50    0.00    0.00  105.50    30  bt-mz.B.24
03:53:37         1243  101.50    0.00    0.00  101.50    25  bt-mz.B.24
03:53:37         1244  111.50    0.00    0.00  111.50     9  bt-mz.B.24
03:53:37         1245   98.50    0.00    0.00   98.50    23  bt-mz.B.24
03:53:37         1247  105.00    0.00    0.00  105.00     1  bt-mz.B.24
03:53:37         1249  108.00    0.00    0.00  108.00    17  bt-mz.B.24
03:53:37         1251  117.00    0.00    0.00  117.00    15  bt-mz.B.24
03:53:37         1254   99.00    0.00    0.00   99.00    19  bt-mz.B.24
03:53:37         1255  111.50    0.50    0.00  112.00    16  bt-mz.B.24
03:53:37         1256  107.50    0.00    0.00  107.50     4  bt-mz.B.24
03:53:37         1257  106.00    0.00    0.00  106.00     6  bt-mz.B.24
03:53:37         1260  104.50    0.00    0.00  104.50     6  bt-mz.B.24
03:53:37         1261  106.50    0.00    0.00  106.50    18  bt-mz.B.24
03:53:37         1262  103.00    0.00    0.00  103.00     7  bt-mz.B.24
03:53:37         1265  102.50    0.50    0.00  103.00     2  bt-mz.B.24
03:53:37         1268  114.50    0.00    0.00  114.50    27  bt-mz.B.24
03:53:37         1269  102.50    0.00    0.00  102.50     5  bt-mz.B.24
03:53:37         1271  115.00    0.00    0.00  115.00    28  bt-mz.B.24
03:53:37         3139    0.00    0.50    0.00    0.50     6  kondemand/6
03:53:37         3150    0.00    0.50    0.00    0.50    17  kondemand/17

03:53:37          PID    %usr %system  %guest    %CPU   CPU  Command
03:53:39         1223    1.00    0.50    0.00    1.50    24  top
03:53:39         1225    0.50    2.00    0.00    2.50    29  pidstat
03:53:39         1227    1.00    2.00    0.00    3.00     9  pidstat
03:53:39         1236  115.00    0.00    0.00  115.00    24  bt-mz.B.24
03:53:39         1237   89.00    0.00    0.00   89.00     4  bt-mz.B.24
03:53:39         1238   94.50    0.00    0.00   94.50     7  bt-mz.B.24
03:53:39         1239  112.00    0.00    0.00  112.00    10  bt-mz.B.24
03:53:39         1240  115.00    0.00    0.00  115.00    13  bt-mz.B.24
03:53:39         1241  110.50    0.00    0.00  110.50    11  bt-mz.B.24
03:53:39         1242  114.50    0.00    0.00  114.50    12  bt-mz.B.24
03:53:39         1243  114.50    0.00    0.00  114.50     9  bt-mz.B.24
03:53:39         1244  111.00    0.00    0.00  111.00     8  bt-mz.B.24
03:53:39         1245   93.50    0.00    0.00   93.50    23  bt-mz.B.24
03:53:39         1247  105.50    0.00    0.00  105.50     1  bt-mz.B.24
03:53:39         1249   84.00    0.00    0.00   84.00     3  bt-mz.B.24
03:53:39         1251  112.00    0.00    0.00  112.00    30  bt-mz.B.24
03:53:39         1254  105.00    0.00    0.00  105.00    17  bt-mz.B.24
03:53:39         1255  102.00    0.00    0.00  102.00    22  bt-mz.B.24
03:53:39         1256  108.00    0.00    0.00  108.00    20  bt-mz.B.24
03:53:39         1257  106.00    0.00    0.00  106.00    16  bt-mz.B.24
03:53:39         1260  110.50    0.00    0.00  110.50    19  bt-mz.B.24
03:53:39         1261  107.00    0.00    0.00  107.00    18  bt-mz.B.24
03:53:39         1262  106.00    0.00    0.00  106.00     2  bt-mz.B.24
03:53:39         1265   97.50    0.00    0.00   97.50     0  bt-mz.B.24
03:53:39         1268  113.00    0.00    0.00  113.00    25  bt-mz.B.24
03:53:39         1269  110.50    0.00    0.00  110.50    21  bt-mz.B.24
03:53:39         1271  110.00    0.00    0.00  110.00    15  bt-mz.B.24
03:53:39         3134    0.00    0.50    0.00    0.50     1  kondemand/1
03:53:39         3141    0.00    0.50    0.00    0.50     8  kondemand/8
03:53:39         3156    0.00    0.50    0.00    0.50    23  kondemand/23
03:53:39         3163    0.00    0.50    0.00    0.50    30  kondemand/30

03:53:39          PID    %usr %system  %guest    %CPU   CPU  Command
03:53:41         1223    0.50    0.50    0.00    1.00    24  top
03:53:41         1225    0.50    2.00    0.00    2.50    13  pidstat
03:53:41         1227    0.50    2.00    0.00    2.50     9  pidstat
03:53:41         1236  112.00    0.00    0.00  112.00    31  bt-mz.B.24
03:53:41         1237   99.00    0.00    0.00   99.00    21  bt-mz.B.24
03:53:41         1238  101.00    0.00    0.00  101.00     7  bt-mz.B.24
03:53:41         1239  109.50    0.00    0.00  109.50    29  bt-mz.B.24
03:53:41         1240  109.50    0.50    0.00  110.00    26  bt-mz.B.24
03:53:41         1241  108.50    0.00    0.00  108.50    14  bt-mz.B.24
03:53:41         1242  107.50    0.00    0.00  107.50     9  bt-mz.B.24
03:53:41         1243  105.50    0.50    0.00  106.00    30  bt-mz.B.24
03:53:41         1244  109.50    0.00    0.00  109.50    24  bt-mz.B.24
03:53:41         1245   95.00    0.00    0.00   95.00    20  bt-mz.B.24
03:53:41         1247   79.50    0.00    0.00   79.50    23  bt-mz.B.24
03:53:41         1249  100.00    0.00    0.00  100.00     2  bt-mz.B.24
03:53:41         1251  110.00    0.00    0.00  110.00    27  bt-mz.B.24
03:53:41         1254  104.50    0.00    0.00  104.50     1  bt-mz.B.24
03:53:41         1255  104.50    0.00    0.00  104.50    22  bt-mz.B.24
03:53:41         1256  107.00    0.00    0.00  107.00     4  bt-mz.B.24
03:53:41         1257   97.50    0.00    0.00   97.50     0  bt-mz.B.24
03:53:41         1260  108.50    0.00    0.00  108.50     3  bt-mz.B.24
03:53:41         1261  104.00    0.00    0.00  104.00    18  bt-mz.B.24
03:53:41         1262  101.50    0.00    0.00  101.50    17  bt-mz.B.24
03:53:41         1265  105.00    0.00    0.00  105.00     5  bt-mz.B.24
03:53:41         1268  110.00    0.00    0.00  110.00    25  bt-mz.B.24
03:53:41         1269  101.00    0.00    0.00  101.00    19  bt-mz.B.24
03:53:41         1271  112.00    0.00    0.00  112.00    15  bt-mz.B.24
03:53:41         3136    0.00    0.50    0.00    0.50     3  kondemand/3
03:53:41         3151    0.00    0.50    0.00    0.50    18  kondemand/18
03:53:41         3852    0.50    0.50    0.00    1.00     8  pbs_mom

03:53:41          PID    %usr %system  %guest    %CPU   CPU  Command
03:53:43           49    0.00    0.50    0.00    0.50    11  ksoftirqd/11
03:53:43         1223    0.50    1.00    0.00    1.50    24  top
03:53:43         1225    0.50    1.50    0.00    2.00    13  pidstat
03:53:43         1227    0.50    1.50    0.00    2.00     9  pidstat
03:53:43         1236  115.50    0.00    0.00  115.50    15  bt-mz.B.24
03:53:43         1237  105.00    0.00    0.00  105.00    21  bt-mz.B.24
03:53:43         1238  109.50    0.00    0.00  109.50    23  bt-mz.B.24
03:53:43         1239  114.00    0.00    0.00  114.00    25  bt-mz.B.24
03:53:43         1240  113.50    0.00    0.00  113.50    14  bt-mz.B.24
03:53:43         1241  110.00    0.00    0.00  110.00    31  bt-mz.B.24
03:53:43         1242  113.50    0.00    0.00  113.50    29  bt-mz.B.24
03:53:43         1243  113.00    0.00    0.00  113.00    10  bt-mz.B.24
03:53:43         1244  111.50    0.00    0.00  111.50     9  bt-mz.B.24
03:53:43         1245  108.00    0.00    0.00  108.00    20  bt-mz.B.24
03:53:43         1247   96.50    0.50    0.00   97.00    16  bt-mz.B.24
03:53:43         1249   97.50    0.00    0.00   97.50     4  bt-mz.B.24
03:53:43         1251  108.00    0.00    0.00  108.00    24  bt-mz.B.24
03:53:43         1254  105.00    0.00    0.00  105.00     0  bt-mz.B.24
03:53:43         1255  109.50    0.00    0.00  109.50     6  bt-mz.B.24
03:53:43         1256  100.50    0.00    0.00  100.50     3  bt-mz.B.24
03:53:43         1257  104.50    0.00    0.00  104.50     1  bt-mz.B.24
03:53:43         1260  104.00    0.00    0.00  104.00    19  bt-mz.B.24
03:53:43         1261  109.00    0.00    0.00  109.00    18  bt-mz.B.24
03:53:43         1262   95.50    0.00    0.00   95.50    22  bt-mz.B.24
03:53:43         1265   99.00    0.00    0.00   99.00     5  bt-mz.B.24
03:53:43         1268  112.50    0.00    0.00  112.50    11  bt-mz.B.24
03:53:43         1269  106.00    0.00    0.00  106.00    17  bt-mz.B.24
03:53:43         1271  112.50    0.00    0.00  112.50    27  bt-mz.B.24
03:53:43         3021    0.00    1.00    0.00    1.00     5  flush-8:0
03:53:43         3152    0.00    0.50    0.00    0.50    19  kondemand/19
03:53:43         3180    0.00    0.50    0.00    0.50     2  kipmi0
03:53:43         3195    0.00    0.50    0.00    0.50    26  irqbalance

03:53:43          PID    %usr %system  %guest    %CPU   CPU  Command
03:53:45         1223    0.50    0.50    0.00    1.00    24  top
03:53:45         1225    0.50    2.00    0.00    2.50    29  pidstat
03:53:45         1227    1.00    2.00    0.00    3.00    10  pidstat
03:53:45         1236  119.50    0.00    0.00  119.50     9  bt-mz.B.24
03:53:45         1237  111.00    0.00    0.00  111.00    16  bt-mz.B.24
03:53:45         1238  112.50    0.00    0.00  112.50     1  bt-mz.B.24
03:53:45         1239  112.00    0.00    0.00  112.00    26  bt-mz.B.24
03:53:45         1240  112.00    0.00    0.00  112.00    30  bt-mz.B.24
03:53:45         1241  114.00    0.50    0.00  114.50    25  bt-mz.B.24
03:53:45         1242  114.50    0.00    0.00  114.50    11  bt-mz.B.24
03:53:45         1243  114.50    0.00    0.00  114.50    29  bt-mz.B.24
03:53:45         1244  110.00    0.00    0.00  110.00    14  bt-mz.B.24
03:53:45         1245  105.00    0.00    0.00  105.00     0  bt-mz.B.24
03:53:45         1247  108.00    0.00    0.00  108.00    16  bt-mz.B.24
03:53:45         1249  106.50    0.00    0.00  106.50     6  bt-mz.B.24
03:53:45         1251  114.50    0.00    0.00  114.50     8  bt-mz.B.24
03:53:45         1254  105.00    0.00    0.00  105.00     5  bt-mz.B.24
03:53:45         1255  107.00    0.00    0.00  107.00    18  bt-mz.B.24
03:53:45         1256  107.00    0.00    0.00  107.00     3  bt-mz.B.24
03:53:45         1257  105.00    0.00    0.00  105.00    17  bt-mz.B.24
03:53:45         1260  101.50    0.00    0.00  101.50     2  bt-mz.B.24
03:53:45         1261  108.00    0.00    0.00  108.00    20  bt-mz.B.24
03:53:45         1262  106.00    0.50    0.00  106.50    19  bt-mz.B.24
03:53:45         1265  102.50    0.00    0.00  102.50     7  bt-mz.B.24
03:53:45         1268  113.00    0.00    0.00  113.00    12  bt-mz.B.24
03:53:45         1269  101.50    0.00    0.00  101.50    22  bt-mz.B.24
03:53:45         1271  112.50    0.00    0.00  112.50    15  bt-mz.B.24
03:53:45         3148    0.00    0.50    0.00    0.50    15  kondemand/15
03:53:45         3157    0.00    0.50    0.00    0.50    24  kondemand/24
03:53:45         3160    0.00    0.50    0.00    0.50    27  kondemand/27
03:53:45         3180    0.00    0.50    0.00    0.50     2  kipmi0

03:53:45          PID    %usr %system  %guest    %CPU   CPU  Command
03:53:47         1223    0.50    1.00    0.00    1.50    24  top
03:53:47         1225    1.00    1.50    0.00    2.50    29  pidstat
03:53:47         1227    0.00    1.50    0.00    1.50    10  pidstat
03:53:47         1236  108.50    0.00    0.00  108.50    28  bt-mz.B.24
03:53:47         1237   96.00    0.00    0.00   96.00     4  bt-mz.B.24
03:53:47         1238   95.00    0.00    0.00   95.00     6  bt-mz.B.24
03:53:47         1239  110.50    0.00    0.00  110.50    11  bt-mz.B.24
03:53:47         1240  112.50    0.00    0.00  112.50    14  bt-mz.B.24
03:53:47         1241  111.00    0.00    0.00  111.00    26  bt-mz.B.24
03:53:47         1242  111.00    0.00    0.00  111.00    30  bt-mz.B.24
03:53:47         1243  112.00    0.00    0.00  112.00     8  bt-mz.B.24
03:53:47         1244  113.00    0.00    0.00  113.00    25  bt-mz.B.24
03:53:47         1245  103.00    0.00    0.00  103.00    20  bt-mz.B.24
03:53:47         1247  105.50    0.00    0.00  105.50     0  bt-mz.B.24
03:53:47         1249  104.50    0.00    0.00  104.50    22  bt-mz.B.24
03:53:47         1251  112.00    0.00    0.00  112.00    13  bt-mz.B.24
03:53:47         1254  106.50    0.00    0.00  106.50    21  bt-mz.B.24
03:53:47         1255  104.00    0.00    0.00  104.00     2  bt-mz.B.24
03:53:47         1256   95.00    0.50    0.00   95.50    19  bt-mz.B.24
03:53:47         1257  105.00    0.50    0.00  105.50     3  bt-mz.B.24
03:53:47         1260  100.00    0.00    0.00  100.00     1  bt-mz.B.24
03:53:47         1261  102.00    0.00    0.00  102.00    16  bt-mz.B.24
03:53:47         1262   88.50    0.00    0.00   88.50     5  bt-mz.B.24
03:53:47         1265  110.50    0.00    0.00  110.50    23  bt-mz.B.24
03:53:47         1268  111.00    0.00    0.00  111.00    10  bt-mz.B.24
03:53:47         1269  106.00    0.50    0.00  106.50     3  bt-mz.B.24
03:53:47         1271  112.00    0.00    0.00  112.00    15  bt-mz.B.24
03:53:47         3137    0.00    0.50    0.00    0.50     4  kondemand/4
03:53:47         3140    0.00    0.50    0.00    0.50     7  kondemand/7

03:53:47          PID    %usr %system  %guest    %CPU   CPU  Command
03:53:49         1223    0.50    0.50    0.00    1.00    24  top
03:53:49         1225    0.50    1.50    0.00    2.00    13  pidstat
03:53:49         1227    1.00    1.50    0.00    2.50    10  pidstat
03:53:49         1236  116.50    0.00    0.00  116.50     8  bt-mz.B.24
03:53:49         1237  110.50    0.00    0.00  110.50     2  bt-mz.B.24
03:53:49         1238  104.50    0.00    0.00  104.50    20  bt-mz.B.24
03:53:49         1239  109.50    0.00    0.00  109.50     8  bt-mz.B.24
03:53:49         1240  112.50    0.00    0.00  112.50     9  bt-mz.B.24
03:53:49         1241  108.00    0.00    0.00  108.00    30  bt-mz.B.24
03:53:49         1242  110.00    0.00    0.00  110.00    26  bt-mz.B.24
03:53:49         1243  111.00    0.00    0.00  111.00    11  bt-mz.B.24
03:53:49         1244  107.50    0.00    0.00  107.50    12  bt-mz.B.24
03:53:49         1245  105.50    0.00    0.00  105.50    18  bt-mz.B.24
03:53:49         1247   98.00    0.00    0.00   98.00    17  bt-mz.B.24
03:53:49         1249   97.00    0.00    0.00   97.00     6  bt-mz.B.24
03:53:49         1251  108.50    0.00    0.00  108.50    25  bt-mz.B.24
03:53:49         1254  105.50    0.00    0.00  105.50    21  bt-mz.B.24
03:53:49         1255   92.50    0.00    0.00   92.50    22  bt-mz.B.24
03:53:49         1256  104.50    0.00    0.00  104.50    16  bt-mz.B.24
03:53:49         1257   88.00    0.00    0.00   88.00    21  bt-mz.B.24
03:53:49         1260   96.50    0.00    0.00   96.50     1  bt-mz.B.24
03:53:49         1261  100.50    0.00    0.00  100.50    16  bt-mz.B.24
03:53:49         1262   98.50    0.00    0.00   98.50    23  bt-mz.B.24
03:53:49         1265  111.00    0.00    0.00  111.00     7  bt-mz.B.24
03:53:49         1268  107.50    0.00    0.00  107.50    31  bt-mz.B.24
03:53:49         1269   99.00    0.00    0.00   99.00     3  bt-mz.B.24
03:53:49         1271  111.00    0.00    0.00  111.00    29  bt-mz.B.24

03:53:49          PID    %usr %system  %guest    %CPU   CPU  Command
03:53:51         1223    0.50    0.50    0.00    1.00    24  top
03:53:51         1225    0.50    2.00    0.00    2.50    29  pidstat
03:53:51         1227    1.00    2.50    0.00    3.50    10  pidstat
03:53:51         1229    0.00    0.50    0.00    0.50     5  iostat
03:53:51         1236  120.50    0.00    0.00  120.50    11  bt-mz.B.24
03:53:51         1237  109.50    0.00    0.00  109.50     5  bt-mz.B.24
03:53:51         1238  106.00    0.00    0.00  106.00     0  bt-mz.B.24
03:53:51         1239  113.50    0.00    0.00  113.50    27  bt-mz.B.24
03:53:51         1240  114.00    0.00    0.00  114.00    25  bt-mz.B.24
03:53:51         1241  113.00    0.00    0.00  113.00    13  bt-mz.B.24
03:53:51         1242  114.50    0.00    0.00  114.50    26  bt-mz.B.24
03:53:51         1243  114.00    0.00    0.00  114.00    30  bt-mz.B.24
03:53:51         1244  113.00    0.50    0.00  113.50    28  bt-mz.B.24
03:53:51         1245  103.50    0.00    0.00  103.50    18  bt-mz.B.24
03:53:51         1247  105.00    0.00    0.00  105.00     2  bt-mz.B.24
03:53:51         1249   99.50    0.00    0.00   99.50     4  bt-mz.B.24
03:53:51         1251  115.00    0.50    0.00  115.50    15  bt-mz.B.24
03:53:51         1254  103.50    0.00    0.00  103.50     6  bt-mz.B.24
03:53:51         1255  103.00    0.00    0.00  103.00    21  bt-mz.B.24
03:53:51         1256  103.00    0.00    0.00  103.00    20  bt-mz.B.24
03:53:51         1257  108.50    0.00    0.00  108.50    22  bt-mz.B.24
03:53:51         1260  106.00    0.00    0.00  106.00    16  bt-mz.B.24
03:53:51         1261   99.50    0.00    0.00   99.50     7  bt-mz.B.24
03:53:51         1262  109.00    0.00    0.00  109.00    23  bt-mz.B.24
03:53:51         1265  109.00    0.00    0.00  109.00     1  bt-mz.B.24
03:53:51         1268  115.00    0.00    0.00  115.00    24  bt-mz.B.24
03:53:51         1269  108.50    0.00    0.00  108.50    19  bt-mz.B.24
03:53:51         1271  116.00    0.50    0.00  116.50    14  bt-mz.B.24

03:53:51          PID    %usr %system  %guest    %CPU   CPU  Command
03:53:53         1223    0.50    0.50    0.00    1.00    24  top
03:53:53         1225    0.50    1.50    0.00    2.00    29  pidstat
03:53:53         1227    0.50    1.50    0.00    2.00    10  pidstat
03:53:53         1236  111.50    0.00    0.00  111.50    24  bt-mz.B.24
03:53:53         1237  112.00    0.00    0.00  112.00     3  bt-mz.B.24
03:53:53         1238  111.00    0.00    0.00  111.00    16  bt-mz.B.24
03:53:53         1239  110.00    0.00    0.00  110.00    11  bt-mz.B.24
03:53:53         1240  112.00    0.00    0.00  112.00    25  bt-mz.B.24
03:53:53         1241  113.50    0.00    0.00  113.50    13  bt-mz.B.24
03:53:53         1242  112.00    0.00    0.00  112.00    26  bt-mz.B.24
03:53:53         1243  100.50    1.00    0.00  101.50    30  bt-mz.B.24
03:53:53         1244  112.50    0.00    0.00  112.50    12  bt-mz.B.24
03:53:53         1245  103.00    0.00    0.00  103.00    17  bt-mz.B.24
03:53:53         1247  101.50    0.00    0.00  101.50    18  bt-mz.B.24
03:53:53         1249  100.00    0.00    0.00  100.00    20  bt-mz.B.24
03:53:53         1251  113.00    0.00    0.00  113.00    15  bt-mz.B.24
03:53:53         1254  107.00    0.00    0.00  107.00    22  bt-mz.B.24
03:53:53         1255  112.50    0.00    0.00  112.50    21  bt-mz.B.24
03:53:53         1256  102.50    0.00    0.00  102.50     4  bt-mz.B.24
03:53:53         1257  105.50    0.00    0.00  105.50     1  bt-mz.B.24
03:53:53         1260  104.00    0.00    0.00  104.00     4  bt-mz.B.24
03:53:53         1261   99.00    0.00    0.00   99.00     2  bt-mz.B.24
03:53:53         1262  105.50    0.00    0.00  105.50     7  bt-mz.B.24
03:53:53         1265  101.50    0.00    0.00  101.50     0  bt-mz.B.24
03:53:53         1268  109.00    0.00    0.00  109.00     8  bt-mz.B.24
03:53:53         1269  101.00    0.00    0.00  101.00    19  bt-mz.B.24
03:53:53         1271  111.00    0.00    0.00  111.00    14  bt-mz.B.24
03:53:53         3135    0.00    0.50    0.00    0.50     2  kondemand/2
03:53:53         3153    0.00    0.50    0.00    0.50    20  kondemand/20
03:53:53         3180    0.00    0.50    0.00    0.50    18  kipmi0

03:53:53          PID    %usr %system  %guest    %CPU   CPU  Command
03:53:55          151    0.00    0.50    0.00    0.50    20  events/20
03:53:55         1223    0.50    1.00    0.00    1.50    24  top
03:53:55         1225    0.50    2.00    0.00    2.50    11  pidstat
03:53:55         1227    0.50    2.00    0.00    2.50    26  pidstat
03:53:55         1236  113.50    0.00    0.00  113.50     9  bt-mz.B.24
03:53:55         1237  112.00    0.00    0.00  112.00    19  bt-mz.B.24
03:53:55         1238  114.00    0.50    0.00  114.50    16  bt-mz.B.24
03:53:55         1239  111.50    0.00    0.00  111.50    31  bt-mz.B.24
03:53:55         1240  111.00    0.00    0.00  111.00    12  bt-mz.B.24
03:53:55         1241  113.50    0.00    0.00  113.50    13  bt-mz.B.24
03:53:55         1242  111.50    0.00    0.00  111.50    10  bt-mz.B.24
03:53:55         1243  101.00    0.50    0.00  101.50     8  bt-mz.B.24
03:53:55         1244  112.00    0.00    0.00  112.00    28  bt-mz.B.24
03:53:55         1245  108.00    0.00    0.00  108.00    22  bt-mz.B.24
03:53:55         1247   99.50    0.00    0.00   99.50    18  bt-mz.B.24
03:53:55         1249  102.50    0.00    0.00  102.50     4  bt-mz.B.24
03:53:55         1251  112.50    0.00    0.00  112.50    15  bt-mz.B.24
03:53:55         1254  105.50    0.00    0.00  105.50     6  bt-mz.B.24
03:53:55         1255  109.00    0.00    0.00  109.00     4  bt-mz.B.24
03:53:55         1256  105.00    0.00    0.00  105.00    21  bt-mz.B.24
03:53:55         1257  105.00    0.00    0.00  105.00    17  bt-mz.B.24
03:53:55         1260   89.50    0.00    0.00   89.50     9  bt-mz.B.24
03:53:55         1261   87.50    0.00    0.00   87.50    18  bt-mz.B.24
03:53:55         1262  108.50    0.00    0.00  108.50    23  bt-mz.B.24
03:53:55         1265  101.50    0.00    0.00  101.50     7  bt-mz.B.24
03:53:55         1268  104.00    0.00    0.00  104.00    24  bt-mz.B.24
03:53:55         1269   99.00    0.00    0.00   99.00     3  bt-mz.B.24
03:53:55         1271  103.50    0.00    0.00  103.50    14  bt-mz.B.24
03:53:55         3149    0.00    0.50    0.00    0.50    16  kondemand/16

03:53:55          PID    %usr %system  %guest    %CPU   CPU  Command
03:53:57          131    0.00    0.50    0.00    0.50     0  events/0
03:53:57          143    0.00    0.50    0.00    0.50    12  events/12
03:53:57         1223    0.50    0.50    0.00    1.00     8  top
03:53:57         1225    0.50    2.00    0.00    2.50    11  pidstat
03:53:57         1227    0.50    1.50    0.00    2.00    26  pidstat
03:53:57         1232    0.00    0.50    0.00    0.50     1  vmstat
03:53:57         1236  111.50    0.00    0.00  111.50     9  bt-mz.B.24
03:53:57         1237  103.50    0.00    0.00  103.50     5  bt-mz.B.24
03:53:57         1238   97.00    0.00    0.00   97.00    19  bt-mz.B.24
03:53:57         1239  108.50    0.50    0.00  109.00    13  bt-mz.B.24
03:53:57         1240  112.50    0.00    0.00  112.50    27  bt-mz.B.24
03:53:57         1241  108.00    0.00    0.00  108.00    12  bt-mz.B.24
03:53:57         1242  110.50    0.50    0.00  111.00    29  bt-mz.B.24
03:53:57         1243  111.00    0.00    0.00  111.00    25  bt-mz.B.24
03:53:57         1244  109.50    0.50    0.00  110.00    31  bt-mz.B.24
03:53:57         1245   93.00    0.00    0.00   93.00    19  bt-mz.B.24
03:53:57         1247  112.50    0.00    0.00  112.50    18  bt-mz.B.24
03:53:57         1249  108.50    0.00    0.00  108.50     0  bt-mz.B.24
03:53:57         1251  110.50    0.00    0.00  110.50     8  bt-mz.B.24
03:53:57         1254  114.00    0.00    0.00  114.00    22  bt-mz.B.24
03:53:57         1255   97.50    0.50    0.00   98.00     3  bt-mz.B.24
03:53:57         1256  108.00    0.50    0.00  108.50    23  bt-mz.B.24
03:53:57         1257  107.50    0.00    0.00  107.50     1  bt-mz.B.24
03:53:57         1260  112.00    0.00    0.00  112.00    15  bt-mz.B.24
03:53:57         1261  106.00    0.00    0.00  106.00     7  bt-mz.B.24
03:53:57         1262  112.00    0.00    0.00  112.00    21  bt-mz.B.24
03:53:57         1265  100.50    0.00    0.00  100.50     7  bt-mz.B.24
03:53:57         1268  111.00    0.50    0.00  111.50    24  bt-mz.B.24
03:53:57         1269  112.50    0.00    0.00  112.50     4  bt-mz.B.24
03:53:57         1271  111.50    0.00    0.00  111.50    30  bt-mz.B.24
03:53:57         3138    0.00    0.50    0.00    0.50     5  kondemand/5

03:53:57          PID    %usr %system  %guest    %CPU   CPU  Command
03:53:59         1223    1.00    0.50    0.00    1.50    24  top
03:53:59         1225    1.00    1.50    0.00    2.50    11  pidstat
03:53:59         1227    1.00    1.00    0.00    2.00    26  pidstat
03:53:59         1236  121.50    0.00    0.00  121.50    15  bt-mz.B.24
03:53:59         1237  105.50    0.50    0.00  106.00    18  bt-mz.B.24
03:53:59         1238  115.00    0.00    0.00  115.00    24  bt-mz.B.24
03:53:59         1239  116.00    0.00    0.00  116.00     9  bt-mz.B.24
03:53:59         1240  115.50    0.00    0.00  115.50    10  bt-mz.B.24
03:53:59         1241  112.00    0.00    0.00  112.00    30  bt-mz.B.24
03:53:59         1242  107.50    0.00    0.00  107.50    27  bt-mz.B.24
03:53:59         1243  110.50    0.00    0.00  110.50    14  bt-mz.B.24
03:53:59         1244  110.00    0.00    0.00  110.00    31  bt-mz.B.24
03:53:59         1245  115.50    0.00    0.00  115.50    19  bt-mz.B.24
03:53:59         1247  100.00    0.00    0.00  100.00    18  bt-mz.B.24
03:53:59         1249  105.00    0.00    0.00  105.00    23  bt-mz.B.24
03:53:59         1251  112.50    0.00    0.00  112.50    28  bt-mz.B.24
03:53:59         1254  116.00    0.00    0.00  116.00     6  bt-mz.B.24
03:53:59         1255  114.00    0.00    0.00  114.00    17  bt-mz.B.24
03:53:59         1256  112.50    0.00    0.00  112.50     0  bt-mz.B.24
03:53:59         1257  110.50    0.00    0.00  110.50     4  bt-mz.B.24
03:53:59         1260  117.50    0.00    0.00  117.50    13  bt-mz.B.24
03:53:59         1261   89.50    0.00    0.00   89.50     2  bt-mz.B.24
03:53:59         1262   98.50    0.00    0.00   98.50     1  bt-mz.B.24
03:53:59         1265  101.50    0.50    0.00  102.00     7  bt-mz.B.24
03:53:59         1268  114.00    0.00    0.00  114.00    29  bt-mz.B.24
03:53:59         1269  114.00    0.00    0.00  114.00     5  bt-mz.B.24
03:53:59         1271  115.50    0.00    0.00  115.50    12  bt-mz.B.24
03:53:59         3133    0.00    0.50    0.00    0.50     0  kondemand/0
03:53:59         3164    0.00    0.50    0.00    0.50    31  kondemand/31

03:53:59          PID    %usr %system  %guest    %CPU   CPU  Command
03:54:01         1223    0.00    1.00    0.00    1.00    24  top
03:54:01         1225    0.50    1.50    0.00    2.00    11  pidstat
03:54:01         1227    0.50    1.50    0.00    2.00    26  pidstat
03:54:01         1236  117.50    0.00    0.00  117.50    10  bt-mz.B.24
03:54:01         1237  116.00    0.00    0.00  116.00     1  bt-mz.B.24
03:54:01         1238  110.50    0.00    0.00  110.50    10  bt-mz.B.24
03:54:01         1239  101.00    0.00    0.00  101.00    14  bt-mz.B.24
03:54:01         1240  113.00    0.00    0.00  113.00    27  bt-mz.B.24
03:54:01         1241  111.00    0.00    0.00  111.00    13  bt-mz.B.24
03:54:01         1242  104.00    0.00    0.00  104.00    12  bt-mz.B.24
03:54:01         1243  102.50    0.00    0.00  102.50    27  bt-mz.B.24
03:54:01         1244  112.00    0.00    0.00  112.00    31  bt-mz.B.24
03:54:01         1245  114.00    0.00    0.00  114.00    21  bt-mz.B.24
03:54:01         1247  109.50    0.00    0.00  109.50    20  bt-mz.B.24
03:54:01         1249  113.50    0.50    0.00  114.00    18  bt-mz.B.24
03:54:01         1251  112.50    0.00    0.00  112.50    28  bt-mz.B.24
03:54:01         1254  116.00    0.00    0.00  116.00    22  bt-mz.B.24
03:54:01         1255  111.50    0.00    0.00  111.50    16  bt-mz.B.24
03:54:01         1256  111.50    0.00    0.00  111.50     0  bt-mz.B.24
03:54:01         1257  113.50    0.00    0.00  113.50     4  bt-mz.B.24
03:54:01         1260  112.50    0.50    0.00  113.00    27  bt-mz.B.24
03:54:01         1261  107.50    0.00    0.00  107.50     5  bt-mz.B.24
03:54:01         1262  112.00    0.00    0.00  112.00     3  bt-mz.B.24
03:54:01         1265  107.50    0.00    0.00  107.50     2  bt-mz.B.24
03:54:01         1268  107.00    0.00    0.00  107.00     8  bt-mz.B.24
03:54:01         1269  109.00    0.00    0.00  109.00    23  bt-mz.B.24
03:54:01         1271  114.00    0.00    0.00  114.00    25  bt-mz.B.24
03:54:01         3146    0.00    0.50    0.00    0.50    13  kondemand/13
03:54:01         3147    0.00    0.50    0.00    0.50    14  kondemand/14
