Linux 2.6.32-279.14.1.el6.x86_64 (compute-641-14.local) 	04/21/20 	_x86_64_	(32 CPU)

02:16:44          PID    %usr %system  %guest    %CPU   CPU  Command
02:16:46          156    0.00    0.49    0.00    0.49    25  events/25
02:16:46         3135    0.00    0.49    0.00    0.49     2  kondemand/2
02:16:46         3152    0.00    0.49    0.00    0.49    19  kondemand/19
02:16:46         3157    0.00    0.49    0.00    0.49    24  kondemand/24
02:16:46         3164    0.00    0.49    0.00    0.49    31  kondemand/31
02:16:46         4128    0.00    0.49    0.00    0.49     0  gmond
02:16:46        11968    2.46    1.48    0.00    3.94    16  mpirun
02:16:46        11974    0.49    0.99    0.00    1.48    14  top
02:16:46        11976    0.49    1.48    0.00    1.97     4  pidstat
02:16:46        11978    0.49    1.97    0.00    2.46    12  pidstat
02:16:46        11988  128.57   11.82    0.00  140.39    16  bt-mz.B.32
02:16:46        11989  127.09   19.70    0.00  146.80    17  bt-mz.B.32
02:16:46        11990  127.09   17.73    0.00  144.83     2  bt-mz.B.32
02:16:46        11991  114.29   21.67    0.00  135.96    19  bt-mz.B.32
02:16:46        11992  107.88   24.63    0.00  132.51    20  bt-mz.B.32
02:16:46        11993  110.34   23.65    0.00  133.99    21  bt-mz.B.32
02:16:46        11994  101.48   25.12    0.00  126.60    22  bt-mz.B.32
02:16:46        11995  100.00   25.12    0.00  125.12    23  bt-mz.B.32
02:16:46        11996   94.58   30.54    0.00  125.12     8  bt-mz.B.32
02:16:46        11998   97.04   26.11    0.00  123.15     9  bt-mz.B.32
02:16:46        12000   92.61   32.51    0.00  125.12    10  bt-mz.B.32
02:16:46        12002   94.58   31.03    0.00  125.62    27  bt-mz.B.32
02:16:46        12003   91.13   32.02    0.00  123.15    28  bt-mz.B.32
02:16:46        12005   93.60   30.54    0.00  124.14    29  bt-mz.B.32
02:16:46        12008   91.63   32.51    0.00  124.14    30  bt-mz.B.32

02:16:46          PID    %usr %system  %guest    %CPU   CPU  Command
02:16:48         3140    0.00    0.50    0.00    0.50     7  kondemand/7
02:16:48         3148    0.00    0.50    0.00    0.50    15  kondemand/15
02:16:48         3149    0.00    0.50    0.00    0.50    16  kondemand/16
02:16:48         3180    0.00    0.50    0.00    0.50    16  kipmi0
02:16:48        11974    0.50    0.50    0.00    1.00    14  top
02:16:48        11976    0.50    2.00    0.00    2.50     4  pidstat
02:16:48        11978    0.50    2.00    0.00    2.50    12  pidstat
02:16:48        11988  172.50    2.50    0.00  175.00     0  bt-mz.B.32
02:16:48        11989  172.50   10.50    0.00  183.00    17  bt-mz.B.32
02:16:48        11990  170.00   10.50    0.00  180.50     2  bt-mz.B.32
02:16:48        11991  149.50   16.00    0.00  165.50    19  bt-mz.B.32
02:16:48        11992  148.00   17.00    0.00  165.00    20  bt-mz.B.32
02:16:48        11993  146.00   19.00    0.00  165.00    21  bt-mz.B.32
02:16:48        11994  133.00   21.00    0.00  154.00    22  bt-mz.B.32
02:16:48        11995  132.50   20.50    0.00  153.00    23  bt-mz.B.32
02:16:48        11996  125.50   27.50    0.00  153.00     8  bt-mz.B.32
02:16:48        11998  124.50   25.50    0.00  150.00     9  bt-mz.B.32
02:16:48        12000  122.50   30.00    0.00  152.50    10  bt-mz.B.32
02:16:48        12002  125.00   28.50    0.00  153.50    27  bt-mz.B.32
02:16:48        12003  121.50   29.50    0.00  151.00    28  bt-mz.B.32
02:16:48        12005  120.00   31.50    0.00  151.50    29  bt-mz.B.32
02:16:48        12008  121.00   30.50    0.00  151.50    30  bt-mz.B.32

02:16:48          PID    %usr %system  %guest    %CPU   CPU  Command
02:16:50         3133    0.00    0.50    0.00    0.50     0  kondemand/0
02:16:50         3143    0.00    0.50    0.00    0.50    10  kondemand/10
02:16:50         3145    0.00    0.50    0.00    0.50    12  kondemand/12
02:16:50         3151    0.00    0.50    0.00    0.50    18  kondemand/18
02:16:50         3153    0.00    0.50    0.00    0.50    20  kondemand/20
02:16:50         3156    0.00    0.50    0.00    0.50    23  kondemand/23
02:16:50         3158    0.00    0.50    0.00    0.50    25  kondemand/25
02:16:50         3159    0.00    0.50    0.00    0.50    26  kondemand/26
02:16:50         4128    0.00    0.50    0.00    0.50     0  gmond
02:16:50        11974    0.50    1.00    0.00    1.50    14  top
02:16:50        11976    1.00    2.00    0.00    3.00     4  pidstat
02:16:50        11978    0.50    2.00    0.00    2.50    12  pidstat
02:16:50        11988  173.50    1.00    0.00  174.50    16  bt-mz.B.32
02:16:50        11989  172.50   10.00    0.00  182.50    17  bt-mz.B.32
02:16:50        11990  169.00   11.50    0.00  180.50     2  bt-mz.B.32
02:16:50        11991  149.00   16.50    0.00  165.50    19  bt-mz.B.32
02:16:50        11992  148.50   17.00    0.00  165.50    20  bt-mz.B.32
02:16:50        11993  144.50   20.00    0.00  164.50    21  bt-mz.B.32
02:16:50        11994  133.00   21.00    0.00  154.00    22  bt-mz.B.32
02:16:50        11995  131.00   22.00    0.00  153.00    23  bt-mz.B.32
02:16:50        11996  125.00   27.50    0.00  152.50     8  bt-mz.B.32
02:16:50        11998  126.00   24.00    0.00  150.00     9  bt-mz.B.32
02:16:50        12000  124.00   28.50    0.00  152.50    10  bt-mz.B.32
02:16:50        12002  125.00   28.50    0.00  153.50    27  bt-mz.B.32
02:16:50        12003  121.50   29.50    0.00  151.00    28  bt-mz.B.32
02:16:50        12005  122.50   29.50    0.00  152.00    29  bt-mz.B.32
02:16:50        12008  118.50   32.50    0.00  151.00    30  bt-mz.B.32

02:16:50          PID    %usr %system  %guest    %CPU   CPU  Command
02:16:52         3134    0.00    0.50    0.00    0.50     1  kondemand/1
02:16:52         3141    0.00    0.50    0.00    0.50     8  kondemand/8
02:16:52         3144    0.00    0.50    0.00    0.50    11  kondemand/11
02:16:52         3160    0.00    0.50    0.00    0.50    27  kondemand/27
02:16:52         4128    0.50    0.00    0.00    0.50     0  gmond
02:16:52        11974    0.50    0.50    0.00    1.00    14  top
02:16:52        11976    0.50    2.00    0.00    2.50     4  pidstat
02:16:52        11978    0.50    1.50    0.00    2.00    28  pidstat
02:16:52        11988  173.50    1.50    0.00  175.00     0  bt-mz.B.32
02:16:52        11989  172.50   10.50    0.00  183.00    17  bt-mz.B.32
02:16:52        11990  170.00   10.50    0.00  180.50     2  bt-mz.B.32
02:16:52        11991  148.50   17.50    0.00  166.00    19  bt-mz.B.32
02:16:52        11992  149.00   16.00    0.00  165.00    20  bt-mz.B.32
02:16:52        11993  145.50   19.00    0.00  164.50    21  bt-mz.B.32
02:16:52        11994  132.50   21.00    0.00  153.50    22  bt-mz.B.32
02:16:52        11995  133.00   22.00    0.00  155.00    23  bt-mz.B.32
02:16:52        11996  125.00   27.50    0.00  152.50     8  bt-mz.B.32
02:16:52        11998  125.00   25.00    0.00  150.00     9  bt-mz.B.32
02:16:52        12000  122.50   29.50    0.00  152.00    10  bt-mz.B.32
02:16:52        12002  124.00   29.50    0.00  153.50    27  bt-mz.B.32
02:16:52        12003  119.50   32.50    0.00  152.00    12  bt-mz.B.32
02:16:52        12005  123.00   28.50    0.00  151.50    29  bt-mz.B.32
02:16:52        12008  121.00   31.00    0.00  152.00    14  bt-mz.B.32

02:16:52          PID    %usr %system  %guest    %CPU   CPU  Command
02:16:54          214    0.00    0.50    0.00    0.50    12  kblockd/12
02:16:54         3139    0.00    0.50    0.00    0.50     6  kondemand/6
02:16:54         3147    0.00    0.50    0.00    0.50    14  kondemand/14
02:16:54         3163    0.00    0.50    0.00    0.50    30  kondemand/30
02:16:54         3180    0.00    0.50    0.00    0.50    16  kipmi0
02:16:54         3684    0.50    0.00    0.00    0.50    18  snmpd
02:16:54         4128    0.00    0.50    0.00    0.50     0  gmond
02:16:54        11974    0.50    1.00    0.00    1.50    30  top
02:16:54        11976    0.50    1.50    0.00    2.00    20  pidstat
02:16:54        11978    1.00    2.50    0.00    3.50    12  pidstat
02:16:54        11988  174.50    2.00    0.00  176.50     0  bt-mz.B.32
02:16:54        11989  175.00   10.50    0.00  185.50    17  bt-mz.B.32
02:16:54        11990  172.00   10.50    0.00  182.50     2  bt-mz.B.32
02:16:54        11991  152.00   15.50    0.00  167.50    19  bt-mz.B.32
02:16:54        11992  149.00   17.50    0.00  166.50     4  bt-mz.B.32
02:16:54        11993  148.00   18.50    0.00  166.50    21  bt-mz.B.32
02:16:54        11994  134.50   21.00    0.00  155.50    22  bt-mz.B.32
02:16:54        11995  131.00   22.50    0.00  153.50    23  bt-mz.B.32
02:16:54        11996  129.50   25.00    0.00  154.50     8  bt-mz.B.32
02:16:54        11998  127.50   24.00    0.00  151.50     9  bt-mz.B.32
02:16:54        12000  125.00   29.50    0.00  154.50    10  bt-mz.B.32
02:16:54        12002  126.00   29.00    0.00  155.00    27  bt-mz.B.32
02:16:54        12003  121.50   30.00    0.00  151.50    28  bt-mz.B.32
02:16:54        12005  125.00   28.50    0.00  153.50    29  bt-mz.B.32
02:16:54        12008  121.50   31.00    0.00  152.50    14  bt-mz.B.32

02:16:54          PID    %usr %system  %guest    %CPU   CPU  Command
02:16:56          125    0.00    0.50    0.00    0.50    30  ksoftirqd/30
02:16:56         3162    0.00    0.50    0.00    0.50    29  kondemand/29
02:16:56         3852    0.00    0.50    0.00    0.50     1  pbs_mom
02:16:56        11974    0.50    1.00    0.00    1.50    30  top
02:16:56        11976    0.50    1.50    0.00    2.00     4  pidstat
02:16:56        11978    0.50    1.00    0.00    1.50    12  pidstat
