procs -----------memory---------- ---swap-- -----io---- --system-- -----cpu-----
 r  b   swpd   free   buff  cache   si   so    bi    bo   in   cs us sy id wa st
 6  0      0 64401732 215524 523296    0    0     0     1    0    0 38  2 60  0  0	
48  0      0 64065912 215524 550200    0    0     0     0 28716 21669 62  5 33  0  0	
34  0      0 64065796 215524 550260    0    0     0     0 27087 8672 81  0 19  0  0	
27  0      0 64069368 215524 550324    0    0     0   116 26748 8626 80  0 20  0  0	
29  0      0 64071208 215524 550384    0    0     0     0 26514 8871 79  0 21  0  0	
28  0      0 64072448 215524 550448    0    0     0     0 26542 8900 79  0 21  0  0	
33  0      0 64075296 215524 550508    0    0     0     8 27573 8937 82  0 18  0  0	
25  0      0 64077444 215524 550572    0    0     0     0 26881 8534 80  0 20  0  0	
27  0      0 64078600 215524 550636    0    0     0     0 27234 8976 81  0 19  0  0	
30  0      0 64081576 215524 550700    0    0     0     0 26020 8858 78  0 22  0  0	
36  0      0 64082452 215524 550760    0    0     0     0 26496 8474 79  0 21  0  0	
43  0      0 64083020 215524 550824    0    0     0     6 26807 8731 80  0 20  0  0	
28  0      0 64083000 215524 550884    0    0     0    28 27367 8905 81  0 19  0  0	
31  0      0 64082992 215524 550948    0    0     0     0 27571 9199 82  0 18  0  0	
28  0      0 64082868 215524 551008    0    0     0    12 27106 8994 81  0 19  0  0	
25  0      0 64082752 215524 551080    0    0     0    86 27739 8754 83  0 17  0  0	
34  0      0 64082744 215524 551140    0    0     0     0 27730 9062 83  0 17  0  0	
26  0      0 64082116 215524 551204    0    0     0  6118 29274 8735 80  0 20  0  0	
35  0      0 64081976 215524 551272    0    0     0    14 26680 8884 80  0 20  0  0	
25  0      0 64081852 215524 551336    0    0     0     0 26328 8626 79  0 21  0  0	
28  0      0 64081604 215524 551396    0    0     0  1346 28423 9046 82  0 18  0  0	
procs -----------memory---------- ---swap-- -----io---- --system-- -----cpu-----
 r  b   swpd   free   buff  cache   si   so    bi    bo   in   cs us sy id wa st
32  0      0 64081736 215524 551400    0    0     0     0 27200 8789 81  0 18  0  0	
37  0      0 64081116 215524 551464    0    0     0     0 27491 9036 82  0 18  0  0	
47  0      0 64081240 215524 551532    0    0     0    18 26924 8951 80  0 20  0  0	
26  0      0 64081160 215524 551592    0    0     0     0 27007 8888 80  0 19  0  0	
