Linux 2.6.32-279.14.1.el6.x86_64 (compute-641-14.local) 	04/21/20 	_x86_64_	(32 CPU)

03:38:57          PID    %usr %system  %guest    %CPU   CPU  Command
03:38:59         3144    0.00    0.49    0.00    0.49    11  kondemand/11
03:38:59         3148    0.00    0.49    0.00    0.49    15  kondemand/15
03:38:59         4128    0.00    0.49    0.00    0.49     1  gmond
03:38:59        31213    2.96    2.46    0.00    5.42    29  mpirun
03:38:59        31219    0.49    0.49    0.00    0.99    21  top
03:38:59        31221    0.49    0.99    0.00    1.48     7  pidstat
03:38:59        31223    0.99    1.97    0.00    2.96     1  pidstat
03:38:59        31232   97.04    6.90    0.00  103.94    23  bt-mz.B.24
03:38:59        31233   99.01    6.90    0.00  105.91    20  bt-mz.B.24
03:38:59        31234   83.74    6.90    0.00   90.64    16  bt-mz.B.24
03:38:59        31235   93.60    6.40    0.00  100.00    14  bt-mz.B.24
03:38:59        31236   93.60    6.90    0.00  100.49     0  bt-mz.B.24
03:38:59        31237   92.61    6.90    0.00   99.51    19  bt-mz.B.24
03:38:59        31238   92.12    6.40    0.00   98.52    27  bt-mz.B.24
03:38:59        31239   92.12    5.42    0.00   97.54    21  bt-mz.B.24
03:38:59        31240   84.73    5.42    0.00   90.15     5  bt-mz.B.24
03:38:59        31241  100.99    5.91    0.00  106.90    30  bt-mz.B.24
03:38:59        31242   98.52    5.91    0.00  104.43    15  bt-mz.B.24
03:38:59        31243   87.19    6.40    0.00   93.60     2  bt-mz.B.24
03:38:59        31244  100.00    5.91    0.00  105.91    19  bt-mz.B.24

03:38:59          PID    %usr %system  %guest    %CPU   CPU  Command
03:39:01         3155    0.00    0.50    0.00    0.50    22  kondemand/22
03:39:01         3156    0.00    0.50    0.00    0.50    23  kondemand/23
03:39:01         4128    0.00    0.50    0.00    0.50     1  gmond
03:39:01        31219    0.50    1.00    0.00    1.50    21  top
03:39:01        31221    1.00    2.00    0.00    3.00     7  pidstat
03:39:01        31223    0.50    1.00    0.00    1.50    17  pidstat
03:39:01        31232  132.00    0.50    0.00  132.50     2  bt-mz.B.24
03:39:01        31233  115.50    0.00    0.00  115.50    20  bt-mz.B.24
03:39:01        31234  109.50    0.00    0.00  109.50    16  bt-mz.B.24
03:39:01        31235  119.50    0.00    0.00  119.50    14  bt-mz.B.24
03:39:01        31236  106.00    0.00    0.00  106.00    19  bt-mz.B.24
03:39:01        31237  106.00    0.50    0.00  106.50    21  bt-mz.B.24
03:39:01        31238  126.50    0.00    0.00  126.50    29  bt-mz.B.24
03:39:01        31239  125.00    0.00    0.00  125.00     2  bt-mz.B.24
03:39:01        31240  110.00    0.00    0.00  110.00    23  bt-mz.B.24
03:39:01        31241  128.00    0.00    0.00  128.00    11  bt-mz.B.24
03:39:01        31242  128.00    0.00    0.00  128.00    30  bt-mz.B.24
03:39:01        31243  103.00    0.00    0.00  103.00     5  bt-mz.B.24
03:39:01        31244  109.00    0.00    0.00  109.00    17  bt-mz.B.24

03:39:01          PID    %usr %system  %guest    %CPU   CPU  Command
03:39:03          159    0.00    0.50    0.00    0.50    28  events/28
03:39:03         3158    0.00    0.50    0.00    0.50    25  kondemand/25
03:39:03         3180    0.00    0.50    0.00    0.50     6  kipmi0
03:39:03         3195    0.00    0.50    0.00    0.50    28  irqbalance
03:39:03         4128    0.50    0.00    0.00    0.50     1  gmond
03:39:03        31219    0.50    0.50    0.00    1.00    21  top
03:39:03        31221    0.50    1.50    0.00    2.00     7  pidstat
03:39:03        31223    1.50    2.00    0.00    3.50    17  pidstat
03:39:03        31232  113.50    0.00    0.00  113.50    20  bt-mz.B.24
03:39:03        31233  115.00    0.00    0.00  115.00    20  bt-mz.B.24
03:39:03        31234  104.50    0.00    0.00  104.50     5  bt-mz.B.24
03:39:03        31235  124.00    0.00    0.00  124.00    31  bt-mz.B.24
03:39:03        31236  118.00    0.00    0.00  118.00     6  bt-mz.B.24
03:39:03        31237  109.50    0.00    0.00  109.50     3  bt-mz.B.24
03:39:03        31238  126.50    0.00    0.00  126.50     8  bt-mz.B.24
03:39:03        31239  107.50    0.00    0.00  107.50    21  bt-mz.B.24
03:39:03        31240  113.00    0.00    0.00  113.00    18  bt-mz.B.24
03:39:03        31241  132.50    0.00    0.00  132.50    14  bt-mz.B.24
03:39:03        31242  126.50    0.00    0.00  126.50    25  bt-mz.B.24
03:39:03        31243  131.50    0.00    0.00  131.50     2  bt-mz.B.24
03:39:03        31244  108.50    0.00    0.00  108.50    23  bt-mz.B.24

03:39:03          PID    %usr %system  %guest    %CPU   CPU  Command
03:39:05         3143    0.00    0.50    0.00    0.50    10  kondemand/10
03:39:05         3146    0.00    0.50    0.00    0.50    13  kondemand/13
03:39:05         3154    0.00    0.50    0.00    0.50    21  kondemand/21
03:39:05         3161    0.00    0.50    0.00    0.50    28  kondemand/28
03:39:05         4128    0.00    0.50    0.00    0.50     1  gmond
03:39:05        31219    0.50    1.00    0.00    1.50     5  top
03:39:05        31221    1.00    1.50    0.00    2.50     7  pidstat
03:39:05        31223    0.50    2.00    0.00    2.50    17  pidstat
03:39:05        31232  115.50    0.00    0.00  115.50    23  bt-mz.B.24
03:39:05        31233  105.50    0.00    0.00  105.50     2  bt-mz.B.24
03:39:05        31234  100.50    0.00    0.00  100.50     8  bt-mz.B.24
03:39:05        31235  114.00    0.00    0.00  114.00    11  bt-mz.B.24
03:39:05        31236  108.00    0.00    0.00  108.00    19  bt-mz.B.24
03:39:05        31237  114.00    0.00    0.00  114.00     4  bt-mz.B.24
03:39:05        31238  121.50    0.00    0.00  121.50    15  bt-mz.B.24
03:39:05        31239  112.00    0.00    0.00  112.00     5  bt-mz.B.24
03:39:05        31240  105.50    0.00    0.00  105.50    18  bt-mz.B.24
03:39:05        31241  115.00    0.00    0.00  115.00    30  bt-mz.B.24
03:39:05        31242  122.50    0.00    0.00  122.50    14  bt-mz.B.24
03:39:05        31243  103.00    0.00    0.00  103.00    16  bt-mz.B.24
03:39:05        31244  110.50    0.00    0.00  110.50     7  bt-mz.B.24

03:39:05          PID    %usr %system  %guest    %CPU   CPU  Command
03:39:07          144    0.00    0.50    0.00    0.50    13  events/13
03:39:07        31219    1.00    0.50    0.00    1.50     0  top
03:39:07        31221    0.50    2.00    0.00    2.50     7  pidstat
03:39:07        31223    0.50    2.00    0.00    2.50    17  pidstat
03:39:07        31232  127.00    0.00    0.00  127.00    20  bt-mz.B.24
03:39:07        31233  126.00    0.00    0.00  126.00    19  bt-mz.B.24
03:39:07        31234  126.50    0.00    0.00  126.50    30  bt-mz.B.24
03:39:07        31235  124.50    0.00    0.00  124.50    10  bt-mz.B.24
03:39:07        31236  114.50    0.50    0.00  115.00     0  bt-mz.B.24
03:39:07        31237  110.00    0.00    0.00  110.00     6  bt-mz.B.24
03:39:07        31238  121.50    0.00    0.00  121.50    31  bt-mz.B.24
03:39:07        31239  110.00    0.00    0.00  110.00     6  bt-mz.B.24
03:39:07        31240  124.50    0.00    0.00  124.50    17  bt-mz.B.24
03:39:07        31241  123.00    0.00    0.00  123.00    15  bt-mz.B.24
03:39:07        31242  121.50    0.00    0.00  121.50    15  bt-mz.B.24
03:39:07        31243  101.00    0.00    0.00  101.00     4  bt-mz.B.24
03:39:07        31244  121.00    0.00    0.00  121.00    18  bt-mz.B.24

03:39:07          PID    %usr %system  %guest    %CPU   CPU  Command
03:39:09            4    0.00    0.50    0.00    0.50     0  ksoftirqd/0
03:39:09         3134    0.00    0.50    0.00    0.50     1  kondemand/1
03:39:09         3152    0.00    0.50    0.00    0.50    19  kondemand/19
03:39:09         3160    0.00    0.50    0.00    0.50    27  kondemand/27
03:39:09         3180    0.00    0.50    0.00    0.50    22  kipmi0
03:39:09         4128    0.00    0.50    0.00    0.50     1  gmond
03:39:09        31219    0.50    0.50    0.00    1.00     0  top
03:39:09        31221    1.00    1.50    0.00    2.50     7  pidstat
03:39:09        31223    0.00    1.50    0.00    1.50    17  pidstat
03:39:09        31232  126.00    0.00    0.00  126.00    23  bt-mz.B.24
03:39:09        31233  114.50    0.00    0.00  114.50    17  bt-mz.B.24
03:39:09        31234  132.00    0.00    0.00  132.00    30  bt-mz.B.24
03:39:09        31235  130.00    0.00    0.00  130.00    26  bt-mz.B.24
03:39:09        31236  105.00    0.00    0.00  105.00     5  bt-mz.B.24
03:39:09        31237  113.00    0.00    0.00  113.00    22  bt-mz.B.24
03:39:09        31238  125.50    0.00    0.00  125.50    31  bt-mz.B.24
03:39:09        31239  111.50    0.00    0.00  111.50     4  bt-mz.B.24
03:39:09        31240  115.00    0.50    0.00  115.50     1  bt-mz.B.24
03:39:09        31241  127.50    0.00    0.00  127.50    28  bt-mz.B.24
03:39:09        31242  123.50    0.00    0.00  123.50    15  bt-mz.B.24
03:39:09        31243  116.50    0.00    0.00  116.50     3  bt-mz.B.24
03:39:09        31244  110.50    0.50    0.00  111.00     0  bt-mz.B.24

03:39:09          PID    %usr %system  %guest    %CPU   CPU  Command
03:39:11         3133    0.00    0.50    0.00    0.50     0  kondemand/0
03:39:11         3136    0.00    0.50    0.00    0.50     3  kondemand/3
03:39:11         3163    0.00    0.50    0.00    0.50    30  kondemand/30
03:39:11         3684    0.00    0.50    0.00    0.50     6  snmpd
03:39:11        31219    0.50    1.00    0.00    1.50     0  top
03:39:11        31221    0.50    2.00    0.00    2.50    23  pidstat
03:39:11        31223    1.00    2.50    0.00    3.50    17  pidstat
03:39:11        31232  126.00    0.00    0.00  126.00     3  bt-mz.B.24
03:39:11        31233  115.50    0.00    0.00  115.50    19  bt-mz.B.24
03:39:11        31234  141.00    0.00    0.00  141.00    29  bt-mz.B.24
03:39:11        31235  121.50    0.00    0.00  121.50    25  bt-mz.B.24
03:39:11        31236  121.00    0.00    0.00  121.00     5  bt-mz.B.24
03:39:11        31237  113.50    0.00    0.00  113.50    19  bt-mz.B.24
03:39:11        31238  126.50    0.00    0.00  126.50    10  bt-mz.B.24
03:39:11        31239  110.50    0.00    0.00  110.50     1  bt-mz.B.24
03:39:11        31240  114.00    0.00    0.00  114.00    21  bt-mz.B.24
03:39:11        31241  128.00    0.00    0.00  128.00    12  bt-mz.B.24
03:39:11        31242  131.00    0.00    0.00  131.00    13  bt-mz.B.24
03:39:11        31243  123.50    0.00    0.00  123.50    23  bt-mz.B.24
03:39:11        31244  124.00    0.00    0.00  124.00    16  bt-mz.B.24

03:39:11          PID    %usr %system  %guest    %CPU   CPU  Command
03:39:13         3135    0.00    0.50    0.00    0.50     2  kondemand/2
03:39:13         3149    0.00    0.50    0.00    0.50    16  kondemand/16
03:39:13         3153    0.00    0.50    0.00    0.50    20  kondemand/20
03:39:13         3157    0.00    0.50    0.00    0.50    24  kondemand/24
03:39:13         4128    0.00    0.50    0.00    0.50    17  gmond
03:39:13        31219    0.50    1.00    0.00    1.50     0  top
03:39:13        31221    1.00    1.50    0.00    2.50    23  pidstat
03:39:13        31223    0.00    1.00    0.00    1.00    17  pidstat
03:39:13        31232  123.50    0.00    0.00  123.50    16  bt-mz.B.24
03:39:13        31233  121.00    0.00    0.00  121.00     2  bt-mz.B.24
03:39:13        31234  118.50    0.00    0.00  118.50    12  bt-mz.B.24
03:39:13        31235  126.00    0.00    0.00  126.00     8  bt-mz.B.24
03:39:13        31236  112.50    0.00    0.00  112.50    21  bt-mz.B.24
03:39:13        31237  106.00    0.00    0.00  106.00     3  bt-mz.B.24
03:39:13        31238  118.00    0.00    0.00  118.00     8  bt-mz.B.24
03:39:13        31239  115.00    0.00    0.00  115.00     1  bt-mz.B.24
03:39:13        31240  103.50    0.00    0.00  103.50     7  bt-mz.B.24
03:39:13        31241  124.50    0.00    0.00  124.50    28  bt-mz.B.24
03:39:13        31242  114.00    0.00    0.00  114.00    31  bt-mz.B.24
03:39:13        31243  111.50    0.00    0.00  111.50     6  bt-mz.B.24
03:39:13        31244  109.50    0.00    0.00  109.50    16  bt-mz.B.24

03:39:13          PID    %usr %system  %guest    %CPU   CPU  Command
03:39:15         3150    0.00    0.50    0.00    0.50    17  kondemand/17
03:39:15        31219    0.50    0.50    0.00    1.00     0  top
03:39:15        31221    0.50    2.00    0.00    2.50    23  pidstat
03:39:15        31223    1.00    2.50    0.00    3.50     1  pidstat
03:39:15        31225    0.00    0.50    0.00    0.50    25  iostat
03:39:15        31232  114.00    0.00    0.00  114.00     3  bt-mz.B.24
03:39:15        31233  116.00    0.00    0.00  116.00     6  bt-mz.B.24
03:39:15        31234  121.50    0.00    0.00  121.50    30  bt-mz.B.24
03:39:15        31235  123.00    0.50    0.00  123.50     8  bt-mz.B.24
03:39:15        31236  107.00    0.00    0.00  107.00     7  bt-mz.B.24
03:39:15        31237  111.00    0.00    0.00  111.00    22  bt-mz.B.24
03:39:15        31238  126.00    0.00    0.00  126.00    31  bt-mz.B.24
03:39:15        31239  115.50    0.50    0.00  116.00     0  bt-mz.B.24
03:39:15        31240  117.50    0.00    0.00  117.50    23  bt-mz.B.24
03:39:15        31241  118.50    0.00    0.00  118.50    24  bt-mz.B.24
03:39:15        31242  116.00    0.00    0.00  116.00    27  bt-mz.B.24
03:39:15        31243  112.00    0.00    0.00  112.00    16  bt-mz.B.24
03:39:15        31244  112.00    0.00    0.00  112.00     2  bt-mz.B.24

03:39:15          PID    %usr %system  %guest    %CPU   CPU  Command
03:39:17         3140    0.00    0.50    0.00    0.50     7  kondemand/7
03:39:17         3147    0.00    0.50    0.00    0.50    14  kondemand/14
03:39:17         3164    0.00    0.50    0.00    0.50    31  kondemand/31
03:39:17         4128    0.00    0.50    0.00    0.50     1  gmond
03:39:17        31219    0.50    0.50    0.00    1.00     0  top
03:39:17        31221    0.50    2.00    0.00    2.50     7  pidstat
03:39:17        31223    0.50    2.00    0.00    2.50     1  pidstat
03:39:17        31232  131.00    0.00    0.00  131.00    20  bt-mz.B.24
03:39:17        31233  121.00    0.00    0.00  121.00    21  bt-mz.B.24
03:39:17        31234  137.50    0.00    0.00  137.50    14  bt-mz.B.24
03:39:17        31235  123.00    0.00    0.00  123.00    24  bt-mz.B.24
03:39:17        31236  107.00    0.00    0.00  107.00     0  bt-mz.B.24
03:39:17        31237  112.50    0.00    0.00  112.50    17  bt-mz.B.24
03:39:17        31238  124.00    0.00    0.00  124.00    12  bt-mz.B.24
03:39:17        31239  115.00    0.00    0.00  115.00    16  bt-mz.B.24
03:39:17        31240  113.50    0.00    0.00  113.50    22  bt-mz.B.24
03:39:17        31241  127.50    0.50    0.00  128.00     8  bt-mz.B.24
03:39:17        31242  119.00    0.00    0.00  119.00    10  bt-mz.B.24
03:39:17        31243  107.00    0.00    0.00  107.00    23  bt-mz.B.24
03:39:17        31244  110.00    0.00    0.00  110.00     2  bt-mz.B.24

03:39:17          PID    %usr %system  %guest    %CPU   CPU  Command
03:39:19         3137    0.00    0.50    0.00    0.50     4  kondemand/4
03:39:19         3180    0.00    0.50    0.00    0.50    23  kipmi0
03:39:19         4128    0.00    0.50    0.00    0.50     1  gmond
03:39:19        31219    1.00    0.50    0.00    1.50     0  top
03:39:19        31221    0.50    1.50    0.00    2.00     7  pidstat
03:39:19        31223    1.00    2.00    0.00    3.00    17  pidstat
03:39:19        31232  126.00    0.00    0.00  126.00     3  bt-mz.B.24
03:39:19        31233  124.00    0.00    0.00  124.00     2  bt-mz.B.24
03:39:19        31234  135.00    0.00    0.00  135.00     8  bt-mz.B.24
03:39:19        31235  125.00    0.00    0.00  125.00    31  bt-mz.B.24
03:39:19        31236  120.50    0.00    0.00  120.50     4  bt-mz.B.24
03:39:19        31237  121.00    0.00    0.00  121.00     1  bt-mz.B.24
03:39:19        31238  114.00    0.00    0.00  114.00    30  bt-mz.B.24
03:39:19        31239  112.00    0.00    0.00  112.00    16  bt-mz.B.24
03:39:19        31240  103.50    0.00    0.00  103.50    17  bt-mz.B.24
03:39:19        31241  126.00    0.00    0.00  126.00    12  bt-mz.B.24
03:39:19        31242  125.50    0.00    0.00  125.50    25  bt-mz.B.24
03:39:19        31243  107.50    0.00    0.00  107.50    19  bt-mz.B.24
03:39:19        31244  113.50    0.00    0.00  113.50     0  bt-mz.B.24

03:39:19          PID    %usr %system  %guest    %CPU   CPU  Command
03:39:21         3138    0.00    0.50    0.00    0.50     5  kondemand/5
03:39:21         3139    0.00    0.50    0.00    0.50     6  kondemand/6
03:39:21         3145    0.00    0.50    0.00    0.50    12  kondemand/12
03:39:21         3180    0.00    0.50    0.00    0.50     7  kipmi0
03:39:21        31219    0.50    0.50    0.00    1.00     0  top
03:39:21        31221    0.50    2.00    0.00    2.50    23  pidstat
03:39:21        31223    0.50    1.50    0.00    2.00    17  pidstat
03:39:21        31232  125.50    0.00    0.00  125.50    21  bt-mz.B.24
03:39:21        31233  115.50    0.00    0.00  115.50     5  bt-mz.B.24
03:39:21        31234  125.00    0.00    0.00  125.00    27  bt-mz.B.24
03:39:21        31235  117.50    0.00    0.00  117.50    30  bt-mz.B.24
03:39:21        31236  108.50    0.00    0.00  108.50     0  bt-mz.B.24
03:39:21        31237  111.00    0.00    0.00  111.00    17  bt-mz.B.24
03:39:21        31238  128.00    0.00    0.00  128.00    14  bt-mz.B.24
03:39:21        31239  103.50    0.00    0.00  103.50    16  bt-mz.B.24
03:39:21        31240  106.50    0.00    0.00  106.50    20  bt-mz.B.24
03:39:21        31241  133.50    0.00    0.00  133.50    28  bt-mz.B.24
03:39:21        31242  120.00    0.00    0.00  120.00    29  bt-mz.B.24
03:39:21        31243  122.50    0.50    0.00  123.00    19  bt-mz.B.24
03:39:21        31244  119.50    0.00    0.00  119.50     1  bt-mz.B.24

03:39:21          PID    %usr %system  %guest    %CPU   CPU  Command
03:39:23         3151    0.00    0.50    0.00    0.50    18  kondemand/18
03:39:23         3180    0.00    0.50    0.00    0.50     7  kipmi0
03:39:23         3195    0.50    0.00    0.00    0.50    12  irqbalance
03:39:23         4128    0.50    0.50    0.00    1.00     1  gmond
03:39:23        31219    0.50    0.50    0.00    1.00     0  top
03:39:23        31221    0.50    2.00    0.00    2.50     7  pidstat
03:39:23        31223    0.00    2.00    0.00    2.00    17  pidstat
03:39:23        31232  130.00    0.00    0.00  130.00    17  bt-mz.B.24
03:39:23        31233  115.50    0.00    0.00  115.50    23  bt-mz.B.24
03:39:23        31234  124.00    0.00    0.00  124.00    14  bt-mz.B.24
03:39:23        31235  125.50    0.00    0.00  125.50    24  bt-mz.B.24
03:39:23        31236  119.00    0.00    0.00  119.00     7  bt-mz.B.24
03:39:23        31237  113.50    0.00    0.00  113.50    22  bt-mz.B.24
03:39:23        31238  120.00    0.00    0.00  120.00    29  bt-mz.B.24
03:39:23        31239  120.00    0.00    0.00  120.00     2  bt-mz.B.24
03:39:23        31240  114.00    0.00    0.00  114.00     0  bt-mz.B.24
03:39:23        31241  129.00    0.00    0.00  129.00    11  bt-mz.B.24
03:39:23        31242  133.50    0.00    0.00  133.50    13  bt-mz.B.24
03:39:23        31243  106.00    0.00    0.00  106.00     1  bt-mz.B.24
03:39:23        31244  114.00    0.00    0.00  114.00    21  bt-mz.B.24

03:39:23          PID    %usr %system  %guest    %CPU   CPU  Command
03:39:25         3141    0.00    0.50    0.00    0.50     8  kondemand/8
03:39:25         3142    0.00    0.50    0.00    0.50     9  kondemand/9
03:39:25         3852    0.00    0.50    0.00    0.50    18  pbs_mom
03:39:25        31219    0.50    0.50    0.00    1.00     0  top
03:39:25        31221    0.50    1.50    0.00    2.00     7  pidstat
03:39:25        31223    1.00    1.50    0.00    2.50    17  pidstat
03:39:25        31232  128.00    0.00    0.00  128.00     3  bt-mz.B.24
03:39:25        31233  112.50    0.00    0.00  112.50    18  bt-mz.B.24
03:39:25        31234  133.50    0.00    0.00  133.50     9  bt-mz.B.24
03:39:25        31235  125.00    0.00    0.00  125.00    30  bt-mz.B.24
03:39:25        31236  113.50    0.00    0.00  113.50    19  bt-mz.B.24
03:39:25        31237  112.00    0.00    0.00  112.00    22  bt-mz.B.24
03:39:25        31238  121.50    0.00    0.00  121.50    29  bt-mz.B.24
03:39:25        31239  111.00    0.00    0.00  111.00    17  bt-mz.B.24
03:39:25        31240   96.50    0.00    0.00   96.50     2  bt-mz.B.24
03:39:25        31241  129.50    0.00    0.00  129.50    28  bt-mz.B.24
03:39:25        31242  122.50    0.00    0.00  122.50    11  bt-mz.B.24
03:39:25        31243  115.00    0.00    0.00  115.00     1  bt-mz.B.24
03:39:25        31244  100.00    0.00    0.00  100.00     0  bt-mz.B.24

03:39:25          PID    %usr %system  %guest    %CPU   CPU  Command
03:39:27         3021    0.00    0.50    0.00    0.50    11  flush-8:0
03:39:27         3159    0.00    0.50    0.00    0.50    26  kondemand/26
03:39:27         3162    0.00    0.50    0.00    0.50    29  kondemand/29
03:39:27         3180    0.00    1.00    0.00    1.00    16  kipmi0
03:39:27         3852    0.50    0.50    0.00    1.00    18  pbs_mom
03:39:27         4128    0.00    0.50    0.00    0.50     1  gmond
03:39:27        31219    1.00    1.00    0.00    1.99     0  top
03:39:27        31221    1.00    1.49    0.00    2.49     6  pidstat
03:39:27        31223    0.50    1.99    0.00    2.49    17  pidstat
03:39:27        31232  133.33    0.00    0.00  133.33     3  bt-mz.B.24
03:39:27        31233  120.90    0.00    0.00  120.90     7  bt-mz.B.24
03:39:27        31234  125.87    0.00    0.00  125.87    11  bt-mz.B.24
03:39:27        31235  119.90    0.00    0.00  119.90     9  bt-mz.B.24
03:39:27        31236  125.37    0.00    0.00  125.37    19  bt-mz.B.24
03:39:27        31237  121.39    0.00    0.00  121.39    22  bt-mz.B.24
03:39:27        31238  118.41    0.00    0.00  118.41    13  bt-mz.B.24
03:39:27        31239  106.97    0.50    0.00  107.46    23  bt-mz.B.24
03:39:27        31240  110.95    0.00    0.00  110.95    30  bt-mz.B.24
03:39:27        31241  122.89    0.00    0.00  122.89    25  bt-mz.B.24
03:39:27        31242  122.39    0.00    0.00  122.39    30  bt-mz.B.24
03:39:27        31243  109.95    0.00    0.00  109.95     1  bt-mz.B.24
03:39:27        31244  113.93    0.50    0.00  114.43     0  bt-mz.B.24

03:39:27          PID    %usr %system  %guest    %CPU   CPU  Command
03:39:29         4128    0.00    0.50    0.00    0.50     1  gmond
03:39:29        31219    0.50    0.50    0.00    1.00     0  top
03:39:29        31221    0.50    1.50    0.00    2.00     7  pidstat
03:39:29        31223    1.00    2.00    0.00    3.00    17  pidstat
03:39:29        31232  131.50    0.00    0.00  131.50    21  bt-mz.B.24
03:39:29        31233  122.00    0.50    0.00  122.50     6  bt-mz.B.24
03:39:29        31234  122.50    0.00    0.00  122.50    27  bt-mz.B.24
03:39:29        31235  107.00    0.00    0.00  107.00    10  bt-mz.B.24
03:39:29        31236  117.00    0.00    0.00  117.00    19  bt-mz.B.24
03:39:29        31237  116.50    0.00    0.00  116.50     4  bt-mz.B.24
03:39:29        31238  120.00    0.00    0.00  120.00    13  bt-mz.B.24
03:39:29        31239  113.50    0.00    0.00  113.50    20  bt-mz.B.24
03:39:29        31240  118.50    0.00    0.00  118.50    26  bt-mz.B.24
03:39:29        31241  123.00    0.00    0.00  123.00     8  bt-mz.B.24
03:39:29        31242  111.50    0.00    0.00  111.50    30  bt-mz.B.24
03:39:29        31243  122.50    0.00    0.00  122.50     1  bt-mz.B.24
03:39:29        31244  114.00    0.00    0.00  114.00     5  bt-mz.B.24

03:39:29          PID    %usr %system  %guest    %CPU   CPU  Command
03:39:31         3144    0.00    0.50    0.00    0.50    11  kondemand/11
03:39:31         3148    0.00    0.50    0.00    0.50    15  kondemand/15
03:39:31         3180    0.00    0.50    0.00    0.50     0  kipmi0
03:39:31        31219    0.50    0.50    0.00    1.00     0  top
03:39:31        31221    0.50    2.00    0.00    2.50     6  pidstat
03:39:31        31223    0.50    1.50    0.00    2.00    17  pidstat
03:39:31        31232  133.00    0.00    0.00  133.00    20  bt-mz.B.24
03:39:31        31233  128.50    0.00    0.00  128.50    22  bt-mz.B.24
03:39:31        31234  115.50    0.00    0.00  115.50    31  bt-mz.B.24
03:39:31        31235  127.50    0.00    0.00  127.50    14  bt-mz.B.24
03:39:31        31236  126.50    0.00    0.00  126.50     3  bt-mz.B.24
03:39:31        31237  114.00    0.00    0.00  114.00    23  bt-mz.B.24
03:39:31        31238  123.50    0.00    0.00  123.50    29  bt-mz.B.24
03:39:31        31239  125.00    0.00    0.00  125.00     0  bt-mz.B.24
03:39:31        31240  114.00    0.00    0.00  114.00    26  bt-mz.B.24
03:39:31        31241  125.00    0.00    0.00  125.00     8  bt-mz.B.24
03:39:31        31242  120.50    0.00    0.00  120.50    11  bt-mz.B.24
03:39:31        31243  132.50    0.00    0.00  132.50     1  bt-mz.B.24
03:39:31        31244  119.50    0.00    0.00  119.50     2  bt-mz.B.24

03:39:31          PID    %usr %system  %guest    %CPU   CPU  Command
03:39:33         3021    0.00    0.50    0.00    0.50    11  flush-8:0
03:39:33         3155    0.00    0.50    0.00    0.50    22  kondemand/22
03:39:33         3156    0.00    0.50    0.00    0.50    23  kondemand/23
03:39:33         4128    0.00    0.50    0.00    0.50    17  gmond
03:39:33        31219    0.50    1.00    0.00    1.50     6  top
03:39:33        31221    1.00    1.50    0.00    2.50     4  pidstat
03:39:33        31223    1.00    1.50    0.00    2.50    17  pidstat
03:39:33        31232  135.00    0.00    0.00  135.00     6  bt-mz.B.24
03:39:33        31233  121.50    0.00    0.00  121.50    22  bt-mz.B.24
03:39:33        31234  122.00    0.00    0.00  122.00    15  bt-mz.B.24
03:39:33        31235  120.00    0.00    0.00  120.00    11  bt-mz.B.24
03:39:33        31236  116.00    0.00    0.00  116.00    21  bt-mz.B.24
03:39:33        31237  116.50    0.00    0.00  116.50     0  bt-mz.B.24
03:39:33        31238  107.00    0.00    0.00  107.00     9  bt-mz.B.24
03:39:33        31239  117.50    0.00    0.00  117.50    18  bt-mz.B.24
03:39:33        31240  122.00    0.00    0.00  122.00    12  bt-mz.B.24
03:39:33        31241  115.50    0.00    0.00  115.50    29  bt-mz.B.24
03:39:33        31242  121.00    0.00    0.00  121.00    27  bt-mz.B.24
03:39:33        31243  121.00    0.00    0.00  121.00     3  bt-mz.B.24
03:39:33        31244  117.50    0.00    0.00  117.50     5  bt-mz.B.24

03:39:33          PID    %usr %system  %guest    %CPU   CPU  Command
03:39:35         3133    0.00    0.50    0.00    0.50     0  kondemand/0
03:39:35        31219    1.00    0.50    0.00    1.50     6  top
03:39:35        31221    0.50    1.50    0.00    2.00     4  pidstat
03:39:35        31223    0.50    2.00    0.00    2.50     1  pidstat
03:39:35        31232  122.50    0.00    0.00  122.50     7  bt-mz.B.24
03:39:35        31233  132.00    0.00    0.00  132.00    22  bt-mz.B.24
03:39:35        31234  127.50    0.50    0.00  128.00    11  bt-mz.B.24
03:39:35        31235  120.50    0.00    0.00  120.50    27  bt-mz.B.24
03:39:35        31236  108.50    0.00    0.00  108.50     6  bt-mz.B.24
03:39:35        31237  111.00    0.00    0.00  111.00     6  bt-mz.B.24
03:39:35        31238  120.50    0.00    0.00  120.50     9  bt-mz.B.24
03:39:35        31239  110.50    0.00    0.00  110.50    17  bt-mz.B.24
03:39:35        31240  116.50    0.00    0.00  116.50    12  bt-mz.B.24
03:39:35        31241  116.00    0.00    0.00  116.00    28  bt-mz.B.24
03:39:35        31242  116.00    0.50    0.00  116.50    31  bt-mz.B.24
03:39:35        31243  128.00    0.50    0.00  128.50    19  bt-mz.B.24
03:39:35        31244  124.50    0.00    0.00  124.50     4  bt-mz.B.24

03:39:35          PID    %usr %system  %guest    %CPU   CPU  Command
03:39:37         3134    0.00    0.50    0.00    0.50     1  kondemand/1
03:39:37         3143    0.00    0.50    0.00    0.50    10  kondemand/10
03:39:37         3146    0.00    0.50    0.00    0.50    13  kondemand/13
03:39:37         3154    0.00    0.50    0.00    0.50    21  kondemand/21
03:39:37         3180    0.00    0.50    0.00    0.50     0  kipmi0
03:39:37         4128    0.00    0.50    0.00    0.50    17  gmond
03:39:37        31219    0.50    0.50    0.00    1.00    22  top
03:39:37        31221    1.00    1.00    0.00    2.00    20  pidstat
03:39:37        31223    1.00    1.50    0.00    2.50     1  pidstat
03:39:37        31232  140.50    0.00    0.00  140.50    18  bt-mz.B.24
03:39:37        31233  123.50    0.00    0.00  123.50    16  bt-mz.B.24
03:39:37        31234  116.00    0.00    0.00  116.00    29  bt-mz.B.24
03:39:37        31235  114.50    0.00    0.00  114.50    13  bt-mz.B.24
03:39:37        31236  124.00    0.00    0.00  124.00    19  bt-mz.B.24
03:39:37        31237  118.00    0.00    0.00  118.00    23  bt-mz.B.24
03:39:37        31238  115.50    0.00    0.00  115.50    12  bt-mz.B.24
03:39:37        31239  119.50    0.00    0.00  119.50     2  bt-mz.B.24
03:39:37        31240  116.00    0.00    0.00  116.00    27  bt-mz.B.24
03:39:37        31241  127.00    0.00    0.00  127.00     9  bt-mz.B.24
03:39:37        31242  132.50    0.00    0.00  132.50    31  bt-mz.B.24
03:39:37        31243  121.50    0.00    0.00  121.50    22  bt-mz.B.24
03:39:37        31244  120.50    0.00    0.00  120.50     3  bt-mz.B.24

03:39:37          PID    %usr %system  %guest    %CPU   CPU  Command
03:39:39         3158    0.00    0.50    0.00    0.50    25  kondemand/25
03:39:39         3161    0.00    0.50    0.00    0.50    28  kondemand/28
03:39:39        31219    0.50    0.50    0.00    1.00    22  top
03:39:39        31221    1.00    1.50    0.00    2.50    20  pidstat
03:39:39        31223    0.50    1.50    0.00    2.00     1  pidstat
03:39:39        31228    0.00    0.50    0.00    0.50    29  vmstat
03:39:39        31232  134.00    0.00    0.00  134.00     7  bt-mz.B.24
03:39:39        31233  130.50    0.00    0.00  130.50    17  bt-mz.B.24
03:39:39        31234  131.00    0.00    0.00  131.00     9  bt-mz.B.24
03:39:39        31235  126.50    0.50    0.00  127.00    29  bt-mz.B.24
03:39:39        31236  112.50    0.00    0.00  112.50    18  bt-mz.B.24
03:39:39        31237  127.50    0.00    0.00  127.50    16  bt-mz.B.24
03:39:39        31238  118.00    0.00    0.00  118.00    10  bt-mz.B.24
03:39:39        31239  119.00    0.00    0.00  119.00     5  bt-mz.B.24
03:39:39        31240  109.50    0.00    0.00  109.50    27  bt-mz.B.24
03:39:39        31241  127.50    0.00    0.00  127.50    14  bt-mz.B.24
03:39:39        31242  115.50    0.00    0.00  115.50    28  bt-mz.B.24
03:39:39        31243  120.00    0.00    0.00  120.00     0  bt-mz.B.24
03:39:39        31244  121.00    0.00    0.00  121.00     3  bt-mz.B.24

03:39:39          PID    %usr %system  %guest    %CPU   CPU  Command
03:39:41         3136    0.00    0.50    0.00    0.50     3  kondemand/3
03:39:41         3152    0.00    0.50    0.00    0.50    19  kondemand/19
03:39:41         3684    0.00    0.50    0.00    0.50    22  snmpd
03:39:41         4128    0.00    0.50    0.00    0.50     1  gmond
03:39:41        31219    0.50    0.50    0.00    1.00     6  top
03:39:41        31221    0.50    2.00    0.00    2.50    20  pidstat
03:39:41        31223    0.50    1.50    0.00    2.00     1  pidstat
03:39:41        31225    0.00    0.50    0.00    0.50    25  iostat
03:39:41        31232  134.50    0.00    0.00  134.50    23  bt-mz.B.24
03:39:41        31233  132.00    0.00    0.00  132.00     1  bt-mz.B.24
03:39:41        31234  122.50    0.00    0.00  122.50    24  bt-mz.B.24
03:39:41        31235  111.50    0.00    0.00  111.50    31  bt-mz.B.24
03:39:41        31236  118.00    0.50    0.00  118.50    18  bt-mz.B.24
03:39:41        31237  117.50    0.00    0.00  117.50     0  bt-mz.B.24
03:39:41        31238  123.50    0.00    0.00  123.50    10  bt-mz.B.24
03:39:41        31239  114.50    0.00    0.00  114.50     7  bt-mz.B.24
03:39:41        31240  125.50    0.00    0.00  125.50    27  bt-mz.B.24
03:39:41        31241  117.00    0.00    0.00  117.00    11  bt-mz.B.24
03:39:41        31242  121.50    0.00    0.00  121.50    12  bt-mz.B.24
03:39:41        31243  120.50    0.00    0.00  120.50     5  bt-mz.B.24
03:39:41        31244  124.50    0.00    0.00  124.50    16  bt-mz.B.24

03:39:41          PID    %usr %system  %guest    %CPU   CPU  Command
03:39:43         3149    0.00    0.50    0.00    0.50    16  kondemand/16
03:39:43         3160    0.00    0.50    0.00    0.50    27  kondemand/27
03:39:43         3180    0.00    0.50    0.00    0.50    16  kipmi0
03:39:43         4128    0.50    0.00    0.00    0.50    17  gmond
03:39:43        31219    0.50    1.00    0.00    1.50     6  top
03:39:43        31221    0.50    1.50    0.00    2.00    20  pidstat
03:39:43        31223    1.00    2.50    0.00    3.50     2  pidstat
03:39:43        31232  128.50    0.00    0.00  128.50     0  bt-mz.B.24
03:39:43        31233  123.50    0.00    0.00  123.50    19  bt-mz.B.24
03:39:43        31234  123.00    0.00    0.00  123.00    24  bt-mz.B.24
03:39:43        31235  127.00    0.00    0.00  127.00    31  bt-mz.B.24
03:39:43        31236  120.00    0.00    0.00  120.00     3  bt-mz.B.24
03:39:43        31237  113.50    0.00    0.00  113.50     0  bt-mz.B.24
03:39:43        31238  119.50    0.00    0.00  119.50    13  bt-mz.B.24
03:39:43        31239  111.00    0.00    0.00  111.00    16  bt-mz.B.24
03:39:43        31240  117.00    0.00    0.00  117.00    26  bt-mz.B.24
03:39:43        31241  119.00    0.00    0.00  119.00    30  bt-mz.B.24
03:39:43        31242  115.00    0.00    0.00  115.00    12  bt-mz.B.24
03:39:43        31243  111.00    0.00    0.00  111.00    20  bt-mz.B.24
03:39:43        31244  116.00    0.00    0.00  116.00    17  bt-mz.B.24

03:39:43          PID    %usr %system  %guest    %CPU   CPU  Command
03:39:45         3135    0.00    0.50    0.00    0.50     2  kondemand/2
03:39:45         3140    0.00    0.50    0.00    0.50     7  kondemand/7
03:39:45         3163    0.00    0.50    0.00    0.50    30  kondemand/30
03:39:45         4128    0.00    0.50    0.00    0.50    17  gmond
03:39:45        31219    0.50    0.50    0.00    1.00    22  top
03:39:45        31221    1.00    1.50    0.00    2.50     6  pidstat
03:39:45        31223    0.50    2.00    0.00    2.50     2  pidstat
03:39:45        31232  131.00    0.00    0.00  131.00     0  bt-mz.B.24
03:39:45        31233  119.00    0.00    0.00  119.00     6  bt-mz.B.24
03:39:45        31234  129.00    0.00    0.00  129.00    14  bt-mz.B.24
03:39:45        31235  118.00    0.00    0.00  118.00    24  bt-mz.B.24
03:39:45        31236  119.00    0.00    0.00  119.00    16  bt-mz.B.24
03:39:45        31237  117.50    0.00    0.00  117.50    17  bt-mz.B.24
03:39:45        31238  116.00    0.00    0.00  116.00    25  bt-mz.B.24
03:39:45        31239  122.00    0.00    0.00  122.00     1  bt-mz.B.24
03:39:45        31240  120.00    0.00    0.00  120.00    11  bt-mz.B.24
03:39:45        31241  123.00    0.00    0.00  123.00    25  bt-mz.B.24
03:39:45        31242  121.50    0.00    0.00  121.50    12  bt-mz.B.24
03:39:45        31243  108.50    0.00    0.00  108.50     4  bt-mz.B.24
03:39:45        31244  113.00    0.00    0.00  113.00    23  bt-mz.B.24

03:39:45          PID    %usr %system  %guest    %CPU   CPU  Command
03:39:47         3147    0.00    0.50    0.00    0.50    14  kondemand/14
03:39:47         3150    0.00    0.50    0.00    0.50    17  kondemand/17
03:39:47         3153    0.00    0.50    0.00    0.50    20  kondemand/20
03:39:47         3157    0.00    0.50    0.00    0.50    24  kondemand/24
03:39:47         4128    0.00    0.50    0.00    0.50    17  gmond
03:39:47        31219    1.00    0.50    0.00    1.50    22  top
03:39:47        31221    0.50    1.50    0.00    2.00     5  pidstat
03:39:47        31223    0.00    1.50    0.00    1.50     2  pidstat
03:39:47        31232  128.00    0.50    0.00  128.50     1  bt-mz.B.24
03:39:47        31233  123.50    0.00    0.00  123.50     2  bt-mz.B.24
03:39:47        31234  123.50    0.00    0.00  123.50    26  bt-mz.B.24
03:39:47        31235  121.00    0.00    0.00  121.00    30  bt-mz.B.24
03:39:47        31236  111.50    0.00    0.00  111.50    17  bt-mz.B.24
03:39:47        31237  115.00    0.50    0.00  115.50    21  bt-mz.B.24
03:39:47        31238  118.00    0.00    0.00  118.00    31  bt-mz.B.24
03:39:47        31239  119.00    0.00    0.00  119.00    22  bt-mz.B.24
03:39:47        31240  120.00    0.00    0.00  120.00     9  bt-mz.B.24
03:39:47        31241  108.00    0.00    0.00  108.00    15  bt-mz.B.24
03:39:47        31242  117.00    0.00    0.00  117.00    27  bt-mz.B.24
03:39:47        31243  103.00    0.00    0.00  103.00    17  bt-mz.B.24
03:39:47        31244  124.50    0.00    0.00  124.50     7  bt-mz.B.24

03:39:47          PID    %usr %system  %guest    %CPU   CPU  Command
03:39:49         3137    0.00    0.50    0.00    0.50     4  kondemand/4
03:39:49         3138    0.00    0.50    0.00    0.50     5  kondemand/5
03:39:49        31219    0.50    1.00    0.00    1.50    22  top
03:39:49        31221    1.00    1.50    0.00    2.50     3  pidstat
03:39:49        31223    1.00    2.00    0.00    3.00     2  pidstat
03:39:49        31232  125.00    0.00    0.00  125.00    20  bt-mz.B.24
03:39:49        31233  131.00    0.00    0.00  131.00    16  bt-mz.B.24
03:39:49        31234  114.50    0.00    0.00  114.50    26  bt-mz.B.24
03:39:49        31235  123.00    0.00    0.00  123.00    14  bt-mz.B.24
03:39:49        31236  116.50    0.50    0.00  117.00     1  bt-mz.B.24
03:39:49        31237  128.00    0.00    0.00  128.00    21  bt-mz.B.24
03:39:49        31238  118.00    0.00    0.00  118.00    28  bt-mz.B.24
03:39:49        31239  115.50    0.00    0.00  115.50     0  bt-mz.B.24
03:39:49        31240  113.50    0.50    0.00  114.00    15  bt-mz.B.24
03:39:49        31241  121.00    0.00    0.00  121.00    31  bt-mz.B.24
03:39:49        31242  116.00    0.00    0.00  116.00    30  bt-mz.B.24
03:39:49        31243  115.00    0.00    0.00  115.00    18  bt-mz.B.24
03:39:49        31244  130.00    0.00    0.00  130.00     7  bt-mz.B.24

03:39:49          PID    %usr %system  %guest    %CPU   CPU  Command
03:39:51         3139    0.00    0.50    0.00    0.50     6  kondemand/6
03:39:51         3145    0.00    0.50    0.00    0.50    12  kondemand/12
03:39:51         3180    0.00    0.50    0.00    0.50    16  kipmi0
03:39:51         4128    0.00    0.50    0.00    0.50    17  gmond
03:39:51        31219    0.50    0.50    0.00    1.00     5  top
03:39:51        31221    0.50    1.50    0.00    2.00     7  pidstat
03:39:51        31223    1.00    2.00    0.00    3.00     2  pidstat
03:39:51        31232  131.00    0.00    0.00  131.00     4  bt-mz.B.24
03:39:51        31233  130.50    0.00    0.00  130.50     3  bt-mz.B.24
03:39:51        31234  122.00    0.00    0.00  122.00    14  bt-mz.B.24
03:39:51        31235  115.50    0.00    0.00  115.50    29  bt-mz.B.24
03:39:51        31236  124.00    0.00    0.00  124.00    22  bt-mz.B.24
03:39:51        31237  125.00    0.00    0.00  125.00     5  bt-mz.B.24
03:39:51        31238  110.50    0.00    0.00  110.50    15  bt-mz.B.24
03:39:51        31239  125.00    0.00    0.00  125.00     7  bt-mz.B.24
03:39:51        31240  121.00    0.00    0.00  121.00    29  bt-mz.B.24
03:39:51        31241  116.50    0.00    0.00  116.50    27  bt-mz.B.24
03:39:51        31242  116.50    0.00    0.00  116.50    11  bt-mz.B.24
03:39:51        31243  129.00    0.00    0.00  129.00    18  bt-mz.B.24
03:39:51        31244  117.00    0.00    0.00  117.00     1  bt-mz.B.24

03:39:51          PID    %usr %system  %guest    %CPU   CPU  Command
03:39:53         3164    0.00    0.50    0.00    0.50    31  kondemand/31
03:39:53         3195    0.00    0.50    0.00    0.50    12  irqbalance
03:39:53        31219    1.00    0.50    0.00    1.50    21  top
03:39:53        31221    1.00    1.50    0.00    2.50     5  pidstat
03:39:53        31223    0.50    1.50    0.00    2.00     2  pidstat
03:39:53        31232  132.50    0.00    0.00  132.50     2  bt-mz.B.24
03:39:53        31233  125.50    0.00    0.00  125.50     0  bt-mz.B.24
03:39:53        31234  123.00    0.00    0.00  123.00    30  bt-mz.B.24
03:39:53        31235  122.50    0.00    0.00  122.50    12  bt-mz.B.24
03:39:53        31236  122.50    0.00    0.00  122.50    22  bt-mz.B.24
03:39:53        31237  129.50    0.00    0.00  129.50    21  bt-mz.B.24
03:39:53        31238  111.50    0.00    0.00  111.50    14  bt-mz.B.24
03:39:53        31239  110.00    0.00    0.00  110.00    17  bt-mz.B.24
03:39:53        31240  119.00    0.00    0.00  119.00    12  bt-mz.B.24
03:39:53        31241  119.50    0.00    0.00  119.50    28  bt-mz.B.24
03:39:53        31242  121.50    0.00    0.00  121.50    15  bt-mz.B.24
03:39:53        31243  117.00    0.00    0.00  117.00    16  bt-mz.B.24
03:39:53        31244  116.50    0.00    0.00  116.50    16  bt-mz.B.24

03:39:53          PID    %usr %system  %guest    %CPU   CPU  Command
03:39:55         3141    0.00    0.50    0.00    0.50     8  kondemand/8
03:39:55         3142    0.00    0.50    0.00    0.50     9  kondemand/9
03:39:55         3684    0.50    0.00    0.00    0.50    22  snmpd
03:39:55         4128    0.00    0.50    0.00    0.50     1  gmond
03:39:55        31219    0.50    0.50    0.00    1.00    21  top
03:39:55        31221    0.50    2.00    0.00    2.50     5  pidstat
03:39:55        31223    1.00    1.00    0.00    2.00     2  pidstat
03:39:55        31232  139.50    0.00    0.00  139.50    17  bt-mz.B.24
03:39:55        31233  126.00    0.00    0.00  126.00     2  bt-mz.B.24
03:39:55        31234  122.00    0.00    0.00  122.00    14  bt-mz.B.24
03:39:55        31235  109.50    0.00    0.00  109.50    10  bt-mz.B.24
03:39:55        31236  114.50    0.00    0.00  114.50    23  bt-mz.B.24
03:39:55        31237  113.50    0.00    0.00  113.50    21  bt-mz.B.24
03:39:55        31238  113.00    0.50    0.00  113.50    28  bt-mz.B.24
03:39:55        31239  115.50    0.00    0.00  115.50     7  bt-mz.B.24
03:39:55        31240  104.00    0.00    0.00  104.00    11  bt-mz.B.24
03:39:55        31241  112.50    0.00    0.00  112.50    31  bt-mz.B.24
03:39:55        31242  123.50    0.00    0.00  123.50    29  bt-mz.B.24
03:39:55        31243  121.00    0.50    0.00  121.50    16  bt-mz.B.24
03:39:55        31244  114.00    0.00    0.00  114.00    22  bt-mz.B.24

03:39:55          PID    %usr %system  %guest    %CPU   CPU  Command
03:39:57         3151    0.00    0.50    0.00    0.50    18  kondemand/18
03:39:57         3180    0.00    0.50    0.00    0.50    16  kipmi0
03:39:57         4128    0.00    0.50    0.00    0.50     1  gmond
03:39:57        31219    0.50    0.50    0.00    1.00    21  top
03:39:57        31221    0.50    2.00    0.00    2.50    21  pidstat
03:39:57        31223    0.50    3.00    0.00    3.50     2  pidstat
03:39:57        31224    0.00    0.50    0.00    0.50    11  mpstat
03:39:57        31232  141.00    0.00    0.00  141.00    18  bt-mz.B.24
03:39:57        31233  121.00    0.00    0.00  121.00     7  bt-mz.B.24
03:39:57        31234  121.50    0.00    0.00  121.50    13  bt-mz.B.24
03:39:57        31235  121.50    0.00    0.00  121.50    11  bt-mz.B.24
03:39:57        31236  119.50    0.00    0.00  119.50    20  bt-mz.B.24
03:39:57        31237  118.50    0.00    0.00  118.50    23  bt-mz.B.24
03:39:57        31238  119.00    0.00    0.00  119.00    31  bt-mz.B.24
03:39:57        31239  120.50    0.00    0.00  120.50     1  bt-mz.B.24
03:39:57        31240  129.00    0.00    0.00  129.00    26  bt-mz.B.24
03:39:57        31241  131.50    0.00    0.00  131.50    30  bt-mz.B.24
03:39:57        31242  121.00    0.00    0.00  121.00    28  bt-mz.B.24
03:39:57        31243  115.00    0.00    0.00  115.00     6  bt-mz.B.24
03:39:57        31244  122.50    0.00    0.00  122.50     3  bt-mz.B.24

03:39:57          PID    %usr %system  %guest    %CPU   CPU  Command
03:39:59         3162    0.00    0.50    0.00    0.50    29  kondemand/29
03:39:59        31219    0.50    1.00    0.00    1.50     5  top
03:39:59        31221    0.50    1.50    0.00    2.00    21  pidstat
03:39:59        31223    1.00    1.50    0.00    2.50     2  pidstat
03:39:59        31225    0.00    0.50    0.00    0.50     9  iostat
03:39:59        31232  140.00    0.00    0.00  140.00     5  bt-mz.B.24
03:39:59        31233  126.50    0.00    0.00  126.50     6  bt-mz.B.24
03:39:59        31234  127.50    0.00    0.00  127.50    13  bt-mz.B.24
03:39:59        31235  125.50    0.00    0.00  125.50    11  bt-mz.B.24
03:39:59        31236  118.50    0.00    0.00  118.50     1  bt-mz.B.24
03:39:59        31237  119.00    0.00    0.00  119.00     4  bt-mz.B.24
03:39:59        31238  117.00    0.00    0.00  117.00    14  bt-mz.B.24
03:39:59        31239  114.50    0.00    0.00  114.50    17  bt-mz.B.24
03:39:59        31240  119.50    0.00    0.00  119.50    10  bt-mz.B.24
03:39:59        31241  119.00    0.00    0.00  119.00    30  bt-mz.B.24
03:39:59        31242  123.00    0.00    0.00  123.00    28  bt-mz.B.24
03:39:59        31243  123.00    0.00    0.00  123.00    22  bt-mz.B.24
03:39:59        31244  124.00    0.00    0.00  124.00     0  bt-mz.B.24

03:39:59          PID    %usr %system  %guest    %CPU   CPU  Command
03:40:01         3133    0.00    0.50    0.00    0.50     0  kondemand/0
03:40:01         3144    0.00    0.50    0.00    0.50    11  kondemand/11
03:40:01         3148    0.00    0.50    0.00    0.50    15  kondemand/15
03:40:01         3808    0.50    0.00    0.00    0.50    12  crond
03:40:01         4128    0.50    0.50    0.00    1.00     1  gmond
03:40:01        31219    1.00    0.50    0.00    1.50     5  top
03:40:01        31221    0.50    2.00    0.00    2.50    21  pidstat
03:40:01        31223    0.50    1.00    0.00    1.50     2  pidstat
03:40:01        31232  130.50    0.00    0.00  130.50     2  bt-mz.B.24
03:40:01        31233  109.50    0.00    0.00  109.50    22  bt-mz.B.24
03:40:01        31234  121.00    0.00    0.00  121.00    10  bt-mz.B.24
03:40:01        31235  118.50    0.00    0.00  118.50    25  bt-mz.B.24
03:40:01        31236  120.00    0.00    0.00  120.00     6  bt-mz.B.24
03:40:01        31237  119.50    0.00    0.00  119.50    19  bt-mz.B.24
03:40:01        31238  115.00    0.00    0.00  115.00    11  bt-mz.B.24
03:40:01        31239  114.50    0.00    0.00  114.50     7  bt-mz.B.24
03:40:01        31240  118.50    0.00    0.00  118.50    31  bt-mz.B.24
03:40:01        31241  119.50    0.50    0.00  120.00    27  bt-mz.B.24
03:40:01        31242  120.50    0.00    0.00  120.50    28  bt-mz.B.24
03:40:01        31243  117.00    0.00    0.00  117.00     6  bt-mz.B.24
03:40:01        31244  126.00    0.00    0.00  126.00     0  bt-mz.B.24

03:40:01          PID    %usr %system  %guest    %CPU   CPU  Command
03:40:03           25    0.00    0.50    0.00    0.50     5  ksoftirqd/5
03:40:03         3021    0.00    0.50    0.00    0.50     0  flush-8:0
03:40:03         3159    0.00    0.50    0.00    0.50    26  kondemand/26
03:40:03        31219    0.50    0.50    0.00    1.00     5  top
03:40:03        31221    0.50    2.00    0.00    2.50    21  pidstat
03:40:03        31223    1.00    2.50    0.00    3.50     2  pidstat
03:40:03        31232  136.50    0.00    0.00  136.50    20  bt-mz.B.24
03:40:03        31233  124.50    0.00    0.00  124.50     0  bt-mz.B.24
03:40:03        31234  127.50    0.00    0.00  127.50    10  bt-mz.B.24
03:40:03        31235  119.50    0.00    0.00  119.50    31  bt-mz.B.24
03:40:03        31236  127.00    0.00    0.00  127.00     1  bt-mz.B.24
03:40:03        31237  122.50    0.00    0.00  122.50    22  bt-mz.B.24
03:40:03        31238  121.00    0.00    0.00  121.00    14  bt-mz.B.24
03:40:03        31239  116.50    0.00    0.00  116.50     3  bt-mz.B.24
03:40:03        31240  127.50    0.00    0.00  127.50     9  bt-mz.B.24
03:40:03        31241  117.00    0.00    0.00  117.00    11  bt-mz.B.24
03:40:03        31242  118.00    0.00    0.00  118.00    15  bt-mz.B.24
03:40:03        31243  110.00    0.00    0.00  110.00     6  bt-mz.B.24
03:40:03        31244  121.00    0.00    0.00  121.00    18  bt-mz.B.24

03:40:03          PID    %usr %system  %guest    %CPU   CPU  Command
03:40:05         3156    0.00    0.50    0.00    0.50    23  kondemand/23
03:40:05         3303    0.00    0.50    0.00    0.50    19  rpciod/19
03:40:05         4128    0.00    0.50    0.00    0.50     1  gmond
03:40:05        31219    0.50    0.50    0.00    1.00     5  top
03:40:05        31221    0.50    1.50    0.00    2.00     5  pidstat
03:40:05        31223    0.50    2.00    0.00    2.50     1  pidstat
03:40:05        31232  142.00    0.00    0.00  142.00     4  bt-mz.B.24
03:40:05        31233  131.00    0.00    0.00  131.00    18  bt-mz.B.24
03:40:05        31234  130.00    0.00    0.00  130.00    25  bt-mz.B.24
03:40:05        31235  126.00    0.00    0.00  126.00    11  bt-mz.B.24
03:40:05        31236  123.50    0.00    0.00  123.50    17  bt-mz.B.24
03:40:05        31237  120.00    0.00    0.00  120.00    22  bt-mz.B.24
03:40:05        31238  129.00    0.00    0.00  129.00    26  bt-mz.B.24
03:40:05        31239  120.00    0.00    0.00  120.00    19  bt-mz.B.24
03:40:05        31240  120.50    0.00    0.00  120.50    24  bt-mz.B.24
03:40:05        31241  121.50    0.00    0.00  121.50     9  bt-mz.B.24
03:40:05        31242  117.50    0.50    0.00  118.00    14  bt-mz.B.24
03:40:05        31243  110.00    0.00    0.00  110.00     3  bt-mz.B.24
03:40:05        31244  112.00    0.00    0.00  112.00     7  bt-mz.B.24
03:40:05        31248 3904.50    8.00    0.00 3912.50     2  bt-mz.B.24

03:40:05          PID    %usr %system  %guest    %CPU   CPU  Command
03:40:07         3134    0.00    0.50    0.00    0.50     1  kondemand/1
03:40:07         3146    0.00    0.50    0.00    0.50    13  kondemand/13
03:40:07         3155    0.00    0.50    0.00    0.50    22  kondemand/22
03:40:07        31219    1.00    1.00    0.00    2.00     5  top
03:40:07        31221    0.50    1.50    0.00    2.00     5  pidstat
03:40:07        31223    0.50    1.50    0.00    2.00     4  pidstat
03:40:07        31232  142.50    0.00    0.00  142.50    20  bt-mz.B.24
03:40:07        31233  123.00    0.50    0.00  123.50    18  bt-mz.B.24
03:40:07        31234  119.50    0.00    0.00  119.50    31  bt-mz.B.24
03:40:07        31235  117.50    0.00    0.00  117.50    28  bt-mz.B.24
03:40:07        31236  120.50    0.00    0.00  120.50     6  bt-mz.B.24
03:40:07        31237  122.00    0.00    0.00  122.00    21  bt-mz.B.24
03:40:07        31238  125.50    0.00    0.00  125.50    12  bt-mz.B.24
03:40:07        31239  112.00    0.00    0.00  112.00    17  bt-mz.B.24
03:40:07        31240  117.00    0.00    0.00  117.00    24  bt-mz.B.24
03:40:07        31241  120.50    0.00    0.00  120.50    30  bt-mz.B.24
03:40:07        31242  126.00    0.00    0.00  126.00    13  bt-mz.B.24
03:40:07        31243  119.50    0.00    0.00  119.50     2  bt-mz.B.24
03:40:07        31244  116.00    0.50    0.00  116.50    22  bt-mz.B.24
03:40:07        31248  119.50    0.00    0.00  119.50    19  bt-mz.B.24

03:40:07          PID    %usr %system  %guest    %CPU   CPU  Command
03:40:09         3143    0.00    0.50    0.00    0.50    10  kondemand/10
03:40:09         3154    0.00    0.50    0.00    0.50    21  kondemand/21
03:40:09         4128    0.00    0.50    0.00    0.50     1  gmond
03:40:09        31219    0.50    0.50    0.00    1.00     5  top
03:40:09        31221    0.50    2.00    0.00    2.50    21  pidstat
03:40:09        31223    0.50    1.50    0.00    2.00     4  pidstat
03:40:09        31232  125.50    0.00    0.00  125.50     0  bt-mz.B.24
03:40:09        31233  134.00    0.00    0.00  134.00     6  bt-mz.B.24
03:40:09        31234  132.00    0.00    0.00  132.00    12  bt-mz.B.24
03:40:09        31235  128.50    0.00    0.00  128.50    27  bt-mz.B.24
03:40:09        31236  110.50    0.00    0.00  110.50     2  bt-mz.B.24
03:40:09        31237  125.00    0.00    0.00  125.00     4  bt-mz.B.24
03:40:09        31238  119.00    0.00    0.00  119.00    15  bt-mz.B.24
03:40:09        31239  125.50    0.00    0.00  125.50     1  bt-mz.B.24
03:40:09        31240  121.50    0.00    0.00  121.50    24  bt-mz.B.24
03:40:09        31241  124.00    0.00    0.00  124.00    29  bt-mz.B.24
03:40:09        31242  119.50    0.00    0.00  119.50    28  bt-mz.B.24
03:40:09        31243  116.00    0.00    0.00  116.00    20  bt-mz.B.24
03:40:09        31244  119.00    0.00    0.00  119.00    16  bt-mz.B.24
03:40:09        31248  130.50    0.00    0.00  130.50    19  bt-mz.B.24

03:40:09          PID    %usr %system  %guest    %CPU   CPU  Command
03:40:11         3136    0.00    0.50    0.00    0.50     3  kondemand/3
03:40:11         3158    0.00    0.50    0.00    0.50    25  kondemand/25
03:40:11         3161    0.00    0.50    0.00    0.50    28  kondemand/28
03:40:11         3852    0.50    0.50    0.00    1.00     8  pbs_mom
03:40:11        31219    0.50    1.00    0.00    1.50     5  top
03:40:11        31221    0.50    2.00    0.00    2.50    21  pidstat
03:40:11        31223    1.00    2.00    0.00    3.00     4  pidstat
03:40:11        31232  128.50    0.00    0.00  128.50     0  bt-mz.B.24
03:40:11        31233  117.50    0.00    0.00  117.50    17  bt-mz.B.24
03:40:11        31234  128.50    0.00    0.00  128.50    15  bt-mz.B.24
03:40:11        31235  126.50    0.00    0.00  126.50    12  bt-mz.B.24
03:40:11        31236  120.00    0.00    0.00  120.00    16  bt-mz.B.24
03:40:11        31237  119.50    0.50    0.00  120.00     2  bt-mz.B.24
03:40:11        31238  116.00    0.00    0.00  116.00    24  bt-mz.B.24
03:40:11        31239  116.50    0.00    0.00  116.50    20  bt-mz.B.24
03:40:11        31240  116.50    0.00    0.00  116.50    10  bt-mz.B.24
03:40:11        31241  122.50    0.00    0.00  122.50    28  bt-mz.B.24
03:40:11        31242  125.00    0.00    0.00  125.00    25  bt-mz.B.24
03:40:11        31243  118.50    0.50    0.00  119.00     1  bt-mz.B.24
03:40:11        31244  116.00    0.00    0.00  116.00    20  bt-mz.B.24
03:40:11        31248  126.50    0.00    0.00  126.50    19  bt-mz.B.24

03:40:11          PID    %usr %system  %guest    %CPU   CPU  Command
03:40:13         3135    0.00    0.50    0.00    0.50     2  kondemand/2
03:40:13         3852    0.50    0.00    0.00    0.50     8  pbs_mom
03:40:13         4128    0.00    0.50    0.00    0.50     1  gmond
03:40:13        31219    0.50    0.50    0.00    1.00     5  top
03:40:13        31221    1.00    1.50    0.00    2.50    21  pidstat
03:40:13        31223    0.50    2.00    0.00    2.50     4  pidstat
03:40:13        31232  133.00    0.00    0.00  133.00     3  bt-mz.B.24
03:40:13        31233  121.00    0.00    0.00  121.00    16  bt-mz.B.24
03:40:13        31234  125.50    0.00    0.00  125.50    31  bt-mz.B.24
03:40:13        31235  117.50    0.50    0.00  118.00     9  bt-mz.B.24
03:40:13        31236  121.00    0.00    0.00  121.00    17  bt-mz.B.24
03:40:13        31237  123.50    0.00    0.00  123.50     2  bt-mz.B.24
03:40:13        31238  118.00    0.00    0.00  118.00    27  bt-mz.B.24
03:40:13        31239  113.00    0.00    0.00  113.00    18  bt-mz.B.24
03:40:13        31240  118.50    0.50    0.00  119.00    14  bt-mz.B.24
03:40:13        31241  127.00    0.00    0.00  127.00    11  bt-mz.B.24
03:40:13        31242  125.50    0.00    0.00  125.50    24  bt-mz.B.24
03:40:13        31243  131.50    0.00    0.00  131.50    23  bt-mz.B.24
03:40:13        31244  125.50    0.00    0.00  125.50     4  bt-mz.B.24
03:40:13        31248  110.00    0.00    0.00  110.00     6  bt-mz.B.24

03:40:13          PID    %usr %system  %guest    %CPU   CPU  Command
03:40:15         3137    0.00    0.50    0.00    0.50     4  kondemand/4
03:40:15         3140    0.00    0.50    0.00    0.50     7  kondemand/7
03:40:15         3147    0.00    0.50    0.00    0.50    14  kondemand/14
03:40:15         3149    0.00    0.50    0.00    0.50    16  kondemand/16
03:40:15         3152    0.00    0.50    0.00    0.50    19  kondemand/19
03:40:15         3160    0.00    0.50    0.00    0.50    27  kondemand/27
03:40:15         3180    0.00    0.50    0.00    0.50    16  kipmi0
03:40:15         4128    0.50    0.00    0.00    0.50     1  gmond
03:40:15        31219    0.50    1.00    0.00    1.50    21  top
03:40:15        31221    0.50    1.50    0.00    2.00    21  pidstat
03:40:15        31223    1.00    2.00    0.00    3.00     4  pidstat
03:40:15        31232  143.00    0.00    0.00  143.00    23  bt-mz.B.24
03:40:15        31233  130.00    0.00    0.00  130.00     2  bt-mz.B.24
03:40:15        31234  131.50    0.00    0.00  131.50    11  bt-mz.B.24
03:40:15        31235  135.00    0.00    0.00  135.00    29  bt-mz.B.24
03:40:15        31236  124.00    0.00    0.00  124.00    17  bt-mz.B.24
03:40:15        31237  114.50    0.00    0.00  114.50     6  bt-mz.B.24
03:40:15        31238  125.00    0.00    0.00  125.00     9  bt-mz.B.24
03:40:15        31239  132.00    0.50    0.00  132.50    22  bt-mz.B.24
03:40:15        31240  119.50    0.00    0.00  119.50    27  bt-mz.B.24
03:40:15        31241  115.50    0.00    0.00  115.50     9  bt-mz.B.24
03:40:15        31242  122.50    0.00    0.00  122.50    30  bt-mz.B.24
03:40:15        31243  118.00    0.00    0.00  118.00     5  bt-mz.B.24
03:40:15        31244  126.00    0.00    0.00  126.00     3  bt-mz.B.24
03:40:15        31248  133.00    0.00    0.00  133.00    16  bt-mz.B.24

03:40:15          PID    %usr %system  %guest    %CPU   CPU  Command
03:40:17          150    0.00    0.50    0.00    0.50    19  events/19
03:40:17         3138    0.00    0.50    0.00    0.50     5  kondemand/5
03:40:17         3150    0.00    0.50    0.00    0.50    17  kondemand/17
03:40:17         3153    0.00    0.50    0.00    0.50    20  kondemand/20
03:40:17         3163    0.00    0.50    0.00    0.50    30  kondemand/30
03:40:17         3180    0.00    1.00    0.00    1.00     0  kipmi0
03:40:17         4128    0.00    0.50    0.00    0.50     1  gmond
03:40:17        31219    0.50    0.50    0.00    1.00    21  top
03:40:17        31221    1.00    2.00    0.00    3.00     5  pidstat
03:40:17        31223    0.50    2.00    0.00    2.50    20  pidstat
03:40:17        31232  131.50    0.00    0.00  131.50     5  bt-mz.B.24
03:40:17        31233  128.00    0.00    0.00  128.00    16  bt-mz.B.24
03:40:17        31234  128.00    0.00    0.00  128.00    13  bt-mz.B.24
03:40:17        31235  113.50    0.00    0.00  113.50    29  bt-mz.B.24
03:40:17        31236  110.50    0.00    0.00  110.50    17  bt-mz.B.24
03:40:17        31237  116.00    0.00    0.00  116.00    18  bt-mz.B.24
03:40:17        31238  115.50    0.00    0.00  115.50    24  bt-mz.B.24
03:40:17        31239  117.00    0.00    0.00  117.00     3  bt-mz.B.24
03:40:17        31240  118.50    0.00    0.00  118.50    11  bt-mz.B.24
03:40:17        31241  120.00    0.00    0.00  120.00    30  bt-mz.B.24
03:40:17        31242  118.00    0.00    0.00  118.00    14  bt-mz.B.24
03:40:17        31243  123.50    0.00    0.00  123.50    21  bt-mz.B.24
03:40:17        31244  122.50    0.00    0.00  122.50     1  bt-mz.B.24
03:40:17        31248  126.50    0.00    0.00  126.50     6  bt-mz.B.24

03:40:17          PID    %usr %system  %guest    %CPU   CPU  Command
03:40:19         3139    0.00    0.50    0.00    0.50     6  kondemand/6
03:40:19         3145    0.00    0.50    0.00    0.50    12  kondemand/12
03:40:19         3157    0.00    0.50    0.00    0.50    24  kondemand/24
03:40:19        31219    0.50    1.00    0.00    1.50    21  top
03:40:19        31221    0.50    2.00    0.00    2.50    21  pidstat
03:40:19        31223    0.00    1.00    0.00    1.00     4  pidstat
03:40:19        31232  120.00    0.00    0.00  120.00     2  bt-mz.B.24
03:40:19        31233  120.50    0.00    0.00  120.50    16  bt-mz.B.24
03:40:19        31234  113.50    0.00    0.00  113.50    31  bt-mz.B.24
03:40:19        31235  115.50    0.00    0.00  115.50    31  bt-mz.B.24
03:40:19        31236  118.00    0.50    0.00  118.50    17  bt-mz.B.24
03:40:19        31237  104.00    0.00    0.00  104.00    19  bt-mz.B.24
03:40:19        31238  120.00    0.00    0.00  120.00    11  bt-mz.B.24
03:40:19        31239  117.00    0.00    0.00  117.00    20  bt-mz.B.24
03:40:19        31240  119.00    0.00    0.00  119.00    11  bt-mz.B.24
03:40:19        31241  118.00    0.50    0.00  118.50    10  bt-mz.B.24
03:40:19        31242  121.00    0.00    0.00  121.00    30  bt-mz.B.24
03:40:19        31243  122.00    0.00    0.00  122.00     5  bt-mz.B.24
03:40:19        31244  112.50    0.00    0.00  112.50     1  bt-mz.B.24
03:40:19        31248  118.50    0.00    0.00  118.50     6  bt-mz.B.24
