Linux 2.6.32-279.14.1.el6.x86_64 (compute-662-5.local) 	04/21/20 	_x86_64_	(48 CPU)

02:21:36          PID    %usr %system  %guest    %CPU   CPU  Command
02:21:38           13    0.00    0.49    0.00    0.49     2  ksoftirqd/2
02:21:38          189    0.00    0.49    0.00    0.49    46  ksoftirqd/46
02:21:38         4126    0.00    0.49    0.00    0.49    15  kondemand/15
02:21:38         4134    0.00    0.49    0.00    0.49    23  kondemand/23
02:21:38         4147    0.00    0.49    0.00    0.49    36  kondemand/36
02:21:38         4174    0.00    0.49    0.00    0.49    24  kipmi0
02:21:38         4694    0.00    0.49    0.00    0.49    10  snmpd
02:21:38        35593    3.41    1.95    0.00    5.37    24  mpirun
02:21:38        35599    0.49    0.98    0.00    1.46     5  top
02:21:38        35601    0.49    2.93    0.00    3.41     1  pidstat
02:21:38        35603    0.98    1.95    0.00    2.93     4  pidstat
02:21:38        35613  167.80    6.83    0.00  174.63     0  bt-mz.B.24
02:21:38        35614  155.61    6.34    0.00  161.95    12  bt-mz.B.24
02:21:38        35615  151.71    6.83    0.00  158.54    25  bt-mz.B.24
02:21:38        35616  146.83    7.32    0.00  154.15    37  bt-mz.B.24
02:21:38        35617  146.83    7.80    0.00  154.63    26  bt-mz.B.24
02:21:38        35618  146.83    6.83    0.00  153.66    14  bt-mz.B.24
02:21:38        35619  145.85    6.83    0.00  152.68    27  bt-mz.B.24
02:21:38        35620  144.88    6.83    0.00  151.71    39  bt-mz.B.24
02:21:38        35621  143.90    7.32    0.00  151.22    28  bt-mz.B.24
02:21:38        35622  148.29    6.83    0.00  155.12    40  bt-mz.B.24
02:21:38        35625  145.37    7.32    0.00  152.68     5  bt-mz.B.24

02:21:38          PID    %usr %system  %guest    %CPU   CPU  Command
02:21:40         4111    0.00    0.50    0.00    0.50     0  kondemand/0
02:21:40         4115    0.00    0.50    0.00    0.50     4  kondemand/4
02:21:40         4121    0.00    0.50    0.00    0.50    10  kondemand/10
02:21:40         4122    0.00    0.50    0.00    0.50    11  kondemand/11
02:21:40         4123    0.00    0.50    0.00    0.50    12  kondemand/12
02:21:40         4142    0.00    0.50    0.00    0.50    31  kondemand/31
02:21:40         4145    0.00    0.50    0.00    0.50    34  kondemand/34
02:21:40        23393    1.00    0.00    0.00    1.00    15  gmond
02:21:40        35599    1.00    1.00    0.00    2.00     5  top
02:21:40        35601    1.00    3.00    0.00    4.00    25  pidstat
02:21:40        35603    1.50    3.50    0.00    5.00     4  pidstat
02:21:40        35613  196.00    0.00    0.00  196.00     0  bt-mz.B.24
02:21:40        35614  180.50    0.00    0.00  180.50    12  bt-mz.B.24
02:21:40        35615  178.00    0.00    0.00  178.00     1  bt-mz.B.24
02:21:40        35616  171.00    0.00    0.00  171.00    37  bt-mz.B.24
02:21:40        35617  172.00    0.00    0.00  172.00    26  bt-mz.B.24
02:21:40        35618  171.00    0.00    0.00  171.00    14  bt-mz.B.24
02:21:40        35619  170.00    0.00    0.00  170.00    27  bt-mz.B.24
02:21:40        35620  168.50    0.00    0.00  168.50    39  bt-mz.B.24
02:21:40        35621  167.00    0.00    0.00  167.00    28  bt-mz.B.24
02:21:40        35622  172.50    0.00    0.00  172.50    40  bt-mz.B.24
02:21:40        35625  169.50    0.00    0.00  169.50     5  bt-mz.B.24

02:21:40          PID    %usr %system  %guest    %CPU   CPU  Command
02:21:42         4112    0.00    0.50    0.00    0.50     1  kondemand/1
02:21:42         4116    0.00    0.50    0.00    0.50     5  kondemand/5
02:21:42         4124    0.00    0.50    0.00    0.50    13  kondemand/13
02:21:42         4127    0.00    0.50    0.00    0.50    16  kondemand/16
02:21:42         4140    0.00    0.50    0.00    0.50    29  kondemand/29
02:21:42         4148    0.00    0.50    0.00    0.50    37  kondemand/37
02:21:42        35599    1.00    1.00    0.00    2.00     5  top
02:21:42        35601    1.50    2.50    0.00    4.00     1  pidstat
02:21:42        35603    1.00    2.00    0.00    3.00    28  pidstat
02:21:42        35613  197.50    0.00    0.00  197.50     0  bt-mz.B.24
02:21:42        35614  183.50    0.00    0.00  183.50    12  bt-mz.B.24
02:21:42        35615  180.50    0.00    0.00  180.50    25  bt-mz.B.24
02:21:42        35616  172.50    0.00    0.00  172.50    37  bt-mz.B.24
02:21:42        35617  173.50    0.00    0.00  173.50    26  bt-mz.B.24
02:21:42        35618  173.00    0.00    0.00  173.00    14  bt-mz.B.24
02:21:42        35619  171.00    0.00    0.00  171.00    27  bt-mz.B.24
02:21:42        35620  170.00    0.00    0.00  170.00    39  bt-mz.B.24
02:21:42        35621  170.50    0.00    0.00  170.50     4  bt-mz.B.24
02:21:42        35622  174.00    0.00    0.00  174.00    40  bt-mz.B.24
02:21:42        35625  171.00    0.00    0.00  171.00     5  bt-mz.B.24

02:21:42          PID    %usr %system  %guest    %CPU   CPU  Command
02:21:44         4117    0.00    0.50    0.00    0.50     6  kondemand/6
02:21:44         4129    0.00    0.50    0.00    0.50    18  kondemand/18
02:21:44         4133    0.00    0.50    0.00    0.50    22  kondemand/22
02:21:44         4137    0.00    0.50    0.00    0.50    26  kondemand/26
02:21:44         4149    0.00    0.50    0.00    0.50    38  kondemand/38
02:21:44         4152    0.00    0.50    0.00    0.50    41  kondemand/41
02:21:44         4174    0.00    0.50    0.00    0.50    24  kipmi0
02:21:44         4694    0.00    0.50    0.00    0.50    10  snmpd
02:21:44        23393    1.00    0.00    0.00    1.00    15  gmond
02:21:44        35599    1.00    1.00    0.00    2.00     5  top
02:21:44        35601    1.00    2.50    0.00    3.50     1  pidstat
02:21:44        35603    0.50    3.50    0.00    4.00    28  pidstat
02:21:44        35613  196.00    0.00    0.00  196.00     0  bt-mz.B.24
02:21:44        35614  179.00    0.00    0.00  179.00    12  bt-mz.B.24
02:21:44        35615  178.50    0.00    0.00  178.50    25  bt-mz.B.24
02:21:44        35616  170.50    0.00    0.00  170.50    37  bt-mz.B.24
02:21:44        35617  171.50    0.00    0.00  171.50    26  bt-mz.B.24
02:21:44        35618  170.50    0.00    0.00  170.50    14  bt-mz.B.24
02:21:44        35619  169.50    0.00    0.00  169.50    27  bt-mz.B.24
02:21:44        35620  168.00    0.00    0.00  168.00    39  bt-mz.B.24
02:21:44        35621  167.00    0.50    0.00  167.50     4  bt-mz.B.24
02:21:44        35622  172.00    0.00    0.00  172.00    40  bt-mz.B.24
02:21:44        35625  169.00    0.00    0.00  169.00     5  bt-mz.B.24

02:21:44          PID    %usr %system  %guest    %CPU   CPU  Command
02:21:46         4113    0.00    0.50    0.00    0.50     2  kondemand/2
02:21:46         4114    0.00    0.50    0.00    0.50     3  kondemand/3
02:21:46         4118    0.00    0.50    0.00    0.50     7  kondemand/7
02:21:46         4128    0.00    0.50    0.00    0.50    17  kondemand/17
02:21:46         4132    0.00    0.50    0.00    0.50    21  kondemand/21
02:21:46         4136    0.00    0.50    0.00    0.50    25  kondemand/25
02:21:46         4138    0.00    0.50    0.00    0.50    27  kondemand/27
02:21:46         4139    0.00    0.50    0.00    0.50    28  kondemand/28
02:21:46        23393    0.50    0.00    0.00    0.50    15  gmond
02:21:46        35599    1.00    0.50    0.00    1.50     5  top
02:21:46        35601    1.00    2.50    0.00    3.50     1  pidstat
02:21:46        35603    0.50    2.50    0.00    3.00    28  pidstat
02:21:46        35613  198.00    0.00    0.00  198.00     0  bt-mz.B.24
02:21:46        35614  182.50    0.00    0.00  182.50    12  bt-mz.B.24
02:21:46        35615  179.50    0.00    0.00  179.50    25  bt-mz.B.24
02:21:46        35616  172.50    0.00    0.00  172.50    37  bt-mz.B.24
02:21:46        35617  173.50    0.00    0.00  173.50    26  bt-mz.B.24
02:21:46        35618  172.50    0.00    0.00  172.50    14  bt-mz.B.24
02:21:46        35619  171.50    0.00    0.00  171.50    27  bt-mz.B.24
02:21:46        35620  170.00    0.00    0.00  170.00    39  bt-mz.B.24
02:21:46        35621  170.50    0.00    0.00  170.50     4  bt-mz.B.24
02:21:46        35622  174.00    0.00    0.00  174.00    40  bt-mz.B.24
02:21:46        35625  171.00    0.00    0.00  171.00     5  bt-mz.B.24
