Linux 2.6.32-279.14.1.el6.x86_64 (compute-641-14.local) 	04/21/20 	_x86_64_	(32 CPU)

03:28:48     CPU    %usr   %nice    %sys %iowait    %irq   %soft  %steal  %guest   %idle
03:28:50     all   57.21    0.00    5.20    0.00    0.00    0.06    0.00    0.00   37.53
03:28:52     all   77.64    0.00    0.19    0.00    0.00    0.00    0.00    0.00   22.18
03:28:54     all   82.32    0.00    0.20    0.02    0.00    0.00    0.00    0.00   17.47
03:28:56     all   83.48    0.00    0.17    0.00    0.00    0.00    0.00    0.00   16.34
03:28:58     all   82.24    0.00    0.17    0.00    0.00    0.00    0.00    0.00   17.59
03:29:00     all   83.12    0.00    0.17    0.00    0.00    0.00    0.00    0.00   16.71
03:29:02     all   82.18    0.00    0.17    0.00    0.00    0.00    0.00    0.00   17.64
03:29:04     all   81.76    0.00    0.17    0.00    0.00    0.00    0.00    0.00   18.07
03:29:06     all   80.08    0.00    0.19    0.00    0.00    0.00    0.00    0.00   19.74
03:29:08     all   81.74    0.00    0.22    0.00    0.00    0.00    0.00    0.00   18.04
03:29:10     all   80.84    0.00    0.17    0.00    0.00    0.00    0.00    0.00   18.99
03:29:12     all   82.76    0.00    0.17    0.00    0.00    0.00    0.00    0.00   17.07
03:29:14     all   81.51    0.00    0.19    0.00    0.00    0.00    0.00    0.00   18.30
03:29:16     all   81.71    0.00    0.19    0.00    0.00    0.00    0.00    0.00   18.10
03:29:18     all   82.18    0.00    0.16    0.00    0.00    0.00    0.00    0.00   17.67
03:29:20     all   80.20    0.00    0.17    0.00    0.00    0.00    0.00    0.00   19.63
03:29:22     all   80.34    0.00    0.23    0.00    0.00    0.02    0.00    0.00   19.41
03:29:24     all   83.57    0.00    0.19    0.00    0.00    0.00    0.00    0.00   16.24
03:29:26     all   80.90    0.00    0.17    0.00    0.00    0.00    0.00    0.00   18.93
03:29:28     all   80.38    0.00    0.19    0.00    0.00    0.00    0.00    0.00   19.43
03:29:30     all   80.68    0.00    0.17    0.00    0.00    0.00    0.00    0.00   19.15
03:29:32     all   82.07    0.00    0.19    0.00    0.00    0.00    0.00    0.00   17.74
03:29:34     all   82.01    0.00    0.16    0.02    0.00    0.00    0.00    0.00   17.82
03:29:36     all   82.08    0.00    0.20    0.00    0.00    0.00    0.00    0.00   17.72
