Linux 2.6.32-279.14.1.el6.x86_64 (compute-641-14.local) 	04/21/20 	_x86_64_	(32 CPU)

02:50:25          PID    %usr %system  %guest    %CPU   CPU  Command
02:50:27           13    0.00    0.49    0.00    0.49     2  ksoftirqd/2
02:50:27          121    0.00    0.49    0.00    0.49    29  ksoftirqd/29
02:50:27         3133    0.00    0.49    0.00    0.49     0  kondemand/0
02:50:27         3151    0.00    0.49    0.00    0.49    18  kondemand/18
02:50:27         3180    0.00    0.49    0.00    0.49     9  kipmi0
02:50:27         3684    0.00    0.49    0.00    0.49    22  snmpd
02:50:27         3852    0.00    0.49    0.00    0.49     8  pbs_mom
02:50:27         4128    0.00    0.49    0.00    0.49    17  gmond
02:50:27        21555    2.96    1.97    0.00    4.93    24  mpirun
02:50:27        21561    0.49    0.49    0.00    0.99     0  top
02:50:27        21563    0.49    1.48    0.00    1.97    22  pidstat
02:50:27        21565    0.49    2.46    0.00    2.96    26  pidstat
02:50:27        21574   96.06    5.91    0.00  101.97     2  bt-mz.B.24
02:50:27        21575  102.46    5.42    0.00  107.88    28  bt-mz.B.24
02:50:27        21576  101.97    4.93    0.00  106.90    27  bt-mz.B.24
02:50:27        21577   97.54    4.93    0.00  102.46     8  bt-mz.B.24
02:50:27        21578   88.67    5.42    0.00   94.09     6  bt-mz.B.24
02:50:27        21579   86.70    6.90    0.00   93.60    16  bt-mz.B.24
02:50:27        21580   79.31    5.42    0.00   84.73    22  bt-mz.B.24
02:50:27        21581   78.82    4.93    0.00   83.74     4  bt-mz.B.24
02:50:27        21582  101.97    4.43    0.00  106.40    12  bt-mz.B.24
02:50:27        21583   93.60    5.42    0.00   99.01    24  bt-mz.B.24
02:50:27        21584   81.77    5.42    0.00   87.19    20  bt-mz.B.24
02:50:27        21585   87.19    5.42    0.00   92.61     1  bt-mz.B.24
02:50:27        21586   83.74    3.94    0.00   87.68     0  bt-mz.B.24

02:50:27          PID    %usr %system  %guest    %CPU   CPU  Command
02:50:29         3162    0.00    0.50    0.00    0.50    29  kondemand/29
02:50:29         3180    0.00    0.50    0.00    0.50     9  kipmi0
02:50:29         4128    0.50    0.50    0.00    1.00     1  gmond
02:50:29        21561    0.50    1.00    0.00    1.50     0  top
02:50:29        21563    0.50    2.00    0.00    2.50     0  pidstat
02:50:29        21565    0.50    1.50    0.00    2.00    26  pidstat
02:50:29        21574  131.00    0.00    0.00  131.00     5  bt-mz.B.24
02:50:29        21575  125.50    0.00    0.00  125.50    14  bt-mz.B.24
02:50:29        21576  126.50    0.00    0.00  126.50    11  bt-mz.B.24
02:50:29        21577  118.00    0.00    0.00  118.00    24  bt-mz.B.24
02:50:29        21578  115.50    0.00    0.00  115.50    17  bt-mz.B.24
02:50:29        21579  111.00    0.00    0.00  111.00     1  bt-mz.B.24
02:50:29        21580  111.00    0.00    0.00  111.00    22  bt-mz.B.24
02:50:29        21581  119.50    0.00    0.00  119.50    20  bt-mz.B.24
02:50:29        21582  107.00    0.00    0.00  107.00    30  bt-mz.B.24
02:50:29        21583  125.00    0.00    0.00  125.00    10  bt-mz.B.24
02:50:29        21584  114.50    0.00    0.00  114.50     4  bt-mz.B.24
02:50:29        21585  113.00    0.00    0.00  113.00    12  bt-mz.B.24
02:50:29        21586  112.00    0.00    0.00  112.00    21  bt-mz.B.24

02:50:29          PID    %usr %system  %guest    %CPU   CPU  Command
02:50:31         3137    0.00    0.50    0.00    0.50     4  kondemand/4
02:50:31         3138    0.00    0.50    0.00    0.50     5  kondemand/5
02:50:31         3153    0.00    0.50    0.00    0.50    20  kondemand/20
02:50:31         3154    0.00    0.50    0.00    0.50    21  kondemand/21
02:50:31        21561    0.50    0.50    0.00    1.00     0  top
02:50:31        21563    1.00    2.00    0.00    3.00     0  pidstat
02:50:31        21565    1.00    2.00    0.00    3.00    26  pidstat
02:50:31        21574  127.00    0.00    0.00  127.00    17  bt-mz.B.24
02:50:31        21575  127.50    0.00    0.00  127.50     8  bt-mz.B.24
02:50:31        21576  135.00    0.00    0.00  135.00    28  bt-mz.B.24
02:50:31        21577  116.50    0.00    0.00  116.50    11  bt-mz.B.24
02:50:31        21578  117.50    0.00    0.00  117.50    18  bt-mz.B.24
02:50:31        21579  117.50    0.00    0.00  117.50     4  bt-mz.B.24
02:50:31        21580  117.00    0.00    0.00  117.00    16  bt-mz.B.24
02:50:31        21581  116.50    0.00    0.00  116.50     4  bt-mz.B.24
02:50:31        21582  123.50    0.00    0.00  123.50    25  bt-mz.B.24
02:50:31        21583  124.50    0.00    0.00  124.50    10  bt-mz.B.24
02:50:31        21584  123.00    0.00    0.00  123.00    16  bt-mz.B.24
02:50:31        21585  119.00    0.00    0.00  119.00    13  bt-mz.B.24
02:50:31        21586  124.50    0.00    0.00  124.50    17  bt-mz.B.24

02:50:31          PID    %usr %system  %guest    %CPU   CPU  Command
02:50:33         3150    0.00    0.50    0.00    0.50    17  kondemand/17
02:50:33         3163    0.00    0.50    0.00    0.50    30  kondemand/30
02:50:33         3195    0.00    0.50    0.00    0.50    28  irqbalance
02:50:33         4128    0.00    0.50    0.00    0.50     1  gmond
02:50:33        21561    0.50    1.00    0.00    1.50     0  top
02:50:33        21563    0.50    1.50    0.00    2.00     0  pidstat
02:50:33        21565    0.50    1.50    0.00    2.00    26  pidstat
02:50:33        21574  122.50    0.00    0.00  122.50     2  bt-mz.B.24
02:50:33        21575  122.00    0.00    0.00  122.00    30  bt-mz.B.24
02:50:33        21576  116.50    0.00    0.00  116.50    27  bt-mz.B.24
02:50:33        21577  119.50    0.00    0.00  119.50    31  bt-mz.B.24
02:50:33        21578  115.00    0.00    0.00  115.00     7  bt-mz.B.24
02:50:33        21579  114.00    0.00    0.00  114.00    18  bt-mz.B.24
02:50:33        21580  118.00    0.50    0.00  118.50     4  bt-mz.B.24
02:50:33        21581  117.00    0.00    0.00  117.00     6  bt-mz.B.24
02:50:33        21582  122.50    0.00    0.00  122.50    25  bt-mz.B.24
02:50:33        21583  122.00    0.00    0.00  122.00    10  bt-mz.B.24
02:50:33        21584  121.50    0.00    0.00  121.50    20  bt-mz.B.24
02:50:33        21585  118.50    0.50    0.00  119.00    29  bt-mz.B.24
02:50:33        21586  121.50    0.00    0.00  121.50     1  bt-mz.B.24

02:50:33          PID    %usr %system  %guest    %CPU   CPU  Command
02:50:35         3141    0.00    0.50    0.00    0.50     8  kondemand/8
02:50:35         3144    0.00    0.50    0.00    0.50    11  kondemand/11
02:50:35         3158    0.00    0.50    0.00    0.50    25  kondemand/25
02:50:35         4128    0.00    0.50    0.00    0.50     1  gmond
02:50:35        21561    0.50    0.50    0.00    1.00     0  top
02:50:35        21563    0.50    2.00    0.00    2.50    16  pidstat
02:50:35        21565    0.50    2.00    0.00    2.50    26  pidstat
02:50:35        21574  147.00    0.00    0.00  147.00     3  bt-mz.B.24
02:50:35        21575  124.50    0.00    0.00  124.50    10  bt-mz.B.24
02:50:35        21576  126.00    0.50    0.00  126.50    14  bt-mz.B.24
02:50:35        21577  129.00    0.00    0.00  129.00    31  bt-mz.B.24
02:50:35        21578  121.50    0.00    0.00  121.50     7  bt-mz.B.24
02:50:35        21579  119.00    0.00    0.00  119.00     5  bt-mz.B.24
02:50:35        21580  122.00    0.00    0.00  122.00    17  bt-mz.B.24
02:50:35        21581  118.50    0.00    0.00  118.50    20  bt-mz.B.24
02:50:35        21582  126.50    0.00    0.00  126.50    13  bt-mz.B.24
02:50:35        21583  120.00    0.00    0.00  120.00    24  bt-mz.B.24
02:50:35        21584  123.50    0.00    0.00  123.50    20  bt-mz.B.24
02:50:35        21585  135.50    0.00    0.00  135.50    15  bt-mz.B.24
02:50:35        21586  121.00    0.00    0.00  121.00     6  bt-mz.B.24

02:50:35          PID    %usr %system  %guest    %CPU   CPU  Command
02:50:37         3134    0.00    0.50    0.00    0.50     1  kondemand/1
02:50:37         3136    0.00    0.50    0.00    0.50     3  kondemand/3
02:50:37         3145    0.00    0.50    0.00    0.50    12  kondemand/12
02:50:37         3146    0.00    0.50    0.00    0.50    13  kondemand/13
02:50:37         3160    0.00    0.50    0.00    0.50    27  kondemand/27
02:50:37         3180    0.00    0.50    0.00    0.50     9  kipmi0
02:50:37        21561    1.00    1.00    0.00    2.00    20  top
02:50:37        21563    1.00    1.50    0.00    2.50     0  pidstat
02:50:37        21565    0.50    2.00    0.00    2.50    26  pidstat
02:50:37        21574  125.50    0.00    0.00  125.50    19  bt-mz.B.24
02:50:37        21575  129.00    0.00    0.00  129.00    10  bt-mz.B.24
02:50:37        21576  126.00    0.00    0.00  126.00    30  bt-mz.B.24
02:50:37        21577  115.50    0.00    0.00  115.50    26  bt-mz.B.24
02:50:37        21578  121.50    0.00    0.00  121.50    20  bt-mz.B.24
02:50:37        21579  113.50    0.00    0.00  113.50    19  bt-mz.B.24
02:50:37        21580  121.50    0.00    0.00  121.50     1  bt-mz.B.24
02:50:37        21581  127.50    0.00    0.00  127.50     5  bt-mz.B.24
02:50:37        21582  128.00    0.50    0.00  128.50     8  bt-mz.B.24
02:50:37        21583  122.00    0.00    0.00  122.00    14  bt-mz.B.24
02:50:37        21584  117.00    0.00    0.00  117.00     3  bt-mz.B.24
02:50:37        21585  112.00    0.00    0.00  112.00    25  bt-mz.B.24
02:50:37        21586  119.00    0.50    0.00  119.50    17  bt-mz.B.24

02:50:37          PID    %usr %system  %guest    %CPU   CPU  Command
02:50:39          109    0.00    0.50    0.00    0.50    26  ksoftirqd/26
02:50:39         3164    0.00    0.50    0.00    0.50    31  kondemand/31
02:50:39         4128    0.00    0.50    0.00    0.50     1  gmond
02:50:39        21561    0.50    0.50    0.00    1.00    20  top
02:50:39        21563    0.50    2.00    0.00    2.50     0  pidstat
02:50:39        21565    1.00    2.00    0.00    3.00    26  pidstat
02:50:39        21574  144.50    0.00    0.00  144.50     1  bt-mz.B.24
02:50:39        21575  124.00    0.00    0.00  124.00    12  bt-mz.B.24
02:50:39        21576  124.50    0.00    0.00  124.50    14  bt-mz.B.24
02:50:39        21577  124.50    0.00    0.00  124.50    27  bt-mz.B.24
02:50:39        21578  123.50    0.00    0.00  123.50    20  bt-mz.B.24
02:50:39        21579  115.50    0.00    0.00  115.50     7  bt-mz.B.24
02:50:39        21580  120.00    0.00    0.00  120.00     2  bt-mz.B.24
02:50:39        21581  118.00    0.00    0.00  118.00    22  bt-mz.B.24
02:50:39        21582  113.50    0.00    0.00  113.50    25  bt-mz.B.24
02:50:39        21583  109.50    0.00    0.00  109.50    10  bt-mz.B.24
02:50:39        21584  110.00    0.50    0.00  110.50    19  bt-mz.B.24
02:50:39        21585  118.00    0.00    0.00  118.00    29  bt-mz.B.24
02:50:39        21586  109.50    0.00    0.00  109.50     5  bt-mz.B.24

02:50:39          PID    %usr %system  %guest    %CPU   CPU  Command
02:50:41         3142    0.00    0.50    0.00    0.50     9  kondemand/9
02:50:41        21561    0.50    0.50    0.00    1.00     4  top
02:50:41        21563    1.00    1.50    0.00    2.50    16  pidstat
02:50:41        21565    0.00    2.00    0.00    2.00    26  pidstat
02:50:41        21574  121.50    0.00    0.00  121.50    17  bt-mz.B.24
02:50:41        21575  113.50    0.00    0.00  113.50     9  bt-mz.B.24
02:50:41        21576  121.50    0.00    0.00  121.50    31  bt-mz.B.24
02:50:41        21577  121.00    0.00    0.00  121.00    15  bt-mz.B.24
02:50:41        21578  119.50    0.00    0.00  119.50     3  bt-mz.B.24
02:50:41        21579  109.50    0.00    0.00  109.50    23  bt-mz.B.24
02:50:41        21580  108.00    0.00    0.00  108.00     5  bt-mz.B.24
02:50:41        21581  108.50    0.00    0.00  108.50    17  bt-mz.B.24
02:50:41        21582  114.00    0.00    0.00  114.00    29  bt-mz.B.24
02:50:41        21583  110.50    0.00    0.00  110.50    13  bt-mz.B.24
02:50:41        21584  116.00    0.00    0.00  116.00    22  bt-mz.B.24
02:50:41        21585  105.50    0.00    0.00  105.50    10  bt-mz.B.24
02:50:41        21586  117.00    0.00    0.00  117.00    21  bt-mz.B.24

02:50:41          PID    %usr %system  %guest    %CPU   CPU  Command
02:50:43         3139    0.00    0.50    0.00    0.50     6  kondemand/6
02:50:43         3148    0.00    0.50    0.00    0.50    15  kondemand/15
02:50:43         3156    0.00    0.50    0.00    0.50    23  kondemand/23
02:50:43         3157    0.00    0.50    0.00    0.50    24  kondemand/24
02:50:43         3180    0.00    0.50    0.00    0.50     9  kipmi0
02:50:43         3852    0.00    0.50    0.00    0.50    24  pbs_mom
02:50:43         4128    0.50    0.50    0.00    1.00    17  gmond
02:50:43        21561    0.50    0.50    0.00    1.00     4  top
02:50:43        21563    0.50    2.00    0.00    2.50    16  pidstat
02:50:43        21565    1.00    2.00    0.00    3.00    26  pidstat
02:50:43        21574  129.00    0.50    0.00  129.50    22  bt-mz.B.24
02:50:43        21575  123.00    0.00    0.00  123.00    14  bt-mz.B.24
02:50:43        21576  124.00    0.00    0.00  124.00     9  bt-mz.B.24
02:50:43        21577  115.00    0.50    0.00  115.50    26  bt-mz.B.24
02:50:43        21578  124.50    0.00    0.00  124.50    18  bt-mz.B.24
02:50:43        21579  135.00    0.00    0.00  135.00    23  bt-mz.B.24
02:50:43        21580  119.50    0.00    0.00  119.50     1  bt-mz.B.24
02:50:43        21581  110.50    0.00    0.00  110.50     4  bt-mz.B.24
02:50:43        21582  124.50    0.00    0.00  124.50    29  bt-mz.B.24
02:50:43        21583  112.00    0.00    0.00  112.00    10  bt-mz.B.24
02:50:43        21584  114.50    0.00    0.00  114.50     5  bt-mz.B.24
02:50:43        21585  120.00    0.00    0.00  120.00    27  bt-mz.B.24
02:50:43        21586  115.00    0.00    0.00  115.00    20  bt-mz.B.24

02:50:43          PID    %usr %system  %guest    %CPU   CPU  Command
02:50:45         3152    0.00    0.50    0.00    0.50    19  kondemand/19
02:50:45         3159    0.00    0.50    0.00    0.50    26  kondemand/26
02:50:45        21561    1.00    0.50    0.00    1.50     4  top
02:50:45        21563    0.50    1.50    0.00    2.00    16  pidstat
02:50:45        21565    0.50    1.50    0.00    2.00    26  pidstat
02:50:45        21574  124.50    0.00    0.00  124.50     1  bt-mz.B.24
02:50:45        21575  121.50    0.00    0.00  121.50     8  bt-mz.B.24
02:50:45        21576  122.50    0.00    0.00  122.50    10  bt-mz.B.24
02:50:45        21577  115.50    0.00    0.00  115.50    25  bt-mz.B.24
02:50:45        21578  123.00    0.00    0.00  123.00     2  bt-mz.B.24
02:50:45        21579  122.50    0.00    0.00  122.50     7  bt-mz.B.24
02:50:45        21580  113.50    0.00    0.00  113.50     3  bt-mz.B.24
02:50:45        21581  118.50    0.00    0.00  118.50     4  bt-mz.B.24
02:50:45        21582  108.00    0.00    0.00  108.00    15  bt-mz.B.24
02:50:45        21583  116.00    0.00    0.00  116.00    10  bt-mz.B.24
02:50:45        21584  125.00    0.00    0.00  125.00     5  bt-mz.B.24
02:50:45        21585  118.50    0.00    0.00  118.50    27  bt-mz.B.24
02:50:45        21586  109.00    0.00    0.00  109.00    18  bt-mz.B.24

02:50:45          PID    %usr %system  %guest    %CPU   CPU  Command
02:50:47         4128    0.00    0.50    0.00    0.50    17  gmond
02:50:47        21561    0.50    1.00    0.00    1.50    20  top
02:50:47        21563    1.00    2.00    0.00    3.00    16  pidstat
02:50:47        21565    0.50    2.00    0.00    2.50    26  pidstat
02:50:47        21574  119.50    0.00    0.00  119.50    17  bt-mz.B.24
02:50:47        21575  115.50    0.00    0.00  115.50    10  bt-mz.B.24
02:50:47        21576  120.00    0.00    0.00  120.00    25  bt-mz.B.24
02:50:47        21577  120.50    0.00    0.00  120.50    15  bt-mz.B.24
02:50:47        21578  120.00    0.00    0.00  120.00    18  bt-mz.B.24
02:50:47        21579  110.00    0.00    0.00  110.00     1  bt-mz.B.24
02:50:47        21580  101.00    0.00    0.00  101.00     2  bt-mz.B.24
02:50:47        21581  122.00    0.00    0.00  122.00    20  bt-mz.B.24
02:50:47        21582  116.50    0.00    0.00  116.50     9  bt-mz.B.24
02:50:47        21583  117.50    0.50    0.00  118.00    31  bt-mz.B.24
02:50:47        21584  124.00    0.00    0.00  124.00    21  bt-mz.B.24
02:50:47        21585  112.50    0.00    0.00  112.50    28  bt-mz.B.24
02:50:47        21586  103.50    0.00    0.00  103.50    22  bt-mz.B.24

02:50:47          PID    %usr %system  %guest    %CPU   CPU  Command
02:50:49         3147    0.00    0.50    0.00    0.50    14  kondemand/14
02:50:49         3149    0.00    0.50    0.00    0.50    16  kondemand/16
02:50:49        21561    1.00    0.50    0.00    1.50    20  top
02:50:49        21563    0.50    1.50    0.00    2.00    16  pidstat
02:50:49        21565    0.50    2.50    0.00    3.00    26  pidstat
02:50:49        21574  134.50    0.00    0.00  134.50     1  bt-mz.B.24
02:50:49        21575  127.50    0.00    0.00  127.50     8  bt-mz.B.24
02:50:49        21576  121.50    0.00    0.00  121.50    12  bt-mz.B.24
02:50:49        21577  118.00    0.50    0.00  118.50    10  bt-mz.B.24
02:50:49        21578  122.00    0.00    0.00  122.00     1  bt-mz.B.24
02:50:49        21579  109.50    0.00    0.00  109.50    20  bt-mz.B.24
02:50:49        21580  110.50    0.00    0.00  110.50    18  bt-mz.B.24
02:50:49        21581  118.00    0.00    0.00  118.00     0  bt-mz.B.24
02:50:49        21582  121.00    0.00    0.00  121.00    26  bt-mz.B.24
02:50:49        21583  126.00    0.00    0.00  126.00    13  bt-mz.B.24
02:50:49        21584  129.50    0.00    0.00  129.50     2  bt-mz.B.24
02:50:49        21585  127.00    0.00    0.00  127.00    29  bt-mz.B.24
02:50:49        21586  122.00    0.00    0.00  122.00    20  bt-mz.B.24

02:50:49          PID    %usr %system  %guest    %CPU   CPU  Command
02:50:51          156    0.00    0.50    0.00    0.50    25  events/25
02:50:51         3133    0.00    0.50    0.00    0.50     0  kondemand/0
02:50:51         3180    0.00    0.50    0.00    0.50    25  kipmi0
02:50:51         4128    0.00    0.50    0.00    0.50    17  gmond
02:50:51        21561    0.00    0.50    0.00    0.50    20  top
02:50:51        21563    0.50    2.00    0.00    2.50    16  pidstat
02:50:51        21565    0.50    1.50    0.00    2.00    26  pidstat
02:50:51        21574  134.00    0.00    0.00  134.00     1  bt-mz.B.24
02:50:51        21575  121.50    0.00    0.00  121.50    15  bt-mz.B.24
02:50:51        21576  126.50    0.00    0.00  126.50    12  bt-mz.B.24
02:50:51        21577  119.50    0.00    0.00  119.50    10  bt-mz.B.24
02:50:51        21578  111.50    0.00    0.00  111.50    22  bt-mz.B.24
02:50:51        21579  124.00    0.00    0.00  124.00     4  bt-mz.B.24
02:50:51        21580  111.50    0.00    0.00  111.50    20  bt-mz.B.24
02:50:51        21581  112.00    0.00    0.00  112.00     5  bt-mz.B.24
02:50:51        21582  117.50    0.00    0.00  117.50    14  bt-mz.B.24
02:50:51        21583  120.00    0.00    0.00  120.00     8  bt-mz.B.24
02:50:51        21584  119.50    0.00    0.00  119.50    18  bt-mz.B.24
02:50:51        21585  111.50    0.00    0.00  111.50    11  bt-mz.B.24
02:50:51        21586  113.50    0.00    0.00  113.50    21  bt-mz.B.24

02:50:51          PID    %usr %system  %guest    %CPU   CPU  Command
02:50:53          157    0.00    0.50    0.00    0.50    26  events/26
02:50:53         3140    0.00    0.50    0.00    0.50     7  kondemand/7
02:50:53         3143    0.00    0.50    0.00    0.50    10  kondemand/10
02:50:53         3180    0.00    0.50    0.00    0.50    25  kipmi0
02:50:53        21561    1.00    1.00    0.00    2.00    20  top
02:50:53        21563    0.50    2.00    0.00    2.50    16  pidstat
02:50:53        21565    1.00    2.00    0.00    3.00    26  pidstat
02:50:53        21574  137.00    0.00    0.00  137.00     4  bt-mz.B.24
02:50:53        21575  125.50    0.00    0.00  125.50    15  bt-mz.B.24
02:50:53        21576  128.50    0.00    0.00  128.50    28  bt-mz.B.24
02:50:53        21577  121.00    0.00    0.00  121.00    10  bt-mz.B.24
02:50:53        21578  118.00    0.00    0.00  118.00     0  bt-mz.B.24
02:50:53        21579  115.50    0.00    0.00  115.50    21  bt-mz.B.24
02:50:53        21580  122.50    0.00    0.00  122.50    17  bt-mz.B.24
02:50:53        21581  117.00    0.00    0.00  117.00    23  bt-mz.B.24
02:50:53        21582  116.50    0.00    0.00  116.50    31  bt-mz.B.24
02:50:53        21583  115.50    0.00    0.00  115.50    14  bt-mz.B.24
02:50:53        21584  120.00    0.00    0.00  120.00    18  bt-mz.B.24
02:50:53        21585  123.00    0.00    0.00  123.00    27  bt-mz.B.24
02:50:53        21586  119.50    0.00    0.00  119.50     3  bt-mz.B.24

02:50:53          PID    %usr %system  %guest    %CPU   CPU  Command
02:50:55         3135    0.00    0.50    0.00    0.50     2  kondemand/2
02:50:55         3180    0.00    0.50    0.00    0.50    12  kipmi0
02:50:55         4128    0.50    0.50    0.00    1.00    17  gmond
02:50:55        21561    0.00    0.50    0.00    0.50    20  top
02:50:55        21563    0.50    2.00    0.00    2.50    16  pidstat
02:50:55        21565    0.50    2.00    0.00    2.50    26  pidstat
02:50:55        21574  127.00    0.00    0.00  127.00     1  bt-mz.B.24
02:50:55        21575  110.00    0.00    0.00  110.00    31  bt-mz.B.24
02:50:55        21576  123.50    0.00    0.00  123.50    12  bt-mz.B.24
02:50:55        21577  121.50    0.00    0.00  121.50    24  bt-mz.B.24
02:50:55        21578  121.50    0.00    0.00  121.50     5  bt-mz.B.24
02:50:55        21579  125.50    0.00    0.00  125.50     0  bt-mz.B.24
02:50:55        21580  112.50    0.00    0.00  112.50    18  bt-mz.B.24
02:50:55        21581  121.50    0.50    0.00  122.00    23  bt-mz.B.24
02:50:55        21582  111.00    0.00    0.00  111.00    31  bt-mz.B.24
02:50:55        21583  124.50    0.00    0.00  124.50    10  bt-mz.B.24
02:50:55        21584  117.50    0.00    0.00  117.50    17  bt-mz.B.24
02:50:55        21585  121.50    0.00    0.00  121.50    30  bt-mz.B.24
02:50:55        21586  123.50    0.00    0.00  123.50     3  bt-mz.B.24

02:50:55          PID    %usr %system  %guest    %CPU   CPU  Command
02:50:57         3155    0.00    0.50    0.00    0.50    22  kondemand/22
02:50:57         3161    0.00    0.50    0.00    0.50    28  kondemand/28
02:50:57         3852    0.50    0.00    0.00    0.50    24  pbs_mom
02:50:57        21561    1.00    0.50    0.00    1.50    20  top
02:50:57        21563    0.50    2.00    0.00    2.50    16  pidstat
02:50:57        21565    0.50    2.00    0.00    2.50    26  pidstat
02:50:57        21574  132.50    0.00    0.00  132.50     1  bt-mz.B.24
02:50:57        21575  121.50    0.50    0.00  122.00    25  bt-mz.B.24
02:50:57        21576  124.50    0.00    0.00  124.50    12  bt-mz.B.24
02:50:57        21577  115.50    0.00    0.00  115.50    29  bt-mz.B.24
02:50:57        21578  117.00    0.00    0.00  117.00    21  bt-mz.B.24
02:50:57        21579  119.00    0.00    0.00  119.00     3  bt-mz.B.24
02:50:57        21580  121.50    0.00    0.00  121.50    22  bt-mz.B.24
02:50:57        21581  117.50    0.00    0.00  117.50    23  bt-mz.B.24
02:50:57        21582  123.00    0.00    0.00  123.00    15  bt-mz.B.24
02:50:57        21583  118.00    0.00    0.00  118.00    11  bt-mz.B.24
02:50:57        21584  112.50    0.00    0.00  112.50     4  bt-mz.B.24
02:50:57        21585  116.50    0.00    0.00  116.50    14  bt-mz.B.24
02:50:57        21586  117.00    0.00    0.00  117.00     5  bt-mz.B.24

02:50:57          PID    %usr %system  %guest    %CPU   CPU  Command
02:50:59         3151    0.00    0.50    0.00    0.50    18  kondemand/18
02:50:59         4128    0.00    0.50    0.00    0.50    17  gmond
02:50:59        21561    0.50    1.00    0.00    1.50    20  top
02:50:59        21563    1.00    1.50    0.00    2.50    16  pidstat
02:50:59        21565    1.00    2.50    0.00    3.50    26  pidstat
02:50:59        21574  129.00    0.00    0.00  129.00     6  bt-mz.B.24
02:50:59        21575  131.00    0.00    0.00  131.00    12  bt-mz.B.24
02:50:59        21576  134.50    0.00    0.00  134.50    27  bt-mz.B.24
02:50:59        21577  123.50    0.50    0.00  124.00     8  bt-mz.B.24
02:50:59        21578  120.00    0.00    0.00  120.00    22  bt-mz.B.24
02:50:59        21579  128.50    0.00    0.00  128.50     0  bt-mz.B.24
02:50:59        21580  111.00    0.00    0.00  111.00    21  bt-mz.B.24
02:50:59        21581  129.50    0.00    0.00  129.50     7  bt-mz.B.24
02:50:59        21582  119.50    0.00    0.00  119.50    14  bt-mz.B.24
02:50:59        21583  116.50    0.00    0.00  116.50    15  bt-mz.B.24
02:50:59        21584  123.00    0.00    0.00  123.00    19  bt-mz.B.24
02:50:59        21585  120.50    0.00    0.00  120.50    13  bt-mz.B.24
02:50:59        21586  121.00    0.00    0.00  121.00     5  bt-mz.B.24

02:50:59          PID    %usr %system  %guest    %CPU   CPU  Command
02:51:01         3021    0.00    0.50    0.00    0.50    28  flush-8:0
02:51:01         3137    0.00    0.50    0.00    0.50     4  kondemand/4
02:51:01         3138    0.00    0.50    0.00    0.50     5  kondemand/5
02:51:01         3162    0.00    0.50    0.00    0.50    29  kondemand/29
02:51:01         3180    0.00    0.50    0.00    0.50    28  kipmi0
02:51:01        21561    0.50    0.50    0.00    1.00    20  top
02:51:01        21563    0.50    1.50    0.00    2.00    16  pidstat
02:51:01        21565    0.50    2.00    0.00    2.50    26  pidstat
02:51:01        21567    0.00    0.50    0.00    0.50    20  iostat
02:51:01        21574  129.00    0.00    0.00  129.00     1  bt-mz.B.24
02:51:01        21575  127.50    0.00    0.00  127.50     8  bt-mz.B.24
02:51:01        21576  125.50    0.00    0.00  125.50    14  bt-mz.B.24
02:51:01        21577  122.50    0.00    0.00  122.50    26  bt-mz.B.24
02:51:01        21578  119.00    0.00    0.00  119.00    19  bt-mz.B.24
02:51:01        21579  119.00    0.00    0.00  119.00     0  bt-mz.B.24
02:51:01        21580  118.50    0.00    0.00  118.50     5  bt-mz.B.24
02:51:01        21581  125.00    0.00    0.00  125.00    23  bt-mz.B.24
02:51:01        21582  120.50    0.00    0.00  120.50    31  bt-mz.B.24
02:51:01        21583  117.00    0.00    0.00  117.00    30  bt-mz.B.24
02:51:01        21584  116.00    0.00    0.00  116.00    22  bt-mz.B.24
02:51:01        21585  117.50    0.00    0.00  117.50    12  bt-mz.B.24
02:51:01        21586  119.00    0.00    0.00  119.00     6  bt-mz.B.24

02:51:01          PID    %usr %system  %guest    %CPU   CPU  Command
02:51:03         3153    0.00    0.50    0.00    0.50    20  kondemand/20
02:51:03         4128    0.00    0.50    0.00    0.50    17  gmond
02:51:03        21561    0.50    1.00    0.00    1.50    20  top
02:51:03        21563    0.50    2.00    0.00    2.50     0  pidstat
02:51:03        21565    0.50    2.00    0.00    2.50    26  pidstat
02:51:03        21566    0.00    0.50    0.00    0.50     2  mpstat
02:51:03        21574  120.00    0.00    0.00  120.00     0  bt-mz.B.24
02:51:03        21575  123.00    0.00    0.00  123.00    11  bt-mz.B.24
02:51:03        21576  120.00    0.00    0.00  120.00    24  bt-mz.B.24
02:51:03        21577  119.50    0.00    0.00  119.50    29  bt-mz.B.24
02:51:03        21578  117.50    0.00    0.00  117.50     6  bt-mz.B.24
02:51:03        21579  115.50    0.00    0.00  115.50    18  bt-mz.B.24
02:51:03        21580  110.50    0.00    0.00  110.50    17  bt-mz.B.24
02:51:03        21581  121.00    0.00    0.00  121.00     7  bt-mz.B.24
02:51:03        21582  125.50    0.50    0.00  126.00    31  bt-mz.B.24
02:51:03        21583  120.00    0.00    0.00  120.00    30  bt-mz.B.24
02:51:03        21584  114.00    0.00    0.00  114.00     1  bt-mz.B.24
02:51:03        21585  119.50    0.00    0.00  119.50    28  bt-mz.B.24
02:51:03        21586  127.50    0.00    0.00  127.50    22  bt-mz.B.24

02:51:03          PID    %usr %system  %guest    %CPU   CPU  Command
02:51:05         3141    0.00    0.50    0.00    0.50     8  kondemand/8
02:51:05         3144    0.00    0.50    0.00    0.50    11  kondemand/11
02:51:05         3154    0.00    0.50    0.00    0.50    21  kondemand/21
02:51:05         3684    0.00    0.50    0.00    0.50    22  snmpd
02:51:05        21561    1.00    0.50    0.00    1.50     4  top
02:51:05        21563    1.00    2.00    0.00    3.00     0  pidstat
02:51:05        21565    0.50    1.50    0.00    2.00    26  pidstat
02:51:05        21574  138.50    0.00    0.00  138.50    16  bt-mz.B.24
02:51:05        21575  129.00    0.50    0.00  129.50    24  bt-mz.B.24
02:51:05        21576  128.00    0.00    0.00  128.00    27  bt-mz.B.24
02:51:05        21577  119.50    0.50    0.00  120.00    28  bt-mz.B.24
02:51:05        21578  120.50    0.00    0.00  120.50    21  bt-mz.B.24
02:51:05        21579  120.50    0.00    0.00  120.50    17  bt-mz.B.24
02:51:05        21580  125.00    0.00    0.00  125.00     2  bt-mz.B.24
02:51:05        21581  118.00    0.00    0.00  118.00    18  bt-mz.B.24
02:51:05        21582  119.00    0.00    0.00  119.00    29  bt-mz.B.24
02:51:05        21583  124.00    0.00    0.00  124.00     9  bt-mz.B.24
02:51:05        21584  115.00    0.00    0.00  115.00     3  bt-mz.B.24
02:51:05        21585  116.50    0.00    0.00  116.50    31  bt-mz.B.24
02:51:05        21586  129.00    0.00    0.00  129.00    22  bt-mz.B.24

02:51:05          PID    %usr %system  %guest    %CPU   CPU  Command
02:51:07         3134    0.00    0.50    0.00    0.50     1  kondemand/1
02:51:07         3145    0.00    0.50    0.00    0.50    12  kondemand/12
02:51:07         3146    0.00    0.50    0.00    0.50    13  kondemand/13
02:51:07         3150    0.00    0.50    0.00    0.50    17  kondemand/17
02:51:07         3158    0.00    0.50    0.00    0.50    25  kondemand/25
02:51:07         3163    0.00    0.50    0.00    0.50    30  kondemand/30
02:51:07         4128    0.00    0.50    0.00    0.50    17  gmond
02:51:07        21561    0.50    0.50    0.00    1.00     4  top
02:51:07        21563    0.50    1.50    0.00    2.00     4  pidstat
02:51:07        21565    0.50    1.00    0.00    1.50    26  pidstat
02:51:07        21574  137.50    0.00    0.00  137.50    16  bt-mz.B.24
02:51:07        21575  128.00    0.00    0.00  128.00     8  bt-mz.B.24
02:51:07        21576  127.00    0.00    0.00  127.00    27  bt-mz.B.24
02:51:07        21577  120.50    0.00    0.00  120.50    12  bt-mz.B.24
02:51:07        21578  118.50    0.00    0.00  118.50     7  bt-mz.B.24
02:51:07        21579  116.00    0.00    0.00  116.00     2  bt-mz.B.24
02:51:07        21580  114.50    0.00    0.00  114.50    17  bt-mz.B.24
02:51:07        21581  119.50    0.00    0.00  119.50     3  bt-mz.B.24
02:51:07        21582  115.50    0.00    0.00  115.50     9  bt-mz.B.24
02:51:07        21583  123.50    0.50    0.00  124.00    25  bt-mz.B.24
02:51:07        21584  110.00    0.00    0.00  110.00     6  bt-mz.B.24
02:51:07        21585  127.00    0.50    0.00  127.50    31  bt-mz.B.24
02:51:07        21586  124.50    0.00    0.00  124.50    22  bt-mz.B.24

02:51:07          PID    %usr %system  %guest    %CPU   CPU  Command
02:51:09         3136    0.00    0.50    0.00    0.50     3  kondemand/3
02:51:09         3160    0.00    0.50    0.00    0.50    27  kondemand/27
02:51:09         3180    0.00    0.50    0.00    0.50    12  kipmi0
02:51:09         4128    0.00    0.50    0.00    0.50    17  gmond
02:51:09        21561    0.50    0.50    0.00    1.00     4  top
02:51:09        21563    1.00    1.50    0.00    2.50     0  pidstat
02:51:09        21565    1.00    2.50    0.00    3.50    26  pidstat
02:51:09        21574  128.00    0.00    0.00  128.00    23  bt-mz.B.24
02:51:09        21575  117.00    0.00    0.00  117.00    10  bt-mz.B.24
02:51:09        21576  114.50    0.00    0.00  114.50    31  bt-mz.B.24
02:51:09        21577  117.50    0.00    0.00  117.50    30  bt-mz.B.24
02:51:09        21578  122.50    0.00    0.00  122.50     7  bt-mz.B.24
02:51:09        21579  115.00    0.50    0.00  115.50     2  bt-mz.B.24
02:51:09        21580  114.50    0.50    0.00  115.00     1  bt-mz.B.24
02:51:09        21581  119.00    0.00    0.00  119.00    22  bt-mz.B.24
02:51:09        21582  125.50    0.00    0.00  125.50     8  bt-mz.B.24
02:51:09        21583  115.00    0.00    0.00  115.00    24  bt-mz.B.24
02:51:09        21584  128.00    0.50    0.00  128.50    18  bt-mz.B.24
02:51:09        21585  117.50    0.00    0.00  117.50    25  bt-mz.B.24
02:51:09        21586  123.00    0.00    0.00  123.00    19  bt-mz.B.24

02:51:09          PID    %usr %system  %guest    %CPU   CPU  Command
02:51:11          131    0.00    0.50    0.00    0.50     0  events/0
02:51:11         3142    0.00    0.50    0.00    0.50     9  kondemand/9
02:51:11         3148    0.00    0.50    0.00    0.50    15  kondemand/15
02:51:11         3180    0.00    0.50    0.00    0.50    28  kipmi0
02:51:11         4128    0.50    0.00    0.00    0.50    17  gmond
02:51:11        21561    0.50    1.00    0.00    1.50     4  top
02:51:11        21563    0.50    2.00    0.00    2.50    16  pidstat
02:51:11        21565    0.50    2.00    0.00    2.50    10  pidstat
02:51:11        21574  133.50    0.00    0.00  133.50     2  bt-mz.B.24
02:51:11        21575  129.50    0.00    0.00  129.50    25  bt-mz.B.24
02:51:11        21576  122.50    0.50    0.00  123.00    15  bt-mz.B.24
02:51:11        21577  116.50    0.00    0.00  116.50    30  bt-mz.B.24
02:51:11        21578  124.00    0.00    0.00  124.00    22  bt-mz.B.24
02:51:11        21579  119.50    0.00    0.00  119.50    20  bt-mz.B.24
02:51:11        21580  113.50    0.00    0.00  113.50    17  bt-mz.B.24
02:51:11        21581  119.00    0.00    0.00  119.00    21  bt-mz.B.24
02:51:11        21582  125.50    0.00    0.00  125.50    24  bt-mz.B.24
02:51:11        21583  119.50    0.00    0.00  119.50    11  bt-mz.B.24
02:51:11        21584  117.00    0.00    0.00  117.00    23  bt-mz.B.24
02:51:11        21585  110.00    0.00    0.00  110.00     8  bt-mz.B.24
02:51:11        21586  121.50    0.00    0.00  121.50    19  bt-mz.B.24

02:51:11          PID    %usr %system  %guest    %CPU   CPU  Command
02:51:13         3164    0.00    0.50    0.00    0.50    31  kondemand/31
02:51:13         3180    0.00    0.50    0.00    0.50    12  kipmi0
02:51:13         3195    0.50    0.50    0.00    1.00    28  irqbalance
02:51:13         4128    0.00    0.50    0.00    0.50    17  gmond
02:51:13        21561    0.50    0.50    0.00    1.00     4  top
02:51:13        21563    0.50    1.49    0.00    1.99     4  pidstat
02:51:13        21565    1.00    1.99    0.00    2.99    10  pidstat
02:51:13        21574  134.33    0.00    0.00  134.33    19  bt-mz.B.24
02:51:13        21575  127.36    0.00    0.00  127.36    25  bt-mz.B.24
02:51:13        21576  128.36    0.00    0.00  128.36    31  bt-mz.B.24
02:51:13        21577  128.86    0.00    0.00  128.86    13  bt-mz.B.24
02:51:13        21578  123.38    0.00    0.00  123.38    17  bt-mz.B.24
02:51:13        21579  132.84    0.00    0.00  132.84     3  bt-mz.B.24
02:51:13        21580  117.91    0.00    0.00  117.91    16  bt-mz.B.24
02:51:13        21581  124.38    0.00    0.00  124.38     5  bt-mz.B.24
02:51:13        21582  121.89    0.00    0.00  121.89     8  bt-mz.B.24
02:51:13        21583  111.94    0.50    0.00  112.44    28  bt-mz.B.24
02:51:13        21584  119.90    0.00    0.00  119.90    18  bt-mz.B.24
02:51:13        21585  117.91    0.00    0.00  117.91    12  bt-mz.B.24
02:51:13        21586  114.43    0.00    0.00  114.43    20  bt-mz.B.24

02:51:13          PID    %usr %system  %guest    %CPU   CPU  Command
02:51:15         3133    0.00    0.50    0.00    0.50     0  kondemand/0
02:51:15         3139    0.00    0.50    0.00    0.50     6  kondemand/6
02:51:15         3157    0.00    0.50    0.00    0.50    24  kondemand/24
02:51:15        21561    1.00    1.00    0.00    2.00     4  top
02:51:15        21563    0.50    2.00    0.00    2.50     4  pidstat
02:51:15        21565    1.00    2.00    0.00    3.00    10  pidstat
02:51:15        21574  134.50    0.00    0.00  134.50    22  bt-mz.B.24
02:51:15        21575  132.00    0.00    0.00  132.00     8  bt-mz.B.24
02:51:15        21576  125.00    0.00    0.00  125.00     9  bt-mz.B.24
02:51:15        21577  123.50    0.00    0.00  123.50    15  bt-mz.B.24
02:51:15        21578  129.00    0.00    0.00  129.00     1  bt-mz.B.24
02:51:15        21579  120.50    0.00    0.00  120.50    20  bt-mz.B.24
02:51:15        21580  116.00    0.00    0.00  116.00    17  bt-mz.B.24
02:51:15        21581  114.50    0.00    0.00  114.50    21  bt-mz.B.24
02:51:15        21582  119.00    0.00    0.00  119.00    28  bt-mz.B.24
02:51:15        21583  122.00    0.00    0.00  122.00    30  bt-mz.B.24
02:51:15        21584  127.50    0.00    0.00  127.50     5  bt-mz.B.24
02:51:15        21585  126.50    0.00    0.00  126.50    31  bt-mz.B.24
02:51:15        21586  121.00    0.00    0.00  121.00    16  bt-mz.B.24

02:51:15          PID    %usr %system  %guest    %CPU   CPU  Command
02:51:17         3156    0.00    0.50    0.00    0.50    23  kondemand/23
02:51:17         3159    0.00    0.50    0.00    0.50    26  kondemand/26
02:51:17         4128    0.00    0.50    0.00    0.50    17  gmond
02:51:17        21561    0.50    0.50    0.00    1.00     4  top
02:51:17        21563    1.00    2.00    0.00    3.00    16  pidstat
02:51:17        21565    0.00    1.50    0.00    1.50    10  pidstat
02:51:17        21574  136.00    0.00    0.00  136.00    17  bt-mz.B.24
02:51:17        21575  116.00    0.00    0.00  116.00     8  bt-mz.B.24
02:51:17        21576  123.00    0.00    0.00  123.00    31  bt-mz.B.24
02:51:17        21577  116.00    0.00    0.00  116.00    26  bt-mz.B.24
02:51:17        21578  126.00    0.00    0.00  126.00     6  bt-mz.B.24
02:51:17        21579  119.00    0.00    0.00  119.00     4  bt-mz.B.24
02:51:17        21580  120.00    0.00    0.00  120.00    18  bt-mz.B.24
02:51:17        21581  109.50    0.00    0.00  109.50    22  bt-mz.B.24
02:51:17        21582  115.00    0.00    0.00  115.00     8  bt-mz.B.24
02:51:17        21583  127.50    0.00    0.00  127.50    30  bt-mz.B.24
02:51:17        21584  122.00    0.00    0.00  122.00     1  bt-mz.B.24
02:51:17        21585  113.00    0.00    0.00  113.00    12  bt-mz.B.24
02:51:17        21586  124.00    0.00    0.00  124.00    16  bt-mz.B.24

02:51:17          PID    %usr %system  %guest    %CPU   CPU  Command
02:51:19         3147    0.00    0.50    0.00    0.50    14  kondemand/14
02:51:19         3149    0.00    0.50    0.00    0.50    16  kondemand/16
02:51:19         3152    0.00    0.50    0.00    0.50    19  kondemand/19
02:51:19         3180    0.00    0.50    0.00    0.50    14  kipmi0
02:51:19        21561    0.50    0.50    0.00    1.00     4  top
02:51:19        21563    0.50    2.00    0.00    2.50    16  pidstat
02:51:19        21565    0.50    2.00    0.00    2.50    10  pidstat
02:51:19        21574  128.00    0.00    0.00  128.00     0  bt-mz.B.24
02:51:19        21575  120.50    0.00    0.00  120.50    26  bt-mz.B.24
02:51:19        21576  120.50    0.00    0.00  120.50    15  bt-mz.B.24
02:51:19        21577  116.50    0.00    0.00  116.50    24  bt-mz.B.24
02:51:19        21578  121.50    0.00    0.00  121.50    22  bt-mz.B.24
02:51:19        21579  112.00    0.00    0.00  112.00    23  bt-mz.B.24
02:51:19        21580  108.50    0.00    0.00  108.50     1  bt-mz.B.24
02:51:19        21581  117.50    0.00    0.00  117.50     6  bt-mz.B.24
02:51:19        21582  109.00    0.00    0.00  109.00    30  bt-mz.B.24
02:51:19        21583  121.00    0.00    0.00  121.00    14  bt-mz.B.24
02:51:19        21584  116.00    0.00    0.00  116.00    21  bt-mz.B.24
02:51:19        21585  110.00    0.00    0.00  110.00    26  bt-mz.B.24
02:51:19        21586  118.00    0.00    0.00  118.00    18  bt-mz.B.24

02:51:19          PID    %usr %system  %guest    %CPU   CPU  Command
02:51:21         3143    0.00    0.50    0.00    0.50    10  kondemand/10
02:51:21         3180    0.00    0.50    0.00    0.50    14  kipmi0
02:51:21         4128    0.00    0.50    0.00    0.50    17  gmond
02:51:21        21561    1.00    0.50    0.00    1.50     4  top
02:51:21        21563    0.00    2.00    0.00    2.00    16  pidstat
02:51:21        21565    1.50    2.50    0.00    4.00    26  pidstat
02:51:21        21567    0.50    0.00    0.00    0.50    20  iostat
02:51:21        21574  137.50    0.00    0.00  137.50    17  bt-mz.B.24
02:51:21        21575  123.50    0.00    0.00  123.50     9  bt-mz.B.24
02:51:21        21576  125.50    0.00    0.00  125.50    28  bt-mz.B.24
02:51:21        21577  128.00    0.00    0.00  128.00     8  bt-mz.B.24
02:51:21        21578  125.50    0.00    0.00  125.50     1  bt-mz.B.24
02:51:21        21579  130.50    0.00    0.00  130.50     4  bt-mz.B.24
02:51:21        21580  126.00    0.00    0.00  126.00    18  bt-mz.B.24
02:51:21        21581  117.50    0.00    0.00  117.50     0  bt-mz.B.24
02:51:21        21582  132.00    0.00    0.00  132.00    14  bt-mz.B.24
02:51:21        21583  123.00    0.00    0.00  123.00    29  bt-mz.B.24
02:51:21        21584  126.00    0.00    0.00  126.00    21  bt-mz.B.24
02:51:21        21585  119.00    0.00    0.00  119.00    26  bt-mz.B.24
02:51:21        21586  117.00    0.00    0.00  117.00     6  bt-mz.B.24

02:51:21          PID    %usr %system  %guest    %CPU   CPU  Command
02:51:23         3140    0.00    0.50    0.00    0.50     7  kondemand/7
02:51:23         3180    0.00    0.50    0.00    0.50    30  kipmi0
02:51:23        21561    0.50    0.50    0.00    1.00     4  top
02:51:23        21563    0.50    2.00    0.00    2.50    16  pidstat
02:51:23        21565    0.50    1.50    0.00    2.00    26  pidstat
02:51:23        21574  131.00    0.00    0.00  131.00    18  bt-mz.B.24
02:51:23        21575  121.00    0.00    0.00  121.00    14  bt-mz.B.24
02:51:23        21576  120.50    0.00    0.00  120.50    25  bt-mz.B.24
02:51:23        21577  113.50    0.00    0.00  113.50     8  bt-mz.B.24
02:51:23        21578  111.50    0.00    0.00  111.50     4  bt-mz.B.24
02:51:23        21579  116.50    0.00    0.00  116.50    21  bt-mz.B.24
02:51:23        21580  117.50    0.00    0.00  117.50     0  bt-mz.B.24
02:51:23        21581  116.00    0.00    0.00  116.00     2  bt-mz.B.24
02:51:23        21582  111.50    0.00    0.00  111.50    24  bt-mz.B.24
02:51:23        21583  121.50    0.50    0.00  122.00    29  bt-mz.B.24
02:51:23        21584  117.50    0.00    0.00  117.50     7  bt-mz.B.24
02:51:23        21585  114.00    0.00    0.00  114.00    13  bt-mz.B.24
02:51:23        21586  114.00    0.00    0.00  114.00     1  bt-mz.B.24

02:51:23          PID    %usr %system  %guest    %CPU   CPU  Command
02:51:25          153    0.00    0.50    0.00    0.50    22  events/22
02:51:25         3135    0.00    0.50    0.00    0.50     2  kondemand/2
02:51:25         4128    0.00    0.50    0.00    0.50    17  gmond
02:51:25        21561    0.50    0.50    0.00    1.00    20  top
02:51:25        21563    0.50    2.00    0.00    2.50    16  pidstat
02:51:25        21565    0.50    1.00    0.00    1.50    25  pidstat
02:51:25        21567    0.00    0.50    0.00    0.50    20  iostat
02:51:25        21574  137.50    0.00    0.00  137.50    18  bt-mz.B.24
02:51:25        21575  135.50    0.00    0.00  135.50    30  bt-mz.B.24
02:51:25        21576  119.00    0.00    0.00  119.00    29  bt-mz.B.24
02:51:25        21577  110.00    0.00    0.00  110.00    26  bt-mz.B.24
02:51:25        21578  119.50    0.50    0.00  120.00     3  bt-mz.B.24
02:51:25        21579  117.00    0.00    0.00  117.00    20  bt-mz.B.24
02:51:25        21580  122.00    0.00    0.00  122.00    17  bt-mz.B.24
02:51:25        21581  118.50    0.00    0.00  118.50    21  bt-mz.B.24
02:51:25        21582  120.00    0.00    0.00  120.00    24  bt-mz.B.24
02:51:25        21583  116.50    0.00    0.00  116.50     9  bt-mz.B.24
02:51:25        21584  124.00    0.00    0.00  124.00     4  bt-mz.B.24
02:51:25        21585  109.00    0.50    0.00  109.50    12  bt-mz.B.24
02:51:25        21586  120.00    0.00    0.00  120.00     0  bt-mz.B.24

02:51:25          PID    %usr %system  %guest    %CPU   CPU  Command
02:51:27          162    0.00    0.50    0.00    0.50    31  events/31
02:51:27         3180    0.00    1.00    0.00    1.00    30  kipmi0
02:51:27         3852    0.00    1.00    0.00    1.00    25  pbs_mom
02:51:27        21561    0.50    1.00    0.00    1.50     4  top
02:51:27        21563    0.50    1.50    0.00    2.00    16  pidstat
02:51:27        21565    1.00    2.50    0.00    3.50    25  pidstat
02:51:27        21570    0.00    0.50    0.00    0.50    27  vmstat
02:51:27        21574  133.50    0.00    0.00  133.50     2  bt-mz.B.24
02:51:27        21575  116.00    0.50    0.00  116.50    11  bt-mz.B.24
02:51:27        21576  118.50    0.00    0.00  118.50    28  bt-mz.B.24
02:51:27        21577  122.00    0.00    0.00  122.00    26  bt-mz.B.24
02:51:27        21578  113.00    0.00    0.00  113.00     0  bt-mz.B.24
02:51:27        21579  127.00    0.00    0.00  127.00     4  bt-mz.B.24
02:51:27        21580  104.50    0.00    0.00  104.50    17  bt-mz.B.24
02:51:27        21581  116.00    0.00    0.00  116.00    23  bt-mz.B.24
02:51:27        21582  120.00    0.00    0.00  120.00    24  bt-mz.B.24
02:51:27        21583  116.00    0.00    0.00  116.00    29  bt-mz.B.24
02:51:27        21584  103.00    0.00    0.00  103.00    22  bt-mz.B.24
02:51:27        21585  108.50    0.00    0.00  108.50    13  bt-mz.B.24
02:51:27        21586  114.50    0.00    0.00  114.50    20  bt-mz.B.24

02:51:27          PID    %usr %system  %guest    %CPU   CPU  Command
02:51:29         3161    0.00    0.50    0.00    0.50    28  kondemand/28
02:51:29         3180    0.00    0.50    0.00    0.50    14  kipmi0
02:51:29         4128    0.50    0.50    0.00    1.00    17  gmond
02:51:29        21561    1.00    0.50    0.00    1.50    20  top
02:51:29        21563    1.00    1.50    0.00    2.50    16  pidstat
02:51:29        21565    0.50    2.00    0.00    2.50     9  pidstat
02:51:29        21574  144.00    0.00    0.00  144.00     7  bt-mz.B.24
02:51:29        21575  123.00    0.00    0.00  123.00    11  bt-mz.B.24
02:51:29        21576  131.00    0.00    0.00  131.00    28  bt-mz.B.24
02:51:29        21577  131.00    0.00    0.00  131.00    26  bt-mz.B.24
02:51:29        21578  112.00    0.00    0.00  112.00     2  bt-mz.B.24
02:51:29        21579  119.50    0.00    0.00  119.50     1  bt-mz.B.24
02:51:29        21580  126.50    0.00    0.00  126.50     5  bt-mz.B.24
02:51:29        21581  129.00    0.00    0.00  129.00     3  bt-mz.B.24
02:51:29        21582  130.00    0.00    0.00  130.00    29  bt-mz.B.24
02:51:29        21583  126.50    0.00    0.00  126.50    27  bt-mz.B.24
02:51:29        21584  120.50    0.00    0.00  120.50     1  bt-mz.B.24
02:51:29        21585  116.00    0.00    0.00  116.00    24  bt-mz.B.24
02:51:29        21586  122.00    0.50    0.00  122.50    16  bt-mz.B.24

02:51:29          PID    %usr %system  %guest    %CPU   CPU  Command
02:51:31         3021    0.00    0.50    0.00    0.50    28  flush-8:0
02:51:31         3137    0.00    0.50    0.00    0.50     4  kondemand/4
02:51:31         3151    0.00    0.50    0.00    0.50    18  kondemand/18
02:51:31         3155    0.00    0.50    0.00    0.50    22  kondemand/22
02:51:31         4128    0.00    0.50    0.00    0.50     1  gmond
02:51:31        21561    0.50    0.50    0.00    1.00    20  top
02:51:31        21563    1.00    2.00    0.00    3.00     0  pidstat
02:51:31        21565    0.50    2.00    0.00    2.50     9  pidstat
02:51:31        21574  128.00    0.00    0.00  128.00    23  bt-mz.B.24
02:51:31        21575  120.00    0.00    0.00  120.00    28  bt-mz.B.24
02:51:31        21576  129.00    0.00    0.00  129.00    13  bt-mz.B.24
02:51:31        21577  118.00    0.50    0.00  118.50     8  bt-mz.B.24
02:51:31        21578  120.00    0.00    0.00  120.00     7  bt-mz.B.24
02:51:31        21579  114.50    0.00    0.00  114.50    21  bt-mz.B.24
02:51:31        21580  114.50    0.00    0.00  114.50     1  bt-mz.B.24
02:51:31        21581  125.00    0.50    0.00  125.50     3  bt-mz.B.24
02:51:31        21582  121.00    0.50    0.00  121.50    29  bt-mz.B.24
02:51:31        21583  128.50    0.00    0.00  128.50    26  bt-mz.B.24
02:51:31        21584  128.00    0.00    0.00  128.00    17  bt-mz.B.24
02:51:31        21585  126.50    0.00    0.00  126.50    15  bt-mz.B.24
02:51:31        21586  113.00    0.00    0.00  113.00     1  bt-mz.B.24

02:51:31          PID    %usr %system  %guest    %CPU   CPU  Command
02:51:33         3138    0.00    0.50    0.00    0.50     5  kondemand/5
02:51:33         3141    0.00    0.50    0.00    0.50     8  kondemand/8
02:51:33         3162    0.00    0.50    0.00    0.50    29  kondemand/29
02:51:33         3180    0.00    0.50    0.00    0.50    14  kipmi0
02:51:33        21561    0.50    0.50    0.00    1.00    20  top
02:51:33        21563    0.50    1.50    0.00    2.00    16  pidstat
02:51:33        21565    1.00    1.50    0.00    2.50     9  pidstat
02:51:33        21574  134.00    0.00    0.00  134.00    18  bt-mz.B.24
02:51:33        21575  125.00    0.00    0.00  125.00    11  bt-mz.B.24
02:51:33        21576  128.00    0.00    0.00  128.00    29  bt-mz.B.24
02:51:33        21577  121.00    0.00    0.00  121.00    24  bt-mz.B.24
02:51:33        21578  116.00    0.00    0.00  116.00    21  bt-mz.B.24
02:51:33        21579  118.50    0.00    0.00  118.50     4  bt-mz.B.24
02:51:33        21580  113.00    0.00    0.00  113.00     2  bt-mz.B.24
02:51:33        21581  112.00    0.00    0.00  112.00     0  bt-mz.B.24
02:51:33        21582  111.50    0.00    0.00  111.50     8  bt-mz.B.24
02:51:33        21583  125.00    0.00    0.00  125.00    25  bt-mz.B.24
02:51:33        21584  123.50    0.00    0.00  123.50     1  bt-mz.B.24
02:51:33        21585  114.50    0.00    0.00  114.50    28  bt-mz.B.24
02:51:33        21586  111.00    0.00    0.00  111.00    22  bt-mz.B.24

02:51:33          PID    %usr %system  %guest    %CPU   CPU  Command
02:51:35         3144    0.00    0.50    0.00    0.50    11  kondemand/11
02:51:35         3153    0.00    0.50    0.00    0.50    20  kondemand/20
02:51:35         4128    0.00    0.50    0.00    0.50     1  gmond
02:51:35        21561    1.00    0.50    0.00    1.50    20  top
02:51:35        21563    1.00    1.50    0.00    2.50    16  pidstat
02:51:35        21565    1.00    2.00    0.00    3.00     9  pidstat
02:51:35        21574  127.00    0.00    0.00  127.00    18  bt-mz.B.24
02:51:35        21575  132.50    0.00    0.00  132.50    29  bt-mz.B.24
02:51:35        21576  127.50    0.00    0.00  127.50    15  bt-mz.B.24
02:51:35        21577  134.50    0.00    0.00  134.50     8  bt-mz.B.24
02:51:35        21578  120.00    0.00    0.00  120.00     7  bt-mz.B.24
02:51:35        21579  115.00    0.00    0.00  115.00     0  bt-mz.B.24
02:51:35        21580  120.00    0.00    0.00  120.00     2  bt-mz.B.24
02:51:35        21581  117.00    0.00    0.00  117.00     0  bt-mz.B.24
02:51:35        21582  111.00    0.00    0.00  111.00    30  bt-mz.B.24
02:51:35        21583  114.50    0.00    0.00  114.50    25  bt-mz.B.24
02:51:35        21584  118.00    0.00    0.00  118.00     1  bt-mz.B.24
02:51:35        21585  118.00    0.00    0.00  118.00    28  bt-mz.B.24
02:51:35        21586  115.50    0.00    0.00  115.50     4  bt-mz.B.24

02:51:35          PID    %usr %system  %guest    %CPU   CPU  Command
02:51:37         2319    0.00    0.50    0.00    0.50    11  jbd2/sda2-8
02:51:37         3134    0.00    0.50    0.00    0.50     1  kondemand/1
02:51:37         3145    0.00    0.50    0.00    0.50    12  kondemand/12
02:51:37         3146    0.00    0.50    0.00    0.50    13  kondemand/13
02:51:37         3150    0.00    0.50    0.00    0.50    17  kondemand/17
02:51:37         3180    0.00    0.50    0.00    0.50    30  kipmi0
02:51:37        21561    0.50    1.00    0.00    1.50    20  top
02:51:37        21563    1.00    1.50    0.00    2.50    16  pidstat
02:51:37        21565    0.50    1.50    0.00    2.00     9  pidstat
02:51:37        21574  132.50    0.00    0.00  132.50    17  bt-mz.B.24
02:51:37        21575  126.50    0.00    0.00  126.50    29  bt-mz.B.24
02:51:37        21576  123.50    0.00    0.00  123.50    25  bt-mz.B.24
02:51:37        21577  114.50    0.00    0.00  114.50    14  bt-mz.B.24
02:51:37        21578  119.50    0.00    0.00  119.50     2  bt-mz.B.24
02:51:37        21579  119.50    0.00    0.00  119.50    19  bt-mz.B.24
02:51:37        21580  122.50    0.00    0.00  122.50    20  bt-mz.B.24
02:51:37        21581  116.00    0.00    0.00  116.00    22  bt-mz.B.24
02:51:37        21582  121.50    0.00    0.00  121.50    31  bt-mz.B.24
02:51:37        21583  133.50    0.00    0.00  133.50    27  bt-mz.B.24
02:51:37        21584  121.50    0.00    0.00  121.50    21  bt-mz.B.24
02:51:37        21585  121.50    0.00    0.00  121.50    13  bt-mz.B.24
02:51:37        21586  117.50    0.00    0.00  117.50     4  bt-mz.B.24

02:51:37          PID    %usr %system  %guest    %CPU   CPU  Command
02:51:39         3133    0.00    0.50    0.00    0.50     0  kondemand/0
02:51:39         3136    0.00    0.50    0.00    0.50     3  kondemand/3
02:51:39         3142    0.00    0.50    0.00    0.50     9  kondemand/9
02:51:39         3154    0.00    0.50    0.00    0.50    21  kondemand/21
02:51:39         3158    0.00    0.50    0.00    0.50    25  kondemand/25
02:51:39         3163    0.00    0.50    0.00    0.50    30  kondemand/30
02:51:39         4128    0.00    0.50    0.00    0.50     1  gmond
02:51:39        21561    0.50    0.50    0.00    1.00    20  top
02:51:39        21563    0.50    2.00    0.00    2.50    16  pidstat
02:51:39        21565    0.50    2.00    0.00    2.50     9  pidstat
02:51:39        21574  130.50    0.00    0.00  130.50    23  bt-mz.B.24
02:51:39        21575  118.00    0.00    0.00  118.00    29  bt-mz.B.24
02:51:39        21576  124.00    0.00    0.00  124.00    13  bt-mz.B.24
02:51:39        21577  125.00    0.00    0.00  125.00    12  bt-mz.B.24
02:51:39        21578  123.00    0.00    0.00  123.00    18  bt-mz.B.24
02:51:39        21579  119.00    0.00    0.00  119.00     1  bt-mz.B.24
02:51:39        21580  115.50    0.00    0.00  115.50     5  bt-mz.B.24
02:51:39        21581  121.00    0.00    0.00  121.00     6  bt-mz.B.24
02:51:39        21582  115.50    0.00    0.00  115.50    25  bt-mz.B.24
02:51:39        21583  117.00    0.00    0.00  117.00    27  bt-mz.B.24
02:51:39        21584  109.00    0.00    0.00  109.00     4  bt-mz.B.24
02:51:39        21585  119.00    0.00    0.00  119.00    30  bt-mz.B.24
02:51:39        21586  109.50    0.00    0.00  109.50    22  bt-mz.B.24

02:51:39          PID    %usr %system  %guest    %CPU   CPU  Command
02:51:41           41    0.00    0.50    0.00    0.50     9  ksoftirqd/9
02:51:41           65    0.00    0.50    0.00    0.50    15  ksoftirqd/15
02:51:41         3148    0.00    0.50    0.00    0.50    15  kondemand/15
02:51:41         3160    0.00    0.50    0.00    0.50    27  kondemand/27
02:51:41         3180    0.00    0.50    0.00    0.50    30  kipmi0
02:51:41         3684    0.00    0.50    0.00    0.50     6  snmpd
02:51:41        21561    0.50    0.50    0.00    1.00     4  top
02:51:41        21563    1.00    1.50    0.00    2.50    16  pidstat
02:51:41        21565    0.50    1.00    0.00    1.50    25  pidstat
02:51:41        21574  132.50    0.00    0.00  132.50     6  bt-mz.B.24
02:51:41        21575  114.50    0.00    0.00  114.50     9  bt-mz.B.24
02:51:41        21576  121.50    0.00    0.00  121.50    29  bt-mz.B.24
02:51:41        21577  123.00    0.00    0.00  123.00    26  bt-mz.B.24
02:51:41        21578  114.00    0.00    0.00  114.00    21  bt-mz.B.24
02:51:41        21579  127.50    0.00    0.00  127.50    23  bt-mz.B.24
02:51:41        21580  107.50    0.00    0.00  107.50     1  bt-mz.B.24
02:51:41        21581  119.00    0.00    0.00  119.00    22  bt-mz.B.24
02:51:41        21582  115.00    0.00    0.00  115.00    25  bt-mz.B.24
02:51:41        21583  122.50    0.00    0.00  122.50    11  bt-mz.B.24
02:51:41        21584  114.00    0.00    0.00  114.00    18  bt-mz.B.24
02:51:41        21585  115.00    0.50    0.00  115.50    27  bt-mz.B.24
02:51:41        21586  106.50    0.00    0.00  106.50     2  bt-mz.B.24

02:51:41          PID    %usr %system  %guest    %CPU   CPU  Command
02:51:43         3180    0.00    0.50    0.00    0.50    14  kipmi0
02:51:43         3195    0.00    0.50    0.00    0.50    12  irqbalance
02:51:43         4128    0.50    0.50    0.00    1.00    17  gmond
02:51:43        21561    0.50    1.00    0.00    1.50    20  top
02:51:43        21563    0.50    2.00    0.00    2.50     0  pidstat
02:51:43        21565    1.00    2.50    0.00    3.50    25  pidstat
02:51:43        21574  135.50    0.00    0.00  135.50    21  bt-mz.B.24
02:51:43        21575  129.00    0.00    0.00  129.00    30  bt-mz.B.24
02:51:43        21576  116.00    0.00    0.00  116.00    10  bt-mz.B.24
02:51:43        21577  120.00    0.00    0.00  120.00    14  bt-mz.B.24
02:51:43        21578  123.50    0.00    0.00  123.50     4  bt-mz.B.24
02:51:43        21579  120.50    0.50    0.00  121.00    16  bt-mz.B.24
02:51:43        21580  113.00    0.00    0.00  113.00     6  bt-mz.B.24
02:51:43        21581  117.50    0.00    0.00  117.50     5  bt-mz.B.24
02:51:43        21582  119.00    0.00    0.00  119.00    12  bt-mz.B.24
02:51:43        21583  132.50    0.00    0.00  132.50    11  bt-mz.B.24
02:51:43        21584  111.50    0.00    0.00  111.50     2  bt-mz.B.24
02:51:43        21585  121.00    0.00    0.00  121.00    29  bt-mz.B.24
02:51:43        21586  117.00    0.00    0.00  117.00     2  bt-mz.B.24

02:51:43          PID    %usr %system  %guest    %CPU   CPU  Command
02:51:45         3139    0.00    0.50    0.00    0.50     6  kondemand/6
02:51:45         3180    0.00    0.50    0.00    0.50    14  kipmi0
02:51:45        21561    1.00    0.50    0.00    1.50    20  top
02:51:45        21563    0.50    1.50    0.00    2.00    23  pidstat
02:51:45        21565    1.00    2.00    0.00    3.00    25  pidstat
02:51:45        21566    0.00    0.50    0.00    0.50     2  mpstat
02:51:45        21574  139.00    0.00    0.00  139.00     5  bt-mz.B.24
02:51:45        21575  122.00    0.00    0.00  122.00    11  bt-mz.B.24
02:51:45        21576  121.50    0.00    0.00  121.50    24  bt-mz.B.24
02:51:45        21577  111.00    0.00    0.00  111.00     9  bt-mz.B.24
02:51:45        21578  122.50    0.00    0.00  122.50     4  bt-mz.B.24
02:51:45        21579  112.00    0.00    0.00  112.00    16  bt-mz.B.24
02:51:45        21580  118.00    0.00    0.00  118.00    21  bt-mz.B.24
02:51:45        21581  111.00    0.00    0.00  111.00     6  bt-mz.B.24
02:51:45        21582  127.50    0.00    0.00  127.50     8  bt-mz.B.24
02:51:45        21583  128.50    0.00    0.00  128.50    27  bt-mz.B.24
02:51:45        21584  116.50    0.00    0.00  116.50    22  bt-mz.B.24
02:51:45        21585  113.00    0.00    0.00  113.00    13  bt-mz.B.24
02:51:45        21586  121.00    0.00    0.00  121.00     2  bt-mz.B.24

02:51:45          PID    %usr %system  %guest    %CPU   CPU  Command
02:51:47          146    0.00    0.50    0.00    0.50    15  events/15
02:51:47         3157    0.00    0.50    0.00    0.50    24  kondemand/24
02:51:47         3164    0.00    0.50    0.00    0.50    31  kondemand/31
02:51:47         3180    0.00    0.50    0.00    0.50    30  kipmi0
02:51:47         4128    0.00    0.50    0.00    0.50     1  gmond
02:51:47        21561    0.50    0.50    0.00    1.00    20  top
02:51:47        21563    0.50    2.00    0.00    2.50    21  pidstat
02:51:47        21565    0.50    2.00    0.00    2.50    25  pidstat
02:51:47        21567    0.00    0.50    0.00    0.50    20  iostat
02:51:47        21574  130.00    0.00    0.00  130.00     4  bt-mz.B.24
02:51:47        21575  132.00    0.00    0.00  132.00    10  bt-mz.B.24
02:51:47        21576  129.00    0.00    0.00  129.00     8  bt-mz.B.24
02:51:47        21577  119.00    0.00    0.00  119.00    27  bt-mz.B.24
02:51:47        21578  118.50    0.00    0.00  118.50    22  bt-mz.B.24
02:51:47        21579  127.00    0.00    0.00  127.00    20  bt-mz.B.24
02:51:47        21580  124.00    0.00    0.00  124.00     0  bt-mz.B.24
02:51:47        21581  125.50    0.00    0.00  125.50    22  bt-mz.B.24
02:51:47        21582  113.50    0.00    0.00  113.50    12  bt-mz.B.24
02:51:47        21583  122.50    0.00    0.00  122.50    14  bt-mz.B.24
02:51:47        21584  125.50    0.00    0.00  125.50    23  bt-mz.B.24
02:51:47        21585  122.50    0.00    0.00  122.50    13  bt-mz.B.24
02:51:47        21586  127.00    0.00    0.00  127.00     1  bt-mz.B.24
