Linux 2.6.32-279.14.1.el6.x86_64 (compute-662-5.local) 	04/21/20 	_x86_64_	(48 CPU)

02:22:52          PID    %usr %system  %guest    %CPU   CPU  Command
02:22:54           17    0.00    0.49    0.00    0.49     3  ksoftirqd/3
02:22:54         4118    0.00    0.49    0.00    0.49     7  kondemand/7
02:22:54         4119    0.00    0.49    0.00    0.49     8  kondemand/8
02:22:54         4124    0.00    0.49    0.00    0.49    13  kondemand/13
02:22:54         4130    0.00    0.49    0.00    0.49    19  kondemand/19
02:22:54         4132    0.00    0.49    0.00    0.49    21  kondemand/21
02:22:54         4133    0.00    0.49    0.00    0.49    22  kondemand/22
02:22:54         4140    0.00    0.49    0.00    0.49    29  kondemand/29
02:22:54         4143    0.00    0.49    0.00    0.49    32  kondemand/32
02:22:54         4151    0.00    0.49    0.00    0.49    40  kondemand/40
02:22:54         4154    0.00    0.49    0.00    0.49    43  kondemand/43
02:22:54        36882    6.80    1.94    0.00    8.74    38  mpirun
02:22:54        36888    1.46    0.97    0.00    2.43    27  top
02:22:54        36890    0.97    2.91    0.00    3.88    28  pidstat
02:22:54        36892    0.49    2.91    0.00    3.40     1  pidstat
02:22:54        36902  165.05    8.74    0.00  173.79     0  bt-mz.B.24
02:22:54        36903  151.46    7.77    0.00  159.22    12  bt-mz.B.24
02:22:54        36904  149.03    7.28    0.00  156.31    25  bt-mz.B.24
02:22:54        36905  142.23    6.31    0.00  148.54    37  bt-mz.B.24
02:22:54        36906  143.20    7.77    0.00  150.97    26  bt-mz.B.24
02:22:54        36907  141.75    6.31    0.00  148.06    14  bt-mz.B.24
02:22:54        36908  141.26    6.80    0.00  148.06    27  bt-mz.B.24
02:22:54        36909  139.81    5.83    0.00  145.63    15  bt-mz.B.24
02:22:54        36910  139.81    7.77    0.00  147.57     4  bt-mz.B.24
02:22:54        36912  142.72    6.31    0.00  149.03    40  bt-mz.B.24
02:22:54        36915  139.81    6.31    0.00  146.12    29  bt-mz.B.24
02:22:54        36916  140.78    5.83    0.00  146.60    17  bt-mz.B.24

02:22:54          PID    %usr %system  %guest    %CPU   CPU  Command
02:22:56          207    0.00    0.50    0.00    0.50    12  events/12
02:22:56          227    0.00    0.50    0.00    0.50    32  events/32
02:22:56         4112    0.00    0.50    0.00    0.50     1  kondemand/1
02:22:56         4113    0.00    0.50    0.00    0.50     2  kondemand/2
02:22:56         4120    0.00    0.50    0.00    0.50     9  kondemand/9
02:22:56        23393    0.50    0.00    0.00    0.50    39  gmond
02:22:56        36888    0.50    1.00    0.00    1.50    27  top
02:22:56        36890    1.00    3.00    0.00    4.00    28  pidstat
02:22:56        36892    1.50    2.50    0.00    4.00     1  pidstat
02:22:56        36902  197.50    0.00    0.00  197.50     0  bt-mz.B.24
02:22:56        36903  182.00    0.00    0.00  182.00    12  bt-mz.B.24
02:22:56        36904  178.50    0.00    0.00  178.50    25  bt-mz.B.24
02:22:56        36905  172.00    0.00    0.00  172.00    37  bt-mz.B.24
02:22:56        36906  172.50    0.00    0.00  172.50    26  bt-mz.B.24
02:22:56        36907  172.00    0.00    0.00  172.00    14  bt-mz.B.24
02:22:56        36908  170.00    0.00    0.00  170.00    27  bt-mz.B.24
02:22:56        36909  169.00    0.00    0.00  169.00    15  bt-mz.B.24
02:22:56        36910  168.50    0.00    0.00  168.50     4  bt-mz.B.24
02:22:56        36912  173.00    0.00    0.00  173.00    40  bt-mz.B.24
02:22:56        36915  170.50    0.00    0.00  170.50    29  bt-mz.B.24
02:22:56        36916  170.50    0.50    0.00  171.00    17  bt-mz.B.24

02:22:56          PID    %usr %system  %guest    %CPU   CPU  Command
02:22:58          206    0.00    0.50    0.00    0.50    11  events/11
02:22:58         4126    0.00    0.50    0.00    0.50    15  kondemand/15
02:22:58         4131    0.00    0.50    0.00    0.50    20  kondemand/20
02:22:58         4137    0.00    0.50    0.00    0.50    26  kondemand/26
02:22:58         4138    0.00    0.50    0.00    0.50    27  kondemand/27
02:22:58         4139    0.00    0.50    0.00    0.50    28  kondemand/28
02:22:58         4142    0.00    0.50    0.00    0.50    31  kondemand/31
02:22:58         4145    0.00    0.50    0.00    0.50    34  kondemand/34
02:22:58         4149    0.00    0.50    0.00    0.50    38  kondemand/38
02:22:58         4150    0.00    0.50    0.00    0.50    39  kondemand/39
02:22:58        23393    0.50    0.00    0.00    0.50    39  gmond
02:22:58        36888    1.00    1.00    0.00    2.00    27  top
02:22:58        36890    1.00    2.50    0.00    3.50    28  pidstat
02:22:58        36892    0.50    3.50    0.00    4.00     1  pidstat
02:22:58        36902  198.00    0.00    0.00  198.00     0  bt-mz.B.24
02:22:58        36903  181.50    0.00    0.00  181.50    12  bt-mz.B.24
02:22:58        36904  178.50    0.00    0.00  178.50    25  bt-mz.B.24
02:22:58        36905  171.50    0.00    0.00  171.50    37  bt-mz.B.24
02:22:58        36906  172.50    0.00    0.00  172.50    26  bt-mz.B.24
02:22:58        36907  171.50    0.00    0.00  171.50    14  bt-mz.B.24
02:22:58        36908  169.50    0.00    0.00  169.50     3  bt-mz.B.24
02:22:58        36909  169.00    0.00    0.00  169.00    15  bt-mz.B.24
02:22:58        36910  168.00    0.00    0.00  168.00     4  bt-mz.B.24
02:22:58        36912  172.50    0.00    0.00  172.50    40  bt-mz.B.24
02:22:58        36915  170.00    0.00    0.00  170.00    29  bt-mz.B.24
02:22:58        36916  170.00    0.00    0.00  170.00    17  bt-mz.B.24

02:22:58          PID    %usr %system  %guest    %CPU   CPU  Command
02:23:00         4122    0.00    0.50    0.00    0.50    11  kondemand/11
02:23:00         4123    0.00    0.50    0.00    0.50    12  kondemand/12
02:23:00         4136    0.00    0.50    0.00    0.50    25  kondemand/25
02:23:00         4147    0.00    0.50    0.00    0.50    36  kondemand/36
02:23:00         4694    0.00    0.50    0.00    0.50    34  snmpd
02:23:00        23393    0.50    0.00    0.00    0.50    39  gmond
02:23:00        36888    1.00    1.00    0.00    2.00    27  top
02:23:00        36890    1.00    3.00    0.00    4.00    28  pidstat
02:23:00        36892    1.50    2.00    0.00    3.50     1  pidstat
02:23:00        36902  197.50    0.00    0.00  197.50     0  bt-mz.B.24
02:23:00        36903  182.00    0.00    0.00  182.00    12  bt-mz.B.24
02:23:00        36904  178.00    0.50    0.00  178.50    25  bt-mz.B.24
02:23:00        36905  172.00    0.00    0.00  172.00    37  bt-mz.B.24
02:23:00        36906  172.50    0.00    0.00  172.50    26  bt-mz.B.24
02:23:00        36907  172.00    0.50    0.00  172.50    14  bt-mz.B.24
02:23:00        36908  170.00    0.50    0.00  170.50     3  bt-mz.B.24
02:23:00        36909  169.00    0.50    0.00  169.50    15  bt-mz.B.24
02:23:00        36910  168.00    0.00    0.00  168.00     4  bt-mz.B.24
02:23:00        36912  173.00    0.00    0.00  173.00    40  bt-mz.B.24
02:23:00        36915  170.50    0.00    0.00  170.50    29  bt-mz.B.24
02:23:00        36916  170.50    0.00    0.00  170.50    17  bt-mz.B.24

02:23:00          PID    %usr %system  %guest    %CPU   CPU  Command
02:23:02          232    0.00    0.50    0.00    0.50    37  events/37
02:23:02         4114    0.00    0.50    0.00    0.50     3  kondemand/3
02:23:02         4115    0.00    0.50    0.00    0.50     4  kondemand/4
02:23:02         4116    0.00    0.50    0.00    0.50     5  kondemand/5
02:23:02         4127    0.00    0.50    0.00    0.50    16  kondemand/16
02:23:02         4129    0.00    0.50    0.00    0.50    18  kondemand/18
02:23:02        23393    0.50    0.00    0.00    0.50    39  gmond
02:23:02        36888    0.50    1.00    0.00    1.50    27  top
02:23:02        36890    1.50    2.50    0.00    4.00    28  pidstat
02:23:02        36892    1.00    3.00    0.00    4.00     1  pidstat
02:23:02        36902  197.00    0.00    0.00  197.00     0  bt-mz.B.24
02:23:02        36903  181.50    0.00    0.00  181.50    12  bt-mz.B.24
02:23:02        36904  179.00    0.00    0.00  179.00    25  bt-mz.B.24
02:23:02        36905  171.50    0.00    0.00  171.50    37  bt-mz.B.24
02:23:02        36906  172.50    0.50    0.00  173.00    26  bt-mz.B.24
02:23:02        36907  171.50    0.00    0.00  171.50    14  bt-mz.B.24
02:23:02        36908  169.50    0.00    0.00  169.50    27  bt-mz.B.24
02:23:02        36909  168.50    0.00    0.00  168.50    15  bt-mz.B.24
02:23:02        36910  168.50    0.00    0.00  168.50     4  bt-mz.B.24
02:23:02        36912  173.00    0.00    0.00  173.00    40  bt-mz.B.24
02:23:02        36915  170.00    0.00    0.00  170.00    29  bt-mz.B.24
02:23:02        36916  170.00    0.00    0.00  170.00    17  bt-mz.B.24

02:23:02          PID    %usr %system  %guest    %CPU   CPU  Command
02:23:04         4111    0.00    0.50    0.00    0.50     0  kondemand/0
02:23:04         4117    0.00    0.50    0.00    0.50     6  kondemand/6
02:23:04         4121    0.00    0.50    0.00    0.50    10  kondemand/10
02:23:04         4134    0.00    0.50    0.00    0.50    23  kondemand/23
02:23:04         4148    0.00    0.50    0.00    0.50    37  kondemand/37
02:23:04         4153    0.00    0.50    0.00    0.50    42  kondemand/42
02:23:04        36888    1.00    1.50    0.00    2.50    27  top
02:23:04        36890    0.50    3.00    0.00    3.50    28  pidstat
02:23:04        36892    1.00    3.00    0.00    4.00     1  pidstat
02:23:04        36894    0.00    0.50    0.00    0.50    41  iostat
02:23:04        36902  198.00    0.00    0.00  198.00     0  bt-mz.B.24
02:23:04        36903  182.00    0.00    0.00  182.00    12  bt-mz.B.24
02:23:04        36904  178.50    0.00    0.00  178.50    25  bt-mz.B.24
02:23:04        36905  171.50    0.00    0.00  171.50    37  bt-mz.B.24
02:23:04        36906  172.50    0.00    0.00  172.50    26  bt-mz.B.24
02:23:04        36907  172.00    0.00    0.00  172.00    14  bt-mz.B.24
02:23:04        36908  169.00    0.00    0.00  169.00    27  bt-mz.B.24
02:23:04        36909  169.00    0.00    0.00  169.00    15  bt-mz.B.24
02:23:04        36910  168.50    0.50    0.00  169.00     4  bt-mz.B.24
02:23:04        36912  173.00    0.00    0.00  173.00    40  bt-mz.B.24
02:23:04        36915  170.00    0.00    0.00  170.00    29  bt-mz.B.24
02:23:04        36916  170.50    0.00    0.00  170.50    17  bt-mz.B.24
