Linux 2.6.32-279.14.1.el6.x86_64 (compute-662-5.local) 	04/21/20 	_x86_64_	(48 CPU)

02:20:36          PID    %usr %system  %guest    %CPU   CPU  Command
02:20:38         4111    0.00    0.49    0.00    0.49     0  kondemand/0
02:20:38         4124    0.00    0.49    0.00    0.49    13  kondemand/13
02:20:38         4135    0.00    0.49    0.00    0.49    24  kondemand/24
02:20:38         4141    0.00    0.49    0.00    0.49    30  kondemand/30
02:20:38         4143    0.00    0.49    0.00    0.49    32  kondemand/32
02:20:38         4158    0.00    0.49    0.00    0.49    47  kondemand/47
02:20:38        23393    0.49    0.00    0.00    0.49    15  gmond
02:20:38        34798    4.85    1.46    0.00    6.31     7  mpirun
02:20:38        34804    0.97    1.46    0.00    2.43    25  top
02:20:38        34806    0.49    2.91    0.00    3.40    14  pidstat
02:20:38        34808    1.46    2.43    0.00    3.88    31  pidstat
02:20:38        34818  146.60    7.28    0.00  153.88     0  bt-mz.B.24
02:20:38        34819  134.95    6.31    0.00  141.26    12  bt-mz.B.24
02:20:38        34820  134.47    7.28    0.00  141.75     1  bt-mz.B.24
02:20:38        34821  128.16    7.77    0.00  135.92    37  bt-mz.B.24
02:20:38        34822  128.64    6.80    0.00  135.44    26  bt-mz.B.24
02:20:38        34823  126.70    6.31    0.00  133.01    38  bt-mz.B.24
02:20:38        34824  127.18    6.80    0.00  133.98    27  bt-mz.B.24
02:20:38        34825  126.21    7.28    0.00  133.50    39  bt-mz.B.24
02:20:38        34826  126.21    7.77    0.00  133.98    28  bt-mz.B.24
02:20:38        34828  128.64    7.77    0.00  136.41    40  bt-mz.B.24
02:20:38        34830  127.18    7.28    0.00  134.47    29  bt-mz.B.24
02:20:38        34831  127.67    6.80    0.00  134.47    41  bt-mz.B.24
02:20:38        34833  127.18    6.80    0.00  133.98    30  bt-mz.B.24

02:20:38          PID    %usr %system  %guest    %CPU   CPU  Command
02:20:40         4113    0.00    0.50    0.00    0.50     2  kondemand/2
02:20:40         4125    0.00    0.50    0.00    0.50    14  kondemand/14
02:20:40         4127    0.00    0.50    0.00    0.50    16  kondemand/16
02:20:40         4133    0.00    0.50    0.00    0.50    22  kondemand/22
02:20:40         4146    0.00    0.50    0.00    0.50    35  kondemand/35
02:20:40        23393    0.50    0.00    0.00    0.50    15  gmond
02:20:40        34804    0.50    1.00    0.00    1.50     1  top
02:20:40        34806    1.00    3.00    0.00    4.00    14  pidstat
02:20:40        34808    1.00    3.00    0.00    4.00    31  pidstat
02:20:40        34818  196.50    0.00    0.00  196.50     0  bt-mz.B.24
02:20:40        34819  181.00    0.00    0.00  181.00    12  bt-mz.B.24
02:20:40        34820  179.00    0.00    0.00  179.00     1  bt-mz.B.24
02:20:40        34821  171.50    0.50    0.00  172.00    37  bt-mz.B.24
02:20:40        34822  172.50    0.00    0.00  172.50    26  bt-mz.B.24
02:20:40        34823  170.50    0.00    0.00  170.50    38  bt-mz.B.24
02:20:40        34824  170.50    0.00    0.00  170.50    27  bt-mz.B.24
02:20:40        34825  168.50    0.00    0.00  168.50    39  bt-mz.B.24
02:20:40        34826  169.50    0.00    0.00  169.50    28  bt-mz.B.24
02:20:40        34828  172.50    0.00    0.00  172.50    40  bt-mz.B.24
02:20:40        34830  170.00    0.00    0.00  170.00    29  bt-mz.B.24
02:20:40        34831  170.00    0.50    0.00  170.50    41  bt-mz.B.24
02:20:40        34833  170.00    0.50    0.00  170.50    30  bt-mz.B.24

02:20:40          PID    %usr %system  %guest    %CPU   CPU  Command
02:20:42         4120    0.00    0.50    0.00    0.50     9  kondemand/9
02:20:42         4129    0.00    0.50    0.00    0.50    18  kondemand/18
02:20:42         4150    0.00    0.50    0.00    0.50    39  kondemand/39
02:20:42         4694    0.00    0.50    0.00    0.50    10  snmpd
02:20:42        23393    0.50    0.00    0.00    0.50    15  gmond
02:20:42        34804    1.00    0.50    0.00    1.50     1  top
02:20:42        34806    1.00    3.50    0.00    4.50    14  pidstat
02:20:42        34808    1.50    2.50    0.00    4.00    31  pidstat
02:20:42        34818  197.00    0.00    0.00  197.00     0  bt-mz.B.24
02:20:42        34819  182.50    0.50    0.00  183.00    12  bt-mz.B.24
02:20:42        34820  179.50    0.00    0.00  179.50     1  bt-mz.B.24
02:20:42        34821  171.50    0.00    0.00  171.50    37  bt-mz.B.24
02:20:42        34822  172.00    0.00    0.00  172.00    26  bt-mz.B.24
02:20:42        34823  170.50    0.00    0.00  170.50    38  bt-mz.B.24
02:20:42        34824  170.50    0.00    0.00  170.50    27  bt-mz.B.24
02:20:42        34825  169.00    0.00    0.00  169.00    39  bt-mz.B.24
02:20:42        34826  169.50    0.00    0.00  169.50    28  bt-mz.B.24
02:20:42        34828  173.00    0.00    0.00  173.00    40  bt-mz.B.24
02:20:42        34830  170.50    0.00    0.00  170.50    29  bt-mz.B.24
02:20:42        34831  170.50    0.00    0.00  170.50    41  bt-mz.B.24
02:20:42        34833  170.00    0.00    0.00  170.00    30  bt-mz.B.24

02:20:42          PID    %usr %system  %guest    %CPU   CPU  Command
02:20:44         4115    0.00    0.50    0.00    0.50     4  kondemand/4
02:20:44         4116    0.00    0.50    0.00    0.50     5  kondemand/5
02:20:44         4121    0.00    0.50    0.00    0.50    10  kondemand/10
02:20:44         4130    0.00    0.50    0.00    0.50    19  kondemand/19
02:20:44         4134    0.00    0.50    0.00    0.50    23  kondemand/23
02:20:44         4136    0.00    0.50    0.00    0.50    25  kondemand/25
02:20:44         4142    0.00    0.50    0.00    0.50    31  kondemand/31
02:20:44         4148    0.00    0.50    0.00    0.50    37  kondemand/37
02:20:44         4174    0.00    0.50    0.00    0.50    24  kipmi0
02:20:44        23393    1.00    0.00    0.00    1.00    15  gmond
02:20:44        34804    1.00    1.00    0.00    2.00    25  top
02:20:44        34806    1.00    3.00    0.00    4.00    14  pidstat
02:20:44        34808    1.00    3.00    0.00    4.00    31  pidstat
02:20:44        34818  196.50    0.00    0.00  196.50     0  bt-mz.B.24
02:20:44        34819  179.50    0.00    0.00  179.50    12  bt-mz.B.24
02:20:44        34820  179.00    0.00    0.00  179.00    25  bt-mz.B.24
02:20:44        34821  171.50    0.00    0.00  171.50    37  bt-mz.B.24
02:20:44        34822  172.00    0.50    0.00  172.50     2  bt-mz.B.24
02:20:44        34823  169.50    0.00    0.00  169.50    38  bt-mz.B.24
02:20:44        34824  170.00    0.00    0.00  170.00    27  bt-mz.B.24
02:20:44        34825  168.00    0.00    0.00  168.00    39  bt-mz.B.24
02:20:44        34826  169.50    0.00    0.00  169.50    28  bt-mz.B.24
02:20:44        34828  172.00    0.00    0.00  172.00    40  bt-mz.B.24
02:20:44        34830  170.00    0.00    0.00  170.00    29  bt-mz.B.24
02:20:44        34831  170.00    0.00    0.00  170.00    41  bt-mz.B.24
02:20:44        34833  169.50    0.00    0.00  169.50    30  bt-mz.B.24

02:20:44          PID    %usr %system  %guest    %CPU   CPU  Command
02:20:46         4112    0.00    0.50    0.00    0.50     1  kondemand/1
02:20:46         4114    0.00    0.50    0.00    0.50     3  kondemand/3
02:20:46         4122    0.00    0.50    0.00    0.50    11  kondemand/11
02:20:46         4138    0.00    0.50    0.00    0.50    27  kondemand/27
02:20:46         4149    0.00    0.50    0.00    0.50    38  kondemand/38
02:20:46         4152    0.00    0.50    0.00    0.50    41  kondemand/41
02:20:46        23393    0.50    0.00    0.00    0.50    15  gmond
02:20:46        34798    0.00    0.50    0.00    0.50     6  mpirun
02:20:46        34804    1.50    1.00    0.00    2.50    25  top
02:20:46        34806    1.00    3.00    0.00    4.00    38  pidstat
02:20:46        34808    0.50    3.50    0.00    4.00    31  pidstat
02:20:46        34810    0.00    0.50    0.00    0.50    30  iostat
02:20:46        34818  197.00    0.00    0.00  197.00     0  bt-mz.B.24
02:20:46        34819  181.50    0.50    0.00  182.00    12  bt-mz.B.24
02:20:46        34820  179.50    0.00    0.00  179.50     1  bt-mz.B.24
02:20:46        34821  172.00    0.00    0.00  172.00    37  bt-mz.B.24
02:20:46        34822  172.50    0.00    0.00  172.50     2  bt-mz.B.24
02:20:46        34823  170.50    0.00    0.00  170.50    14  bt-mz.B.24
02:20:46        34824  170.00    0.00    0.00  170.00    27  bt-mz.B.24
02:20:46        34825  169.00    0.00    0.00  169.00    39  bt-mz.B.24
02:20:46        34826  169.50    0.00    0.00  169.50    28  bt-mz.B.24
02:20:46        34828  173.00    0.50    0.00  173.50    40  bt-mz.B.24
02:20:46        34830  170.50    0.00    0.00  170.50    29  bt-mz.B.24
02:20:46        34831  170.50    0.00    0.00  170.50    41  bt-mz.B.24
02:20:46        34833  170.50    0.00    0.00  170.50    30  bt-mz.B.24
