procs -----------memory---------- ---swap-- -----io---- --system-- -----cpu-----
 r  b   swpd   free   buff  cache   si   so    bi    bo   in   cs us sy id wa st
 9  0      0 64446952 215420 480328    0    0     0     1    0    0 38  2 60  0  0	
37  0      0 64108768 215420 507216    0    0     0     0 31945 57626 67  4 29  0  0	
40  0      0 64111684 215420 507276    0    0     0     0 29450 9054 88  0 12  0  0	
47  0      0 64112220 215424 507336    0    0     0   116 30673 9277 92  0  8  0  0	
45  0      0 64115292 215424 507400    0    0     0     0 30079 9268 90  0 10  0  0	
28  0      0 64118212 215424 507460    0    0     0     0 31064 9303 93  0  6  0  0	
45  0      0 64118928 215424 507520    0    0     0     6 30575 9202 92  0  8  0  0	
34  0      0 64122012 215424 507584    0    0     0     0 29889 9087 89  0 10  0  0	
33  0      0 64124340 215424 507648    0    0     0     0 30435 9325 91  0  9  0  0	
48  0      0 64125084 215424 507708    0    0     0     0 29714 9136 89  0 11  0  0	
41  0      0 64126732 215424 507772    0    0     0     0 30683 9261 92  0  8  0  0	
44  0      0 64126860 215424 507832    0    0     0     6 29443 9112 88  0 11  0  0	
25  0      0 64126808 215424 507892    0    0     0   104 30076 9039 90  0 10  0  0	
39  0      0 64126800 215424 507956    0    0     0     0 30025 9212 90  0 10  0  0	
27  0      0 64126916 215424 508016    0    0     0     0 29636 9110 89  0 11  0  0	
26  0      0 64126784 215424 508084    0    0     0     0 30270 9194 91  0  9  0  0	
27  0      0 64126792 215424 508148    0    0     0     8 30094 9273 90  0 10  0  0	
27  0      0 64126164 215424 508208    0    0     0  6156 32766 9222 90  0 10  0  0	
25  0      0 64126156 215424 508276    0    0     0     0 29237 8870 87  0 12  0  0	
49  0      0 64126140 215424 508340    0    0     0  1358 31995 9526 92  0  8  0  0	
29  0      0 64125892 215424 508400    0    0     0     0 29624 9002 89  0 11  0  0	
procs -----------memory---------- ---swap-- -----io---- --system-- -----cpu-----
 r  b   swpd   free   buff  cache   si   so    bi    bo   in   cs us sy id wa st
30  0      0 64126008 215424 508460    0    0     0     0 30362 9314 91  0  9  0  0	
45  0      0 64125884 215428 508524    0    0     0    10 30293 9287 91  0  9  0  0	
46  0      0 64125884 215428 508588    0    0     0     0 29504 9053 88  0 11  0  0	
46  0      0 64125884 215428 508648    0    0     0     8 30690 9570 92  0  8  0  0	
46  0      0 64126008 215428 508716    0    0     0     0 30187 9213 91  0  9  0  0	
46  0      0 64125924 215428 508776    0    0     0     0 30622 9255 92  0  8  0  0	
44  0      0 64125792 215428 508836    0    0     0     0 29949 9268 90  0 10  0  0	
37  0      0 64125668 215428 508900    0    0     0     8 29814 8999 90  0 10  0  0	
42  0      0 64125668 215428 508964    0    0     0     0 30128 9028 90  0  9  0  0	
37  0      0 64125552 215428 509028    0    0     0     6 30483 9255 92  0  8  0  0	
26  0      0 64125552 215428 509092    0    0     0     0 30159 9158 90  0  9  0  0	
46  0      0 64125172 215428 509152    0    0     0  1290 31832 9403 92  0  8  0  0	
44  0      0 64125032 215428 509212    0    0     0     0 30432 9314 91  0  9  0  0	
41  0      0 64124908 215432 509272    0    0     0    10 30467 9318 92  0  8  0  0	
28  0      0 64125032 215432 509276    0    0     0     0 29583 9166 89  0 11  0  0	
25  0      0 64125064 215432 509344    0    0     0     8 30190 9223 90  0  9  0  0	
45  0      0 64124932 215432 509408    0    0     0    62 30255 9139 91  0  9  0  0	
31  0      0 64124676 215436 509468    0    0     0     8 30116 9138 90  0 10  0  0	
29  0      0 64124304 215436 509532    0    0     0     0 30430 9394 91  0  9  0  0	
40  0      0 64124172 215436 509592    0    0     0     8 29806 9127 89  0 10  0  0	
26  0      0 64124048 215436 509652    0    0     0     0 29392 8952 88  0 12  0  0	
