Linux 2.6.32-279.14.1.el6.x86_64 (compute-662-5.local) 	04/21/20 	_x86_64_	(48 CPU)

02:23:18          PID    %usr %system  %guest    %CPU   CPU  Command
02:23:20          198    0.00    0.49    0.00    0.49     3  events/3
02:23:20         4114    0.00    0.49    0.00    0.49     3  kondemand/3
02:23:20         4124    0.00    0.49    0.00    0.49    13  kondemand/13
02:23:20         4127    0.00    0.49    0.00    0.49    16  kondemand/16
02:23:20         4134    0.00    0.49    0.00    0.49    23  kondemand/23
02:23:20        37199    4.39    1.46    0.00    5.85     0  mpirun
02:23:20        37205    0.98    0.49    0.00    1.46    25  top
02:23:20        37207    0.49    2.93    0.00    3.41    29  pidstat
02:23:20        37209    1.46    1.95    0.00    3.41    13  pidstat
02:23:20        37219  169.76    6.83    0.00  176.59    24  bt-mz.B.24
02:23:20        37220  157.07    6.34    0.00  163.41    36  bt-mz.B.24
02:23:20        37221  154.63    6.34    0.00  160.98    25  bt-mz.B.24
02:23:20        37222  145.85    6.83    0.00  152.68    37  bt-mz.B.24
02:23:20        37223  149.27    6.34    0.00  155.61    26  bt-mz.B.24
02:23:20        37224  148.29    6.34    0.00  154.63    14  bt-mz.B.24
02:23:20        37225  147.32    5.85    0.00  153.17    27  bt-mz.B.24
02:23:20        37226  145.85    6.34    0.00  152.20    15  bt-mz.B.24
02:23:20        37227  145.85    6.83    0.00  152.68    28  bt-mz.B.24
02:23:20        37228  149.76    5.85    0.00  155.61    40  bt-mz.B.24
02:23:20        37231  144.88    6.34    0.00  151.22     5  bt-mz.B.24
02:23:20        37232  146.83    6.83    0.00  153.66    41  bt-mz.B.24
02:23:20        37234  147.32    5.85    0.00  153.17    30  bt-mz.B.24
02:23:20        37235  145.85    6.34    0.00  152.20    42  bt-mz.B.24

02:23:20          PID    %usr %system  %guest    %CPU   CPU  Command
02:23:22          196    0.00    0.50    0.00    0.50     1  events/1
02:23:22         4113    0.00    0.50    0.00    0.50     2  kondemand/2
02:23:22         4118    0.00    0.50    0.00    0.50     7  kondemand/7
02:23:22         4119    0.00    0.50    0.00    0.50     8  kondemand/8
02:23:22         4125    0.00    0.50    0.00    0.50    14  kondemand/14
02:23:22         4128    0.00    0.50    0.00    0.50    17  kondemand/17
02:23:22         4142    0.00    0.50    0.00    0.50    31  kondemand/31
02:23:22         4148    0.00    0.50    0.00    0.50    37  kondemand/37
02:23:22        23393    0.50    0.00    0.00    0.50    39  gmond
02:23:22        37205    1.00    1.50    0.00    2.50     1  top
02:23:22        37207    0.50    2.50    0.00    3.00     5  pidstat
02:23:22        37209    1.00    3.00    0.00    4.00    37  pidstat
02:23:22        37219  198.00    0.00    0.00  198.00    24  bt-mz.B.24
02:23:22        37220  182.00    0.00    0.00  182.00    36  bt-mz.B.24
02:23:22        37221  180.00    0.00    0.00  180.00     1  bt-mz.B.24
02:23:22        37222  171.50    0.00    0.00  171.50    13  bt-mz.B.24
02:23:22        37223  173.00    0.00    0.00  173.00    26  bt-mz.B.24
02:23:22        37224  172.50    0.00    0.00  172.50    14  bt-mz.B.24
02:23:22        37225  170.00    0.00    0.00  170.00    27  bt-mz.B.24
02:23:22        37226  170.00    0.00    0.00  170.00    15  bt-mz.B.24
02:23:22        37227  169.50    0.00    0.00  169.50    28  bt-mz.B.24
02:23:22        37228  173.50    0.50    0.00  174.00    40  bt-mz.B.24
02:23:22        37231  169.50    0.00    0.00  169.50    29  bt-mz.B.24
02:23:22        37232  171.00    0.00    0.00  171.00    41  bt-mz.B.24
02:23:22        37234  170.50    0.00    0.00  170.50    30  bt-mz.B.24
02:23:22        37235  171.50    0.00    0.00  171.50    42  bt-mz.B.24

02:23:22          PID    %usr %system  %guest    %CPU   CPU  Command
02:23:24          200    0.00    0.50    0.00    0.50     5  events/5
02:23:24         4112    0.00    0.50    0.00    0.50     1  kondemand/1
02:23:24         4120    0.00    0.50    0.00    0.50     9  kondemand/9
02:23:24         4123    0.00    0.50    0.00    0.50    12  kondemand/12
02:23:24         4132    0.00    0.50    0.00    0.50    21  kondemand/21
02:23:24         4153    0.00    0.50    0.00    0.50    42  kondemand/42
02:23:24        23393    0.50    0.00    0.00    0.50    39  gmond
02:23:24        37205    1.00    1.00    0.00    2.00     1  top
02:23:24        37207    1.00    2.50    0.00    3.50     5  pidstat
02:23:24        37209    1.50    2.50    0.00    4.00    37  pidstat
02:23:24        37219  196.50    0.00    0.00  196.50    24  bt-mz.B.24
02:23:24        37220  181.50    0.00    0.00  181.50    36  bt-mz.B.24
02:23:24        37221  179.00    0.00    0.00  179.00    25  bt-mz.B.24
02:23:24        37222  168.00    0.00    0.00  168.00    13  bt-mz.B.24
02:23:24        37223  171.50    0.00    0.00  171.50    26  bt-mz.B.24
02:23:24        37224  171.00    0.00    0.00  171.00    14  bt-mz.B.24
02:23:24        37225  169.50    0.00    0.00  169.50    27  bt-mz.B.24
02:23:24        37226  168.00    0.00    0.00  168.00    15  bt-mz.B.24
02:23:24        37227  168.50    0.00    0.00  168.50    28  bt-mz.B.24
02:23:24        37228  172.00    0.00    0.00  172.00    40  bt-mz.B.24
02:23:24        37231  167.50    0.00    0.00  167.50    29  bt-mz.B.24
02:23:24        37232  169.50    0.00    0.00  169.50    41  bt-mz.B.24
02:23:24        37234  169.00    0.00    0.00  169.00    30  bt-mz.B.24
02:23:24        37235  170.00    0.00    0.00  170.00    42  bt-mz.B.24

02:23:24          PID    %usr %system  %guest    %CPU   CPU  Command
02:23:26         4122    0.00    0.50    0.00    0.50    11  kondemand/11
02:23:26         4133    0.00    0.50    0.00    0.50    22  kondemand/22
02:23:26         4694    0.00    0.50    0.00    0.50    34  snmpd
02:23:26        37205    1.00    1.00    0.00    2.00     1  top
02:23:26        37207    1.00    3.00    0.00    4.00     5  pidstat
02:23:26        37209    1.00    3.00    0.00    4.00    37  pidstat
02:23:26        37219  195.00    0.00    0.00  195.00    24  bt-mz.B.24
02:23:26        37220  180.00    0.00    0.00  180.00    36  bt-mz.B.24
02:23:26        37221  177.00    0.00    0.00  177.00     1  bt-mz.B.24
02:23:26        37222  170.50    0.00    0.00  170.50    13  bt-mz.B.24
02:23:26        37223  171.00    0.00    0.00  171.00    26  bt-mz.B.24
02:23:26        37224  170.00    0.00    0.00  170.00    14  bt-mz.B.24
02:23:26        37225  168.00    0.00    0.00  168.00    27  bt-mz.B.24
02:23:26        37226  167.50    0.00    0.00  167.50    15  bt-mz.B.24
02:23:26        37227  167.00    0.50    0.00  167.50    28  bt-mz.B.24
02:23:26        37228  171.50    0.00    0.00  171.50    40  bt-mz.B.24
02:23:26        37231  169.00    0.50    0.00  169.50    29  bt-mz.B.24
02:23:26        37232  168.50    0.00    0.00  168.50    41  bt-mz.B.24
02:23:26        37234  168.00    0.50    0.00  168.50    30  bt-mz.B.24
02:23:26        37235  169.00    0.00    0.00  169.00    42  bt-mz.B.24

02:23:26          PID    %usr %system  %guest    %CPU   CPU  Command
02:23:28          229    0.00    0.50    0.00    0.50    34  events/34
02:23:28         4111    0.00    0.50    0.00    0.50     0  kondemand/0
02:23:28         4130    0.00    0.50    0.00    0.50    19  kondemand/19
02:23:28         4155    0.00    0.50    0.00    0.50    44  kondemand/44
02:23:28        37205    0.50    1.00    0.00    1.50     1  top
02:23:28        37207    1.00    2.50    0.00    3.50     5  pidstat
02:23:28        37209    1.00    3.00    0.00    4.00    37  pidstat
02:23:28        37219  197.50    0.00    0.00  197.50    24  bt-mz.B.24
02:23:28        37220  181.50    0.00    0.00  181.50    36  bt-mz.B.24
02:23:28        37221  180.00    0.00    0.00  180.00     1  bt-mz.B.24
02:23:28        37222  171.00    0.00    0.00  171.00    13  bt-mz.B.24
02:23:28        37223  172.50    0.00    0.00  172.50    26  bt-mz.B.24
02:23:28        37224  171.50    0.00    0.00  171.50    14  bt-mz.B.24
02:23:28        37225  169.50    0.50    0.00  170.00    27  bt-mz.B.24
02:23:28        37226  169.00    0.00    0.00  169.00    15  bt-mz.B.24
02:23:28        37227  168.50    0.00    0.00  168.50    28  bt-mz.B.24
02:23:28        37228  172.50    0.00    0.00  172.50    40  bt-mz.B.24
02:23:28        37231  169.50    0.00    0.00  169.50    29  bt-mz.B.24
02:23:28        37232  170.00    0.00    0.00  170.00    41  bt-mz.B.24
02:23:28        37234  170.00    0.00    0.00  170.00    30  bt-mz.B.24
02:23:28        37235  170.00    0.00    0.00  170.00    42  bt-mz.B.24

02:23:28          PID    %usr %system  %guest    %CPU   CPU  Command
02:23:30         4116    0.00    0.50    0.00    0.50     5  kondemand/5
02:23:30         4138    0.00    0.50    0.00    0.50    27  kondemand/27
02:23:30         4150    0.00    0.50    0.00    0.50    39  kondemand/39
02:23:30         4152    0.00    0.50    0.00    0.50    41  kondemand/41
02:23:30         4158    0.00    0.50    0.00    0.50    47  kondemand/47
02:23:30        37199    0.00    0.50    0.00    0.50     0  mpirun
02:23:30        37205    1.00    1.00    0.00    2.00     1  top
02:23:30        37207    1.00    3.00    0.00    4.00    29  pidstat
02:23:30        37209    1.00    2.50    0.00    3.50    13  pidstat
02:23:30        37211    0.00    0.50    0.00    0.50     4  iostat
02:23:30        37219  197.50    0.00    0.00  197.50    24  bt-mz.B.24
02:23:30        37220  182.00    0.00    0.00  182.00    36  bt-mz.B.24
02:23:30        37221  179.00    0.00    0.00  179.00    25  bt-mz.B.24
02:23:30        37222  171.00    0.00    0.00  171.00    37  bt-mz.B.24
02:23:30        37223  172.50    0.00    0.00  172.50    26  bt-mz.B.24
02:23:30        37224  172.00    0.00    0.00  172.00    14  bt-mz.B.24
02:23:30        37225  170.00    0.00    0.00  170.00    27  bt-mz.B.24
02:23:30        37226  169.00    0.00    0.00  169.00    15  bt-mz.B.24
02:23:30        37227  169.00    0.00    0.00  169.00    28  bt-mz.B.24
02:23:30        37228  173.50    0.00    0.00  173.50    40  bt-mz.B.24
02:23:30        37231  169.00    0.00    0.00  169.00     5  bt-mz.B.24
02:23:30        37232  170.50    0.00    0.00  170.50    41  bt-mz.B.24
02:23:30        37234  170.00    0.00    0.00  170.00    30  bt-mz.B.24
02:23:30        37235  171.00    0.00    0.00  171.00    42  bt-mz.B.24
