Linux 2.6.32-279.14.1.el6.x86_64 (compute-641-14.local) 	04/21/20 	_x86_64_	(32 CPU)

02:33:41          PID    %usr %system  %guest    %CPU   CPU  Command
02:33:43         3146    0.00    0.49    0.00    0.49    13  kondemand/13
02:33:43         3149    0.00    0.49    0.00    0.49    16  kondemand/16
02:33:43         3151    0.00    0.49    0.00    0.49    18  kondemand/18
02:33:43         3159    0.00    0.49    0.00    0.49    26  kondemand/26
02:33:43         3195    0.00    0.49    0.00    0.49    12  irqbalance
02:33:43         4128    0.00    0.49    0.00    0.49     0  gmond
02:33:43        16985    2.46    1.48    0.00    3.94    16  mpirun
02:33:43        16991    0.49    0.99    0.00    1.48    12  top
02:33:43        16993    0.49    1.97    0.00    2.46     9  pidstat
02:33:43        16995    0.49    1.97    0.00    2.46     5  pidstat
02:33:43        17005  135.96    7.88    0.00  143.84     0  bt-mz.B.32
02:33:43        17006  136.45   13.79    0.00  150.25     1  bt-mz.B.32
02:33:43        17007  131.53   17.73    0.00  149.26     2  bt-mz.B.32
02:33:43        17008  119.70   18.23    0.00  137.93    19  bt-mz.B.32
02:33:43        17009  115.76   21.67    0.00  137.44    20  bt-mz.B.32
02:33:43        17010  115.27   20.20    0.00  135.47    21  bt-mz.B.32
02:33:43        17011  105.91   22.17    0.00  128.08    22  bt-mz.B.32
02:33:43        17012  106.40   21.18    0.00  127.59    23  bt-mz.B.32
02:33:43        17013  102.96   25.62    0.00  128.57    24  bt-mz.B.32
02:33:43        17015  101.48   23.15    0.00  124.63    25  bt-mz.B.32
02:33:43        17018   99.01   28.57    0.00  127.59    26  bt-mz.B.32
02:33:43        17020   98.03   30.05    0.00  128.08    27  bt-mz.B.32
02:33:43        17023   96.55   30.05    0.00  126.60    28  bt-mz.B.32
02:33:43        17026   94.09   32.51    0.00  126.60    29  bt-mz.B.32

02:33:43          PID    %usr %system  %guest    %CPU   CPU  Command
02:33:45         3137    0.00    0.50    0.00    0.50     4  kondemand/4
02:33:45         3143    0.00    0.50    0.00    0.50    10  kondemand/10
02:33:45         4128    0.50    0.00    0.00    0.50     0  gmond
02:33:45        16985    0.00    0.50    0.00    0.50    16  mpirun
02:33:45        16991    0.50    0.50    0.00    1.00    12  top
02:33:45        16993    0.50    2.00    0.00    2.50     9  pidstat
02:33:45        16995    0.50    0.50    0.00    1.00    21  pidstat
02:33:45        17005  172.50    1.50    0.00  174.00    16  bt-mz.B.32
02:33:45        17006  172.00    9.50    0.00  181.50     1  bt-mz.B.32
02:33:45        17007  167.50   12.00    0.00  179.50     2  bt-mz.B.32
02:33:45        17008  149.00   16.00    0.00  165.00    19  bt-mz.B.32
02:33:45        17009  147.00   17.50    0.00  164.50    20  bt-mz.B.32
02:33:45        17010  145.50   17.00    0.00  162.50    21  bt-mz.B.32
02:33:45        17011  134.00   19.50    0.00  153.50    22  bt-mz.B.32
02:33:45        17012  132.00   20.50    0.00  152.50    23  bt-mz.B.32
02:33:45        17013  128.00   24.00    0.00  152.00    24  bt-mz.B.32
02:33:45        17015  126.50   21.50    0.00  148.00    25  bt-mz.B.32
02:33:45        17018  123.00   28.50    0.00  151.50    26  bt-mz.B.32
02:33:45        17020  121.50   31.00    0.00  152.50    27  bt-mz.B.32
02:33:45        17023  121.00   29.50    0.00  150.50    12  bt-mz.B.32
02:33:45        17026  118.00   32.50    0.00  150.50    29  bt-mz.B.32

02:33:45          PID    %usr %system  %guest    %CPU   CPU  Command
02:33:47         3154    0.00    0.50    0.00    0.50    21  kondemand/21
02:33:47         3160    0.00    0.50    0.00    0.50    27  kondemand/27
02:33:47         4128    0.00    0.50    0.00    0.50     0  gmond
02:33:47        16991    0.50    1.00    0.00    1.50    28  top
02:33:47        16993    0.50    2.00    0.00    2.50     9  pidstat
02:33:47        16995    1.00    2.50    0.00    3.50     5  pidstat
02:33:47        17005  173.50    2.00    0.00  175.50    16  bt-mz.B.32
02:33:47        17006  172.50   10.00    0.00  182.50     1  bt-mz.B.32
02:33:47        17007  168.50   12.00    0.00  180.50     2  bt-mz.B.32
02:33:47        17008  149.00   16.50    0.00  165.50    19  bt-mz.B.32
02:33:47        17009  147.50   18.50    0.00  166.00    20  bt-mz.B.32
02:33:47        17010  146.00   17.00    0.00  163.00    21  bt-mz.B.32
02:33:47        17011  132.00   21.00    0.00  153.00    22  bt-mz.B.32
02:33:47        17012  133.00   20.00    0.00  153.00    23  bt-mz.B.32
02:33:47        17013  129.50   24.00    0.00  153.50    24  bt-mz.B.32
02:33:47        17015  127.50   22.00    0.00  149.50    25  bt-mz.B.32
02:33:47        17018  122.50   30.50    0.00  153.00    26  bt-mz.B.32
02:33:47        17020  122.50   30.00    0.00  152.50    27  bt-mz.B.32
02:33:47        17023  119.00   32.00    0.00  151.00    28  bt-mz.B.32
02:33:47        17026  117.50   34.50    0.00  152.00    29  bt-mz.B.32

02:33:47          PID    %usr %system  %guest    %CPU   CPU  Command
02:33:49           53    0.00    0.50    0.00    0.50    12  ksoftirqd/12
02:33:49         3133    0.00    0.50    0.00    0.50     0  kondemand/0
02:33:49         3135    0.00    0.50    0.00    0.50     2  kondemand/2
02:33:49         3140    0.00    0.50    0.00    0.50     7  kondemand/7
02:33:49         3142    0.00    0.50    0.00    0.50     9  kondemand/9
02:33:49         3164    0.00    0.50    0.00    0.50    31  kondemand/31
02:33:49         3180    0.00    0.50    0.00    0.50     0  kipmi0
02:33:49         4128    0.00    0.50    0.00    0.50    16  gmond
02:33:49        16991    0.50    1.00    0.00    1.50    12  top
02:33:49        16993    0.50    2.00    0.00    2.50     9  pidstat
02:33:49        16995    0.50    2.00    0.00    2.50     5  pidstat
02:33:49        17005  173.50    1.50    0.00  175.00     0  bt-mz.B.32
02:33:49        17006  173.00   10.00    0.00  183.00     1  bt-mz.B.32
02:33:49        17007  168.00   12.50    0.00  180.50     2  bt-mz.B.32
02:33:49        17008  151.00   16.00    0.00  167.00    19  bt-mz.B.32
02:33:49        17009  149.00   17.50    0.00  166.50    20  bt-mz.B.32
02:33:49        17010  148.50   16.00    0.00  164.50    21  bt-mz.B.32
02:33:49        17011  136.50   19.00    0.00  155.50    22  bt-mz.B.32
02:33:49        17012  134.00   19.00    0.00  153.00    23  bt-mz.B.32
02:33:49        17013  129.50   24.00    0.00  153.50    24  bt-mz.B.32
02:33:49        17015  128.00   22.00    0.00  150.00    25  bt-mz.B.32
02:33:49        17018  125.00   28.00    0.00  153.00    26  bt-mz.B.32
02:33:49        17020  123.50   29.50    0.00  153.00    27  bt-mz.B.32
02:33:49        17023  121.00   30.50    0.00  151.50    12  bt-mz.B.32
02:33:49        17026  119.00   32.50    0.00  151.50    29  bt-mz.B.32

02:33:49          PID    %usr %system  %guest    %CPU   CPU  Command
02:33:51          138    0.00    0.50    0.00    0.50     7  events/7
02:33:51         3134    0.00    0.50    0.00    0.50     1  kondemand/1
02:33:51         3138    0.00    0.50    0.00    0.50     5  kondemand/5
02:33:51         3147    0.00    0.50    0.00    0.50    14  kondemand/14
02:33:51         3152    0.00    0.50    0.00    0.50    19  kondemand/19
02:33:51         3156    0.00    0.50    0.00    0.50    23  kondemand/23
02:33:51        16991    0.50    0.50    0.00    1.00    28  top
02:33:51        16993    0.50    1.50    0.00    2.00    25  pidstat
02:33:51        16995    0.50    2.00    0.00    2.50     5  pidstat
02:33:51        17005  174.50    1.50    0.00  176.00    16  bt-mz.B.32
02:33:51        17006  174.50    9.50    0.00  184.00     1  bt-mz.B.32
02:33:51        17007  172.00   10.00    0.00  182.00     2  bt-mz.B.32
02:33:51        17008  151.00   15.00    0.00  166.00    19  bt-mz.B.32
02:33:51        17009  150.00   17.00    0.00  167.00    20  bt-mz.B.32
02:33:51        17010  147.00   17.50    0.00  164.50    21  bt-mz.B.32
02:33:51        17011  134.50   19.50    0.00  154.00    22  bt-mz.B.32
02:33:51        17012  135.00   19.50    0.00  154.50    23  bt-mz.B.32
02:33:51        17013  127.50   25.50    0.00  153.00    24  bt-mz.B.32
02:33:51        17015  128.00   22.50    0.00  150.50     9  bt-mz.B.32
02:33:51        17018  125.50   28.50    0.00  154.00    26  bt-mz.B.32
02:33:51        17020  126.00   29.00    0.00  155.00    27  bt-mz.B.32
02:33:51        17023  121.50   31.00    0.00  152.50    28  bt-mz.B.32
02:33:51        17026  121.50   31.50    0.00  153.00    29  bt-mz.B.32
