Linux 2.6.32-279.14.1.el6.x86_64 (compute-641-14.local) 	04/21/20 	_x86_64_	(32 CPU)

02:15:19          PID    %usr %system  %guest    %CPU   CPU  Command
02:15:21           81    0.00    0.49    0.00    0.49    19  ksoftirqd/19
02:15:21         3136    0.00    0.49    0.00    0.49     3  kondemand/3
02:15:21         3148    0.00    0.49    0.00    0.49    15  kondemand/15
02:15:21         3180    0.00    0.49    0.00    0.49     0  kipmi0
02:15:21        11215    2.46    1.97    0.00    4.43    16  mpirun
02:15:21        11221    0.49    0.99    0.00    1.48    16  top
02:15:21        11223    0.99    1.97    0.00    2.96     0  pidstat
02:15:21        11225    0.49    1.48    0.00    1.97    19  pidstat
02:15:21        11235  130.05    8.37    0.00  138.42    16  bt-mz.B.32
02:15:21        11236  130.05   15.76    0.00  145.81    17  bt-mz.B.32
02:15:21        11237  128.08   15.76    0.00  143.84     2  bt-mz.B.32
02:15:21        11238  112.81   20.69    0.00  133.50     3  bt-mz.B.32
02:15:21        11239  112.81   20.20    0.00  133.00    20  bt-mz.B.32
02:15:21        11240  110.84   21.67    0.00  132.51    21  bt-mz.B.32
02:15:21        11241  103.94   22.17    0.00  126.11    22  bt-mz.B.32
02:15:21        11242  102.46   23.15    0.00  125.62     7  bt-mz.B.32
02:15:21        11243   99.51   25.62    0.00  125.12    24  bt-mz.B.32
02:15:21        11246   97.04   25.12    0.00  122.17     9  bt-mz.B.32
02:15:21        11248   95.07   29.56    0.00  124.63    26  bt-mz.B.32
02:15:21        11251   96.06   29.06    0.00  125.12    27  bt-mz.B.32
02:15:21        11254   91.63   31.53    0.00  123.15    28  bt-mz.B.32
02:15:21        11256   96.55   27.09    0.00  123.65    29  bt-mz.B.32

02:15:21          PID    %usr %system  %guest    %CPU   CPU  Command
02:15:23         3134    0.00    0.50    0.00    0.50     1  kondemand/1
02:15:23         3140    0.00    0.50    0.00    0.50     7  kondemand/7
02:15:23         3157    0.00    0.50    0.00    0.50    24  kondemand/24
02:15:23         3180    0.00    0.50    0.00    0.50    16  kipmi0
02:15:23        11221    0.50    1.00    0.00    1.50    16  top
02:15:23        11223    0.50    2.00    0.00    2.50     0  pidstat
02:15:23        11225    0.50    2.00    0.00    2.50    19  pidstat
02:15:23        11235  169.50    2.50    0.00  172.00    16  bt-mz.B.32
02:15:23        11236  171.50   10.50    0.00  182.00    17  bt-mz.B.32
02:15:23        11237  169.50   11.00    0.00  180.50     2  bt-mz.B.32
02:15:23        11238  146.00   18.00    0.00  164.00     3  bt-mz.B.32
02:15:23        11239  147.00   18.50    0.00  165.50    20  bt-mz.B.32
02:15:23        11240  145.50   19.00    0.00  164.50    21  bt-mz.B.32
02:15:23        11241  130.00   22.50    0.00  152.50    22  bt-mz.B.32
02:15:23        11242  130.50   21.50    0.00  152.00     7  bt-mz.B.32
02:15:23        11243  128.00   24.00    0.00  152.00    24  bt-mz.B.32
02:15:23        11246  125.00   25.00    0.00  150.00     9  bt-mz.B.32
02:15:23        11248  121.00   31.50    0.00  152.50    26  bt-mz.B.32
02:15:23        11251  122.00   30.50    0.00  152.50    27  bt-mz.B.32
02:15:23        11254  120.00   31.00    0.00  151.00    28  bt-mz.B.32
02:15:23        11256  124.00   27.50    0.00  151.50    29  bt-mz.B.32

02:15:23          PID    %usr %system  %guest    %CPU   CPU  Command
02:15:25         3143    0.00    0.50    0.00    0.50    10  kondemand/10
02:15:25         4128    0.00    0.50    0.00    0.50    16  gmond
02:15:25        11215    0.00    0.50    0.00    0.50    16  mpirun
02:15:25        11221    0.50    0.50    0.00    1.00    16  top
02:15:25        11223    0.50    1.50    0.00    2.00     0  pidstat
02:15:25        11225    1.00    1.00    0.00    2.00    19  pidstat
02:15:25        11235  162.00    4.50    0.00  166.50    16  bt-mz.B.32
02:15:25        11236  163.00   13.50    0.00  176.50    17  bt-mz.B.32
02:15:25        11237  159.50   14.50    0.00  174.00     2  bt-mz.B.32
02:15:25        11238  138.00   21.50    0.00  159.50     3  bt-mz.B.32
02:15:25        11239  140.50   19.50    0.00  160.00    20  bt-mz.B.32
02:15:25        11240  138.50   20.00    0.00  158.50    21  bt-mz.B.32
02:15:25        11241  127.00   22.00    0.00  149.00    22  bt-mz.B.32
02:15:25        11242  126.50   22.50    0.00  149.00     7  bt-mz.B.32
02:15:25        11243  123.00   26.00    0.00  149.00    24  bt-mz.B.32
02:15:25        11246  121.00   24.50    0.00  145.50     9  bt-mz.B.32
02:15:25        11248  116.00   32.00    0.00  148.00    26  bt-mz.B.32
02:15:25        11251  117.50   31.00    0.00  148.50    27  bt-mz.B.32
02:15:25        11254  112.00   35.00    0.00  147.00    28  bt-mz.B.32
02:15:25        11256  117.00   30.00    0.00  147.00    29  bt-mz.B.32

02:15:25          PID    %usr %system  %guest    %CPU   CPU  Command
02:15:27         3133    0.00    0.50    0.00    0.50     0  kondemand/0
02:15:27         3139    0.00    0.50    0.00    0.50     6  kondemand/6
02:15:27         3141    0.00    0.50    0.00    0.50     8  kondemand/8
02:15:27         3145    0.00    0.50    0.00    0.50    12  kondemand/12
02:15:27         3147    0.00    0.50    0.00    0.50    14  kondemand/14
02:15:27         3149    0.00    0.50    0.00    0.50    16  kondemand/16
02:15:27         3155    0.00    0.50    0.00    0.50    22  kondemand/22
02:15:27         3163    0.00    0.50    0.00    0.50    30  kondemand/30
02:15:27         3684    0.00    0.50    0.00    0.50    18  snmpd
02:15:27         3852    0.00    1.00    0.00    1.00    24  pbs_mom
02:15:27         4128    0.50    0.00    0.00    0.50     0  gmond
02:15:27        11221    0.50    1.00    0.00    1.50    16  top
02:15:27        11223    1.00    2.00    0.00    3.00     0  pidstat
02:15:27        11225    1.00    2.00    0.00    3.00    19  pidstat
02:15:27        11235  171.00    1.00    0.00  172.00    16  bt-mz.B.32
02:15:27        11236  172.50    9.50    0.00  182.00    17  bt-mz.B.32
02:15:27        11237  168.00   12.00    0.00  180.00     2  bt-mz.B.32
02:15:27        11238  146.00   18.00    0.00  164.00     3  bt-mz.B.32
02:15:27        11239  148.00   17.50    0.00  165.50    20  bt-mz.B.32
02:15:27        11240  144.50   20.00    0.00  164.50    21  bt-mz.B.32
02:15:27        11241  134.00   19.50    0.00  153.50    22  bt-mz.B.32
02:15:27        11242  130.50   21.50    0.00  152.00     7  bt-mz.B.32
02:15:27        11243  128.00   24.50    0.00  152.50     8  bt-mz.B.32
02:15:27        11246  127.00   23.00    0.00  150.00     9  bt-mz.B.32
02:15:27        11248  124.50   28.00    0.00  152.50    26  bt-mz.B.32
02:15:27        11251  123.00   30.00    0.00  153.00    27  bt-mz.B.32
02:15:27        11254  120.50   31.50    0.00  152.00    28  bt-mz.B.32
02:15:27        11256  123.00   29.00    0.00  152.00    29  bt-mz.B.32

02:15:27          PID    %usr %system  %guest    %CPU   CPU  Command
02:15:29         3144    0.00    0.50    0.00    0.50    11  kondemand/11
02:15:29         3150    0.00    0.50    0.00    0.50    17  kondemand/17
02:15:29         3151    0.00    0.50    0.00    0.50    18  kondemand/18
02:15:29         3158    0.00    0.50    0.00    0.50    25  kondemand/25
02:15:29         3160    0.00    0.50    0.00    0.50    27  kondemand/27
02:15:29         3162    0.00    0.50    0.00    0.50    29  kondemand/29
02:15:29         3180    0.00    0.50    0.00    0.50    16  kipmi0
02:15:29         4128    0.00    0.50    0.00    0.50     0  gmond
02:15:29        11221    0.50    1.00    0.00    1.50    16  top
02:15:29        11223    0.50    2.00    0.00    2.50     0  pidstat
02:15:29        11225    0.50    1.50    0.00    2.00    19  pidstat
02:15:29        11235  171.50    1.00    0.00  172.50    16  bt-mz.B.32
02:15:29        11236  171.50   10.00    0.00  181.50    17  bt-mz.B.32
02:15:29        11237  167.00   12.00    0.00  179.00     2  bt-mz.B.32
02:15:29        11238  145.00   18.50    0.00  163.50     3  bt-mz.B.32
02:15:29        11239  146.00   18.00    0.00  164.00    20  bt-mz.B.32
02:15:29        11240  143.00   20.00    0.00  163.00    21  bt-mz.B.32
02:15:29        11241  132.50   21.50    0.00  154.00    22  bt-mz.B.32
02:15:29        11242  132.00   21.00    0.00  153.00     7  bt-mz.B.32
02:15:29        11243  129.00   23.50    0.00  152.50     8  bt-mz.B.32
02:15:29        11246  126.50   22.00    0.00  148.50     9  bt-mz.B.32
02:15:29        11248  123.00   29.50    0.00  152.50    26  bt-mz.B.32
02:15:29        11251  125.00   28.50    0.00  153.50    27  bt-mz.B.32
02:15:29        11254  118.50   31.00    0.00  149.50    28  bt-mz.B.32
02:15:29        11256  123.00   28.50    0.00  151.50    29  bt-mz.B.32

02:15:29          PID    %usr %system  %guest    %CPU   CPU  Command
02:15:31         3135    0.00    0.50    0.00    0.50     2  kondemand/2
02:15:31         3153    0.00    0.50    0.00    0.50    20  kondemand/20
02:15:31         3159    0.00    0.50    0.00    0.50    26  kondemand/26
02:15:31        11221    0.50    0.50    0.00    1.00    16  top
02:15:31        11223    0.50    2.00    0.00    2.50     0  pidstat
02:15:31        11225    1.00    1.50    0.00    2.50    19  pidstat
02:15:31        11235  165.00    3.50    0.00  168.50    16  bt-mz.B.32
02:15:31        11236  165.50   12.50    0.00  178.00    17  bt-mz.B.32
02:15:31        11237  163.00   13.00    0.00  176.00     2  bt-mz.B.32
02:15:31        11238  142.50   18.00    0.00  160.50     3  bt-mz.B.32
02:15:31        11239  143.00   19.00    0.00  162.00    20  bt-mz.B.32
02:15:31        11240  139.50   21.50    0.00  161.00    21  bt-mz.B.32
02:15:31        11241  126.50   22.50    0.00  149.00    22  bt-mz.B.32
02:15:31        11242  126.00   23.50    0.00  149.50     7  bt-mz.B.32
02:15:31        11243  122.00   27.00    0.00  149.00     8  bt-mz.B.32
02:15:31        11246  123.50   24.00    0.00  147.50     9  bt-mz.B.32
02:15:31        11248  115.50   33.00    0.00  148.50    26  bt-mz.B.32
02:15:31        11251  116.00   32.50    0.00  148.50    27  bt-mz.B.32
02:15:31        11254  115.50   33.00    0.00  148.50    28  bt-mz.B.32
02:15:31        11256  117.00   30.00    0.00  147.00    29  bt-mz.B.32
