Linux 2.6.32-279.14.1.el6.x86_64 (compute-641-14.local) 	04/21/20 	_x86_64_	(32 CPU)

02:59:10          PID    %usr %system  %guest    %CPU   CPU  Command
02:59:12           85    0.00    0.49    0.00    0.49    20  ksoftirqd/20
02:59:12         3133    0.00    0.49    0.00    0.49     0  kondemand/0
02:59:12         3134    0.00    0.49    0.00    0.49     1  kondemand/1
02:59:12         3135    0.00    0.49    0.00    0.49     2  kondemand/2
02:59:12         3140    0.00    0.49    0.00    0.49     7  kondemand/7
02:59:12         3151    0.00    0.49    0.00    0.49    18  kondemand/18
02:59:12         3180    0.00    0.49    0.00    0.49    16  kipmi0
02:59:12         4128    0.00    0.49    0.00    0.49    17  gmond
02:59:12        22942    3.45    1.97    0.00    5.42    26  mpirun
02:59:12        22948    0.49    0.99    0.00    1.48    17  top
02:59:12        22950    0.99    1.48    0.00    2.46    25  pidstat
02:59:12        22952    0.49    0.99    0.00    1.48    20  pidstat
02:59:12        22961   82.76    7.39    0.00   90.15     0  bt-mz.B.24
02:59:12        22962   79.31    6.90    0.00   86.21    22  bt-mz.B.24
02:59:12        22963   77.34    8.37    0.00   85.71    23  bt-mz.B.24
02:59:12        22964   78.33    7.39    0.00   85.71     1  bt-mz.B.24
02:59:12        22965   89.66    5.42    0.00   95.07    28  bt-mz.B.24
02:59:12        22966   78.33    5.91    0.00   84.24    17  bt-mz.B.24
02:59:12        22967   88.18    4.93    0.00   93.10    12  bt-mz.B.24
02:59:12        22968   85.71    5.42    0.00   91.13    19  bt-mz.B.24
02:59:12        22969   88.67    6.90    0.00   95.57    24  bt-mz.B.24
02:59:12        22970   69.95    6.40    0.00   76.35    19  bt-mz.B.24
02:59:12        22971   73.89    5.42    0.00   79.31    16  bt-mz.B.24
02:59:12        22972   90.64    5.42    0.00   96.06    27  bt-mz.B.24
02:59:12        22973   88.67    6.90    0.00   95.57     9  bt-mz.B.24

02:59:12          PID    %usr %system  %guest    %CPU   CPU  Command
02:59:14         3145    0.00    0.50    0.00    0.50    12  kondemand/12
02:59:14         3195    0.50    0.00    0.00    0.50    12  irqbalance
02:59:14         4128    0.00    0.50    0.00    0.50    17  gmond
02:59:14        22948    0.50    0.50    0.00    1.00    17  top
02:59:14        22950    0.50    2.00    0.00    2.50     9  pidstat
02:59:14        22952    1.00    2.00    0.00    3.00    20  pidstat
02:59:14        22961  112.00    0.00    0.00  112.00    30  bt-mz.B.24
02:59:14        22962  106.50    0.00    0.00  106.50     5  bt-mz.B.24
02:59:14        22963  112.00    0.00    0.00  112.00    18  bt-mz.B.24
02:59:14        22964  106.00    0.00    0.00  106.00     1  bt-mz.B.24
02:59:14        22965  110.00    0.00    0.00  110.00    26  bt-mz.B.24
02:59:14        22966  104.50    0.00    0.00  104.50    21  bt-mz.B.24
02:59:14        22967  111.50    0.00    0.00  111.50    12  bt-mz.B.24
02:59:14        22968  104.50    0.00    0.00  104.50     0  bt-mz.B.24
02:59:14        22969  110.50    0.00    0.00  110.50    25  bt-mz.B.24
02:59:14        22970   87.50    0.00    0.00   87.50     4  bt-mz.B.24
02:59:14        22971   94.00    0.00    0.00   94.00     6  bt-mz.B.24
02:59:14        22972  112.50    0.00    0.00  112.50    27  bt-mz.B.24
02:59:14        22973  111.50    0.00    0.00  111.50     8  bt-mz.B.24

02:59:14          PID    %usr %system  %guest    %CPU   CPU  Command
02:59:16         3144    0.00    0.50    0.00    0.50    11  kondemand/11
02:59:16         3852    0.00    0.50    0.00    0.50    26  pbs_mom
02:59:16        22948    0.50    0.50    0.00    1.00     5  top
02:59:16        22950    1.00    1.50    0.00    2.50     9  pidstat
02:59:16        22952    1.00    2.00    0.00    3.00    20  pidstat
02:59:16        22961  116.00    0.00    0.00  116.00    30  bt-mz.B.24
02:59:16        22962  110.00    0.00    0.00  110.00    21  bt-mz.B.24
02:59:16        22963  105.00    0.00    0.00  105.00     3  bt-mz.B.24
02:59:16        22964  108.50    0.00    0.00  108.50     1  bt-mz.B.24
02:59:16        22965  109.00    0.00    0.00  109.00    26  bt-mz.B.24
02:59:16        22966  102.50    0.00    0.00  102.50    22  bt-mz.B.24
02:59:16        22967  112.00    0.00    0.00  112.00    12  bt-mz.B.24
02:59:16        22968  101.50    0.00    0.00  101.50     2  bt-mz.B.24
02:59:16        22969  111.50    0.00    0.00  111.50    25  bt-mz.B.24
02:59:16        22970  105.00    0.00    0.00  105.00    19  bt-mz.B.24
02:59:16        22971  105.50    0.50    0.00  106.00    17  bt-mz.B.24
02:59:16        22972  112.50    0.00    0.00  112.50    27  bt-mz.B.24
02:59:16        22973  113.00    0.00    0.00  113.00    24  bt-mz.B.24

02:59:16          PID    %usr %system  %guest    %CPU   CPU  Command
02:59:18           61    0.00    0.50    0.00    0.50    14  ksoftirqd/14
02:59:18         3162    0.00    0.50    0.00    0.50    29  kondemand/29
02:59:18         4128    0.50    0.50    0.00    1.00    17  gmond
02:59:18        22948    1.00    0.50    0.00    1.49    21  top
02:59:18        22950    0.50    1.49    0.00    1.99     9  pidstat
02:59:18        22952    0.00    1.49    0.00    1.49    16  pidstat
02:59:18        22961  119.90    0.00    0.00  119.90    30  bt-mz.B.24
02:59:18        22962  105.97    0.00    0.00  105.97    20  bt-mz.B.24
02:59:18        22963   93.53    0.00    0.00   93.53     0  bt-mz.B.24
02:59:18        22964   91.04    0.00    0.00   91.04     2  bt-mz.B.24
02:59:18        22965  108.46    0.00    0.00  108.46    26  bt-mz.B.24
02:59:18        22966  112.44    0.00    0.00  112.44     6  bt-mz.B.24
02:59:18        22967  111.94    0.00    0.00  111.94    28  bt-mz.B.24
02:59:18        22968  106.97    0.00    0.00  106.97    18  bt-mz.B.24
02:59:18        22969  112.94    0.00    0.00  112.94    25  bt-mz.B.24
02:59:18        22970   97.01    0.00    0.00   97.01     1  bt-mz.B.24
02:59:18        22971  109.45    0.00    0.00  109.45    17  bt-mz.B.24
02:59:18        22972  112.94    0.00    0.00  112.94    11  bt-mz.B.24
02:59:18        22973  112.44    0.00    0.00  112.44     8  bt-mz.B.24

02:59:18          PID    %usr %system  %guest    %CPU   CPU  Command
02:59:20         3139    0.00    0.50    0.00    0.50     6  kondemand/6
02:59:20         3159    0.00    0.50    0.00    0.50    26  kondemand/26
02:59:20        22948    0.50    1.00    0.00    1.50    21  top
02:59:20        22950    1.00    1.50    0.00    2.50    25  pidstat
02:59:20        22952    1.00    2.00    0.00    3.00     1  pidstat
02:59:20        22961  104.00    0.00    0.00  104.00    24  bt-mz.B.24
02:59:20        22962  112.50    0.00    0.00  112.50    20  bt-mz.B.24
02:59:20        22963  104.50    0.00    0.00  104.50    22  bt-mz.B.24
02:59:20        22964   96.00    0.00    0.00   96.00     6  bt-mz.B.24
02:59:20        22965  112.00    0.00    0.00  112.00    26  bt-mz.B.24
02:59:20        22966  100.00    0.00    0.00  100.00    21  bt-mz.B.24
02:59:20        22967  113.00    0.00    0.00  113.00    28  bt-mz.B.24
02:59:20        22968  106.00    0.00    0.00  106.00     5  bt-mz.B.24
02:59:20        22969  113.50    0.00    0.00  113.50     9  bt-mz.B.24
02:59:20        22970  110.50    0.00    0.00  110.50     1  bt-mz.B.24
02:59:20        22971  111.00    0.00    0.00  111.00     7  bt-mz.B.24
02:59:20        22972  111.50    0.50    0.00  112.00    11  bt-mz.B.24
02:59:20        22973  113.50    0.00    0.00  113.50     8  bt-mz.B.24

02:59:20          PID    %usr %system  %guest    %CPU   CPU  Command
02:59:22         3153    0.00    0.50    0.00    0.50    20  kondemand/20
02:59:22        22948    0.50    0.50    0.00    1.00    21  top
02:59:22        22950    0.50    2.00    0.00    2.50    25  pidstat
02:59:22        22952    0.50    1.50    0.00    2.00     1  pidstat
02:59:22        22961  118.00    0.50    0.00  118.50     8  bt-mz.B.24
02:59:22        22962  113.00    0.00    0.00  113.00    19  bt-mz.B.24
02:59:22        22963  101.50    0.00    0.00  101.50    22  bt-mz.B.24
02:59:22        22964   96.50    0.00    0.00   96.50     0  bt-mz.B.24
02:59:22        22965  111.00    0.00    0.00  111.00    10  bt-mz.B.24
02:59:22        22966  106.00    0.00    0.00  106.00    20  bt-mz.B.24
02:59:22        22967  112.50    0.00    0.00  112.50    28  bt-mz.B.24
02:59:22        22968   99.00    0.00    0.00   99.00     1  bt-mz.B.24
02:59:22        22969  111.00    0.00    0.00  111.00     9  bt-mz.B.24
02:59:22        22970   97.00    0.00    0.00   97.00    17  bt-mz.B.24
02:59:22        22971  101.50    0.00    0.00  101.50    22  bt-mz.B.24
02:59:22        22972  110.00    0.00    0.00  110.00    14  bt-mz.B.24
02:59:22        22973  104.00    0.00    0.00  104.00    24  bt-mz.B.24

02:59:22          PID    %usr %system  %guest    %CPU   CPU  Command
02:59:24          141    0.00    0.50    0.00    0.50    10  events/10
02:59:24         3143    0.00    0.50    0.00    0.50    10  kondemand/10
02:59:24         3149    0.00    0.50    0.00    0.50    16  kondemand/16
02:59:24         3152    0.00    0.50    0.00    0.50    19  kondemand/19
02:59:24         3163    0.00    0.50    0.00    0.50    30  kondemand/30
02:59:24         4128    0.00    0.50    0.00    0.50    17  gmond
02:59:24        22948    0.50    0.50    0.00    1.00    21  top
02:59:24        22950    0.50    2.00    0.00    2.50    11  pidstat
02:59:24        22952    1.00    2.50    0.00    3.50     1  pidstat
02:59:24        22961  114.00    0.00    0.00  114.00    14  bt-mz.B.24
02:59:24        22962  105.00    0.00    0.00  105.00    19  bt-mz.B.24
02:59:24        22963  107.50    0.00    0.00  107.50     3  bt-mz.B.24
02:59:24        22964   96.50    0.00    0.00   96.50     7  bt-mz.B.24
02:59:24        22965  110.00    0.00    0.00  110.00    10  bt-mz.B.24
02:59:24        22966  109.00    0.50    0.00  109.50     4  bt-mz.B.24
02:59:24        22967  108.50    0.50    0.00  109.00    12  bt-mz.B.24
02:59:24        22968  108.00    0.00    0.00  108.00     1  bt-mz.B.24
02:59:24        22969  110.00    0.00    0.00  110.00    25  bt-mz.B.24
02:59:24        22970  101.50    0.50    0.00  102.00    17  bt-mz.B.24
02:59:24        22971  108.00    0.00    0.00  108.00    22  bt-mz.B.24
02:59:24        22972  112.00    0.00    0.00  112.00    24  bt-mz.B.24
02:59:24        22973  109.00    0.00    0.00  109.00    26  bt-mz.B.24

02:59:24          PID    %usr %system  %guest    %CPU   CPU  Command
02:59:26         3156    0.00    0.50    0.00    0.50    23  kondemand/23
02:59:26         3157    0.00    0.50    0.00    0.50    24  kondemand/24
02:59:26         4128    0.00    0.50    0.00    0.50    17  gmond
02:59:26        22948    0.50    1.00    0.00    1.50    21  top
02:59:26        22950    0.50    1.50    0.00    2.00    25  pidstat
02:59:26        22952    0.00    1.50    0.00    1.50     1  pidstat
02:59:26        22954    0.00    0.50    0.00    0.50    12  iostat
02:59:26        22961  113.00    0.00    0.00  113.00    10  bt-mz.B.24
02:59:26        22962  102.50    0.00    0.00  102.50     0  bt-mz.B.24
02:59:26        22963  100.50    0.00    0.00  100.50    19  bt-mz.B.24
02:59:26        22964  106.00    0.00    0.00  106.00     2  bt-mz.B.24
02:59:26        22965  105.50    0.00    0.00  105.50    14  bt-mz.B.24
02:59:26        22966  107.50    0.00    0.00  107.50     4  bt-mz.B.24
02:59:26        22967  108.00    0.00    0.00  108.00     9  bt-mz.B.24
02:59:26        22968  108.00    0.50    0.00  108.50     1  bt-mz.B.24
02:59:26        22969  104.50    0.00    0.00  104.50    30  bt-mz.B.24
02:59:26        22970  100.00    0.00    0.00  100.00    17  bt-mz.B.24
02:59:26        22971  110.00    0.00    0.00  110.00     7  bt-mz.B.24
02:59:26        22972  105.50    0.00    0.00  105.50     8  bt-mz.B.24
02:59:26        22973  108.00    0.00    0.00  108.00    28  bt-mz.B.24

02:59:26          PID    %usr %system  %guest    %CPU   CPU  Command
02:59:28           69    0.00    0.50    0.00    0.50    16  ksoftirqd/16
02:59:28          161    0.00    0.50    0.00    0.50    30  events/30
02:59:28        22948    0.50    0.50    0.00    1.00    21  top
02:59:28        22950    0.50    1.50    0.00    2.00    25  pidstat
02:59:28        22952    0.50    1.50    0.00    2.00     1  pidstat
02:59:28        22961  119.00    0.00    0.00  119.00    10  bt-mz.B.24
02:59:28        22962  111.50    0.00    0.00  111.50     6  bt-mz.B.24
02:59:28        22963  107.50    0.00    0.00  107.50     1  bt-mz.B.24
02:59:28        22964  109.50    0.00    0.00  109.50     2  bt-mz.B.24
02:59:28        22965  109.00    0.50    0.00  109.50    15  bt-mz.B.24
02:59:28        22966  110.50    0.00    0.00  110.50    21  bt-mz.B.24
02:59:28        22967  107.50    0.00    0.00  107.50    24  bt-mz.B.24
02:59:28        22968  102.50    0.00    0.00  102.50     0  bt-mz.B.24
02:59:28        22969  108.00    0.00    0.00  108.00     8  bt-mz.B.24
02:59:28        22970  111.50    0.00    0.00  111.50    17  bt-mz.B.24
02:59:28        22971  113.00    0.00    0.00  113.00    20  bt-mz.B.24
02:59:28        22972  110.50    0.00    0.00  110.50    11  bt-mz.B.24
02:59:28        22973  114.00    0.00    0.00  114.00    12  bt-mz.B.24

02:59:28          PID    %usr %system  %guest    %CPU   CPU  Command
02:59:30         3137    0.00    0.50    0.00    0.50     4  kondemand/4
02:59:30         3164    0.00    0.50    0.00    0.50    31  kondemand/31
02:59:30         3180    0.00    0.50    0.00    0.50     0  kipmi0
02:59:30        22948    0.50    1.00    0.00    1.50    21  top
02:59:30        22950    0.50    1.50    0.00    2.00    25  pidstat
02:59:30        22952    1.00    2.50    0.00    3.50     1  pidstat
02:59:30        22961  110.00    0.00    0.00  110.00    26  bt-mz.B.24
02:59:30        22962  113.50    0.00    0.00  113.50     1  bt-mz.B.24
02:59:30        22963  100.00    0.00    0.00  100.00     7  bt-mz.B.24
02:59:30        22964  109.50    0.00    0.00  109.50     0  bt-mz.B.24
02:59:30        22965  115.00    0.00    0.00  115.00    31  bt-mz.B.24
02:59:30        22966  113.50    0.00    0.00  113.50     5  bt-mz.B.24
02:59:30        22967  103.50    0.00    0.00  103.50    26  bt-mz.B.24
02:59:30        22968  113.00    0.00    0.00  113.00    18  bt-mz.B.24
02:59:30        22969  105.50    0.00    0.00  105.50    10  bt-mz.B.24
02:59:30        22970   99.00    0.00    0.00   99.00    19  bt-mz.B.24
02:59:30        22971  115.00    0.00    0.00  115.00     4  bt-mz.B.24
02:59:30        22972  114.50    0.00    0.00  114.50    27  bt-mz.B.24
02:59:30        22973  114.00    0.00    0.00  114.00    12  bt-mz.B.24

02:59:30          PID    %usr %system  %guest    %CPU   CPU  Command
02:59:32          146    0.00    0.50    0.00    0.50    15  events/15
02:59:32         3684    0.00    0.50    0.00    0.50    22  snmpd
02:59:32         4128    0.00    0.50    0.00    0.50     1  gmond
02:59:32        22948    0.50    0.50    0.00    1.00    21  top
02:59:32        22950    0.50    1.50    0.00    2.00    25  pidstat
02:59:32        22952    0.50    2.50    0.00    3.00    20  pidstat
02:59:32        22961  109.00    0.00    0.00  109.00    10  bt-mz.B.24
02:59:32        22962  110.50    0.00    0.00  110.50     1  bt-mz.B.24
02:59:32        22963  108.00    0.00    0.00  108.00     4  bt-mz.B.24
02:59:32        22964  102.50    0.00    0.00  102.50     0  bt-mz.B.24
02:59:32        22965  110.00    0.00    0.00  110.00    27  bt-mz.B.24
02:59:32        22966  103.00    0.00    0.00  103.00    19  bt-mz.B.24
02:59:32        22967  102.00    0.00    0.00  102.00    13  bt-mz.B.24
02:59:32        22968  103.00    0.00    0.00  103.00    16  bt-mz.B.24
02:59:32        22969   95.50    0.00    0.00   95.50    28  bt-mz.B.24
02:59:32        22970  109.50    0.00    0.00  109.50    22  bt-mz.B.24
02:59:32        22971  103.00    0.00    0.00  103.00     3  bt-mz.B.24
02:59:32        22972  110.50    0.00    0.00  110.50     9  bt-mz.B.24
02:59:32        22973  106.00    0.00    0.00  106.00    30  bt-mz.B.24

02:59:32          PID    %usr %system  %guest    %CPU   CPU  Command
02:59:34         3154    0.00    0.50    0.00    0.50    21  kondemand/21
02:59:34         3155    0.00    0.50    0.00    0.50    22  kondemand/22
02:59:34         3195    0.00    0.50    0.00    0.50    28  irqbalance
02:59:34         3852    0.50    0.00    0.00    0.50     1  pbs_mom
02:59:34         4128    0.00    0.50    0.00    0.50     1  gmond
02:59:34        22948    0.50    1.00    0.00    1.50    21  top
02:59:34        22950    1.00    2.00    0.00    3.00    25  pidstat
02:59:34        22952    1.00    1.50    0.00    2.50    20  pidstat
02:59:34        22961  119.00    0.00    0.00  119.00    26  bt-mz.B.24
02:59:34        22962   97.50    0.00    0.00   97.50     4  bt-mz.B.24
02:59:34        22963   97.00    0.00    0.00   97.00     1  bt-mz.B.24
02:59:34        22964  109.50    0.00    0.00  109.50    16  bt-mz.B.24
02:59:34        22965  115.50    0.00    0.00  115.50    27  bt-mz.B.24
02:59:34        22966  112.50    0.00    0.00  112.50     3  bt-mz.B.24
02:59:34        22967  113.00    0.00    0.00  113.00    29  bt-mz.B.24
02:59:34        22968  105.00    0.00    0.00  105.00     0  bt-mz.B.24
02:59:34        22969  113.50    0.00    0.00  113.50    28  bt-mz.B.24
02:59:34        22970  107.00    0.00    0.00  107.00     6  bt-mz.B.24
02:59:34        22971   98.50    0.00    0.00   98.50    20  bt-mz.B.24
02:59:34        22972  111.00    0.00    0.00  111.00     9  bt-mz.B.24
02:59:34        22973  109.00    0.00    0.00  109.00    30  bt-mz.B.24

02:59:34          PID    %usr %system  %guest    %CPU   CPU  Command
02:59:36         3160    0.00    0.50    0.00    0.50    27  kondemand/27
02:59:36        22948    1.00    0.50    0.00    1.50    21  top
02:59:36        22950    0.50    1.50    0.00    2.00    25  pidstat
02:59:36        22952    0.50    2.00    0.00    2.50    20  pidstat
02:59:36        22961  111.50    0.00    0.00  111.50     9  bt-mz.B.24
02:59:36        22962  108.50    0.00    0.00  108.50     3  bt-mz.B.24
02:59:36        22963  112.00    0.00    0.00  112.00     1  bt-mz.B.24
02:59:36        22964  106.00    0.50    0.00  106.50    16  bt-mz.B.24
02:59:36        22965  103.50    0.00    0.00  103.50    27  bt-mz.B.24
02:59:36        22966  111.00    0.00    0.00  111.00    19  bt-mz.B.24
02:59:36        22967  112.00    0.00    0.00  112.00    13  bt-mz.B.24
02:59:36        22968  105.50    0.00    0.00  105.50    21  bt-mz.B.24
02:59:36        22969  111.00    0.00    0.00  111.00    28  bt-mz.B.24
02:59:36        22970  108.00    0.00    0.00  108.00     4  bt-mz.B.24
02:59:36        22971  104.50    0.00    0.00  104.50     0  bt-mz.B.24
02:59:36        22972  109.50    0.00    0.00  109.50     9  bt-mz.B.24
02:59:36        22973  109.50    0.00    0.00  109.50     8  bt-mz.B.24

02:59:36          PID    %usr %system  %guest    %CPU   CPU  Command
02:59:38         3133    0.00    0.50    0.00    0.50     0  kondemand/0
02:59:38         3140    0.00    0.50    0.00    0.50     7  kondemand/7
02:59:38         3146    0.00    0.50    0.00    0.50    13  kondemand/13
02:59:38         3150    0.00    0.50    0.00    0.50    17  kondemand/17
02:59:38        22948    0.50    0.50    0.00    1.00    21  top
02:59:38        22950    1.00    1.50    0.00    2.50    25  pidstat
02:59:38        22952    1.00    1.50    0.00    2.50     4  pidstat
02:59:38        22961  120.50    0.00    0.00  120.50    31  bt-mz.B.24
02:59:38        22962  115.00    0.00    0.00  115.00    21  bt-mz.B.24
02:59:38        22963  112.50    0.00    0.00  112.50     1  bt-mz.B.24
02:59:38        22964  104.00    0.00    0.00  104.00     6  bt-mz.B.24
02:59:38        22965  105.50    0.00    0.00  105.50    14  bt-mz.B.24
02:59:38        22966  104.00    0.00    0.00  104.00    19  bt-mz.B.24
02:59:38        22967  112.50    0.00    0.00  112.50    13  bt-mz.B.24
02:59:38        22968  111.00    0.00    0.00  111.00     5  bt-mz.B.24
02:59:38        22969  111.00    0.00    0.00  111.00    24  bt-mz.B.24
02:59:38        22970  110.00    0.00    0.00  110.00     2  bt-mz.B.24
02:59:38        22971  104.00    0.00    0.00  104.00    17  bt-mz.B.24
02:59:38        22972  112.00    0.50    0.00  112.50     8  bt-mz.B.24
02:59:38        22973  104.00    0.50    0.00  104.50     9  bt-mz.B.24

02:59:38          PID    %usr %system  %guest    %CPU   CPU  Command
02:59:40         3141    0.00    0.50    0.00    0.50     8  kondemand/8
02:59:40         3147    0.00    0.50    0.00    0.50    14  kondemand/14
02:59:40         4128    0.00    0.50    0.00    0.50     1  gmond
02:59:40        22948    0.50    0.50    0.00    1.00    21  top
02:59:40        22950    0.50    2.00    0.00    2.50    25  pidstat
02:59:40        22952    0.50    1.50    0.00    2.00     5  pidstat
02:59:40        22961  115.50    0.00    0.00  115.50    15  bt-mz.B.24
02:59:40        22962  111.00    0.00    0.00  111.00    19  bt-mz.B.24
02:59:40        22963  108.00    0.00    0.00  108.00    17  bt-mz.B.24
02:59:40        22964  109.00    0.00    0.00  109.00     6  bt-mz.B.24
02:59:40        22965  110.50    0.00    0.00  110.50    28  bt-mz.B.24
02:59:40        22966  106.50    0.00    0.00  106.50    20  bt-mz.B.24
02:59:40        22967  106.50    0.00    0.00  106.50    29  bt-mz.B.24
02:59:40        22968  100.50    0.00    0.00  100.50    20  bt-mz.B.24
02:59:40        22969  113.00    0.50    0.00  113.50    24  bt-mz.B.24
02:59:40        22970  112.00    0.00    0.00  112.00    18  bt-mz.B.24
02:59:40        22971  109.50    0.00    0.00  109.50     1  bt-mz.B.24
02:59:40        22972  107.50    0.00    0.00  107.50    31  bt-mz.B.24
02:59:40        22973  112.50    0.00    0.00  112.50     9  bt-mz.B.24

02:59:40          PID    %usr %system  %guest    %CPU   CPU  Command
02:59:42         3852    0.00    0.50    0.00    0.50     9  pbs_mom
02:59:42        22948    0.50    1.00    0.00    1.50    21  top
02:59:42        22950    0.00    2.00    0.00    2.00    25  pidstat
02:59:42        22952    0.50    2.00    0.00    2.50     1  pidstat
02:59:42        22961   99.50    0.00    0.00   99.50    15  bt-mz.B.24
02:59:42        22962  106.00    0.50    0.00  106.50    19  bt-mz.B.24
02:59:42        22963  108.50    0.00    0.00  108.50     5  bt-mz.B.24
02:59:42        22964  108.50    0.00    0.00  108.50    23  bt-mz.B.24
02:59:42        22965  112.50    0.50    0.00  113.00     8  bt-mz.B.24
02:59:42        22966  102.00    0.00    0.00  102.00    16  bt-mz.B.24
02:59:42        22967  114.00    0.50    0.00  114.50    13  bt-mz.B.24
02:59:42        22968  107.50    0.00    0.00  107.50     3  bt-mz.B.24
02:59:42        22969  113.50    0.00    0.00  113.50    24  bt-mz.B.24
02:59:42        22970  114.50    0.00    0.00  114.50     2  bt-mz.B.24
02:59:42        22971  102.00    0.00    0.00  102.00    22  bt-mz.B.24
02:59:42        22972   99.50    0.00    0.00   99.50    31  bt-mz.B.24
02:59:42        22973  114.50    0.00    0.00  114.50     9  bt-mz.B.24

02:59:42          PID    %usr %system  %guest    %CPU   CPU  Command
02:59:44         3136    0.00    0.50    0.00    0.50     3  kondemand/3
02:59:44         4128    0.50    0.50    0.00    1.00     1  gmond
02:59:44        22948    0.50    1.00    0.00    1.50    21  top
02:59:44        22950    1.00    1.50    0.00    2.50    25  pidstat
02:59:44        22952    0.50    2.00    0.00    2.50     1  pidstat
02:59:44        22961  105.50    0.50    0.00  106.00     9  bt-mz.B.24
02:59:44        22962  104.50    0.00    0.00  104.50     3  bt-mz.B.24
02:59:44        22963  109.50    0.00    0.00  109.50     5  bt-mz.B.24
02:59:44        22964  110.50    0.00    0.00  110.50    23  bt-mz.B.24
02:59:44        22965  114.50    0.00    0.00  114.50    24  bt-mz.B.24
02:59:44        22966   99.50    0.00    0.00   99.50     4  bt-mz.B.24
02:59:44        22967  115.00    0.00    0.00  115.00    13  bt-mz.B.24
02:59:44        22968  109.50    0.00    0.00  109.50    22  bt-mz.B.24
02:59:44        22969  113.50    0.00    0.00  113.50    29  bt-mz.B.24
02:59:44        22970  102.50    0.00    0.00  102.50    19  bt-mz.B.24
02:59:44        22971  103.50    0.00    0.00  103.50     6  bt-mz.B.24
02:59:44        22972  106.50    0.00    0.00  106.50    31  bt-mz.B.24
02:59:44        22973  110.50    0.00    0.00  110.50     9  bt-mz.B.24

02:59:44          PID    %usr %system  %guest    %CPU   CPU  Command
02:59:46          158    0.00    0.50    0.00    0.50    27  events/27
02:59:46         1063    0.00    0.50    0.00    0.50    12  jbd2/sda1-8
02:59:46         3021    0.00    1.00    0.00    1.00    12  flush-8:0
02:59:46         3134    0.00    0.50    0.00    0.50     1  kondemand/1
02:59:46         3138    0.00    0.50    0.00    0.50     5  kondemand/5
02:59:46        22948    0.00    0.50    0.00    0.50    21  top
02:59:46        22950    0.50    2.00    0.00    2.50    12  pidstat
02:59:46        22952    0.50    1.00    0.00    1.50     1  pidstat
02:59:46        22954    0.00    0.50    0.00    0.50    12  iostat
02:59:46        22961  114.00    0.00    0.00  114.00    10  bt-mz.B.24
02:59:46        22962  104.50    0.00    0.00  104.50    19  bt-mz.B.24
02:59:46        22963  106.50    0.00    0.00  106.50     5  bt-mz.B.24
02:59:46        22964  103.50    0.00    0.00  103.50     7  bt-mz.B.24
02:59:46        22965  110.00    0.50    0.00  110.50    27  bt-mz.B.24
02:59:46        22966  104.50    0.00    0.00  104.50    21  bt-mz.B.24
02:59:46        22967  113.00    0.00    0.00  113.00    26  bt-mz.B.24
02:59:46        22968  100.00    0.00    0.00  100.00     0  bt-mz.B.24
02:59:46        22969  105.50    0.00    0.00  105.50    11  bt-mz.B.24
02:59:46        22970  109.00    0.00    0.00  109.00     6  bt-mz.B.24
02:59:46        22971  100.50    0.00    0.00  100.50    20  bt-mz.B.24
02:59:46        22972  113.00    0.00    0.00  113.00    28  bt-mz.B.24
02:59:46        22973  111.50    0.00    0.00  111.50     9  bt-mz.B.24

02:59:46          PID    %usr %system  %guest    %CPU   CPU  Command
02:59:48          154    0.00    0.50    0.00    0.50    23  events/23
02:59:48         3135    0.00    0.50    0.00    0.50     2  kondemand/2
02:59:48         3148    0.00    0.50    0.00    0.50    15  kondemand/15
02:59:48         3151    0.00    0.50    0.00    0.50    18  kondemand/18
02:59:48         3180    0.00    0.50    0.00    0.50     0  kipmi0
02:59:48         4128    0.00    0.50    0.00    0.50     1  gmond
02:59:48        22948    1.00    1.00    0.00    2.00    21  top
02:59:48        22950    0.50    1.50    0.00    2.00     9  pidstat
02:59:48        22952    0.50    2.00    0.00    2.50     1  pidstat
02:59:48        22961  115.50    0.50    0.00  116.00    28  bt-mz.B.24
02:59:48        22962  109.00    0.00    0.00  109.00     2  bt-mz.B.24
02:59:48        22963  106.00    0.50    0.00  106.50    21  bt-mz.B.24
02:59:48        22964   91.00    0.00    0.00   91.00    19  bt-mz.B.24
02:59:48        22965  105.50    0.00    0.00  105.50    24  bt-mz.B.24
02:59:48        22966  104.50    0.00    0.00  104.50    17  bt-mz.B.24
02:59:48        22967  110.00    0.00    0.00  110.00    25  bt-mz.B.24
02:59:48        22968  106.00    0.00    0.00  106.00    22  bt-mz.B.24
02:59:48        22969  111.00    0.00    0.00  111.00    11  bt-mz.B.24
02:59:48        22970  110.00    0.00    0.00  110.00     6  bt-mz.B.24
02:59:48        22971  108.50    0.00    0.00  108.50     4  bt-mz.B.24
02:59:48        22972  111.00    0.50    0.00  111.50    10  bt-mz.B.24
02:59:48        22973  112.50    0.00    0.00  112.50    26  bt-mz.B.24

02:59:48          PID    %usr %system  %guest    %CPU   CPU  Command
02:59:50         3142    0.00    0.50    0.00    0.50     9  kondemand/9
02:59:50         3158    0.00    0.50    0.00    0.50    25  kondemand/25
02:59:50         3161    0.00    0.50    0.00    0.50    28  kondemand/28
02:59:50        22948    0.50    0.50    0.00    1.00    21  top
02:59:50        22950    1.00    2.00    0.00    3.00    25  pidstat
02:59:50        22952    1.00    2.00    0.00    3.00     1  pidstat
02:59:50        22961  116.00    0.00    0.00  116.00    28  bt-mz.B.24
02:59:50        22962  111.50    0.00    0.00  111.50    18  bt-mz.B.24
02:59:50        22963   95.50    0.00    0.00   95.50    21  bt-mz.B.24
02:59:50        22964  106.50    0.00    0.00  106.50     0  bt-mz.B.24
02:59:50        22965  112.50    0.00    0.00  112.50     8  bt-mz.B.24
02:59:50        22966  105.50    0.00    0.00  105.50    16  bt-mz.B.24
02:59:50        22967  113.00    0.00    0.00  113.00     9  bt-mz.B.24
02:59:50        22968  107.00    0.00    0.00  107.00    20  bt-mz.B.24
02:59:50        22969  108.00    0.00    0.00  108.00    12  bt-mz.B.24
02:59:50        22970  112.50    0.50    0.00  113.00     6  bt-mz.B.24
02:59:50        22971  109.00    0.00    0.00  109.00     4  bt-mz.B.24
02:59:50        22972  107.00    0.00    0.00  107.00    15  bt-mz.B.24
02:59:50        22973  108.00    0.00    0.00  108.00    26  bt-mz.B.24

02:59:50          PID    %usr %system  %guest    %CPU   CPU  Command
02:59:52         3852    0.50    0.00    0.00    0.50    25  pbs_mom
02:59:52         4128    0.00    0.50    0.00    0.50    17  gmond
02:59:52        22948    0.50    0.50    0.00    1.00    21  top
02:59:52        22950    0.50    2.00    0.00    2.50    25  pidstat
02:59:52        22952    0.50    2.00    0.00    2.50     1  pidstat
02:59:52        22961  116.50    0.00    0.00  116.50    28  bt-mz.B.24
02:59:52        22962   99.50    0.00    0.00   99.50     4  bt-mz.B.24
02:59:52        22963  112.00    0.00    0.00  112.00    21  bt-mz.B.24
02:59:52        22964  111.00    0.50    0.00  111.50     0  bt-mz.B.24
02:59:52        22965  111.50    0.00    0.00  111.50     8  bt-mz.B.24
02:59:52        22966  107.00    0.50    0.00  107.50    16  bt-mz.B.24
02:59:52        22967  105.50    0.00    0.00  105.50     9  bt-mz.B.24
02:59:52        22968  109.00    0.50    0.00  109.50    20  bt-mz.B.24
02:59:52        22969  108.50    0.00    0.00  108.50    31  bt-mz.B.24
02:59:52        22970  102.50    0.00    0.00  102.50     6  bt-mz.B.24
02:59:52        22971  101.00    0.50    0.00  101.50    19  bt-mz.B.24
02:59:52        22972  111.00    0.50    0.00  111.50    15  bt-mz.B.24
02:59:52        22973  112.50    0.00    0.00  112.50    10  bt-mz.B.24

02:59:52          PID    %usr %system  %guest    %CPU   CPU  Command
02:59:54         3139    0.00    0.50    0.00    0.50     6  kondemand/6
02:59:54         3145    0.00    0.50    0.00    0.50    12  kondemand/12
02:59:54        22948    1.00    0.50    0.00    1.50    21  top
02:59:54        22950    0.50    1.50    0.00    2.00     9  pidstat
02:59:54        22952    0.50    1.00    0.00    1.50     1  pidstat
02:59:54        22961  106.00    0.50    0.00  106.50    28  bt-mz.B.24
02:59:54        22962  107.00    0.00    0.00  107.00     4  bt-mz.B.24
02:59:54        22963   97.50    0.00    0.00   97.50    16  bt-mz.B.24
02:59:54        22964  101.50    0.00    0.00  101.50     0  bt-mz.B.24
02:59:54        22965  107.00    0.00    0.00  107.00    15  bt-mz.B.24
02:59:54        22966   99.50    0.00    0.00   99.50     3  bt-mz.B.24
02:59:54        22967  111.00    0.00    0.00  111.00    25  bt-mz.B.24
02:59:54        22968  107.00    0.00    0.00  107.00     6  bt-mz.B.24
02:59:54        22969  101.00    0.00    0.00  101.00    31  bt-mz.B.24
02:59:54        22970  103.50    0.00    0.00  103.50    21  bt-mz.B.24
02:59:54        22971  105.00    0.00    0.00  105.00    19  bt-mz.B.24
02:59:54        22972  104.00    0.00    0.00  104.00    12  bt-mz.B.24
02:59:54        22973  113.00    0.00    0.00  113.00    10  bt-mz.B.24

02:59:54          PID    %usr %system  %guest    %CPU   CPU  Command
02:59:56         4128    0.00    0.50    0.00    0.50    17  gmond
02:59:56        22948    0.50    0.50    0.00    1.00    21  top
02:59:56        22950    0.50    1.50    0.00    2.00    25  pidstat
02:59:56        22952    1.00    2.50    0.00    3.50    17  pidstat
02:59:56        22953    0.00    0.50    0.00    0.50    10  mpstat
02:59:56        22961  109.50    0.00    0.00  109.50    12  bt-mz.B.24
02:59:56        22962  109.00    0.00    0.00  109.00     4  bt-mz.B.24
02:59:56        22963  104.50    0.00    0.00  104.50     1  bt-mz.B.24
02:59:56        22964  106.50    0.00    0.00  106.50     6  bt-mz.B.24
02:59:56        22965  103.50    0.00    0.00  103.50    11  bt-mz.B.24
02:59:56        22966  110.50    0.00    0.00  110.50     3  bt-mz.B.24
02:59:56        22967  112.50    0.00    0.00  112.50     9  bt-mz.B.24
02:59:56        22968  109.50    0.00    0.00  109.50    22  bt-mz.B.24
02:59:56        22969  110.00    0.00    0.00  110.00    31  bt-mz.B.24
02:59:56        22970  104.00    0.00    0.00  104.00    16  bt-mz.B.24
02:59:56        22971  101.50    0.00    0.00  101.50    19  bt-mz.B.24
02:59:56        22972  110.50    0.00    0.00  110.50    10  bt-mz.B.24
02:59:56        22973  107.50    0.00    0.00  107.50    26  bt-mz.B.24

02:59:56          PID    %usr %system  %guest    %CPU   CPU  Command
02:59:58         3149    0.00    0.50    0.00    0.50    16  kondemand/16
02:59:58         3153    0.00    0.50    0.00    0.50    20  kondemand/20
02:59:58         3180    0.00    0.50    0.00    0.50    17  kipmi0
02:59:58         4128    0.50    0.00    0.00    0.50    17  gmond
02:59:58        22948    1.00    0.50    0.00    1.50     5  top
02:59:58        22950    1.00    2.00    0.00    3.00     9  pidstat
02:59:58        22952    1.00    2.00    0.00    3.00    17  pidstat
02:59:58        22961  119.50    0.00    0.00  119.50    25  bt-mz.B.24
02:59:58        22962  111.00    0.00    0.00  111.00     4  bt-mz.B.24
02:59:58        22963  109.00    0.00    0.00  109.00    22  bt-mz.B.24
02:59:58        22964  107.50    0.00    0.00  107.50     3  bt-mz.B.24
02:59:58        22965  113.00    0.00    0.00  113.00    31  bt-mz.B.24
02:59:58        22966   96.00    0.00    0.00   96.00     7  bt-mz.B.24
02:59:58        22967  112.50    0.00    0.00  112.50    10  bt-mz.B.24
02:59:58        22968  102.00    0.00    0.00  102.00     6  bt-mz.B.24
02:59:58        22969  114.00    0.00    0.00  114.00    11  bt-mz.B.24
02:59:58        22970  114.00    0.00    0.00  114.00     5  bt-mz.B.24
02:59:58        22971  103.00    0.00    0.00  103.00    19  bt-mz.B.24
02:59:58        22972  113.00    0.00    0.00  113.00    14  bt-mz.B.24
02:59:58        22973  114.50    0.00    0.00  114.50     8  bt-mz.B.24

02:59:58          PID    %usr %system  %guest    %CPU   CPU  Command
03:00:00         3144    0.00    0.50    0.00    0.50    11  kondemand/11
03:00:00        22948    0.50    0.50    0.00    1.00     5  top
03:00:00        22950    0.50    1.50    0.00    2.00     9  pidstat
03:00:00        22952    0.00    1.00    0.00    1.00    17  pidstat
03:00:00        22961  116.00    0.00    0.00  116.00    30  bt-mz.B.24
03:00:00        22962  112.50    0.00    0.00  112.50     1  bt-mz.B.24
03:00:00        22963  110.00    0.00    0.00  110.00    22  bt-mz.B.24
03:00:00        22964  111.00    0.00    0.00  111.00    19  bt-mz.B.24
03:00:00        22965  110.50    0.00    0.00  110.50    26  bt-mz.B.24
03:00:00        22966  104.50    0.00    0.00  104.50     7  bt-mz.B.24
03:00:00        22967  108.00    0.00    0.00  108.00    14  bt-mz.B.24
03:00:00        22968  102.00    0.00    0.00  102.00    21  bt-mz.B.24
03:00:00        22969  109.50    0.00    0.00  109.50    27  bt-mz.B.24
03:00:00        22970  107.00    0.00    0.00  107.00     2  bt-mz.B.24
03:00:00        22971  100.50    0.00    0.00  100.50     3  bt-mz.B.24
03:00:00        22972  106.50    0.50    0.00  107.00    12  bt-mz.B.24
03:00:00        22973  110.50    0.00    0.00  110.50     8  bt-mz.B.24

03:00:00          PID    %usr %system  %guest    %CPU   CPU  Command
03:00:02          149    0.00    0.50    0.00    0.50    18  events/18
03:00:02         3143    0.00    0.50    0.00    0.50    10  kondemand/10
03:00:02         3152    0.00    0.50    0.00    0.50    19  kondemand/19
03:00:02         3159    0.00    0.50    0.00    0.50    26  kondemand/26
03:00:02         4128    0.00    0.50    0.00    0.50    17  gmond
03:00:02        22948    0.50    1.00    0.00    1.50     5  top
03:00:02        22950    0.50    2.00    0.00    2.50     9  pidstat
03:00:02        22952    1.00    2.00    0.00    3.00    17  pidstat
03:00:02        22961  117.50    0.00    0.00  117.50    30  bt-mz.B.24
03:00:02        22962  108.50    0.00    0.00  108.50    21  bt-mz.B.24
03:00:02        22963  107.00    0.00    0.00  107.00    17  bt-mz.B.24
03:00:02        22964  104.00    0.00    0.00  104.00     4  bt-mz.B.24
03:00:02        22965  111.50    0.00    0.00  111.50    25  bt-mz.B.24
03:00:02        22966  111.00    0.00    0.00  111.00    23  bt-mz.B.24
03:00:02        22967  111.50    0.00    0.00  111.50    13  bt-mz.B.24
03:00:02        22968  108.00    0.00    0.00  108.00     7  bt-mz.B.24
03:00:02        22969  111.00    0.00    0.00  111.00    15  bt-mz.B.24
03:00:02        22970  104.50    0.00    0.00  104.50    18  bt-mz.B.24
03:00:02        22971  104.50    0.00    0.00  104.50    22  bt-mz.B.24
03:00:02        22972  108.00    0.00    0.00  108.00    26  bt-mz.B.24
03:00:02        22973  112.00    0.00    0.00  112.00    27  bt-mz.B.24
