Linux 2.6.32-279.14.1.el6.x86_64 (compute-641-14.local) 	04/21/20 	_x86_64_	(32 CPU)

03:33:25          PID    %usr %system  %guest    %CPU   CPU  Command
03:33:27           89    0.00    0.49    0.00    0.49    21  ksoftirqd/21
03:33:27         3141    0.00    0.49    0.00    0.49     8  kondemand/8
03:33:27         3180    0.00    0.49    0.00    0.49     0  kipmi0
03:33:27         3684    0.00    0.49    0.00    0.49     6  snmpd
03:33:27         3852    0.99    0.49    0.00    1.48    24  pbs_mom
03:33:27         4128    0.00    0.49    0.00    0.49     1  gmond
03:33:27        30713    3.45    1.97    0.00    5.42    13  mpirun
03:33:27        30719    0.99    0.49    0.00    1.48    21  top
03:33:27        30721    0.00    1.97    0.00    1.97     8  pidstat
03:33:27        30723    0.49    1.48    0.00    1.97    20  pidstat
03:33:27        30732   93.60    6.90    0.00  100.49     1  bt-mz.B.24
03:33:27        30733  101.97    6.40    0.00  108.37     5  bt-mz.B.24
03:33:27        30734  102.96    5.91    0.00  108.87    19  bt-mz.B.24
03:33:27        30735   99.51    5.91    0.00  105.42     8  bt-mz.B.24
03:33:27        30736   92.61    6.90    0.00   99.51     6  bt-mz.B.24
03:33:27        30737   99.01    5.91    0.00  104.93     9  bt-mz.B.24
03:33:27        30738   88.18    5.42    0.00   93.60    18  bt-mz.B.24
03:33:27        30739   89.16    6.40    0.00   95.57    27  bt-mz.B.24
03:33:27        30740   94.58    5.42    0.00  100.00    16  bt-mz.B.24
03:33:27        30741  103.45    4.93    0.00  108.37    10  bt-mz.B.24
03:33:27        30742   84.73    6.40    0.00   91.13    17  bt-mz.B.24
03:33:27        30744   88.18    5.42    0.00   93.60     4  bt-mz.B.24
03:33:27        30745   90.15    6.40    0.00   96.55    23  bt-mz.B.24

03:33:27          PID    %usr %system  %guest    %CPU   CPU  Command
03:33:29         3145    0.00    0.50    0.00    0.50    12  kondemand/12
03:33:29         3154    0.00    0.50    0.00    0.50    21  kondemand/21
03:33:29         3155    0.00    0.50    0.00    0.50    22  kondemand/22
03:33:29         4128    0.00    0.50    0.00    0.50     1  gmond
03:33:29        30719    0.50    0.50    0.00    1.00    21  top
03:33:29        30721    1.00    1.50    0.00    2.50    10  pidstat
03:33:29        30723    0.50    1.50    0.00    2.00     4  pidstat
03:33:29        30732  125.00    0.00    0.00  125.00    17  bt-mz.B.24
03:33:29        30733  108.00    0.00    0.00  108.00     5  bt-mz.B.24
03:33:29        30734  119.50    0.00    0.00  119.50    19  bt-mz.B.24
03:33:29        30735  114.50    0.00    0.00  114.50    26  bt-mz.B.24
03:33:29        30736  103.50    0.00    0.00  103.50     0  bt-mz.B.24
03:33:29        30737  117.00    0.00    0.00  117.00    24  bt-mz.B.24
03:33:29        30738  111.00    0.00    0.00  111.00     7  bt-mz.B.24
03:33:29        30739  121.50    0.00    0.00  121.50    29  bt-mz.B.24
03:33:29        30740  111.50    0.00    0.00  111.50    16  bt-mz.B.24
03:33:29        30741  125.00    0.00    0.00  125.00    25  bt-mz.B.24
03:33:29        30742  105.00    0.00    0.00  105.00    22  bt-mz.B.24
03:33:29        30744  116.00    0.50    0.00  116.50    20  bt-mz.B.24
03:33:29        30745  117.50    0.00    0.00  117.50    23  bt-mz.B.24

03:33:29          PID    %usr %system  %guest    %CPU   CPU  Command
03:33:31          129    0.00    0.50    0.00    0.50    31  ksoftirqd/31
03:33:31         3144    0.00    0.50    0.00    0.50    11  kondemand/11
03:33:31         3157    0.00    0.50    0.00    0.50    24  kondemand/24
03:33:31         3159    0.00    0.50    0.00    0.50    26  kondemand/26
03:33:31         3162    0.00    0.50    0.00    0.50    29  kondemand/29
03:33:31         3180    0.00    0.50    0.00    0.50    16  kipmi0
03:33:31        30719    0.50    1.00    0.00    1.50     5  top
03:33:31        30721    0.50    2.00    0.00    2.50    24  pidstat
03:33:31        30723    1.00    2.50    0.00    3.50     4  pidstat
03:33:31        30732  124.00    0.00    0.00  124.00     1  bt-mz.B.24
03:33:31        30733  105.50    0.00    0.00  105.50     1  bt-mz.B.24
03:33:31        30734  110.50    0.00    0.00  110.50     2  bt-mz.B.24
03:33:31        30735  125.50    0.50    0.00  126.00    13  bt-mz.B.24
03:33:31        30736  118.50    0.00    0.00  118.50     0  bt-mz.B.24
03:33:31        30737  117.50    0.00    0.00  117.50    28  bt-mz.B.24
03:33:31        30738  109.00    0.00    0.00  109.00     5  bt-mz.B.24
03:33:31        30739  118.00    0.00    0.00  118.00    12  bt-mz.B.24
03:33:31        30740  119.00    0.00    0.00  119.00    17  bt-mz.B.24
03:33:31        30741  123.00    0.00    0.00  123.00    27  bt-mz.B.24
03:33:31        30742  111.50    0.00    0.00  111.50    19  bt-mz.B.24
03:33:31        30744  117.00    0.00    0.00  117.00    20  bt-mz.B.24
03:33:31        30745  119.00    0.00    0.00  119.00     7  bt-mz.B.24

03:33:31          PID    %usr %system  %guest    %CPU   CPU  Command
03:33:33         3142    0.00    0.50    0.00    0.50     9  kondemand/9
03:33:33         3148    0.00    0.50    0.00    0.50    15  kondemand/15
03:33:33         3180    0.00    0.50    0.00    0.50    16  kipmi0
03:33:33         3195    0.00    0.50    0.00    0.50    28  irqbalance
03:33:33         4128    0.00    0.50    0.00    0.50     1  gmond
03:33:33        30719    0.50    0.50    0.00    1.00     5  top
03:33:33        30721    0.50    1.50    0.00    2.00    24  pidstat
03:33:33        30723    0.50    1.50    0.00    2.00     4  pidstat
03:33:33        30732  131.50    0.00    0.00  131.50     7  bt-mz.B.24
03:33:33        30733  112.00    0.00    0.00  112.00    20  bt-mz.B.24
03:33:33        30734  122.50    0.00    0.00  122.50     5  bt-mz.B.24
03:33:33        30735  132.50    0.00    0.00  132.50    30  bt-mz.B.24
03:33:33        30736  115.50    0.00    0.00  115.50     2  bt-mz.B.24
03:33:33        30737  125.00    0.00    0.00  125.00    30  bt-mz.B.24
03:33:33        30738  115.00    0.00    0.00  115.00    20  bt-mz.B.24
03:33:33        30739  118.00    0.00    0.00  118.00    28  bt-mz.B.24
03:33:33        30740  111.50    0.00    0.00  111.50    21  bt-mz.B.24
03:33:33        30741  127.00    0.00    0.00  127.00    11  bt-mz.B.24
03:33:33        30742  124.00    0.00    0.00  124.00    19  bt-mz.B.24
03:33:33        30744  117.50    0.00    0.00  117.50     3  bt-mz.B.24
03:33:33        30745  112.00    0.00    0.00  112.00    23  bt-mz.B.24

03:33:33          PID    %usr %system  %guest    %CPU   CPU  Command
03:33:35        30719    0.50    0.50    0.00    1.00     5  top
03:33:35        30721    0.50    2.50    0.00    3.00    24  pidstat
03:33:35        30723    1.00    2.00    0.00    3.00    20  pidstat
03:33:35        30732  128.00    0.00    0.00  128.00    17  bt-mz.B.24
03:33:35        30733  112.00    0.00    0.00  112.00     1  bt-mz.B.24
03:33:35        30734  109.50    0.00    0.00  109.50    21  bt-mz.B.24
03:33:35        30735  124.00    0.00    0.00  124.00     9  bt-mz.B.24
03:33:35        30736  112.50    0.50    0.00  113.00     7  bt-mz.B.24
03:33:35        30737  128.50    0.00    0.00  128.50    31  bt-mz.B.24
03:33:35        30738  121.50    0.00    0.00  121.50     4  bt-mz.B.24
03:33:35        30739  122.00    0.00    0.00  122.00    27  bt-mz.B.24
03:33:35        30740  117.50    0.00    0.00  117.50     5  bt-mz.B.24
03:33:35        30741  129.50    0.00    0.00  129.50     8  bt-mz.B.24
03:33:35        30742  121.00    0.50    0.00  121.50     3  bt-mz.B.24
03:33:35        30744  112.50    0.00    0.00  112.50     2  bt-mz.B.24
03:33:35        30745  109.00    0.00    0.00  109.00     1  bt-mz.B.24

03:33:35          PID    %usr %system  %guest    %CPU   CPU  Command
03:33:37         3134    0.00    0.50    0.00    0.50     1  kondemand/1
03:33:37         3136    0.00    0.50    0.00    0.50     3  kondemand/3
03:33:37         4128    0.00    0.50    0.00    0.50     1  gmond
03:33:37        30719    0.50    1.00    0.00    1.50    21  top
03:33:37        30721    0.50    1.50    0.00    2.00    24  pidstat
03:33:37        30723    0.50    2.00    0.00    2.50     4  pidstat
03:33:37        30732  112.00    0.00    0.00  112.00     5  bt-mz.B.24
03:33:37        30733  120.50    0.00    0.00  120.50     3  bt-mz.B.24
03:33:37        30734  112.50    0.00    0.00  112.50    17  bt-mz.B.24
03:33:37        30735  123.50    0.00    0.00  123.50    26  bt-mz.B.24
03:33:37        30736  111.00    0.00    0.00  111.00     1  bt-mz.B.24
03:33:37        30737  124.50    0.00    0.00  124.50    25  bt-mz.B.24
03:33:37        30738  118.50    0.00    0.00  118.50    20  bt-mz.B.24
03:33:37        30739  129.50    0.00    0.00  129.50    11  bt-mz.B.24
03:33:37        30740  115.00    0.00    0.00  115.00     0  bt-mz.B.24
03:33:37        30741  121.00    0.00    0.00  121.00    15  bt-mz.B.24
03:33:37        30742  114.50    0.00    0.00  114.50     4  bt-mz.B.24
03:33:37        30744  104.00    0.00    0.00  104.00    21  bt-mz.B.24
03:33:37        30745  107.50    0.00    0.00  107.50    18  bt-mz.B.24

03:33:37          PID    %usr %system  %guest    %CPU   CPU  Command
03:33:39         3135    0.00    0.50    0.00    0.50     2  kondemand/2
03:33:39         3140    0.00    0.50    0.00    0.50     7  kondemand/7
03:33:39         3152    0.00    0.50    0.00    0.50    19  kondemand/19
03:33:39        30719    0.50    0.50    0.00    1.00     5  top
03:33:39        30721    1.00    2.00    0.00    3.00    24  pidstat
03:33:39        30723    0.50    1.50    0.00    2.00     4  pidstat
03:33:39        30732  127.50    0.00    0.00  127.50    21  bt-mz.B.24
03:33:39        30733  108.50    0.00    0.00  108.50     0  bt-mz.B.24
03:33:39        30734  119.50    0.00    0.00  119.50     1  bt-mz.B.24
03:33:39        30735  123.50    0.00    0.00  123.50    27  bt-mz.B.24
03:33:39        30736  109.00    0.00    0.00  109.00     6  bt-mz.B.24
03:33:39        30737  123.50    0.00    0.00  123.50    25  bt-mz.B.24
03:33:39        30738  117.00    0.00    0.00  117.00     5  bt-mz.B.24
03:33:39        30739  124.00    0.00    0.00  124.00    11  bt-mz.B.24
03:33:39        30740  121.00    0.00    0.00  121.00    16  bt-mz.B.24
03:33:39        30741  125.00    0.00    0.00  125.00    31  bt-mz.B.24
03:33:39        30742  114.50    0.00    0.00  114.50     7  bt-mz.B.24
03:33:39        30744  108.50    0.00    0.00  108.50     6  bt-mz.B.24
03:33:39        30745  113.50    0.00    0.00  113.50     3  bt-mz.B.24

03:33:39          PID    %usr %system  %guest    %CPU   CPU  Command
03:33:41         3146    0.00    0.50    0.00    0.50    13  kondemand/13
03:33:41         3160    0.00    0.50    0.00    0.50    27  kondemand/27
03:33:41         4128    0.50    0.50    0.00    1.00    17  gmond
03:33:41        30719    1.00    1.00    0.00    2.00     5  top
03:33:41        30721    0.50    2.00    0.00    2.50    24  pidstat
03:33:41        30723    1.00    1.50    0.00    2.50     4  pidstat
03:33:41        30732  132.00    0.00    0.00  132.00    21  bt-mz.B.24
03:33:41        30733  126.00    0.00    0.00  126.00    23  bt-mz.B.24
03:33:41        30734  122.50    0.00    0.00  122.50     1  bt-mz.B.24
03:33:41        30735  122.00    0.00    0.00  122.00    27  bt-mz.B.24
03:33:41        30736  116.50    0.00    0.00  116.50     6  bt-mz.B.24
03:33:41        30737  113.00    0.00    0.00  113.00    14  bt-mz.B.24
03:33:41        30738  110.50    0.00    0.00  110.50    19  bt-mz.B.24
03:33:41        30739  119.00    0.00    0.00  119.00    11  bt-mz.B.24
03:33:41        30740  109.00    0.00    0.00  109.00    16  bt-mz.B.24
03:33:41        30741  124.50    0.00    0.00  124.50    25  bt-mz.B.24
03:33:41        30742  114.00    0.00    0.00  114.00     6  bt-mz.B.24
03:33:41        30744   98.50    0.00    0.00   98.50     4  bt-mz.B.24
03:33:41        30745  104.00    0.00    0.00  104.00    17  bt-mz.B.24

03:33:41          PID    %usr %system  %guest    %CPU   CPU  Command
03:33:43          101    0.00    0.50    0.00    0.50    24  ksoftirqd/24
03:33:43         3153    0.00    0.50    0.00    0.50    20  kondemand/20
03:33:43         3163    0.00    0.50    0.00    0.50    30  kondemand/30
03:33:43         3180    0.00    0.50    0.00    0.50     0  kipmi0
03:33:43        30719    0.50    0.50    0.00    1.00     5  top
03:33:43        30721    0.50    1.50    0.00    2.00    24  pidstat
03:33:43        30723    1.00    2.50    0.00    3.50     4  pidstat
03:33:43        30732  128.50    0.00    0.00  128.50     8  bt-mz.B.24
03:33:43        30733  124.00    0.00    0.00  124.00     2  bt-mz.B.24
03:33:43        30734  125.00    0.00    0.00  125.00    22  bt-mz.B.24
03:33:43        30735  122.00    0.00    0.00  122.00    13  bt-mz.B.24
03:33:43        30736  121.50    0.00    0.00  121.50     6  bt-mz.B.24
03:33:43        30737  116.00    0.00    0.00  116.00    28  bt-mz.B.24
03:33:43        30738  125.50    0.00    0.00  125.50    19  bt-mz.B.24
03:33:43        30739  118.50    0.00    0.00  118.50    12  bt-mz.B.24
03:33:43        30740  116.00    0.00    0.00  116.00     0  bt-mz.B.24
03:33:43        30741  118.00    0.00    0.00  118.00     9  bt-mz.B.24
03:33:43        30742  114.50    0.00    0.00  114.50    17  bt-mz.B.24
03:33:43        30744  111.00    0.00    0.00  111.00    26  bt-mz.B.24
03:33:43        30745  120.50    0.00    0.00  120.50    23  bt-mz.B.24

03:33:43          PID    %usr %system  %guest    %CPU   CPU  Command
03:33:45         3143    0.00    0.50    0.00    0.50    10  kondemand/10
03:33:45         3164    0.00    0.50    0.00    0.50    31  kondemand/31
03:33:45         4128    0.00    0.50    0.00    0.50    17  gmond
03:33:45        30719    0.50    0.50    0.00    1.00    21  top
03:33:45        30721    1.00    2.00    0.00    3.00     8  pidstat
03:33:45        30723    1.00    2.00    0.00    3.00    20  pidstat
03:33:45        30725    0.00    0.50    0.00    0.50    14  iostat
03:33:45        30732  135.50    0.00    0.00  135.50     8  bt-mz.B.24
03:33:45        30733  122.50    0.00    0.00  122.50     5  bt-mz.B.24
03:33:45        30734  127.00    0.00    0.00  127.00    22  bt-mz.B.24
03:33:45        30735  115.50    0.00    0.00  115.50    14  bt-mz.B.24
03:33:45        30736  119.00    0.00    0.00  119.00     2  bt-mz.B.24
03:33:45        30737  118.00    0.00    0.00  118.00    12  bt-mz.B.24
03:33:45        30738  120.50    0.50    0.00  121.00    19  bt-mz.B.24
03:33:45        30739  121.50    0.00    0.00  121.50    30  bt-mz.B.24
03:33:45        30740  118.50    0.00    0.00  118.50     7  bt-mz.B.24
03:33:45        30741  108.50    0.50    0.00  109.00    29  bt-mz.B.24
03:33:45        30742  127.50    0.00    0.00  127.50     1  bt-mz.B.24
03:33:45        30744  114.00    0.00    0.00  114.00     9  bt-mz.B.24
03:33:45        30745  113.50    0.00    0.00  113.50    22  bt-mz.B.24

03:33:45          PID    %usr %system  %guest    %CPU   CPU  Command
03:33:47           93    0.00    0.50    0.00    0.50    22  ksoftirqd/22
03:33:47          137    0.00    0.50    0.00    0.50     6  events/6
03:33:47         3138    0.00    0.50    0.00    0.50     5  kondemand/5
03:33:47         3150    0.00    0.50    0.00    0.50    17  kondemand/17
03:33:47         3158    0.00    0.50    0.00    0.50    25  kondemand/25
03:33:47         3180    0.00    0.50    0.00    0.50     0  kipmi0
03:33:47         3852    0.00    0.50    0.00    0.50     7  pbs_mom
03:33:47         4128    0.00    0.50    0.00    0.50    17  gmond
03:33:47        30719    0.50    0.50    0.00    1.00     5  top
03:33:47        30721    1.00    1.50    0.00    2.50    24  pidstat
03:33:47        30723    0.00    2.00    0.00    2.00     4  pidstat
03:33:47        30732  120.50    0.00    0.00  120.50     9  bt-mz.B.24
03:33:47        30733  135.00    0.00    0.00  135.00    16  bt-mz.B.24
03:33:47        30734  120.00    0.50    0.00  120.50    22  bt-mz.B.24
03:33:47        30735  109.00    0.00    0.00  109.00    30  bt-mz.B.24
03:33:47        30736  122.00    0.00    0.00  122.00     7  bt-mz.B.24
03:33:47        30737  112.50    0.00    0.00  112.50    31  bt-mz.B.24
03:33:47        30738  123.50    0.00    0.00  123.50    23  bt-mz.B.24
03:33:47        30739  120.00    0.00    0.00  120.00    11  bt-mz.B.24
03:33:47        30740  118.50    0.00    0.00  118.50     3  bt-mz.B.24
03:33:47        30741  117.00    0.00    0.00  117.00    12  bt-mz.B.24
03:33:47        30742  122.50    0.00    0.00  122.50     5  bt-mz.B.24
03:33:47        30744  111.00    0.00    0.00  111.00     9  bt-mz.B.24
03:33:47        30745  121.50    0.00    0.00  121.50    20  bt-mz.B.24

03:33:47          PID    %usr %system  %guest    %CPU   CPU  Command
03:33:49         3133    0.00    0.50    0.00    0.50     0  kondemand/0
03:33:49         3139    0.00    0.50    0.00    0.50     6  kondemand/6
03:33:49         3147    0.00    0.50    0.00    0.50    14  kondemand/14
03:33:49         3151    0.00    0.50    0.00    0.50    18  kondemand/18
03:33:49         3161    0.00    0.50    0.00    0.50    28  kondemand/28
03:33:49        30719    0.50    1.00    0.00    1.50     5  top
03:33:49        30721    0.50    2.00    0.00    2.50     8  pidstat
03:33:49        30723    0.50    2.00    0.00    2.50    20  pidstat
03:33:49        30732  136.50    0.00    0.00  136.50    29  bt-mz.B.24
03:33:49        30733  120.50    0.00    0.00  120.50     3  bt-mz.B.24
03:33:49        30734  138.00    0.00    0.00  138.00     1  bt-mz.B.24
03:33:49        30735  117.50    0.00    0.00  117.50    30  bt-mz.B.24
03:33:49        30736  129.00    0.00    0.00  129.00    23  bt-mz.B.24
03:33:49        30737  108.00    0.00    0.00  108.00    31  bt-mz.B.24
03:33:49        30738  110.50    0.00    0.00  110.50    16  bt-mz.B.24
03:33:49        30739  112.00    0.00    0.00  112.00    27  bt-mz.B.24
03:33:49        30740  125.00    0.00    0.00  125.00     0  bt-mz.B.24
03:33:49        30741  114.50    0.00    0.00  114.50    10  bt-mz.B.24
03:33:49        30742  130.00    0.00    0.00  130.00     5  bt-mz.B.24
03:33:49        30744  111.00    0.00    0.00  111.00    28  bt-mz.B.24
03:33:49        30745  123.00    0.50    0.00  123.50    20  bt-mz.B.24

03:33:49          PID    %usr %system  %guest    %CPU   CPU  Command
03:33:51         3149    0.00    0.50    0.00    0.50    16  kondemand/16
03:33:51         4128    0.00    0.50    0.00    0.50     1  gmond
03:33:51        30719    0.50    0.50    0.00    1.00    21  top
03:33:51        30721    0.50    1.50    0.00    2.00     8  pidstat
03:33:51        30723    0.50    1.50    0.00    2.00    20  pidstat
03:33:51        30732  118.50    0.00    0.00  118.50     8  bt-mz.B.24
03:33:51        30733  119.00    0.00    0.00  119.00    21  bt-mz.B.24
03:33:51        30734  130.00    0.00    0.00  130.00    17  bt-mz.B.24
03:33:51        30735  119.50    0.00    0.00  119.50    29  bt-mz.B.24
03:33:51        30736  120.00    0.00    0.00  120.00    23  bt-mz.B.24
03:33:51        30737   98.00    0.50    0.00   98.50    31  bt-mz.B.24
03:33:51        30738  121.50    0.00    0.00  121.50    19  bt-mz.B.24
03:33:51        30739  110.00    0.00    0.00  110.00    27  bt-mz.B.24
03:33:51        30740  115.50    0.00    0.00  115.50     6  bt-mz.B.24
03:33:51        30741  119.50    0.00    0.00  119.50    10  bt-mz.B.24
03:33:51        30742  125.00    0.00    0.00  125.00    20  bt-mz.B.24
03:33:51        30744  113.50    0.00    0.00  113.50    12  bt-mz.B.24
03:33:51        30745  122.50    0.00    0.00  122.50    18  bt-mz.B.24

03:33:51          PID    %usr %system  %guest    %CPU   CPU  Command
03:33:53         3137    0.00    0.50    0.00    0.50     4  kondemand/4
03:33:53         3180    0.00    0.50    0.00    0.50     0  kipmi0
03:33:53        30713    0.00    0.50    0.00    0.50     8  mpirun
03:33:53        30719    0.50    1.00    0.00    1.50     5  top
03:33:53        30721    0.50    2.00    0.00    2.50     8  pidstat
03:33:53        30723    1.50    2.00    0.00    3.50     4  pidstat
03:33:53        30732  127.00    0.00    0.00  127.00     9  bt-mz.B.24
03:33:53        30733  121.00    0.00    0.00  121.00     6  bt-mz.B.24
03:33:53        30734  132.00    0.00    0.00  132.00    23  bt-mz.B.24
03:33:53        30735  117.00    0.00    0.00  117.00    30  bt-mz.B.24
03:33:53        30736  126.50    0.00    0.00  126.50     7  bt-mz.B.24
03:33:53        30737  113.50    0.00    0.00  113.50    12  bt-mz.B.24
03:33:53        30738  127.00    0.00    0.00  127.00    17  bt-mz.B.24
03:33:53        30739  112.00    0.00    0.00  112.00    15  bt-mz.B.24
03:33:53        30740  129.50    0.00    0.00  129.50     5  bt-mz.B.24
03:33:53        30741  115.00    0.00    0.00  115.00    13  bt-mz.B.24
03:33:53        30742  125.00    0.00    0.00  125.00    20  bt-mz.B.24
03:33:53        30744  121.00    0.00    0.00  121.00    28  bt-mz.B.24
03:33:53        30745  120.50    0.00    0.00  120.50    19  bt-mz.B.24

03:33:53          PID    %usr %system  %guest    %CPU   CPU  Command
03:33:55         4128    0.00    0.50    0.00    0.50     1  gmond
03:33:55        30719    0.50    0.50    0.00    1.00     5  top
03:33:55        30721    1.00    1.50    0.00    2.50     8  pidstat
03:33:55        30723    0.50    1.00    0.00    1.50     4  pidstat
03:33:55        30732  135.50    0.50    0.00  136.00    30  bt-mz.B.24
03:33:55        30733  123.00    0.00    0.00  123.00     4  bt-mz.B.24
03:33:55        30734  115.50    0.00    0.00  115.50     5  bt-mz.B.24
03:33:55        30735  113.50    0.00    0.00  113.50    29  bt-mz.B.24
03:33:55        30736  111.50    0.00    0.00  111.50    16  bt-mz.B.24
03:33:55        30737  120.00    0.00    0.00  120.00    11  bt-mz.B.24
03:33:55        30738  118.50    0.00    0.00  118.50    18  bt-mz.B.24
03:33:55        30739  114.50    0.00    0.00  114.50     9  bt-mz.B.24
03:33:55        30740  118.50    0.50    0.00  119.00     3  bt-mz.B.24
03:33:55        30741  117.50    0.00    0.00  117.50    31  bt-mz.B.24
03:33:55        30742  116.00    0.00    0.00  116.00    19  bt-mz.B.24
03:33:55        30744  117.00    0.00    0.00  117.00    10  bt-mz.B.24
03:33:55        30745  125.50    0.00    0.00  125.50    20  bt-mz.B.24

03:33:55          PID    %usr %system  %guest    %CPU   CPU  Command
03:33:57         3021    0.00    1.00    0.00    1.00    27  flush-8:0
03:33:57         3141    0.00    0.50    0.00    0.50     8  kondemand/8
03:33:57         3156    0.00    0.50    0.00    0.50    23  kondemand/23
03:33:57        30719    1.00    1.00    0.00    2.00     5  top
03:33:57        30721    0.50    1.50    0.00    2.00    24  pidstat
03:33:57        30723    0.50    2.50    0.00    3.00     4  pidstat
03:33:57        30732  118.00    0.00    0.00  118.00    29  bt-mz.B.24
03:33:57        30733  116.00    0.00    0.00  116.00    17  bt-mz.B.24
03:33:57        30734  127.00    0.00    0.00  127.00    21  bt-mz.B.24
03:33:57        30735  113.00    0.00    0.00  113.00    30  bt-mz.B.24
03:33:57        30736  116.00    0.00    0.00  116.00    19  bt-mz.B.24
03:33:57        30737  123.00    0.00    0.00  123.00    12  bt-mz.B.24
03:33:57        30738  117.00    0.00    0.00  117.00    23  bt-mz.B.24
03:33:57        30739  111.00    0.00    0.00  111.00    15  bt-mz.B.24
03:33:57        30740  113.00    0.00    0.00  113.00     1  bt-mz.B.24
03:33:57        30741  130.00    0.00    0.00  130.00    28  bt-mz.B.24
03:33:57        30742  118.50    0.00    0.00  118.50     3  bt-mz.B.24
03:33:57        30744  121.00    0.50    0.00  121.50    26  bt-mz.B.24
03:33:57        30745  124.00    0.00    0.00  124.00    18  bt-mz.B.24

03:33:57          PID    %usr %system  %guest    %CPU   CPU  Command
03:33:59         3145    0.00    0.50    0.00    0.50    12  kondemand/12
03:33:59         3180    0.00    0.50    0.00    0.50    16  kipmi0
03:33:59         4128    0.50    0.50    0.00    1.00     1  gmond
03:33:59        30719    0.50    0.50    0.00    1.00     5  top
03:33:59        30721    0.50    1.99    0.00    2.49     8  pidstat
03:33:59        30723    0.50    2.49    0.00    2.99     4  pidstat
03:33:59        30732  137.31    0.00    0.00  137.31    26  bt-mz.B.24
03:33:59        30733  128.36    0.00    0.00  128.36    21  bt-mz.B.24
03:33:59        30734  133.83    0.00    0.00  133.83     0  bt-mz.B.24
03:33:59        30735  118.91    0.00    0.00  118.91    14  bt-mz.B.24
03:33:59        30736  120.90    0.00    0.00  120.90     7  bt-mz.B.24
03:33:59        30737  128.86    0.00    0.00  128.86    31  bt-mz.B.24
03:33:59        30738  123.88    0.00    0.00  123.88     3  bt-mz.B.24
03:33:59        30739  111.44    0.00    0.00  111.44    14  bt-mz.B.24
03:33:59        30740  120.40    0.00    0.00  120.40    23  bt-mz.B.24
03:33:59        30741  118.91    0.00    0.00  118.91    14  bt-mz.B.24
03:33:59        30742  121.39    0.00    0.00  121.39    19  bt-mz.B.24
03:33:59        30744  119.40    0.00    0.00  119.40    12  bt-mz.B.24
03:33:59        30745  121.39    0.00    0.00  121.39     5  bt-mz.B.24

03:33:59          PID    %usr %system  %guest    %CPU   CPU  Command
03:34:01         3144    0.00    0.50    0.00    0.50    11  kondemand/11
03:34:01         3157    0.00    0.50    0.00    0.50    24  kondemand/24
03:34:01         3808    0.50    0.00    0.00    0.50    24  crond
03:34:01        30719    1.00    0.50    0.00    1.50     5  top
03:34:01        30721    1.00    1.50    0.00    2.50     8  pidstat
03:34:01        30723    1.00    2.00    0.00    3.00     4  pidstat
03:34:01        30732  131.00    0.00    0.00  131.00     9  bt-mz.B.24
03:34:01        30733  125.50    0.00    0.00  125.50     7  bt-mz.B.24
03:34:01        30734  127.00    0.00    0.00  127.00     6  bt-mz.B.24
03:34:01        30735  121.50    0.00    0.00  121.50    30  bt-mz.B.24
03:34:01        30736  125.50    0.00    0.00  125.50    23  bt-mz.B.24
03:34:01        30737  122.50    0.00    0.00  122.50    15  bt-mz.B.24
03:34:01        30738  118.50    0.00    0.00  118.50     3  bt-mz.B.24
03:34:01        30739  113.00    0.00    0.00  113.00     8  bt-mz.B.24
03:34:01        30740  114.00    0.00    0.00  114.00     0  bt-mz.B.24
03:34:01        30741  111.00    0.00    0.00  111.00    10  bt-mz.B.24
03:34:01        30742  122.50    0.00    0.00  122.50     5  bt-mz.B.24
03:34:01        30744  123.00    0.00    0.00  123.00    24  bt-mz.B.24
03:34:01        30745  119.50    0.00    0.00  119.50     4  bt-mz.B.24

03:34:01          PID    %usr %system  %guest    %CPU   CPU  Command
03:34:03          148    0.00    0.50    0.00    0.50    17  events/17
03:34:03         1063    0.00    0.50    0.00    0.50    12  jbd2/sda1-8
03:34:03         3142    0.00    0.50    0.00    0.50     9  kondemand/9
03:34:03         3148    0.00    0.50    0.00    0.50    15  kondemand/15
03:34:03         3154    0.00    0.50    0.00    0.50    21  kondemand/21
03:34:03         3155    0.00    0.50    0.00    0.50    22  kondemand/22
03:34:03         3162    0.00    0.50    0.00    0.50    29  kondemand/29
03:34:03         3195    0.50    0.00    0.00    0.50    12  irqbalance
03:34:03         3684    0.00    0.50    0.00    0.50    22  snmpd
03:34:03         4128    0.00    0.50    0.00    0.50     1  gmond
03:34:03        30719    0.50    0.50    0.00    1.00     5  top
03:34:03        30721    1.00    2.00    0.00    3.00     9  pidstat
03:34:03        30723    1.00    1.50    0.00    2.50     4  pidstat
03:34:03        30724    0.00    0.50    0.00    0.50     6  mpstat
03:34:03        30732  138.50    0.00    0.00  138.50    29  bt-mz.B.24
03:34:03        30733  118.50    0.00    0.00  118.50    18  bt-mz.B.24
03:34:03        30734  126.00    0.00    0.00  126.00     3  bt-mz.B.24
03:34:03        30735  119.50    0.00    0.00  119.50    12  bt-mz.B.24
03:34:03        30736  112.00    0.00    0.00  112.00    23  bt-mz.B.24
03:34:03        30737  123.50    0.00    0.00  123.50    15  bt-mz.B.24
03:34:03        30738  119.00    0.00    0.00  119.00     0  bt-mz.B.24
03:34:03        30739  120.50    0.00    0.00  120.50    27  bt-mz.B.24
03:34:03        30740  116.50    0.00    0.00  116.50    22  bt-mz.B.24
03:34:03        30741  119.50    0.00    0.00  119.50     8  bt-mz.B.24
03:34:03        30742  132.00    0.50    0.00  132.50    21  bt-mz.B.24
03:34:03        30744  121.00    0.00    0.00  121.00    31  bt-mz.B.24
03:34:03        30745  130.50    0.00    0.00  130.50     5  bt-mz.B.24

03:34:03          PID    %usr %system  %guest    %CPU   CPU  Command
03:34:05          131    0.00    0.50    0.00    0.50     0  events/0
03:34:05         3159    0.00    0.50    0.00    0.50    26  kondemand/26
03:34:05         3180    0.00    0.50    0.00    0.50    16  kipmi0
03:34:05         4128    0.00    0.50    0.00    0.50     1  gmond
03:34:05        30719    0.50    0.50    0.00    1.00    21  top
03:34:05        30721    0.50    2.00    0.00    2.50     9  pidstat
03:34:05        30723    0.50    2.00    0.00    2.50     4  pidstat
03:34:05        30725    0.00    0.50    0.00    0.50    14  iostat
03:34:05        30732  112.50    0.00    0.00  112.50    29  bt-mz.B.24
03:34:05        30733  121.50    0.00    0.00  121.50     2  bt-mz.B.24
03:34:05        30734  122.00    0.00    0.00  122.00    16  bt-mz.B.24
03:34:05        30735  115.50    0.00    0.00  115.50    26  bt-mz.B.24
03:34:05        30736  126.00    0.00    0.00  126.00    21  bt-mz.B.24
03:34:05        30737  112.50    0.00    0.00  112.50    28  bt-mz.B.24
03:34:05        30738  121.50    0.00    0.00  121.50    17  bt-mz.B.24
03:34:05        30739  121.50    0.50    0.00  122.00    13  bt-mz.B.24
03:34:05        30740  120.50    0.00    0.00  120.50    19  bt-mz.B.24
03:34:05        30741  127.50    0.50    0.00  128.00    24  bt-mz.B.24
03:34:05        30742  123.00    0.00    0.00  123.00     3  bt-mz.B.24
03:34:05        30744  119.00    0.00    0.00  119.00    15  bt-mz.B.24
03:34:05        30745  118.50    0.00    0.00  118.50    20  bt-mz.B.24

03:34:05          PID    %usr %system  %guest    %CPU   CPU  Command
03:34:07         3134    0.00    0.50    0.00    0.50     1  kondemand/1
03:34:07        30719    0.50    1.00    0.00    1.50    21  top
03:34:07        30721    0.50    1.00    0.00    1.50     9  pidstat
03:34:07        30723    0.50    0.50    0.00    1.00     4  pidstat
03:34:07        30732  135.50    0.00    0.00  135.50    13  bt-mz.B.24
03:34:07        30733  120.00    0.00    0.00  120.00    17  bt-mz.B.24
03:34:07        30734  118.50    0.00    0.00  118.50    23  bt-mz.B.24
03:34:07        30735  109.50    0.00    0.00  109.50    10  bt-mz.B.24
03:34:07        30736  116.00    0.00    0.00  116.00    21  bt-mz.B.24
03:34:07        30737  122.00    0.00    0.00  122.00    12  bt-mz.B.24
03:34:07        30738  109.00    0.00    0.00  109.00     3  bt-mz.B.24
03:34:07        30739  101.50    0.00    0.00  101.50    30  bt-mz.B.24
03:34:07        30740  107.50    0.00    0.00  107.50    18  bt-mz.B.24
03:34:07        30741  110.00    0.00    0.00  110.00    25  bt-mz.B.24
03:34:07        30742  121.50    0.00    0.00  121.50    16  bt-mz.B.24
03:34:07        30744  113.50    0.00    0.00  113.50    14  bt-mz.B.24
03:34:07        30745  112.50    0.00    0.00  112.50     4  bt-mz.B.24

03:34:07          PID    %usr %system  %guest    %CPU   CPU  Command
03:34:09         3136    0.00    0.50    0.00    0.50     3  kondemand/3
03:34:09         3140    0.00    0.50    0.00    0.50     7  kondemand/7
03:34:09         3146    0.00    0.50    0.00    0.50    13  kondemand/13
03:34:09         4128    0.00    0.50    0.00    0.50     1  gmond
03:34:09        30719    0.50    0.50    0.00    1.00     5  top
03:34:09        30721    0.50    2.00    0.00    2.50     9  pidstat
03:34:09        30723    0.50    2.50    0.00    3.00     4  pidstat
03:34:09        30728    0.00    0.50    0.00    0.50    26  vmstat
03:34:09        30732  137.00    0.00    0.00  137.00    29  bt-mz.B.24
03:34:09        30733  126.00    0.00    0.00  126.00     7  bt-mz.B.24
03:34:09        30734  119.50    0.00    0.00  119.50     5  bt-mz.B.24
03:34:09        30735  124.00    0.00    0.00  124.00    10  bt-mz.B.24
03:34:09        30736  119.00    0.50    0.00  119.50    19  bt-mz.B.24
03:34:09        30737  115.00    0.00    0.00  115.00    26  bt-mz.B.24
03:34:09        30738  124.50    0.00    0.00  124.50     3  bt-mz.B.24
03:34:09        30739  118.50    0.00    0.00  118.50    28  bt-mz.B.24
03:34:09        30740  124.00    0.00    0.00  124.00     2  bt-mz.B.24
03:34:09        30741  115.00    0.00    0.00  115.00     8  bt-mz.B.24
03:34:09        30742  121.50    0.00    0.00  121.50    17  bt-mz.B.24
03:34:09        30744  119.50    0.00    0.00  119.50    11  bt-mz.B.24
03:34:09        30745  109.50    0.00    0.00  109.50     1  bt-mz.B.24

03:34:09          PID    %usr %system  %guest    %CPU   CPU  Command
03:34:11         3135    0.00    0.50    0.00    0.50     2  kondemand/2
03:34:11        30719    0.50    1.00    0.00    1.50     5  top
03:34:11        30721    0.50    2.00    0.00    2.50     9  pidstat
03:34:11        30723    1.00    2.50    0.00    3.50     4  pidstat
03:34:11        30732  139.50    0.00    0.00  139.50    29  bt-mz.B.24
03:34:11        30733  130.50    0.00    0.00  130.50    17  bt-mz.B.24
03:34:11        30734  130.50    0.00    0.00  130.50    23  bt-mz.B.24
03:34:11        30735  119.50    0.50    0.00  120.00    27  bt-mz.B.24
03:34:11        30736  127.50    0.00    0.00  127.50    19  bt-mz.B.24
03:34:11        30737  119.00    0.00    0.00  119.00    10  bt-mz.B.24
03:34:11        30738  115.50    0.00    0.00  115.50     1  bt-mz.B.24
03:34:11        30739  126.50    0.00    0.00  126.50    14  bt-mz.B.24
03:34:11        30740  129.00    0.00    0.00  129.00    18  bt-mz.B.24
03:34:11        30741  126.50    0.00    0.00  126.50     8  bt-mz.B.24
03:34:11        30742  119.50    0.00    0.00  119.50     0  bt-mz.B.24
03:34:11        30744  116.50    0.00    0.00  116.50    28  bt-mz.B.24
03:34:11        30745  123.50    0.50    0.00  124.00     5  bt-mz.B.24

03:34:11          PID    %usr %system  %guest    %CPU   CPU  Command
03:34:13         3143    0.00    0.50    0.00    0.50    10  kondemand/10
03:34:13         3152    0.00    0.50    0.00    0.50    19  kondemand/19
03:34:13         3195    0.00    0.50    0.00    0.50    28  irqbalance
03:34:13         3852    0.00    0.50    0.00    0.50    12  pbs_mom
03:34:13         4128    0.00    0.50    0.00    0.50     1  gmond
03:34:13        30719    0.50    1.00    0.00    1.50    21  top
03:34:13        30721    0.50    2.00    0.00    2.50     9  pidstat
03:34:13        30723    0.50    2.00    0.00    2.50     1  pidstat
03:34:13        30732  136.50    0.00    0.00  136.50    28  bt-mz.B.24
03:34:13        30733  120.00    0.50    0.00  120.50     6  bt-mz.B.24
03:34:13        30734  130.50    0.00    0.00  130.50    23  bt-mz.B.24
03:34:13        30735  120.00    0.00    0.00  120.00    29  bt-mz.B.24
03:34:13        30736  122.00    0.00    0.00  122.00     5  bt-mz.B.24
03:34:13        30737  128.00    0.00    0.00  128.00    26  bt-mz.B.24
03:34:13        30738  121.00    0.00    0.00  121.00    17  bt-mz.B.24
03:34:13        30739  117.50    0.00    0.00  117.50    13  bt-mz.B.24
03:34:13        30740  119.00    0.00    0.00  119.00    21  bt-mz.B.24
03:34:13        30741  113.50    0.00    0.00  113.50    14  bt-mz.B.24
03:34:13        30742  129.50    0.00    0.00  129.50     0  bt-mz.B.24
03:34:13        30744  114.00    0.00    0.00  114.00    11  bt-mz.B.24
03:34:13        30745  122.00    0.00    0.00  122.00     3  bt-mz.B.24

03:34:13          PID    %usr %system  %guest    %CPU   CPU  Command
03:34:15         3133    0.00    0.50    0.00    0.50     0  kondemand/0
03:34:15         3160    0.00    0.50    0.00    0.50    27  kondemand/27
03:34:15         3163    0.00    0.50    0.00    0.50    30  kondemand/30
03:34:15        30719    0.50    0.50    0.00    1.00    21  top
03:34:15        30721    0.50    1.50    0.00    2.00     9  pidstat
03:34:15        30723    1.00    2.00    0.00    3.00     1  pidstat
03:34:15        30732  134.00    0.00    0.00  134.00    29  bt-mz.B.24
03:34:15        30733  123.00    0.00    0.00  123.00    22  bt-mz.B.24
03:34:15        30734  130.50    0.00    0.00  130.50    21  bt-mz.B.24
03:34:15        30735  113.00    0.00    0.00  113.00    15  bt-mz.B.24
03:34:15        30736  127.50    0.00    0.00  127.50    21  bt-mz.B.24
03:34:15        30737  118.50    0.00    0.00  118.50    26  bt-mz.B.24
03:34:15        30738  119.00    0.00    0.00  119.00    23  bt-mz.B.24
03:34:15        30739  126.00    0.00    0.00  126.00    14  bt-mz.B.24
03:34:15        30740  111.50    0.00    0.00  111.50     4  bt-mz.B.24
03:34:15        30741  117.50    0.00    0.00  117.50    25  bt-mz.B.24
03:34:15        30742  133.00    0.00    0.00  133.00     0  bt-mz.B.24
03:34:15        30744  129.50    0.00    0.00  129.50     8  bt-mz.B.24
03:34:15        30745  121.50    0.00    0.00  121.50    20  bt-mz.B.24

03:34:15          PID    %usr %system  %guest    %CPU   CPU  Command
03:34:17         3153    0.00    0.50    0.00    0.50    20  kondemand/20
03:34:17         4128    0.50    0.50    0.00    1.00    17  gmond
03:34:17        30719    0.50    0.50    0.00    1.00     5  top
03:34:17        30721    0.50    2.00    0.00    2.50    25  pidstat
03:34:17        30723    0.50    1.50    0.00    2.00    17  pidstat
03:34:17        30732  128.00    0.00    0.00  128.00    14  bt-mz.B.24
03:34:17        30733  119.00    0.00    0.00  119.00     6  bt-mz.B.24
03:34:17        30734  118.00    0.50    0.00  118.50    23  bt-mz.B.24
03:34:17        30735  117.50    0.00    0.00  117.50    31  bt-mz.B.24
03:34:17        30736  127.50    0.00    0.00  127.50     5  bt-mz.B.24
03:34:17        30737  115.00    0.00    0.00  115.00    10  bt-mz.B.24
03:34:17        30738  105.50    0.00    0.00  105.50     7  bt-mz.B.24
03:34:17        30739  113.00    0.00    0.00  113.00    29  bt-mz.B.24
03:34:17        30740   96.50    0.00    0.00   96.50    22  bt-mz.B.24
03:34:17        30741  119.00    0.00    0.00  119.00    15  bt-mz.B.24
03:34:17        30742  113.50    0.00    0.00  113.50     3  bt-mz.B.24
03:34:17        30744  115.50    0.00    0.00  115.50     8  bt-mz.B.24
03:34:17        30745  115.00    0.00    0.00  115.00     4  bt-mz.B.24

03:34:17          PID    %usr %system  %guest    %CPU   CPU  Command
03:34:19         3138    0.00    0.50    0.00    0.50     5  kondemand/5
03:34:19         3139    0.00    0.50    0.00    0.50     6  kondemand/6
03:34:19         3147    0.00    0.50    0.00    0.50    14  kondemand/14
03:34:19         3158    0.00    0.50    0.00    0.50    25  kondemand/25
03:34:19         3164    0.00    0.50    0.00    0.50    31  kondemand/31
03:34:19         3180    0.00    0.50    0.00    0.50     0  kipmi0
03:34:19        30719    1.00    0.50    0.00    1.50     5  top
03:34:19        30721    0.50    2.00    0.00    2.50    25  pidstat
03:34:19        30723    0.00    1.50    0.00    1.50    17  pidstat
03:34:19        30732  142.00    0.00    0.00  142.00    15  bt-mz.B.24
03:34:19        30733  115.50    0.00    0.00  115.50     6  bt-mz.B.24
03:34:19        30734  119.50    0.00    0.00  119.50     0  bt-mz.B.24
03:34:19        30735  120.50    0.00    0.00  120.50    29  bt-mz.B.24
03:34:19        30736  122.00    0.00    0.00  122.00     5  bt-mz.B.24
03:34:19        30737  121.00    0.00    0.00  121.00    10  bt-mz.B.24
03:34:19        30738  120.50    0.50    0.00  121.00    20  bt-mz.B.24
03:34:19        30739  112.50    0.00    0.00  112.50     8  bt-mz.B.24
03:34:19        30740  122.00    0.00    0.00  122.00     2  bt-mz.B.24
03:34:19        30741  122.00    0.00    0.00  122.00    14  bt-mz.B.24
03:34:19        30742  117.00    0.50    0.00  117.50    23  bt-mz.B.24
03:34:19        30744  122.00    0.00    0.00  122.00    13  bt-mz.B.24
03:34:19        30745  123.00    0.00    0.00  123.00     4  bt-mz.B.24

03:34:19          PID    %usr %system  %guest    %CPU   CPU  Command
03:34:21         3137    0.00    0.50    0.00    0.50     4  kondemand/4
03:34:21         3150    0.00    0.50    0.00    0.50    17  kondemand/17
03:34:21         3161    0.00    0.50    0.00    0.50    28  kondemand/28
03:34:21         4128    0.00    0.50    0.00    0.50    17  gmond
03:34:21        30719    0.50    1.00    0.00    1.50    21  top
03:34:21        30721    1.00    2.00    0.00    3.00    25  pidstat
03:34:21        30723    1.00    2.00    0.00    3.00    17  pidstat
03:34:21        30732  138.50    0.00    0.00  138.50    14  bt-mz.B.24
03:34:21        30733  131.00    0.00    0.00  131.00     2  bt-mz.B.24
03:34:21        30734  127.00    0.00    0.00  127.00    19  bt-mz.B.24
03:34:21        30735  121.00    0.00    0.00  121.00     8  bt-mz.B.24
03:34:21        30736  124.00    0.00    0.00  124.00     5  bt-mz.B.24
03:34:21        30737  119.00    0.00    0.00  119.00    29  bt-mz.B.24
03:34:21        30738  119.50    0.00    0.00  119.50    19  bt-mz.B.24
03:34:21        30739  121.00    0.00    0.00  121.00    28  bt-mz.B.24
03:34:21        30740  124.50    0.00    0.00  124.50     2  bt-mz.B.24
03:34:21        30741  128.00    0.00    0.00  128.00    13  bt-mz.B.24
03:34:21        30742  129.00    0.00    0.00  129.00     7  bt-mz.B.24
03:34:21        30744  117.50    0.00    0.00  117.50    24  bt-mz.B.24
03:34:21        30745  124.00    0.00    0.00  124.00     3  bt-mz.B.24

03:34:21          PID    %usr %system  %guest    %CPU   CPU  Command
03:34:23         3141    0.00    0.50    0.00    0.50     8  kondemand/8
03:34:23         3149    0.00    0.50    0.00    0.50    16  kondemand/16
03:34:23         3151    0.00    0.50    0.00    0.50    18  kondemand/18
03:34:23         4128    0.00    0.50    0.00    0.50    17  gmond
03:34:23        30719    0.50    0.50    0.00    1.00    21  top
03:34:23        30721    0.50    1.50    0.00    2.00    25  pidstat
03:34:23        30723    0.50    1.50    0.00    2.00    17  pidstat
03:34:23        30732  132.50    0.00    0.00  132.50    31  bt-mz.B.24
03:34:23        30733  122.00    0.00    0.00  122.00     2  bt-mz.B.24
03:34:23        30734  125.50    0.00    0.00  125.50    19  bt-mz.B.24
03:34:23        30735  113.50    0.00    0.00  113.50    26  bt-mz.B.24
03:34:23        30736  107.50    0.00    0.00  107.50    17  bt-mz.B.24
03:34:23        30737  127.50    0.00    0.00  127.50    12  bt-mz.B.24
03:34:23        30738  119.00    0.00    0.00  119.00     0  bt-mz.B.24
03:34:23        30739  115.00    0.00    0.00  115.00    15  bt-mz.B.24
03:34:23        30740  132.00    0.00    0.00  132.00     1  bt-mz.B.24
03:34:23        30741  125.00    0.00    0.00  125.00    24  bt-mz.B.24
03:34:23        30742  128.50    0.00    0.00  128.50     6  bt-mz.B.24
03:34:23        30744  121.00    0.00    0.00  121.00    30  bt-mz.B.24
03:34:23        30745  114.50    0.00    0.00  114.50     4  bt-mz.B.24

03:34:23          PID    %usr %system  %guest    %CPU   CPU  Command
03:34:25        30719    0.50    1.00    0.00    1.50    21  top
03:34:25        30721    0.50    2.00    0.00    2.50    15  pidstat
03:34:25        30723    1.00    3.00    0.00    4.00    17  pidstat
03:34:25        30732  130.50    0.00    0.00  130.50     9  bt-mz.B.24
03:34:25        30733  127.00    0.00    0.00  127.00    18  bt-mz.B.24
03:34:25        30734  128.00    0.00    0.00  128.00     6  bt-mz.B.24
03:34:25        30735  117.00    0.00    0.00  117.00    30  bt-mz.B.24
03:34:25        30736  122.00    0.00    0.00  122.00    20  bt-mz.B.24
03:34:25        30737  123.50    0.00    0.00  123.50    26  bt-mz.B.24
03:34:25        30738  117.50    0.00    0.00  117.50    16  bt-mz.B.24
03:34:25        30739  123.00    0.00    0.00  123.00     8  bt-mz.B.24
03:34:25        30740  113.00    0.00    0.00  113.00     7  bt-mz.B.24
03:34:25        30741  123.50    0.00    0.00  123.50    11  bt-mz.B.24
03:34:25        30742  124.00    0.00    0.00  124.00    23  bt-mz.B.24
03:34:25        30744  119.00    0.00    0.00  119.00    27  bt-mz.B.24
03:34:25        30745  112.50    0.50    0.00  113.00    22  bt-mz.B.24

03:34:25          PID    %usr %system  %guest    %CPU   CPU  Command
03:34:27         3145    0.00    0.50    0.00    0.50    12  kondemand/12
03:34:27         3180    0.00    0.50    0.00    0.50    16  kipmi0
03:34:27         4128    0.00    0.50    0.00    0.50     1  gmond
03:34:27        30719    0.50    0.50    0.00    1.00    21  top
03:34:27        30721    0.50    2.00    0.00    2.50    15  pidstat
03:34:27        30723    0.50    2.00    0.00    2.50    17  pidstat
03:34:27        30725    0.00    0.50    0.00    0.50    30  iostat
03:34:27        30732  127.00    0.50    0.00  127.50    25  bt-mz.B.24
03:34:27        30733  134.50    0.00    0.00  134.50     2  bt-mz.B.24
03:34:27        30734  128.00    0.00    0.00  128.00     3  bt-mz.B.24
03:34:27        30735  122.00    0.00    0.00  122.00     8  bt-mz.B.24
03:34:27        30736  121.00    0.00    0.00  121.00     4  bt-mz.B.24
03:34:27        30737  123.00    0.00    0.00  123.00     9  bt-mz.B.24
03:34:27        30738  124.00    0.00    0.00  124.00    22  bt-mz.B.24
03:34:27        30739  119.50    0.00    0.00  119.50    24  bt-mz.B.24
03:34:27        30740  120.00    0.00    0.00  120.00     0  bt-mz.B.24
03:34:27        30741  124.50    0.00    0.00  124.50    13  bt-mz.B.24
03:34:27        30742  119.00    0.00    0.00  119.00    18  bt-mz.B.24
03:34:27        30744  120.00    0.00    0.00  120.00    12  bt-mz.B.24
03:34:27        30745  109.50    0.00    0.00  109.50     7  bt-mz.B.24

03:34:27          PID    %usr %system  %guest    %CPU   CPU  Command
03:34:29         3156    0.00    0.50    0.00    0.50    23  kondemand/23
03:34:29        30719    1.00    0.50    0.00    1.50    21  top
03:34:29        30721    0.50    1.50    0.00    2.00    15  pidstat
03:34:29        30723    0.50    1.50    0.00    2.00    17  pidstat
03:34:29        30732  137.00    0.00    0.00  137.00    24  bt-mz.B.24
03:34:29        30733  121.50    0.00    0.00  121.50    18  bt-mz.B.24
03:34:29        30734  125.00    0.00    0.00  125.00     5  bt-mz.B.24
03:34:29        30735  108.50    0.00    0.00  108.50    31  bt-mz.B.24
03:34:29        30736  122.00    0.00    0.00  122.00    23  bt-mz.B.24
03:34:29        30737  114.50    0.00    0.00  114.50     9  bt-mz.B.24
03:34:29        30738  116.00    0.00    0.00  116.00     6  bt-mz.B.24
03:34:29        30739  108.00    0.00    0.00  108.00    26  bt-mz.B.24
03:34:29        30740  112.00    0.50    0.00  112.50    20  bt-mz.B.24
03:34:29        30741  114.50    0.00    0.00  114.50    13  bt-mz.B.24
03:34:29        30742  111.00    0.00    0.00  111.00     3  bt-mz.B.24
03:34:29        30744  101.50    0.00    0.00  101.50    12  bt-mz.B.24
03:34:29        30745  109.00    0.00    0.00  109.00     0  bt-mz.B.24

03:34:29          PID    %usr %system  %guest    %CPU   CPU  Command
03:34:31         3144    0.00    0.50    0.00    0.50    11  kondemand/11
03:34:31         3148    0.00    0.50    0.00    0.50    15  kondemand/15
03:34:31         4128    0.00    0.50    0.00    0.50     1  gmond
03:34:31        30719    0.50    1.00    0.00    1.50    21  top
03:34:31        30721    1.00    2.00    0.00    3.00    31  pidstat
03:34:31        30723    1.00    2.00    0.00    3.00     1  pidstat
03:34:31        30732  131.50    0.00    0.00  131.50    12  bt-mz.B.24
03:34:31        30733  122.00    0.00    0.00  122.00     0  bt-mz.B.24
03:34:31        30734  126.00    0.00    0.00  126.00     7  bt-mz.B.24
03:34:31        30735  122.50    0.00    0.00  122.50    15  bt-mz.B.24
03:34:31        30736  117.00    0.00    0.00  117.00    22  bt-mz.B.24
03:34:31        30737  123.50    0.50    0.00  124.00    25  bt-mz.B.24
03:34:31        30738  112.50    0.00    0.00  112.50     7  bt-mz.B.24
03:34:31        30739  125.50    0.00    0.00  125.50    26  bt-mz.B.24
03:34:31        30740  108.00    0.00    0.00  108.00    20  bt-mz.B.24
03:34:31        30741  121.50    0.00    0.00  121.50    29  bt-mz.B.24
03:34:31        30742  111.50    0.50    0.00  112.00    19  bt-mz.B.24
03:34:31        30744  107.50    0.00    0.00  107.50    11  bt-mz.B.24
03:34:31        30745  116.50    0.00    0.00  116.50     5  bt-mz.B.24

03:34:31          PID    %usr %system  %guest    %CPU   CPU  Command
03:34:33         3142    0.00    0.50    0.00    0.50     9  kondemand/9
03:34:33         3157    0.00    0.50    0.00    0.50    24  kondemand/24
03:34:33         3180    0.00    0.50    0.00    0.50    16  kipmi0
03:34:33         3684    0.00    0.50    0.00    0.50    22  snmpd
03:34:33        30719    0.50    0.50    0.00    1.00    21  top
03:34:33        30721    1.00    1.50    0.00    2.50    31  pidstat
03:34:33        30723    1.00    1.50    0.00    2.50    17  pidstat
03:34:33        30732  125.00    0.00    0.00  125.00    14  bt-mz.B.24
03:34:33        30733  126.50    0.00    0.00  126.50     7  bt-mz.B.24
03:34:33        30734  122.00    0.00    0.00  122.00    19  bt-mz.B.24
03:34:33        30735  122.50    0.00    0.00  122.50    30  bt-mz.B.24
03:34:33        30736  130.00    0.50    0.00  130.50     3  bt-mz.B.24
03:34:33        30737  127.00    0.00    0.00  127.00    12  bt-mz.B.24
03:34:33        30738  117.00    0.00    0.00  117.00    23  bt-mz.B.24
03:34:33        30739  127.00    0.00    0.00  127.00    24  bt-mz.B.24
03:34:33        30740  123.00    0.00    0.00  123.00    18  bt-mz.B.24
03:34:33        30741  132.50    0.00    0.00  132.50    29  bt-mz.B.24
03:34:33        30742  113.50    0.00    0.00  113.50     1  bt-mz.B.24
03:34:33        30744  115.00    0.50    0.00  115.50    27  bt-mz.B.24
03:34:33        30745  126.00    0.00    0.00  126.00    21  bt-mz.B.24

03:34:33          PID    %usr %system  %guest    %CPU   CPU  Command
03:34:35         3155    0.00    0.50    0.00    0.50    22  kondemand/22
03:34:35         3162    0.00    0.50    0.00    0.50    29  kondemand/29
03:34:35         4128    0.00    0.50    0.00    0.50    17  gmond
03:34:35        30719    0.50    1.00    0.00    1.50     4  top
03:34:35        30721    0.50    1.50    0.00    2.00    31  pidstat
03:34:35        30723    0.50    2.00    0.00    2.50     1  pidstat
03:34:35        30732  116.00    0.00    0.00  116.00    15  bt-mz.B.24
03:34:35        30733  121.00    0.00    0.00  121.00    22  bt-mz.B.24
03:34:35        30734  119.50    0.00    0.00  119.50     2  bt-mz.B.24
03:34:35        30735  107.50    0.00    0.00  107.50    30  bt-mz.B.24
03:34:35        30736  120.50    0.00    0.00  120.50    16  bt-mz.B.24
03:34:35        30737  122.50    0.00    0.00  122.50    28  bt-mz.B.24
03:34:35        30738  118.50    0.50    0.00  119.00    23  bt-mz.B.24
03:34:35        30739  120.50    0.00    0.00  120.50    29  bt-mz.B.24
03:34:35        30740  121.00    0.00    0.00  121.00    18  bt-mz.B.24
03:34:35        30741  118.50    0.00    0.00  118.50    13  bt-mz.B.24
03:34:35        30742  129.00    0.00    0.00  129.00     1  bt-mz.B.24
03:34:35        30744  121.00    0.00    0.00  121.00    11  bt-mz.B.24
03:34:35        30745  118.00    0.00    0.00  118.00    21  bt-mz.B.24

03:34:35          PID    %usr %system  %guest    %CPU   CPU  Command
03:34:37         3146    0.00    0.50    0.00    0.50    13  kondemand/13
03:34:37         3154    0.00    0.50    0.00    0.50    21  kondemand/21
03:34:37         3159    0.00    0.50    0.00    0.50    26  kondemand/26
03:34:37         4128    0.50    0.50    0.00    1.00    17  gmond
03:34:37        30719    0.50    0.50    0.00    1.00     4  top
03:34:37        30721    0.50    2.00    0.00    2.50    15  pidstat
03:34:37        30723    1.00    2.00    0.00    3.00    17  pidstat
03:34:37        30732  125.00    0.00    0.00  125.00    31  bt-mz.B.24
03:34:37        30733  124.50    0.00    0.00  124.50    23  bt-mz.B.24
03:34:37        30734  121.50    0.00    0.00  121.50     7  bt-mz.B.24
03:34:37        30735  117.00    0.00    0.00  117.00     9  bt-mz.B.24
03:34:37        30736  123.00    0.00    0.00  123.00    16  bt-mz.B.24
03:34:37        30737  127.50    0.00    0.00  127.50    12  bt-mz.B.24
03:34:37        30738  120.00    0.00    0.00  120.00    18  bt-mz.B.24
03:34:37        30739  114.50    0.00    0.00  114.50    28  bt-mz.B.24
03:34:37        30740  127.00    0.00    0.00  127.00     0  bt-mz.B.24
03:34:37        30741  128.50    0.00    0.00  128.50    26  bt-mz.B.24
03:34:37        30742  122.50    0.00    0.00  122.50     6  bt-mz.B.24
03:34:37        30744  125.00    0.00    0.00  125.00    13  bt-mz.B.24
03:34:37        30745  123.00    0.00    0.00  123.00    21  bt-mz.B.24

03:34:37          PID    %usr %system  %guest    %CPU   CPU  Command
03:34:39         3133    0.00    0.50    0.00    0.50     0  kondemand/0
03:34:39         3134    0.00    0.50    0.00    0.50     1  kondemand/1
03:34:39         3136    0.00    0.50    0.00    0.50     3  kondemand/3
03:34:39         3140    0.00    0.50    0.00    0.50     7  kondemand/7
03:34:39        30719    0.50    1.00    0.00    1.50     4  top
03:34:39        30721    0.50    2.00    0.00    2.50    15  pidstat
03:34:39        30723    0.50    1.50    0.00    2.00    17  pidstat
03:34:39        30732  142.50    0.00    0.00  142.50    14  bt-mz.B.24
03:34:39        30733  127.50    0.00    0.00  127.50     5  bt-mz.B.24
03:34:39        30734  132.00    0.00    0.00  132.00     3  bt-mz.B.24
03:34:39        30735  123.00    0.00    0.00  123.00    25  bt-mz.B.24
03:34:39        30736  119.50    0.00    0.00  119.50     5  bt-mz.B.24
03:34:39        30737  123.50    0.00    0.00  123.50    29  bt-mz.B.24
03:34:39        30738  129.50    0.00    0.00  129.50    22  bt-mz.B.24
03:34:39        30739  118.00    0.00    0.00  118.00     9  bt-mz.B.24
03:34:39        30740  119.50    0.00    0.00  119.50    23  bt-mz.B.24
03:34:39        30741  124.50    0.00    0.00  124.50    30  bt-mz.B.24
03:34:39        30742  114.00    0.00    0.00  114.00     2  bt-mz.B.24
03:34:39        30744  124.00    0.00    0.00  124.00    11  bt-mz.B.24
03:34:39        30745  117.00    0.00    0.00  117.00     0  bt-mz.B.24

03:34:39          PID    %usr %system  %guest    %CPU   CPU  Command
03:34:41         3135    0.00    0.50    0.00    0.50     2  kondemand/2
03:34:41         4128    0.00    0.50    0.00    0.50    17  gmond
03:34:41        30719    0.50    0.50    0.00    1.00    20  top
03:34:41        30721    1.00    1.50    0.00    2.50     9  pidstat
03:34:41        30723    1.00    2.00    0.00    3.00    17  pidstat
03:34:41        30732  129.50    0.00    0.00  129.50    13  bt-mz.B.24
03:34:41        30733  124.50    0.50    0.00  125.00    18  bt-mz.B.24
03:34:41        30734  120.00    0.00    0.00  120.00     1  bt-mz.B.24
03:34:41        30735  117.00    0.00    0.00  117.00    26  bt-mz.B.24
03:34:41        30736  126.00    0.00    0.00  126.00    22  bt-mz.B.24
03:34:41        30737  120.50    0.00    0.00  120.50    10  bt-mz.B.24
03:34:41        30738  122.00    0.00    0.00  122.00     6  bt-mz.B.24
03:34:41        30739  121.50    0.00    0.00  121.50    30  bt-mz.B.24
03:34:41        30740  130.00    0.00    0.00  130.00     7  bt-mz.B.24
03:34:41        30741  118.00    0.00    0.00  118.00    24  bt-mz.B.24
03:34:41        30742  119.00    0.00    0.00  119.00     3  bt-mz.B.24
03:34:41        30744  119.50    0.00    0.00  119.50    13  bt-mz.B.24
03:34:41        30745  113.00    0.00    0.00  113.00    18  bt-mz.B.24

03:34:41          PID    %usr %system  %guest    %CPU   CPU  Command
03:34:43         3143    0.00    0.50    0.00    0.50    10  kondemand/10
03:34:43         3180    0.00    0.50    0.00    0.50     2  kipmi0
03:34:43        30719    0.50    0.50    0.00    1.00     2  top
03:34:43        30721    0.50    2.00    0.00    2.50     9  pidstat
03:34:43        30723    0.50    1.50    0.00    2.00    17  pidstat
03:34:43        30732  137.00    0.00    0.00  137.00    24  bt-mz.B.24
03:34:43        30733  125.50    0.00    0.00  125.50    16  bt-mz.B.24
03:34:43        30734  126.00    0.00    0.00  126.00     7  bt-mz.B.24
03:34:43        30735  118.00    0.00    0.00  118.00    12  bt-mz.B.24
03:34:43        30736  118.50    0.00    0.00  118.50    23  bt-mz.B.24
03:34:43        30737  113.00    0.00    0.00  113.00    30  bt-mz.B.24
03:34:43        30738  122.00    0.00    0.00  122.00     2  bt-mz.B.24
03:34:43        30739  118.00    0.00    0.00  118.00    13  bt-mz.B.24
03:34:43        30740  118.50    0.50    0.00  119.00     1  bt-mz.B.24
03:34:43        30741  125.50    0.50    0.00  126.00    15  bt-mz.B.24
03:34:43        30742  122.00    0.00    0.00  122.00     0  bt-mz.B.24
03:34:43        30744  118.50    0.00    0.00  118.50    10  bt-mz.B.24
03:34:43        30745  115.00    0.00    0.00  115.00     5  bt-mz.B.24

03:34:43          PID    %usr %system  %guest    %CPU   CPU  Command
03:34:45         3163    0.00    0.50    0.00    0.50    30  kondemand/30
03:34:45         3852    0.00    0.50    0.00    0.50     5  pbs_mom
03:34:45         4128    0.00    0.50    0.00    0.50    17  gmond
03:34:45        30719    0.50    1.00    0.00    1.50    18  top
03:34:45        30721    1.00    1.50    0.00    2.50     9  pidstat
03:34:45        30723    0.50    1.50    0.00    2.00     1  pidstat
03:34:45        30732  133.50    0.00    0.00  133.50    29  bt-mz.B.24
03:34:45        30733  126.00    0.00    0.00  126.00    17  bt-mz.B.24
03:34:45        30734  123.00    0.00    0.00  123.00     3  bt-mz.B.24
03:34:45        30735  125.00    0.00    0.00  125.00    25  bt-mz.B.24
03:34:45        30736  123.00    0.00    0.00  123.00     7  bt-mz.B.24
03:34:45        30737  116.00    0.00    0.00  116.00    24  bt-mz.B.24
03:34:45        30738  118.00    0.00    0.00  118.00     5  bt-mz.B.24
03:34:45        30739  115.00    0.50    0.00  115.50    13  bt-mz.B.24
03:34:45        30740  105.50    0.00    0.00  105.50     0  bt-mz.B.24
03:34:45        30741  126.50    0.00    0.00  126.50    31  bt-mz.B.24
03:34:45        30742  123.50    0.50    0.00  124.00     2  bt-mz.B.24
03:34:45        30744  123.50    0.00    0.00  123.50    27  bt-mz.B.24
03:34:45        30745  108.00    0.00    0.00  108.00     0  bt-mz.B.24

03:34:45          PID    %usr %system  %guest    %CPU   CPU  Command
03:34:47         3139    0.00    0.50    0.00    0.50     6  kondemand/6
03:34:47         3147    0.00    0.50    0.00    0.50    14  kondemand/14
03:34:47         3152    0.00    0.50    0.00    0.50    19  kondemand/19
03:34:47         3160    0.00    0.50    0.00    0.50    27  kondemand/27
03:34:47        30719    0.50    1.00    0.00    1.50    18  top
03:34:47        30721    0.50    2.00    0.00    2.50    25  pidstat
03:34:47        30723    0.50    1.50    0.00    2.00     1  pidstat
03:34:47        30724    0.00    0.50    0.00    0.50    22  mpstat
03:34:47        30732  131.50    0.00    0.00  131.50    26  bt-mz.B.24
03:34:47        30733  127.00    0.00    0.00  127.00    17  bt-mz.B.24
03:34:47        30734  130.00    0.00    0.00  130.00     2  bt-mz.B.24
03:34:47        30735  128.50    0.00    0.00  128.50     9  bt-mz.B.24
03:34:47        30736  121.00    0.00    0.00  121.00    22  bt-mz.B.24
03:34:47        30737  122.00    0.00    0.00  122.00    14  bt-mz.B.24
03:34:47        30738  126.00    0.00    0.00  126.00     5  bt-mz.B.24
03:34:47        30739  112.00    0.00    0.00  112.00    29  bt-mz.B.24
03:34:47        30740  120.50    0.00    0.00  120.50     1  bt-mz.B.24
03:34:47        30741  123.00    0.00    0.00  123.00    12  bt-mz.B.24
03:34:47        30742  128.50    0.00    0.00  128.50     0  bt-mz.B.24
03:34:47        30744  121.00    0.00    0.00  121.00    10  bt-mz.B.24
03:34:47        30745  112.00    0.00    0.00  112.00    20  bt-mz.B.24
