Linux 2.6.32-279.14.1.el6.x86_64 (compute-641-14.local) 	04/21/20 	_x86_64_	(32 CPU)

03:36:12          PID    %usr %system  %guest    %CPU   CPU  Command
03:36:14            9    0.00    0.49    0.00    0.49     1  ksoftirqd/1
03:36:14          154    0.00    0.49    0.00    0.49    23  events/23
03:36:14          162    0.00    0.49    0.00    0.49    31  events/31
03:36:14         3141    0.00    0.49    0.00    0.49     8  kondemand/8
03:36:14         3155    0.00    0.49    0.00    0.49    22  kondemand/22
03:36:14         3159    0.00    0.49    0.00    0.49    26  kondemand/26
03:36:14         3162    0.00    0.49    0.00    0.49    29  kondemand/29
03:36:14         3852    0.00    0.49    0.00    0.49    24  pbs_mom
03:36:14         4128    0.00    0.49    0.00    0.49    17  gmond
03:36:14        30965    3.45    2.46    0.00    5.91    26  mpirun
03:36:14        30971    0.49    0.49    0.00    0.99    12  top
03:36:14        30973    0.99    1.48    0.00    2.46    24  pidstat
03:36:14        30975    0.49    1.48    0.00    1.97     0  pidstat
03:36:14        30984  107.88    3.45    0.00  111.33    25  bt-mz.B.24
03:36:14        30985   97.54    4.93    0.00  102.46    18  bt-mz.B.24
03:36:14        30986   98.03    5.91    0.00  103.94     9  bt-mz.B.24
03:36:14        30987   80.79    4.43    0.00   85.22     2  bt-mz.B.24
03:36:14        30988   91.63    5.91    0.00   97.54     0  bt-mz.B.24
03:36:14        30989   97.54    4.93    0.00  102.46     8  bt-mz.B.24
03:36:14        30990  100.49    3.94    0.00  104.43    26  bt-mz.B.24
03:36:14        30991  102.46    4.93    0.00  107.39    12  bt-mz.B.24
03:36:14        30992   96.55    3.94    0.00  100.49    31  bt-mz.B.24
03:36:14        30993   86.70    2.96    0.00   89.66     1  bt-mz.B.24
03:36:14        30994   92.12    4.43    0.00   96.55    17  bt-mz.B.24
03:36:14        30995   85.22    5.42    0.00   90.64    16  bt-mz.B.24
03:36:14        30999  101.97    5.91    0.00  107.88    11  bt-mz.B.24
03:36:14        31001   89.66    4.93    0.00   94.58     7  bt-mz.B.24

03:36:14          PID    %usr %system  %guest    %CPU   CPU  Command
03:36:16         3133    0.00    0.50    0.00    0.50     0  kondemand/0
03:36:16        30971    0.50    0.50    0.00    1.00    28  top
03:36:16        30973    0.50    1.50    0.00    2.00    24  pidstat
03:36:16        30975    0.50    2.00    0.00    2.50     0  pidstat
03:36:16        30984  133.50    0.00    0.00  133.50     9  bt-mz.B.24
03:36:16        30985  123.50    0.00    0.00  123.50    23  bt-mz.B.24
03:36:16        30986  132.00    0.00    0.00  132.00    26  bt-mz.B.24
03:36:16        30987  115.50    0.00    0.00  115.50    18  bt-mz.B.24
03:36:16        30988  118.00    0.00    0.00  118.00    16  bt-mz.B.24
03:36:16        30989  121.50    0.00    0.00  121.50    30  bt-mz.B.24
03:36:16        30990  125.50    0.00    0.00  125.50     8  bt-mz.B.24
03:36:16        30991  122.50    0.00    0.00  122.50    25  bt-mz.B.24
03:36:16        30992  122.00    0.00    0.00  122.00    11  bt-mz.B.24
03:36:16        30993  113.00    0.00    0.00  113.00    22  bt-mz.B.24
03:36:16        30994  119.50    0.00    0.00  119.50     7  bt-mz.B.24
03:36:16        30995  115.00    0.00    0.00  115.00     2  bt-mz.B.24
03:36:16        30999  126.00    0.00    0.00  126.00    12  bt-mz.B.24
03:36:16        31001  119.50    0.00    0.00  119.50    20  bt-mz.B.24

03:36:16          PID    %usr %system  %guest    %CPU   CPU  Command
03:36:18          131    0.00    0.50    0.00    0.50     0  events/0
03:36:18          134    0.00    0.50    0.00    0.50     3  events/3
03:36:18         1063    0.00    0.50    0.00    0.50     1  jbd2/sda1-8
03:36:18         3154    0.00    0.50    0.00    0.50    21  kondemand/21
03:36:18         4128    0.00    0.50    0.00    0.50    17  gmond
03:36:18        30971    0.50    1.00    0.00    1.50    28  top
03:36:18        30973    0.50    1.00    0.00    1.50    24  pidstat
03:36:18        30975    0.50    1.50    0.00    2.00     0  pidstat
03:36:18        30984  141.50    0.00    0.00  141.50    12  bt-mz.B.24
03:36:18        30985  116.00    0.00    0.00  116.00     7  bt-mz.B.24
03:36:18        30986  124.00    0.00    0.00  124.00    14  bt-mz.B.24
03:36:18        30987  108.00    0.00    0.00  108.00    22  bt-mz.B.24
03:36:18        30988  126.00    0.00    0.00  126.00    23  bt-mz.B.24
03:36:18        30989  129.50    0.00    0.00  129.50    29  bt-mz.B.24
03:36:18        30990  119.50    0.00    0.00  119.50    28  bt-mz.B.24
03:36:18        30991  122.00    0.00    0.00  122.00    11  bt-mz.B.24
03:36:18        30992  128.50    0.00    0.00  128.50    15  bt-mz.B.24
03:36:18        30993  106.50    0.00    0.00  106.50    16  bt-mz.B.24
03:36:18        30994  108.50    0.00    0.00  108.50     4  bt-mz.B.24
03:36:18        30995  113.50    0.00    0.00  113.50     3  bt-mz.B.24
03:36:18        30999  122.00    0.00    0.00  122.00    27  bt-mz.B.24
03:36:18        31001  106.00    0.00    0.00  106.00    17  bt-mz.B.24

03:36:18          PID    %usr %system  %guest    %CPU   CPU  Command
03:36:20          132    0.00    0.50    0.00    0.50     1  events/1
03:36:20          140    0.00    0.50    0.00    0.50     9  events/9
03:36:20          156    0.00    0.50    0.00    0.50    25  events/25
03:36:20         3138    0.00    0.50    0.00    0.50     5  kondemand/5
03:36:20         3139    0.00    0.50    0.00    0.50     6  kondemand/6
03:36:20         3147    0.00    0.50    0.00    0.50    14  kondemand/14
03:36:20        30971    0.50    0.50    0.00    1.00    12  top
03:36:20        30973    0.50    2.00    0.00    2.50    24  pidstat
03:36:20        30975    1.00    2.50    0.00    3.50     0  pidstat
03:36:20        30984  135.50    0.00    0.00  135.50    12  bt-mz.B.24
03:36:20        30985  118.50    0.00    0.00  118.50    18  bt-mz.B.24
03:36:20        30986  139.00    0.00    0.00  139.00    30  bt-mz.B.24
03:36:20        30987  121.00    0.00    0.00  121.00    22  bt-mz.B.24
03:36:20        30988  122.50    0.00    0.00  122.50    16  bt-mz.B.24
03:36:20        30989  140.00    0.50    0.00  140.50    13  bt-mz.B.24
03:36:20        30990  129.50    0.00    0.00  129.50     8  bt-mz.B.24
03:36:20        30991  117.00    0.00    0.00  117.00     9  bt-mz.B.24
03:36:20        30992  127.50    0.00    0.00  127.50    15  bt-mz.B.24
03:36:20        30993  114.50    0.00    0.00  114.50    18  bt-mz.B.24
03:36:20        30994  124.00    0.00    0.00  124.00     4  bt-mz.B.24
03:36:20        30995  111.00    0.00    0.00  111.00    22  bt-mz.B.24
03:36:20        30999  119.00    0.00    0.00  119.00    25  bt-mz.B.24
03:36:20        31001  117.50    0.00    0.00  117.50     5  bt-mz.B.24

03:36:20          PID    %usr %system  %guest    %CPU   CPU  Command
03:36:22          105    0.00    0.50    0.00    0.50    25  ksoftirqd/25
03:36:22         3137    0.00    0.50    0.00    0.50     4  kondemand/4
03:36:22         3180    0.00    1.00    0.00    1.00    16  kipmi0
03:36:22         4128    0.50    0.50    0.00    1.00    17  gmond
03:36:22        30971    0.50    1.00    0.00    1.50    12  top
03:36:22        30973    1.00    2.00    0.00    3.00    24  pidstat
03:36:22        30975    0.00    2.00    0.00    2.00     7  pidstat
03:36:22        30984  143.50    0.00    0.00  143.50    28  bt-mz.B.24
03:36:22        30985  113.50    0.00    0.00  113.50     1  bt-mz.B.24
03:36:22        30986  124.00    0.00    0.00  124.00    15  bt-mz.B.24
03:36:22        30987  114.50    0.00    0.00  114.50     6  bt-mz.B.24
03:36:22        30988  115.50    0.00    0.00  115.50    18  bt-mz.B.24
03:36:22        30989  133.50    0.00    0.00  133.50    13  bt-mz.B.24
03:36:22        30990  117.00    0.00    0.00  117.00    29  bt-mz.B.24
03:36:22        30991  127.50    0.00    0.00  127.50     9  bt-mz.B.24
03:36:22        30992  122.50    0.00    0.00  122.50     8  bt-mz.B.24
03:36:22        30993  128.50    0.00    0.00  128.50    23  bt-mz.B.24
03:36:22        30994  113.50    0.00    0.00  113.50     0  bt-mz.B.24
03:36:22        30995  107.50    0.00    0.00  107.50     7  bt-mz.B.24
03:36:22        30999  120.00    0.00    0.00  120.00    10  bt-mz.B.24
03:36:22        31001  123.00    0.00    0.00  123.00     5  bt-mz.B.24

03:36:22          PID    %usr %system  %guest    %CPU   CPU  Command
03:36:24         3158    0.00    0.50    0.00    0.50    25  kondemand/25
03:36:24        30971    0.50    1.00    0.00    1.50    12  top
03:36:24        30973    0.50    1.50    0.00    2.00    13  pidstat
03:36:24        30975    1.50    2.50    0.00    4.00     4  pidstat
03:36:24        30984  140.00    0.00    0.00  140.00    28  bt-mz.B.24
03:36:24        30985  118.00    0.50    0.00  118.50     0  bt-mz.B.24
03:36:24        30986  124.00    0.00    0.00  124.00    31  bt-mz.B.24
03:36:24        30987  116.50    0.00    0.00  116.50    20  bt-mz.B.24
03:36:24        30988  113.50    0.00    0.00  113.50     3  bt-mz.B.24
03:36:24        30989  126.50    0.00    0.00  126.50    15  bt-mz.B.24
03:36:24        30990  122.00    0.00    0.00  122.00    26  bt-mz.B.24
03:36:24        30991  117.00    0.00    0.00  117.00    25  bt-mz.B.24
03:36:24        30992  119.00    0.00    0.00  119.00    27  bt-mz.B.24
03:36:24        30993  111.50    0.00    0.00  111.50    18  bt-mz.B.24
03:36:24        30994  116.00    0.00    0.00  116.00     2  bt-mz.B.24
03:36:24        30995  120.50    0.00    0.00  120.50     6  bt-mz.B.24
03:36:24        30999  123.00    0.00    0.00  123.00     8  bt-mz.B.24
03:36:24        31001  111.50    0.00    0.00  111.50     5  bt-mz.B.24

03:36:24          PID    %usr %system  %guest    %CPU   CPU  Command
03:36:26         3160    0.00    0.50    0.00    0.50    27  kondemand/27
03:36:26         3684    0.00    0.50    0.00    0.50    22  snmpd
03:36:26        30971    1.00    0.50    0.00    1.50     8  top
03:36:26        30973    0.50    2.00    0.00    2.50    13  pidstat
03:36:26        30975    0.00    1.00    0.00    1.00     4  pidstat
03:36:26        30984  125.00    0.50    0.00  125.50    24  bt-mz.B.24
03:36:26        30985  122.50    0.00    0.00  122.50     2  bt-mz.B.24
03:36:26        30986  110.00    0.00    0.00  110.00    25  bt-mz.B.24
03:36:26        30987  113.50    0.00    0.00  113.50    19  bt-mz.B.24
03:36:26        30988  118.00    0.00    0.00  118.00     1  bt-mz.B.24
03:36:26        30989  120.00    0.00    0.00  120.00    26  bt-mz.B.24
03:36:26        30990  121.50    0.00    0.00  121.50     9  bt-mz.B.24
03:36:26        30991  121.50    0.00    0.00  121.50    29  bt-mz.B.24
03:36:26        30992  121.50    0.50    0.00  122.00    11  bt-mz.B.24
03:36:26        30993  110.50    0.00    0.00  110.50    16  bt-mz.B.24
03:36:26        30994  119.00    0.50    0.00  119.50    23  bt-mz.B.24
03:36:26        30995  109.00    0.00    0.00  109.00     5  bt-mz.B.24
03:36:26        30999  128.50    0.00    0.00  128.50    31  bt-mz.B.24
03:36:26        31001  110.50    0.00    0.00  110.50     4  bt-mz.B.24

03:36:26          PID    %usr %system  %guest    %CPU   CPU  Command
03:36:28         3142    0.00    0.50    0.00    0.50     9  kondemand/9
03:36:28         3145    0.00    0.50    0.00    0.50    12  kondemand/12
03:36:28         3152    0.00    0.50    0.00    0.50    19  kondemand/19
03:36:28         3161    0.00    0.50    0.00    0.50    28  kondemand/28
03:36:28         3163    0.00    0.50    0.00    0.50    30  kondemand/30
03:36:28         3852    0.00    0.50    0.00    0.50    24  pbs_mom
03:36:28         4128    0.00    0.50    0.00    0.50    17  gmond
03:36:28        30971    0.50    0.50    0.00    1.00    24  top
03:36:28        30973    1.00    1.50    0.00    2.50    13  pidstat
03:36:28        30975    1.00    3.00    0.00    4.00    20  pidstat
03:36:28        30984  131.50    0.00    0.00  131.50    25  bt-mz.B.24
03:36:28        30985  119.00    0.00    0.00  119.00    22  bt-mz.B.24
03:36:28        30986  128.00    0.00    0.00  128.00    31  bt-mz.B.24
03:36:28        30987  121.00    0.00    0.00  121.00     1  bt-mz.B.24
03:36:28        30988  119.00    0.00    0.00  119.00    17  bt-mz.B.24
03:36:28        30989  124.00    0.00    0.00  124.00     9  bt-mz.B.24
03:36:28        30990  121.50    0.50    0.00  122.00    10  bt-mz.B.24
03:36:28        30991  118.50    0.00    0.00  118.50    29  bt-mz.B.24
03:36:28        30992  133.50    0.00    0.00  133.50    11  bt-mz.B.24
03:36:28        30993  124.00    0.00    0.00  124.00     4  bt-mz.B.24
03:36:28        30994  122.00    0.00    0.00  122.00     0  bt-mz.B.24
03:36:28        30995  112.00    0.00    0.00  112.00     6  bt-mz.B.24
03:36:28        30999  121.00    0.00    0.00  121.00    15  bt-mz.B.24
03:36:28        31001  115.00    0.00    0.00  115.00     3  bt-mz.B.24

03:36:28          PID    %usr %system  %guest    %CPU   CPU  Command
03:36:30         3144    0.00    0.50    0.00    0.50    11  kondemand/11
03:36:30         3149    0.00    0.50    0.00    0.50    16  kondemand/16
03:36:30         3150    0.00    0.50    0.00    0.50    17  kondemand/17
03:36:30        30971    0.50    1.00    0.00    1.50    24  top
03:36:30        30973    0.50    1.50    0.00    2.00    29  pidstat
03:36:30        30975    0.00    1.00    0.00    1.00     4  pidstat
03:36:30        30977    0.00    0.50    0.00    0.50    22  iostat
03:36:30        30984  132.50    0.00    0.00  132.50    25  bt-mz.B.24
03:36:30        30985  122.00    0.00    0.00  122.00    23  bt-mz.B.24
03:36:30        30986  121.50    0.00    0.00  121.50    26  bt-mz.B.24
03:36:30        30987   97.50    0.00    0.00   97.50     0  bt-mz.B.24
03:36:30        30988  116.00    0.00    0.00  116.00    17  bt-mz.B.24
03:36:30        30989  110.00    0.00    0.00  110.00    31  bt-mz.B.24
03:36:30        30990  125.00    0.00    0.00  125.00    30  bt-mz.B.24
03:36:30        30991  126.50    0.00    0.00  126.50     8  bt-mz.B.24
03:36:30        30992  123.50    0.00    0.00  123.50    11  bt-mz.B.24
03:36:30        30993  109.00    0.00    0.00  109.00     4  bt-mz.B.24
03:36:30        30994  110.00    0.00    0.00  110.00     7  bt-mz.B.24
03:36:30        30995  116.50    0.00    0.00  116.50    21  bt-mz.B.24
03:36:30        30999  118.00    0.00    0.00  118.00    14  bt-mz.B.24
03:36:30        31001  111.00    0.00    0.00  111.00     1  bt-mz.B.24

03:36:30          PID    %usr %system  %guest    %CPU   CPU  Command
03:36:32         3148    0.00    0.50    0.00    0.50    15  kondemand/15
03:36:32         3153    0.00    0.50    0.00    0.50    20  kondemand/20
03:36:32         3164    0.00    0.50    0.00    0.50    31  kondemand/31
03:36:32         4128    0.00    0.50    0.00    0.50     1  gmond
03:36:32        30971    0.50    0.50    0.00    1.00    24  top
03:36:32        30973    1.00    2.00    0.00    3.00    13  pidstat
03:36:32        30975    1.50    2.00    0.00    3.50     4  pidstat
03:36:32        30984  142.00    0.00    0.00  142.00    25  bt-mz.B.24
03:36:32        30985  134.00    0.00    0.00  134.00     5  bt-mz.B.24
03:36:32        30986  133.50    0.00    0.00  133.50    12  bt-mz.B.24
03:36:32        30987  122.50    0.00    0.00  122.50     0  bt-mz.B.24
03:36:32        30988  108.00    0.00    0.00  108.00    23  bt-mz.B.24
03:36:32        30989  113.00    0.00    0.00  113.00    30  bt-mz.B.24
03:36:32        30990  117.00    0.00    0.00  117.00    10  bt-mz.B.24
03:36:32        30991  125.50    0.50    0.00  126.00    24  bt-mz.B.24
03:36:32        30992  119.50    0.00    0.00  119.50    27  bt-mz.B.24
03:36:32        30993  120.50    0.00    0.00  120.50    18  bt-mz.B.24
03:36:32        30994  116.50    0.00    0.00  116.50     7  bt-mz.B.24
03:36:32        30995  116.50    0.00    0.00  116.50     0  bt-mz.B.24
03:36:32        30999  129.50    0.00    0.00  129.50    28  bt-mz.B.24
03:36:32        31001  109.50    0.00    0.00  109.50     1  bt-mz.B.24

03:36:32          PID    %usr %system  %guest    %CPU   CPU  Command
03:36:34         3195    0.50    0.00    0.00    0.50    28  irqbalance
03:36:34         4128    0.50    0.50    0.00    1.00    17  gmond
03:36:34        30971    0.50    0.50    0.00    1.00     8  top
03:36:34        30973    0.50    2.00    0.00    2.50    29  pidstat
03:36:34        30975    0.50    2.00    0.00    2.50     4  pidstat
03:36:34        30984  127.00    0.00    0.00  127.00    30  bt-mz.B.24
03:36:34        30985  122.00    0.00    0.00  122.00     5  bt-mz.B.24
03:36:34        30986  109.50    0.00    0.00  109.50    13  bt-mz.B.24
03:36:34        30987  110.00    0.00    0.00  110.00     0  bt-mz.B.24
03:36:34        30988  119.00    0.00    0.00  119.00     7  bt-mz.B.24
03:36:34        30989  116.00    0.00    0.00  116.00    27  bt-mz.B.24
03:36:34        30990  119.00    0.00    0.00  119.00    14  bt-mz.B.24
03:36:34        30991  121.00    0.00    0.00  121.00    24  bt-mz.B.24
03:36:34        30992  119.00    0.00    0.00  119.00    11  bt-mz.B.24
03:36:34        30993  106.50    0.00    0.00  106.50     6  bt-mz.B.24
03:36:34        30994  113.00    0.00    0.00  113.00    22  bt-mz.B.24
03:36:34        30995  109.50    0.00    0.00  109.50    20  bt-mz.B.24
03:36:34        30999  105.00    0.00    0.00  105.00     8  bt-mz.B.24
03:36:34        31001  119.50    0.00    0.00  119.50    21  bt-mz.B.24

03:36:34          PID    %usr %system  %guest    %CPU   CPU  Command
03:36:36         3134    0.00    0.50    0.00    0.50     1  kondemand/1
03:36:36         3852    0.00    0.50    0.00    0.50    24  pbs_mom
03:36:36        30971    0.50    1.00    0.00    1.50    24  top
03:36:36        30973    0.50    1.50    0.00    2.00    29  pidstat
03:36:36        30975    0.50    1.00    0.00    1.50     4  pidstat
03:36:36        30984  133.00    0.00    0.00  133.00     8  bt-mz.B.24
03:36:36        30985  123.50    0.00    0.00  123.50     4  bt-mz.B.24
03:36:36        30986  113.00    0.00    0.00  113.00    13  bt-mz.B.24
03:36:36        30987  117.00    0.00    0.00  117.00    19  bt-mz.B.24
03:36:36        30988  113.50    0.00    0.00  113.50     3  bt-mz.B.24
03:36:36        30989  113.00    0.00    0.00  113.00    15  bt-mz.B.24
03:36:36        30990  115.50    0.00    0.00  115.50    24  bt-mz.B.24
03:36:36        30991  122.50    0.00    0.00  122.50    10  bt-mz.B.24
03:36:36        30992  119.00    0.00    0.00  119.00    12  bt-mz.B.24
03:36:36        30993  120.00    0.00    0.00  120.00     0  bt-mz.B.24
03:36:36        30994  118.50    0.00    0.00  118.50     6  bt-mz.B.24
03:36:36        30995  114.50    0.00    0.00  114.50    23  bt-mz.B.24
03:36:36        30999  118.00    0.50    0.00  118.50    25  bt-mz.B.24
03:36:36        31001  115.00    0.00    0.00  115.00    17  bt-mz.B.24

03:36:36          PID    %usr %system  %guest    %CPU   CPU  Command
03:36:38         3151    0.00    0.50    0.00    0.50    18  kondemand/18
03:36:38         3157    0.00    0.50    0.00    0.50    24  kondemand/24
03:36:38         3180    0.00    0.50    0.00    0.50    16  kipmi0
03:36:38         4128    0.00    0.50    0.00    0.50    17  gmond
03:36:38        30971    1.00    0.50    0.00    1.50    24  top
03:36:38        30973    0.50    2.00    0.00    2.50    13  pidstat
03:36:38        30975    1.00    2.50    0.00    3.50     4  pidstat
03:36:38        30984  132.00    0.00    0.00  132.00     8  bt-mz.B.24
03:36:38        30985  125.00    0.00    0.00  125.00    20  bt-mz.B.24
03:36:38        30986  118.00    0.50    0.00  118.50    12  bt-mz.B.24
03:36:38        30987  114.50    0.50    0.00  115.00     6  bt-mz.B.24
03:36:38        30988  124.50    0.00    0.00  124.50     7  bt-mz.B.24
03:36:38        30989  125.50    0.00    0.00  125.50    15  bt-mz.B.24
03:36:38        30990  117.00    0.00    0.00  117.00    27  bt-mz.B.24
03:36:38        30991  119.50    0.00    0.00  119.50    28  bt-mz.B.24
03:36:38        30992  116.50    0.50    0.00  117.00    14  bt-mz.B.24
03:36:38        30993  122.00    0.00    0.00  122.00    18  bt-mz.B.24
03:36:38        30994  116.00    0.00    0.00  116.00     1  bt-mz.B.24
03:36:38        30995  123.00    0.00    0.00  123.00     2  bt-mz.B.24
03:36:38        30999  127.50    0.00    0.00  127.50    10  bt-mz.B.24
03:36:38        31001  119.00    0.00    0.00  119.00     0  bt-mz.B.24

03:36:38          PID    %usr %system  %guest    %CPU   CPU  Command
03:36:40         3136    0.00    0.50    0.00    0.50     3  kondemand/3
03:36:40         3146    0.00    0.50    0.00    0.50    13  kondemand/13
03:36:40         3684    0.50    0.00    0.00    0.50    22  snmpd
03:36:40        30971    0.50    0.50    0.00    1.00     8  top
03:36:40        30973    0.50    2.00    0.00    2.50    29  pidstat
03:36:40        30975    0.50    1.50    0.00    2.00    20  pidstat
03:36:40        30984  126.50    0.00    0.00  126.50    15  bt-mz.B.24
03:36:40        30985  121.50    0.00    0.00  121.50    23  bt-mz.B.24
03:36:40        30986  116.50    0.00    0.00  116.50    12  bt-mz.B.24
03:36:40        30987  124.00    0.00    0.00  124.00    19  bt-mz.B.24
03:36:40        30988  115.00    0.00    0.00  115.00    23  bt-mz.B.24
03:36:40        30989  119.00    0.00    0.00  119.00     8  bt-mz.B.24
03:36:40        30990  103.50    0.00    0.00  103.50    28  bt-mz.B.24
03:36:40        30991  109.00    0.00    0.00  109.00    31  bt-mz.B.24
03:36:40        30992  117.50    0.00    0.00  117.50    14  bt-mz.B.24
03:36:40        30993  111.50    0.50    0.00  112.00    18  bt-mz.B.24
03:36:40        30994  128.50    0.00    0.00  128.50    17  bt-mz.B.24
03:36:40        30995  123.00    0.00    0.00  123.00     3  bt-mz.B.24
03:36:40        30999  121.50    0.00    0.00  121.50    10  bt-mz.B.24
03:36:40        31001  111.00    0.00    0.00  111.00     7  bt-mz.B.24

03:36:40          PID    %usr %system  %guest    %CPU   CPU  Command
03:36:42         3133    0.00    0.50    0.00    0.50     0  kondemand/0
03:36:42         3135    0.00    0.50    0.00    0.50     2  kondemand/2
03:36:42         3140    0.00    0.50    0.00    0.50     7  kondemand/7
03:36:42         3156    0.00    0.50    0.00    0.50    23  kondemand/23
03:36:42         4128    0.00    0.50    0.00    0.50    17  gmond
03:36:42        30971    0.50    1.00    0.00    1.50     8  top
03:36:42        30973    0.50    1.50    0.00    2.00    29  pidstat
03:36:42        30975    1.00    2.00    0.00    3.00    16  pidstat
03:36:42        30984  135.50    0.00    0.00  135.50    13  bt-mz.B.24
03:36:42        30985  122.50    0.00    0.00  122.50     5  bt-mz.B.24
03:36:42        30986  122.50    0.00    0.00  122.50    26  bt-mz.B.24
03:36:42        30987  118.50    0.00    0.00  118.50     2  bt-mz.B.24
03:36:42        30988  128.00    0.00    0.00  128.00     7  bt-mz.B.24
03:36:42        30989  112.00    0.00    0.00  112.00     9  bt-mz.B.24
03:36:42        30990  116.00    0.00    0.00  116.00    13  bt-mz.B.24
03:36:42        30991  113.50    0.00    0.00  113.50    28  bt-mz.B.24
03:36:42        30992  124.50    0.00    0.00  124.50    11  bt-mz.B.24
03:36:42        30993  125.50    0.00    0.00  125.50    19  bt-mz.B.24
03:36:42        30994  123.50    0.00    0.00  123.50    17  bt-mz.B.24
03:36:42        30995  115.00    0.00    0.00  115.00    23  bt-mz.B.24
03:36:42        30999  119.00    0.00    0.00  119.00    10  bt-mz.B.24
03:36:42        31001  118.50    0.00    0.00  118.50     3  bt-mz.B.24

03:36:42          PID    %usr %system  %guest    %CPU   CPU  Command
03:36:44         3141    0.00    0.50    0.00    0.50     8  kondemand/8
03:36:44         3143    0.00    0.50    0.00    0.50    10  kondemand/10
03:36:44         3195    0.00    0.50    0.00    0.50    28  irqbalance
03:36:44        30971    0.50    0.50    0.00    1.00     8  top
03:36:44        30973    0.50    2.50    0.00    3.00    12  pidstat
03:36:44        30975    1.00    2.00    0.00    3.00    16  pidstat
03:36:44        30984  126.00    0.00    0.00  126.00    30  bt-mz.B.24
03:36:44        30985  135.50    0.00    0.00  135.50     6  bt-mz.B.24
03:36:44        30986  137.50    0.00    0.00  137.50    11  bt-mz.B.24
03:36:44        30987  124.50    0.00    0.00  124.50    17  bt-mz.B.24
03:36:44        30988  129.00    0.50    0.00  129.50     7  bt-mz.B.24
03:36:44        30989  125.00    0.00    0.00  125.00     8  bt-mz.B.24
03:36:44        30990  122.50    0.00    0.00  122.50    25  bt-mz.B.24
03:36:44        30991  119.50    0.00    0.00  119.50    10  bt-mz.B.24
03:36:44        30992  116.00    0.00    0.00  116.00    26  bt-mz.B.24
03:36:44        30993  126.50    0.00    0.00  126.50    19  bt-mz.B.24
03:36:44        30994  127.50    0.00    0.00  127.50    23  bt-mz.B.24
03:36:44        30995  120.00    0.00    0.00  120.00    21  bt-mz.B.24
03:36:44        30999  130.50    0.00    0.00  130.50    29  bt-mz.B.24
03:36:44        31001  125.00    0.50    0.00  125.50     3  bt-mz.B.24

03:36:44          PID    %usr %system  %guest    %CPU   CPU  Command
03:36:46         3155    0.00    0.50    0.00    0.50    22  kondemand/22
03:36:46         3162    0.00    0.50    0.00    0.50    29  kondemand/29
03:36:46         4128    0.00    0.50    0.00    0.50    17  gmond
03:36:46        30971    0.50    1.00    0.00    1.50     8  top
03:36:46        30973    0.50    1.50    0.00    2.00    12  pidstat
03:36:46        30975    0.50    1.50    0.00    2.00    16  pidstat
03:36:46        30984  129.00    0.00    0.00  129.00     9  bt-mz.B.24
03:36:46        30985  126.00    0.00    0.00  126.00    20  bt-mz.B.24
03:36:46        30986  119.00    0.00    0.00  119.00    11  bt-mz.B.24
03:36:46        30987  117.50    0.00    0.00  117.50     5  bt-mz.B.24
03:36:46        30988  110.50    0.00    0.00  110.50    17  bt-mz.B.24
03:36:46        30989  103.50    0.00    0.00  103.50     8  bt-mz.B.24
03:36:46        30990  110.00    0.50    0.00  110.50    28  bt-mz.B.24
03:36:46        30991  123.00    0.00    0.00  123.00    30  bt-mz.B.24
03:36:46        30992  115.50    0.00    0.00  115.50    28  bt-mz.B.24
03:36:46        30993  122.50    0.00    0.00  122.50     3  bt-mz.B.24
03:36:46        30994  113.00    0.00    0.00  113.00    22  bt-mz.B.24
03:36:46        30995  116.00    0.00    0.00  116.00    23  bt-mz.B.24
03:36:46        30999  115.50    0.00    0.00  115.50    10  bt-mz.B.24
03:36:46        31001  112.00    0.00    0.00  112.00    18  bt-mz.B.24

03:36:46          PID    %usr %system  %guest    %CPU   CPU  Command
03:36:48         3021    0.00    1.00    0.00    1.00    27  flush-8:0
03:36:48         3159    0.00    0.50    0.00    0.50    26  kondemand/26
03:36:48        30971    0.50    0.50    0.00    1.00     8  top
03:36:48        30973    0.50    2.00    0.00    2.50    12  pidstat
03:36:48        30975    0.00    2.00    0.00    2.00    16  pidstat
03:36:48        30984  136.50    0.00    0.00  136.50    30  bt-mz.B.24
03:36:48        30985  127.50    0.00    0.00  127.50    22  bt-mz.B.24
03:36:48        30986  117.00    0.00    0.00  117.00    27  bt-mz.B.24
03:36:48        30987  122.50    0.00    0.00  122.50    21  bt-mz.B.24
03:36:48        30988  119.00    0.00    0.00  119.00    18  bt-mz.B.24
03:36:48        30989  121.00    0.50    0.00  121.50    31  bt-mz.B.24
03:36:48        30990  117.00    0.00    0.00  117.00    13  bt-mz.B.24
03:36:48        30991  115.00    0.50    0.00  115.50    25  bt-mz.B.24
03:36:48        30992  124.00    0.00    0.00  124.00    11  bt-mz.B.24
03:36:48        30993  127.00    0.00    0.00  127.00     3  bt-mz.B.24
03:36:48        30994  115.50    0.50    0.00  116.00     1  bt-mz.B.24
03:36:48        30995  118.50    0.00    0.00  118.50    23  bt-mz.B.24
03:36:48        30999  115.50    0.00    0.00  115.50    14  bt-mz.B.24
03:36:48        31001  124.50    0.00    0.00  124.50     1  bt-mz.B.24

03:36:48          PID    %usr %system  %guest    %CPU   CPU  Command
03:36:50         3138    0.00    0.50    0.00    0.50     5  kondemand/5
03:36:50         3139    0.00    0.50    0.00    0.50     6  kondemand/6
03:36:50         3147    0.00    0.50    0.00    0.50    14  kondemand/14
03:36:50         4128    0.50    0.50    0.00    1.00     1  gmond
03:36:50        30971    1.00    1.00    0.00    2.00    10  top
03:36:50        30973    0.50    2.00    0.00    2.50    12  pidstat
03:36:50        30975    1.00    2.50    0.00    3.50    22  pidstat
03:36:50        30976    0.00    0.50    0.00    0.50    20  mpstat
03:36:50        30984  136.50    0.00    0.00  136.50     8  bt-mz.B.24
03:36:50        30985  122.50    0.00    0.00  122.50     7  bt-mz.B.24
03:36:50        30986  116.00    0.00    0.00  116.00    11  bt-mz.B.24
03:36:50        30987  121.00    0.00    0.00  121.00     5  bt-mz.B.24
03:36:50        30988  123.00    0.00    0.00  123.00     6  bt-mz.B.24
03:36:50        30989  124.50    0.00    0.00  124.50    27  bt-mz.B.24
03:36:50        30990  120.00    0.00    0.00  120.00    28  bt-mz.B.24
03:36:50        30991  124.00    0.00    0.00  124.00    10  bt-mz.B.24
03:36:50        30992  119.50    0.00    0.00  119.50    14  bt-mz.B.24
03:36:50        30993  131.50    0.00    0.00  131.50    21  bt-mz.B.24
03:36:50        30994  127.00    0.00    0.00  127.00     4  bt-mz.B.24
03:36:50        30995  127.50    0.00    0.00  127.50    17  bt-mz.B.24
03:36:50        30999  127.50    0.00    0.00  127.50     9  bt-mz.B.24
03:36:50        31001  120.00    0.00    0.00  120.00    19  bt-mz.B.24

03:36:50          PID    %usr %system  %guest    %CPU   CPU  Command
03:36:52         3137    0.00    0.50    0.00    0.50     4  kondemand/4
03:36:52         3154    0.00    0.50    0.00    0.50    21  kondemand/21
03:36:52        30971    0.50    0.50    0.00    1.00    10  top
03:36:52        30973    0.50    2.00    0.00    2.50    11  pidstat
03:36:52        30975    1.00    2.00    0.00    3.00    22  pidstat
03:36:52        30977    0.00    0.50    0.00    0.50    22  iostat
03:36:52        30984  130.00    0.00    0.00  130.00    29  bt-mz.B.24
03:36:52        30985  124.00    0.00    0.00  124.00     5  bt-mz.B.24
03:36:52        30986  121.50    0.00    0.00  121.50     8  bt-mz.B.24
03:36:52        30987  123.50    0.00    0.00  123.50    21  bt-mz.B.24
03:36:52        30988  111.00    0.00    0.00  111.00    17  bt-mz.B.24
03:36:52        30989  122.50    0.00    0.00  122.50    27  bt-mz.B.24
03:36:52        30990  120.50    0.00    0.00  120.50    26  bt-mz.B.24
03:36:52        30991  119.00    0.00    0.00  119.00    10  bt-mz.B.24
03:36:52        30992  119.00    0.00    0.00  119.00    30  bt-mz.B.24
03:36:52        30993  118.50    0.00    0.00  118.50     1  bt-mz.B.24
03:36:52        30994  113.50    0.00    0.00  113.50     2  bt-mz.B.24
03:36:52        30995  127.50    0.00    0.00  127.50     6  bt-mz.B.24
03:36:52        30999  125.00    0.00    0.00  125.00     9  bt-mz.B.24
03:36:52        31001  124.00    0.00    0.00  124.00    16  bt-mz.B.24

03:36:52          PID    %usr %system  %guest    %CPU   CPU  Command
03:36:54         3180    0.00    0.50    0.00    0.50    18  kipmi0
03:36:54         4128    0.00    0.50    0.00    0.50    17  gmond
03:36:54        30971    0.50    0.50    0.00    1.00    10  top
03:36:54        30973    1.00    2.00    0.00    3.00    12  pidstat
03:36:54        30975    0.50    1.00    0.00    1.50    22  pidstat
03:36:54        30984  140.00    0.00    0.00  140.00    28  bt-mz.B.24
03:36:54        30985  120.00    0.00    0.00  120.00    18  bt-mz.B.24
03:36:54        30986  124.00    0.00    0.00  124.00    24  bt-mz.B.24
03:36:54        30987  112.00    0.00    0.00  112.00    21  bt-mz.B.24
03:36:54        30988  118.50    0.00    0.00  118.50     0  bt-mz.B.24
03:36:54        30989  117.50    0.00    0.00  117.50    25  bt-mz.B.24
03:36:54        30990   98.00    0.00    0.00   98.00    15  bt-mz.B.24
03:36:54        30991  119.00    0.00    0.00  119.00    10  bt-mz.B.24
03:36:54        30992   93.00    0.00    0.00   93.00    15  bt-mz.B.24
03:36:54        30993  112.00    0.00    0.00  112.00    17  bt-mz.B.24
03:36:54        30994  120.00    0.00    0.00  120.00    23  bt-mz.B.24
03:36:54        30995  118.00    0.00    0.00  118.00     3  bt-mz.B.24
03:36:54        30999  118.50    0.00    0.00  118.50    13  bt-mz.B.24
03:36:54        31001  111.00    0.00    0.00  111.00    18  bt-mz.B.24

03:36:54          PID    %usr %system  %guest    %CPU   CPU  Command
03:36:56           53    0.00    0.50    0.00    0.50    12  ksoftirqd/12
03:36:56         3145    0.00    0.50    0.00    0.50    12  kondemand/12
03:36:56        30971    0.50    1.00    0.00    1.50    10  top
03:36:56        30973    1.00    1.50    0.00    2.50    28  pidstat
03:36:56        30975    1.50    2.00    0.00    3.50    22  pidstat
03:36:56        30984  132.00    0.00    0.00  132.00    12  bt-mz.B.24
03:36:56        30985  111.00    0.00    0.00  111.00    19  bt-mz.B.24
03:36:56        30986  129.50    0.00    0.00  129.50     9  bt-mz.B.24
03:36:56        30987  129.00    0.00    0.00  129.00     5  bt-mz.B.24
03:36:56        30988  103.50    0.00    0.00  103.50     0  bt-mz.B.24
03:36:56        30989  131.00    0.00    0.00  131.00     9  bt-mz.B.24
03:36:56        30990   92.00    0.00    0.00   92.00    15  bt-mz.B.24
03:36:56        30991  119.00    0.00    0.00  119.00    10  bt-mz.B.24
03:36:56        30992   85.00    0.50    0.00   85.50    12  bt-mz.B.24
03:36:56        30993  113.00    0.00    0.00  113.00     1  bt-mz.B.24
03:36:56        30994  103.50    0.00    0.00  103.50    17  bt-mz.B.24
03:36:56        30995  118.00    0.00    0.00  118.00    19  bt-mz.B.24
03:36:56        30999  124.50    0.00    0.00  124.50    29  bt-mz.B.24
03:36:56        31001  123.50    0.00    0.00  123.50     5  bt-mz.B.24

03:36:56          PID    %usr %system  %guest    %CPU   CPU  Command
03:36:58         3142    0.00    0.50    0.00    0.50     9  kondemand/9
03:36:58         3158    0.00    0.50    0.00    0.50    25  kondemand/25
03:36:58         4128    0.00    0.50    0.00    0.50    17  gmond
03:36:58        30971    0.50    0.50    0.00    1.00    10  top
03:36:58        30973    0.00    2.00    0.00    2.00    12  pidstat
03:36:58        30975    0.50    1.50    0.00    2.00    22  pidstat
03:36:58        30984  111.50    0.00    0.00  111.50    10  bt-mz.B.24
03:36:58        30985  126.50    0.00    0.00  126.50    21  bt-mz.B.24
03:36:58        30986  106.00    0.00    0.00  106.00    10  bt-mz.B.24
03:36:58        30987  114.50    0.00    0.00  114.50     1  bt-mz.B.24
03:36:58        30988  118.50    0.00    0.00  118.50     3  bt-mz.B.24
03:36:58        30989  114.50    0.00    0.00  114.50    15  bt-mz.B.24
03:36:58        30990  106.50    0.00    0.00  106.50    13  bt-mz.B.24
03:36:58        30991  122.00    0.00    0.00  122.00    31  bt-mz.B.24
03:36:58        30992  118.00    0.00    0.00  118.00    28  bt-mz.B.24
03:36:58        30993  118.50    0.00    0.00  118.50     4  bt-mz.B.24
03:36:58        30994  118.50    0.00    0.00  118.50     7  bt-mz.B.24
03:36:58        30995  116.50    0.00    0.00  116.50    19  bt-mz.B.24
03:36:58        30999  117.50    0.00    0.00  117.50     8  bt-mz.B.24
03:36:58        31001  124.00    0.00    0.00  124.00    23  bt-mz.B.24

03:36:58          PID    %usr %system  %guest    %CPU   CPU  Command
03:37:00         3160    0.00    0.50    0.00    0.50    27  kondemand/27
03:37:00         3161    0.00    0.50    0.00    0.50    28  kondemand/28
03:37:00         4128    0.00    0.50    0.00    0.50    17  gmond
03:37:00        30971    0.50    1.00    0.00    1.50    10  top
03:37:00        30973    1.00    1.50    0.00    2.50    12  pidstat
03:37:00        30975    0.50    1.50    0.00    2.00     6  pidstat
03:37:00        30980    0.00    0.50    0.00    0.50     7  vmstat
03:37:00        30984  135.00    0.00    0.00  135.00    25  bt-mz.B.24
03:37:00        30985  122.50    0.00    0.00  122.50     0  bt-mz.B.24
03:37:00        30986  123.00    0.00    0.00  123.00     8  bt-mz.B.24
03:37:00        30987  122.50    0.00    0.00  122.50    21  bt-mz.B.24
03:37:00        30988  122.00    0.00    0.00  122.00     1  bt-mz.B.24
03:37:00        30989  122.50    0.00    0.00  122.50    10  bt-mz.B.24
03:37:00        30990  111.50    0.00    0.00  111.50    15  bt-mz.B.24
03:37:00        30991  126.50    0.00    0.00  126.50    31  bt-mz.B.24
03:37:00        30992  119.50    0.00    0.00  119.50    14  bt-mz.B.24
03:37:00        30993  126.00    0.00    0.00  126.00     2  bt-mz.B.24
03:37:00        30994  113.50    0.00    0.00  113.50     3  bt-mz.B.24
03:37:00        30995  109.00    0.00    0.00  109.00    16  bt-mz.B.24
03:37:00        30999  120.00    0.00    0.00  120.00    28  bt-mz.B.24
03:37:00        31001  116.00    0.00    0.00  116.00    19  bt-mz.B.24

03:37:00          PID    %usr %system  %guest    %CPU   CPU  Command
03:37:02         3144    0.00    0.50    0.00    0.50    11  kondemand/11
03:37:02         3148    0.00    0.50    0.00    0.50    15  kondemand/15
03:37:02         3152    0.00    0.50    0.00    0.50    19  kondemand/19
03:37:02         3163    0.00    0.50    0.00    0.50    30  kondemand/30
03:37:02         4128    0.50    0.00    0.00    0.50    17  gmond
03:37:02        30971    1.00    0.50    0.00    1.50    10  top
03:37:02        30973    0.50    2.00    0.00    2.50    12  pidstat
03:37:02        30975    0.50    2.00    0.00    2.50     6  pidstat
03:37:02        30984  128.00    0.00    0.00  128.00     9  bt-mz.B.24
03:37:02        30985  127.00    0.00    0.00  127.00     0  bt-mz.B.24
03:37:02        30986  127.50    0.00    0.00  127.50    14  bt-mz.B.24
03:37:02        30987  122.00    0.00    0.00  122.00     5  bt-mz.B.24
03:37:02        30988  116.00    0.00    0.00  116.00     5  bt-mz.B.24
03:37:02        30989  120.50    0.00    0.00  120.50    26  bt-mz.B.24
03:37:02        30990  113.00    0.50    0.00  113.50     8  bt-mz.B.24
03:37:02        30991  119.00    0.50    0.00  119.50    31  bt-mz.B.24
03:37:02        30992  119.00    0.00    0.00  119.00    30  bt-mz.B.24
03:37:02        30993  123.50    0.00    0.00  123.50    22  bt-mz.B.24
03:37:02        30994  123.50    0.00    0.00  123.50    19  bt-mz.B.24
03:37:02        30995  112.50    0.00    0.00  112.50    18  bt-mz.B.24
03:37:02        30999  116.50    0.50    0.00  117.00    28  bt-mz.B.24
03:37:02        31001  112.50    0.00    0.00  112.50     7  bt-mz.B.24

03:37:02          PID    %usr %system  %guest    %CPU   CPU  Command
03:37:04         3149    0.00    0.50    0.00    0.50    16  kondemand/16
03:37:04         3150    0.00    0.50    0.00    0.50    17  kondemand/17
03:37:04         3153    0.00    0.50    0.00    0.50    20  kondemand/20
03:37:04         3852    0.50    0.00    0.00    0.50    21  pbs_mom
03:37:04        30971    0.50    1.00    0.00    1.50    10  top
03:37:04        30973    0.00    2.00    0.00    2.00    27  pidstat
03:37:04        30975    1.00    2.00    0.00    3.00     6  pidstat
03:37:04        30984  138.00    0.00    0.00  138.00    10  bt-mz.B.24
03:37:04        30985  134.50    0.00    0.00  134.50     3  bt-mz.B.24
03:37:04        30986  128.50    0.00    0.00  128.50     8  bt-mz.B.24
03:37:04        30987  123.50    0.00    0.00  123.50    19  bt-mz.B.24
03:37:04        30988  119.00    0.00    0.00  119.00    18  bt-mz.B.24
03:37:04        30989  115.50    0.00    0.00  115.50     9  bt-mz.B.24
03:37:04        30990  117.00    0.00    0.00  117.00    11  bt-mz.B.24
03:37:04        30991  107.50    0.00    0.00  107.50    15  bt-mz.B.24
03:37:04        30992  111.50    0.00    0.00  111.50    29  bt-mz.B.24
03:37:04        30993  126.50    0.00    0.00  126.50     7  bt-mz.B.24
03:37:04        30994  121.50    0.00    0.00  121.50    23  bt-mz.B.24
03:37:04        30995  124.50    0.00    0.00  124.50    20  bt-mz.B.24
03:37:04        30999  122.00    0.00    0.00  122.00    28  bt-mz.B.24
03:37:04        31001  116.50    0.00    0.00  116.50    16  bt-mz.B.24

03:37:04          PID    %usr %system  %guest    %CPU   CPU  Command
03:37:06         3133    0.00    0.50    0.00    0.50     0  kondemand/0
03:37:06         3164    0.00    0.50    0.00    0.50    31  kondemand/31
03:37:06         3180    0.00    0.50    0.00    0.50    18  kipmi0
03:37:06         4128    0.00    0.50    0.00    0.50    17  gmond
03:37:06        30971    0.50    0.50    0.00    1.00    10  top
03:37:06        30973    1.00    1.50    0.00    2.50    27  pidstat
03:37:06        30975    1.00    1.50    0.00    2.50    22  pidstat
03:37:06        30984  127.00    0.00    0.00  127.00    31  bt-mz.B.24
03:37:06        30985  116.50    0.00    0.00  116.50    20  bt-mz.B.24
03:37:06        30986  128.00    0.00    0.00  128.00    13  bt-mz.B.24
03:37:06        30987  118.00    0.00    0.00  118.00     5  bt-mz.B.24
03:37:06        30988  118.50    0.00    0.00  118.50     1  bt-mz.B.24
03:37:06        30989  114.50    0.00    0.00  114.50    29  bt-mz.B.24
03:37:06        30990  124.00    0.00    0.00  124.00    25  bt-mz.B.24
03:37:06        30991  118.00    0.00    0.00  118.00    15  bt-mz.B.24
03:37:06        30992  119.00    0.00    0.00  119.00     9  bt-mz.B.24
03:37:06        30993  129.00    0.00    0.00  129.00    19  bt-mz.B.24
03:37:06        30994  110.50    0.00    0.00  110.50    19  bt-mz.B.24
03:37:06        30995  121.00    0.00    0.00  121.00    18  bt-mz.B.24
03:37:06        30999  122.50    0.00    0.00  122.50    12  bt-mz.B.24
03:37:06        31001  119.00    0.00    0.00  119.00    16  bt-mz.B.24

03:37:06          PID    %usr %system  %guest    %CPU   CPU  Command
03:37:08           77    0.00    0.50    0.00    0.50    18  ksoftirqd/18
03:37:08         3134    0.00    0.50    0.00    0.50     1  kondemand/1
03:37:08         3180    0.00    0.50    0.00    0.50    18  kipmi0
03:37:08        30971    0.50    0.50    0.00    1.00    10  top
03:37:08        30973    0.50    2.00    0.00    2.50    27  pidstat
03:37:08        30975    1.00    1.50    0.00    2.50    22  pidstat
03:37:08        30984  123.00    0.50    0.00  123.50    29  bt-mz.B.24
03:37:08        30985  117.50    0.00    0.00  117.50    23  bt-mz.B.24
03:37:08        30986  122.50    0.00    0.00  122.50    13  bt-mz.B.24
03:37:08        30987  123.50    0.00    0.00  123.50     5  bt-mz.B.24
03:37:08        30988  118.00    0.00    0.00  118.00     7  bt-mz.B.24
03:37:08        30989  115.00    0.00    0.00  115.00     9  bt-mz.B.24
03:37:08        30990  103.00    0.00    0.00  103.00    15  bt-mz.B.24
03:37:08        30991  112.00    0.00    0.00  112.00    31  bt-mz.B.24
03:37:08        30992  117.50    0.00    0.00  117.50    25  bt-mz.B.24
03:37:08        30993  122.50    0.00    0.00  122.50     6  bt-mz.B.24
03:37:08        30994  122.00    0.00    0.00  122.00     3  bt-mz.B.24
03:37:08        30995  116.00    0.00    0.00  116.00     3  bt-mz.B.24
03:37:08        30999  124.50    0.00    0.00  124.50    12  bt-mz.B.24
03:37:08        31001  113.50    0.00    0.00  113.50    18  bt-mz.B.24

03:37:08          PID    %usr %system  %guest    %CPU   CPU  Command
03:37:10         3136    0.00    0.50    0.00    0.50     3  kondemand/3
03:37:10         3141    0.00    0.50    0.00    0.50     8  kondemand/8
03:37:10         3146    0.00    0.50    0.00    0.50    13  kondemand/13
03:37:10         3157    0.00    0.50    0.00    0.50    24  kondemand/24
03:37:10         3180    0.00    0.50    0.00    0.50     2  kipmi0
03:37:10         4128    0.00    0.50    0.00    0.50    17  gmond
03:37:10        30971    0.50    1.00    0.00    1.50    13  top
03:37:10        30973    0.50    2.00    0.00    2.50    27  pidstat
03:37:10        30975    0.50    2.00    0.00    2.50    22  pidstat
03:37:10        30977    0.50    0.00    0.00    0.50    22  iostat
03:37:10        30984  140.50    0.00    0.00  140.50    14  bt-mz.B.24
03:37:10        30985  133.50    0.00    0.00  133.50    19  bt-mz.B.24
03:37:10        30986  120.00    0.00    0.00  120.00     8  bt-mz.B.24
03:37:10        30987  123.00    0.00    0.00  123.00    18  bt-mz.B.24
03:37:10        30988  123.00    0.00    0.00  123.00     6  bt-mz.B.24
03:37:10        30989  129.00    0.00    0.00  129.00    29  bt-mz.B.24
03:37:10        30990  125.50    0.00    0.00  125.50    10  bt-mz.B.24
03:37:10        30991  117.00    0.00    0.00  117.00    30  bt-mz.B.24
03:37:10        30992  130.50    0.00    0.00  130.50    15  bt-mz.B.24
03:37:10        30993  129.00    0.00    0.00  129.00     5  bt-mz.B.24
03:37:10        30994  118.00    0.00    0.00  118.00     2  bt-mz.B.24
03:37:10        30995  118.50    0.00    0.00  118.50    20  bt-mz.B.24
03:37:10        30999  120.00    0.00    0.00  120.00    25  bt-mz.B.24
03:37:10        31001  113.00    0.00    0.00  113.00     7  bt-mz.B.24

03:37:10          PID    %usr %system  %guest    %CPU   CPU  Command
03:37:12         3135    0.00    0.50    0.00    0.50     2  kondemand/2
03:37:12         3143    0.00    0.50    0.00    0.50    10  kondemand/10
03:37:12         3151    0.00    0.50    0.00    0.50    18  kondemand/18
03:37:12         3180    0.00    0.50    0.00    0.50     2  kipmi0
03:37:12         3684    0.00    0.50    0.00    0.50     6  snmpd
03:37:12         3852    0.00    0.50    0.00    0.50    24  pbs_mom
03:37:12        30971    0.50    0.50    0.00    1.00    13  top
03:37:12        30973    0.50    2.00    0.00    2.50    11  pidstat
03:37:12        30975    1.00    2.00    0.00    3.00    22  pidstat
03:37:12        30984  129.50    0.00    0.00  129.50    14  bt-mz.B.24
03:37:12        30985  123.50    0.00    0.00  123.50    21  bt-mz.B.24
03:37:12        30986  126.00    0.00    0.00  126.00    28  bt-mz.B.24
03:37:12        30987  117.00    0.00    0.00  117.00    19  bt-mz.B.24
03:37:12        30988  124.00    0.00    0.00  124.00     6  bt-mz.B.24
03:37:12        30989  127.50    0.00    0.00  127.50    13  bt-mz.B.24
03:37:12        30990  109.50    0.00    0.00  109.50    10  bt-mz.B.24
03:37:12        30991  108.50    0.00    0.00  108.50    30  bt-mz.B.24
03:37:12        30992  104.00    0.50    0.00  104.50    26  bt-mz.B.24
03:37:12        30993  113.00    0.00    0.00  113.00     4  bt-mz.B.24
03:37:12        30994  114.50    0.00    0.00  114.50     7  bt-mz.B.24
03:37:12        30995  120.50    0.00    0.00  120.50    16  bt-mz.B.24
03:37:12        30999  117.50    0.00    0.00  117.50    11  bt-mz.B.24
03:37:12        31001  120.50    0.50    0.00  121.00    17  bt-mz.B.24

03:37:12          PID    %usr %system  %guest    %CPU   CPU  Command
03:37:14         3140    0.00    0.50    0.00    0.50     7  kondemand/7
03:37:14         4128    0.50    0.50    0.00    1.00    17  gmond
03:37:14        30971    0.50    0.50    0.00    1.00    29  top
03:37:14        30973    0.50    2.00    0.00    2.50    11  pidstat
03:37:14        30975    0.50    1.50    0.00    2.00     6  pidstat
03:37:14        30984  139.50    0.00    0.00  139.50    14  bt-mz.B.24
03:37:14        30985  123.00    0.00    0.00  123.00    21  bt-mz.B.24
03:37:14        30986  113.50    0.00    0.00  113.50    26  bt-mz.B.24
03:37:14        30987  122.50    0.00    0.00  122.50     3  bt-mz.B.24
03:37:14        30988  125.50    0.00    0.00  125.50     4  bt-mz.B.24
03:37:14        30989  126.50    0.00    0.00  126.50    29  bt-mz.B.24
03:37:14        30990  118.50    0.00    0.00  118.50    12  bt-mz.B.24
03:37:14        30991  123.50    0.00    0.00  123.50    26  bt-mz.B.24
03:37:14        30992  106.00    0.00    0.00  106.00    14  bt-mz.B.24
03:37:14        30993  115.50    0.00    0.00  115.50     6  bt-mz.B.24
03:37:14        30994  119.50    0.00    0.00  119.50     5  bt-mz.B.24
03:37:14        30995  115.00    0.50    0.00  115.50    19  bt-mz.B.24
03:37:14        30999  119.50    0.00    0.00  119.50    27  bt-mz.B.24
03:37:14        31001  128.50    0.00    0.00  128.50    17  bt-mz.B.24

03:37:14          PID    %usr %system  %guest    %CPU   CPU  Command
03:37:16         3156    0.00    0.50    0.00    0.50    23  kondemand/23
03:37:16         3180    0.00    0.50    0.00    0.50    18  kipmi0
03:37:16        30971    0.50    1.00    0.00    1.50    29  top
03:37:16        30973    1.00    1.50    0.00    2.50    11  pidstat
03:37:16        30975    0.50    2.00    0.00    2.50    22  pidstat
03:37:16        30984  130.50    0.00    0.00  130.50    30  bt-mz.B.24
03:37:16        30985  121.50    0.00    0.00  121.50     6  bt-mz.B.24
03:37:16        30986  115.50    0.00    0.00  115.50    11  bt-mz.B.24
03:37:16        30987  119.50    0.00    0.00  119.50     0  bt-mz.B.24
03:37:16        30988  127.50    0.00    0.00  127.50    20  bt-mz.B.24
03:37:16        30989  128.50    0.00    0.00  128.50    29  bt-mz.B.24
03:37:16        30990  118.50    0.00    0.00  118.50    15  bt-mz.B.24
03:37:16        30991  116.50    0.50    0.00  117.00    10  bt-mz.B.24
03:37:16        30992  115.50    0.00    0.00  115.50    24  bt-mz.B.24
03:37:16        30993  111.50    0.00    0.00  111.50     1  bt-mz.B.24
03:37:16        30994  117.00    0.00    0.00  117.00    19  bt-mz.B.24
03:37:16        30995  122.50    0.00    0.00  122.50     3  bt-mz.B.24
03:37:16        30999  119.50    0.00    0.00  119.50    27  bt-mz.B.24
03:37:16        31001  127.50    0.00    0.00  127.50     5  bt-mz.B.24

03:37:16          PID    %usr %system  %guest    %CPU   CPU  Command
03:37:18         3162    0.00    0.50    0.00    0.50    29  kondemand/29
03:37:18         3180    0.00    0.50    0.00    0.50    18  kipmi0
03:37:18         3852    0.00    0.50    0.00    0.50     8  pbs_mom
03:37:18         4128    0.00    0.50    0.00    0.50     1  gmond
03:37:18        30971    0.50    0.50    0.00    1.00    29  top
03:37:18        30973    1.00    1.50    0.00    2.50    11  pidstat
03:37:18        30975    0.50    1.00    0.00    1.50     6  pidstat
03:37:18        30984  126.50    0.00    0.00  126.50     8  bt-mz.B.24
03:37:18        30985  119.00    0.00    0.00  119.00     3  bt-mz.B.24
03:37:18        30986  109.50    0.00    0.00  109.50    31  bt-mz.B.24
03:37:18        30987  114.50    0.00    0.00  114.50    20  bt-mz.B.24
03:37:18        30988  111.00    0.00    0.00  111.00    22  bt-mz.B.24
03:37:18        30989  123.50    0.00    0.00  123.50    29  bt-mz.B.24
03:37:18        30990  111.00    0.00    0.00  111.00    13  bt-mz.B.24
03:37:18        30991  119.00    0.00    0.00  119.00    25  bt-mz.B.24
03:37:18        30992  120.50    0.00    0.00  120.50    26  bt-mz.B.24
03:37:18        30993  132.50    0.00    0.00  132.50    23  bt-mz.B.24
03:37:18        30994  118.50    0.00    0.00  118.50    19  bt-mz.B.24
03:37:18        30995  121.00    0.00    0.00  121.00     4  bt-mz.B.24
03:37:18        30999  114.50    0.00    0.00  114.50    27  bt-mz.B.24
03:37:18        31001  117.00    0.00    0.00  117.00     5  bt-mz.B.24

03:37:18          PID    %usr %system  %guest    %CPU   CPU  Command
03:37:20         3138    0.00    0.50    0.00    0.50     5  kondemand/5
03:37:20         3139    0.00    0.50    0.00    0.50     6  kondemand/6
03:37:20         3147    0.00    0.50    0.00    0.50    14  kondemand/14
03:37:20         3155    0.00    0.50    0.00    0.50    22  kondemand/22
03:37:20         3159    0.00    0.50    0.00    0.50    26  kondemand/26
03:37:20         4128    0.00    0.50    0.00    0.50    17  gmond
03:37:20        30971    1.00    0.50    0.00    1.50    29  top
03:37:20        30973    0.50    2.00    0.00    2.50    11  pidstat
03:37:20        30975    0.50    2.00    0.00    2.50     6  pidstat
03:37:20        30984  132.50    0.00    0.00  132.50    13  bt-mz.B.24
03:37:20        30985  125.50    0.00    0.00  125.50     0  bt-mz.B.24
03:37:20        30986  127.50    0.00    0.00  127.50    27  bt-mz.B.24
03:37:20        30987  114.50    0.00    0.00  114.50     3  bt-mz.B.24
03:37:20        30988  108.50    0.00    0.00  108.50    20  bt-mz.B.24
03:37:20        30989  119.00    0.00    0.00  119.00    29  bt-mz.B.24
03:37:20        30990  124.00    0.00    0.00  124.00    14  bt-mz.B.24
03:37:20        30991  118.00    0.00    0.00  118.00    30  bt-mz.B.24
03:37:20        30992  110.50    0.50    0.00  111.00    31  bt-mz.B.24
03:37:20        30993  130.00    0.00    0.00  130.00    23  bt-mz.B.24
03:37:20        30994  120.00    0.00    0.00  120.00     2  bt-mz.B.24
03:37:20        30995  114.50    0.00    0.00  114.50    18  bt-mz.B.24
03:37:20        30999  124.50    0.00    0.00  124.50    26  bt-mz.B.24
03:37:20        31001  116.00    0.00    0.00  116.00     4  bt-mz.B.24

03:37:20          PID    %usr %system  %guest    %CPU   CPU  Command
03:37:22           69    0.00    0.50    0.00    0.50    16  ksoftirqd/16
03:37:22         3137    0.00    0.50    0.00    0.50     4  kondemand/4
03:37:22         3180    0.00    0.50    0.00    0.50     2  kipmi0
03:37:22        30971    0.50    1.00    0.00    1.50    29  top
03:37:22        30973    0.50    2.00    0.00    2.50    11  pidstat
03:37:22        30975    1.00    2.00    0.00    3.00     6  pidstat
03:37:22        30984  136.00    0.00    0.00  136.00    24  bt-mz.B.24
03:37:22        30985  127.00    0.00    0.00  127.00     0  bt-mz.B.24
03:37:22        30986  123.50    0.00    0.00  123.50    12  bt-mz.B.24
03:37:22        30987  121.50    0.00    0.00  121.50    17  bt-mz.B.24
03:37:22        30988  121.00    0.00    0.00  121.00    23  bt-mz.B.24
03:37:22        30989  106.50    0.00    0.00  106.50    28  bt-mz.B.24
03:37:22        30990  106.50    0.00    0.00  106.50    25  bt-mz.B.24
03:37:22        30991  118.00    0.00    0.00  118.00    26  bt-mz.B.24
03:37:22        30992  125.00    0.00    0.00  125.00    30  bt-mz.B.24
03:37:22        30993  124.50    0.00    0.00  124.50    23  bt-mz.B.24
03:37:22        30994  122.50    0.50    0.00  123.00     2  bt-mz.B.24
03:37:22        30995  119.00    0.00    0.00  119.00    21  bt-mz.B.24
03:37:22        30999  123.00    0.50    0.00  123.50    10  bt-mz.B.24
03:37:22        31001  113.50    0.00    0.00  113.50     4  bt-mz.B.24

03:37:22          PID    %usr %system  %guest    %CPU   CPU  Command
03:37:24         3195    0.00    0.50    0.00    0.50    12  irqbalance
03:37:24         4128    0.00    0.50    0.00    0.50    17  gmond
03:37:24        30971    0.50    1.00    0.00    1.50    29  top
03:37:24        30973    0.50    2.00    0.00    2.50    11  pidstat
03:37:24        30975    1.00    2.50    0.00    3.50     6  pidstat
03:37:24        30977    0.00    0.50    0.00    0.50    22  iostat
03:37:24        30984  133.50    0.00    0.00  133.50     8  bt-mz.B.24
03:37:24        30985  127.50    0.00    0.00  127.50     5  bt-mz.B.24
03:37:24        30986  121.50    0.00    0.00  121.50    12  bt-mz.B.24
03:37:24        30987  114.00    0.00    0.00  114.00    23  bt-mz.B.24
03:37:24        30988  122.50    0.00    0.00  122.50    16  bt-mz.B.24
03:37:24        30989  122.50    0.00    0.00  122.50    28  bt-mz.B.24
03:37:24        30990  130.00    0.00    0.00  130.00    27  bt-mz.B.24
03:37:24        30991  122.00    0.00    0.00  122.00     9  bt-mz.B.24
03:37:24        30992  121.50    0.00    0.00  121.50    24  bt-mz.B.24
03:37:24        30993  129.00    0.00    0.00  129.00    18  bt-mz.B.24
03:37:24        30994  120.50    0.00    0.00  120.50    20  bt-mz.B.24
03:37:24        30995  122.00    0.00    0.00  122.00    17  bt-mz.B.24
03:37:24        30999  123.00    0.00    0.00  123.00    13  bt-mz.B.24
03:37:24        31001  120.00    0.00    0.00  120.00     1  bt-mz.B.24

03:37:24          PID    %usr %system  %guest    %CPU   CPU  Command
03:37:26           49    0.00    0.50    0.00    0.50    11  ksoftirqd/11
03:37:26         3145    0.00    0.50    0.00    0.50    12  kondemand/12
03:37:26         3154    0.00    0.50    0.00    0.50    21  kondemand/21
03:37:26        30971    0.50    0.50    0.00    1.00    29  top
03:37:26        30973    1.00    1.50    0.00    2.50    11  pidstat
03:37:26        30975    1.00    2.00    0.00    3.00     6  pidstat
03:37:26        30984  138.00    0.00    0.00  138.00    28  bt-mz.B.24
03:37:26        30985  121.00    0.00    0.00  121.00    20  bt-mz.B.24
03:37:26        30986  118.50    0.50    0.00  119.00    15  bt-mz.B.24
03:37:26        30987  128.50    0.00    0.00  128.50     1  bt-mz.B.24
03:37:26        30988  121.00    0.00    0.00  121.00    16  bt-mz.B.24
03:37:26        30989  130.00    0.00    0.00  130.00    10  bt-mz.B.24
03:37:26        30990  119.00    0.00    0.00  119.00    11  bt-mz.B.24
03:37:26        30991  119.50    0.00    0.00  119.50     8  bt-mz.B.24
03:37:26        30992  124.50    0.00    0.00  124.50     9  bt-mz.B.24
03:37:26        30993  130.50    0.00    0.00  130.50     2  bt-mz.B.24
03:37:26        30994  123.00    0.00    0.00  123.00    22  bt-mz.B.24
03:37:26        30995  125.50    0.00    0.00  125.50    21  bt-mz.B.24
03:37:26        30999  114.50    0.00    0.00  114.50    25  bt-mz.B.24
03:37:26        31001  126.00    0.00    0.00  126.00    18  bt-mz.B.24

03:37:26          PID    %usr %system  %guest    %CPU   CPU  Command
03:37:28         3142    0.00    0.50    0.00    0.50     9  kondemand/9
03:37:28         4128    0.50    0.50    0.00    1.00     1  gmond
03:37:28        30971    0.50    1.00    0.00    1.50    29  top
03:37:28        30973    0.50    2.00    0.00    2.50    11  pidstat
03:37:28        30975    0.50    1.00    0.00    1.50     2  pidstat
03:37:28        30984  140.00    0.00    0.00  140.00    28  bt-mz.B.24
03:37:28        30985  124.00    0.00    0.00  124.00    18  bt-mz.B.24
03:37:28        30986  125.00    0.00    0.00  125.00    15  bt-mz.B.24
03:37:28        30987  118.00    0.00    0.00  118.00    20  bt-mz.B.24
03:37:28        30988  122.00    0.00    0.00  122.00    23  bt-mz.B.24
03:37:28        30989  122.00    0.00    0.00  122.00    26  bt-mz.B.24
03:37:28        30990  119.00    0.50    0.00  119.50    11  bt-mz.B.24
03:37:28        30991  120.50    0.00    0.00  120.50     9  bt-mz.B.24
03:37:28        30992  109.50    0.00    0.00  109.50    10  bt-mz.B.24
03:37:28        30993  121.50    0.00    0.00  121.50     5  bt-mz.B.24
03:37:28        30994  116.50    0.00    0.00  116.50     6  bt-mz.B.24
03:37:28        30995  125.50    0.00    0.00  125.50     3  bt-mz.B.24
03:37:28        30999  121.00    0.00    0.00  121.00    25  bt-mz.B.24
03:37:28        31001  113.50    0.00    0.00  113.50    22  bt-mz.B.24

03:37:28          PID    %usr %system  %guest    %CPU   CPU  Command
03:37:30          158    0.00    0.50    0.00    0.50    27  events/27
03:37:30         3144    0.00    0.50    0.00    0.50    11  kondemand/11
03:37:30         3158    0.00    0.50    0.00    0.50    25  kondemand/25
03:37:30         3161    0.00    0.50    0.00    0.50    28  kondemand/28
03:37:30         3180    0.00    0.50    0.00    0.50     2  kipmi0
03:37:30        30971    0.50    0.50    0.00    1.00    13  top
03:37:30        30973    1.00    1.50    0.00    2.50    13  pidstat
03:37:30        30975    1.00    1.50    0.00    2.50     6  pidstat
03:37:30        30984  149.00    0.00    0.00  149.00    24  bt-mz.B.24
03:37:30        30985  127.50    0.00    0.00  127.50    18  bt-mz.B.24
03:37:30        30986  130.00    0.00    0.00  130.00    12  bt-mz.B.24
03:37:30        30987  127.00    0.00    0.00  127.00     4  bt-mz.B.24
03:37:30        30988  121.00    0.00    0.00  121.00     5  bt-mz.B.24
03:37:30        30989  123.50    0.00    0.00  123.50    10  bt-mz.B.24
03:37:30        30990  116.50    0.00    0.00  116.50     9  bt-mz.B.24
03:37:30        30991  116.00    0.00    0.00  116.00    10  bt-mz.B.24
03:37:30        30992  125.00    0.00    0.00  125.00    15  bt-mz.B.24
03:37:30        30993  123.00    0.00    0.00  123.00    20  bt-mz.B.24
03:37:30        30994  115.50    0.00    0.00  115.50     3  bt-mz.B.24
03:37:30        30995  120.00    0.00    0.00  120.00     7  bt-mz.B.24
03:37:30        30999  117.50    0.00    0.00  117.50    14  bt-mz.B.24
03:37:30        31001  122.00    0.00    0.00  122.00     0  bt-mz.B.24

03:37:30          PID    %usr %system  %guest    %CPU   CPU  Command
03:37:32         3133    0.00    0.50    0.00    0.50     0  kondemand/0
03:37:32         3148    0.00    0.50    0.00    0.50    15  kondemand/15
03:37:32         3160    0.00    0.50    0.00    0.50    27  kondemand/27
03:37:32         3163    0.00    0.50    0.00    0.50    30  kondemand/30
03:37:32         4128    0.00    0.50    0.00    0.50     1  gmond
03:37:32        30971    1.00    0.50    0.00    1.50    13  top
03:37:32        30973    1.00    1.50    0.00    2.50    12  pidstat
03:37:32        30975    0.50    1.50    0.00    2.00     6  pidstat
03:37:32        30984  117.50    0.00    0.00  117.50    26  bt-mz.B.24
03:37:32        30985  119.50    0.00    0.00  119.50     2  bt-mz.B.24
03:37:32        30986  128.50    0.00    0.00  128.50    28  bt-mz.B.24
03:37:32        30987  113.50    0.50    0.00  114.00    18  bt-mz.B.24
03:37:32        30988  119.00    0.00    0.00  119.00     6  bt-mz.B.24
03:37:32        30989  124.50    0.00    0.00  124.50    14  bt-mz.B.24
03:37:32        30990  112.00    0.00    0.00  112.00    30  bt-mz.B.24
03:37:32        30991  117.50    0.00    0.00  117.50    31  bt-mz.B.24
03:37:32        30992  119.00    0.00    0.00  119.00    11  bt-mz.B.24
03:37:32        30993  118.00    0.00    0.00  118.00    17  bt-mz.B.24
03:37:32        30994  118.00    0.50    0.00  118.50    16  bt-mz.B.24
03:37:32        30995  118.00    0.00    0.00  118.00     5  bt-mz.B.24
03:37:32        30999  118.50    0.00    0.00  118.50    15  bt-mz.B.24
03:37:32        31001  123.50    0.00    0.00  123.50     0  bt-mz.B.24

03:37:32          PID    %usr %system  %guest    %CPU   CPU  Command
03:37:34         3152    0.00    0.50    0.00    0.50    19  kondemand/19
03:37:34        30971    0.50    0.50    0.00    1.00    13  top
03:37:34        30973    0.00    2.00    0.00    2.00    12  pidstat
03:37:34        30975    0.50    1.50    0.00    2.00    22  pidstat
03:37:34        30984  121.50    0.00    0.00  121.50    15  bt-mz.B.24
03:37:34        30985  125.00    0.00    0.00  125.00     5  bt-mz.B.24
03:37:34        30986  126.00    0.00    0.00  126.00    28  bt-mz.B.24
03:37:34        30987  124.50    0.00    0.00  124.50     6  bt-mz.B.24
03:37:34        30988  123.50    0.00    0.00  123.50    18  bt-mz.B.24
03:37:34        30989  118.00    0.00    0.00  118.00    12  bt-mz.B.24
03:37:34        30990  122.00    0.00    0.00  122.00    24  bt-mz.B.24
03:37:34        30991  112.00    0.00    0.00  112.00    31  bt-mz.B.24
03:37:34        30992  129.00    0.00    0.00  129.00    27  bt-mz.B.24
03:37:34        30993  126.50    0.00    0.00  126.50     4  bt-mz.B.24
03:37:34        30994  118.50    0.00    0.00  118.50    16  bt-mz.B.24
03:37:34        30995  120.50    0.00    0.00  120.50     2  bt-mz.B.24
03:37:34        30999  121.50    0.00    0.00  121.50    30  bt-mz.B.24
03:37:34        31001  125.50    0.00    0.00  125.50    19  bt-mz.B.24
