Linux 2.6.32-279.14.1.el6.x86_64 (compute-641-14.local) 	04/21/20 	_x86_64_	(32 CPU)

04:02:34          PID    %usr %system  %guest    %CPU   CPU  Command
04:02:36           41    0.00    0.49    0.00    0.49     9  ksoftirqd/9
04:02:36           65    0.00    0.49    0.00    0.49    15  ksoftirqd/15
04:02:36          131    0.00    0.49    0.00    0.49     0  events/0
04:02:36         3159    0.00    0.49    0.00    0.49    26  kondemand/26
04:02:36         3180    0.00    0.49    0.00    0.49    16  kipmi0
04:02:36         3367    2.94    1.96    0.00    4.90    14  mpirun
04:02:36         3373    0.49    0.98    0.00    1.47    25  top
04:02:36         3375    0.49    1.96    0.00    2.45     7  pidstat
04:02:36         3377    0.98    1.96    0.00    2.94    26  pidstat
04:02:36         3387   98.04    6.37    0.00  104.41     9  bt-mz.B.24
04:02:36         3389   94.61    7.35    0.00  101.96     8  bt-mz.B.24
04:02:36         3390   85.78    5.39    0.00   91.18    19  bt-mz.B.24
04:02:36         3391   85.29    5.88    0.00   91.18    27  bt-mz.B.24
04:02:36         3392   82.84    4.90    0.00   87.75     4  bt-mz.B.24
04:02:36         3393   82.35    4.41    0.00   86.76     3  bt-mz.B.24
04:02:36         3394   87.75    4.90    0.00   92.65    10  bt-mz.B.24
04:02:36         3395   91.67    4.41    0.00   96.08    21  bt-mz.B.24
04:02:36         3396   88.24    4.90    0.00   93.14    11  bt-mz.B.24
04:02:36         3397   89.71    4.90    0.00   94.61    20  bt-mz.B.24
04:02:36         3398   87.25    6.86    0.00   94.12    22  bt-mz.B.24
04:02:36         3402   94.61    4.41    0.00   99.02    14  bt-mz.B.24
04:02:36         3405   89.22    6.86    0.00   96.08    23  bt-mz.B.24
04:02:36         3407   91.67    4.41    0.00   96.08    15  bt-mz.B.24
04:02:36         3409   89.22    5.88    0.00   95.10    12  bt-mz.B.24
04:02:36         3410   76.47    4.41    0.00   80.88    21  bt-mz.B.24
04:02:36         3412   91.67    4.41    0.00   96.08    24  bt-mz.B.24
04:02:36         3414   78.92    4.90    0.00   83.82     5  bt-mz.B.24
04:02:36         3416   79.90    5.39    0.00   85.29     7  bt-mz.B.24
04:02:36         3418   82.35    5.39    0.00   87.75     1  bt-mz.B.24
04:02:36         3420   91.67    5.88    0.00   97.55    29  bt-mz.B.24
04:02:36         3422   86.27    5.88    0.00   92.16     0  bt-mz.B.24
04:02:36         3423   84.31    5.88    0.00   90.20     2  bt-mz.B.24
04:02:36         3425   82.35    5.39    0.00   87.75    16  bt-mz.B.24

04:02:36          PID    %usr %system  %guest    %CPU   CPU  Command
04:02:38         3156    0.00    0.50    0.00    0.50    23  kondemand/23
04:02:38         3158    0.00    0.50    0.00    0.50    25  kondemand/25
04:02:38         3373    0.50    0.50    0.00    1.00     9  top
04:02:38         3375    0.50    1.50    0.00    2.00    23  pidstat
04:02:38         3377    0.00    1.50    0.00    1.50    26  pidstat
04:02:38         3387  114.00    0.00    0.00  114.00    26  bt-mz.B.24
04:02:38         3389  113.00    0.00    0.00  113.00    24  bt-mz.B.24
04:02:38         3390  110.00    0.00    0.00  110.00    17  bt-mz.B.24
04:02:38         3391  109.50    0.00    0.00  109.50    13  bt-mz.B.24
04:02:38         3392   99.00    0.00    0.00   99.00    19  bt-mz.B.24
04:02:38         3393  105.50    0.00    0.00  105.50     5  bt-mz.B.24
04:02:38         3394  112.00    0.00    0.00  112.00    10  bt-mz.B.24
04:02:38         3395   99.50    0.00    0.00   99.50     4  bt-mz.B.24
04:02:38         3396  108.50    0.00    0.00  108.50    11  bt-mz.B.24
04:02:38         3397   99.50    0.00    0.00   99.50    20  bt-mz.B.24
04:02:38         3398   99.00    0.00    0.00   99.00    21  bt-mz.B.24
04:02:38         3402  111.00    0.00    0.00  111.00     8  bt-mz.B.24
04:02:38         3405  108.00    0.00    0.00  108.00     7  bt-mz.B.24
04:02:38         3407  111.00    0.00    0.00  111.00    15  bt-mz.B.24
04:02:38         3409  111.50    0.00    0.00  111.50    12  bt-mz.B.24
04:02:38         3410  102.50    0.50    0.00  103.00     6  bt-mz.B.24
04:02:38         3412  109.50    0.00    0.00  109.50    14  bt-mz.B.24
04:02:38         3414   99.50    0.00    0.00   99.50    18  bt-mz.B.24
04:02:38         3416   98.00    0.00    0.00   98.00     0  bt-mz.B.24
04:02:38         3418  104.50    0.00    0.00  104.50     1  bt-mz.B.24
04:02:38         3420  109.00    0.00    0.00  109.00    25  bt-mz.B.24
04:02:38         3422   93.00    0.00    0.00   93.00     3  bt-mz.B.24
04:02:38         3423  108.00    0.00    0.00  108.00     2  bt-mz.B.24
04:02:38         3425   96.00    0.00    0.00   96.00    16  bt-mz.B.24

04:02:38          PID    %usr %system  %guest    %CPU   CPU  Command
04:02:40         3133    0.00    0.50    0.00    0.50     0  kondemand/0
04:02:40         3373    0.50    0.50    0.00    1.00     9  top
04:02:40         3375    1.00    1.50    0.00    2.50     7  pidstat
04:02:40         3377    0.50    1.50    0.00    2.00    26  pidstat
04:02:40         3387  115.50    0.00    0.00  115.50    30  bt-mz.B.24
04:02:40         3389  110.00    0.00    0.00  110.00    24  bt-mz.B.24
04:02:40         3390  106.50    0.00    0.00  106.50     1  bt-mz.B.24
04:02:40         3391  112.50    0.00    0.00  112.50    25  bt-mz.B.24
04:02:40         3392  105.00    0.00    0.00  105.00    18  bt-mz.B.24
04:02:40         3393  103.50    0.00    0.00  103.50     0  bt-mz.B.24
04:02:40         3394  112.00    0.00    0.00  112.00    11  bt-mz.B.24
04:02:40         3395  102.00    0.00    0.00  102.00     4  bt-mz.B.24
04:02:40         3396  114.00    0.00    0.00  114.00    31  bt-mz.B.24
04:02:40         3397  103.00    0.00    0.00  103.00    21  bt-mz.B.24
04:02:40         3398  106.00    0.00    0.00  106.00    17  bt-mz.B.24
04:02:40         3402  111.00    0.00    0.00  111.00    10  bt-mz.B.24
04:02:40         3405  111.00    0.00    0.00  111.00    23  bt-mz.B.24
04:02:40         3407  109.50    0.00    0.00  109.50    26  bt-mz.B.24
04:02:40         3409  113.00    0.00    0.00  113.00    28  bt-mz.B.24
04:02:40         3410  109.00    0.00    0.00  109.00    22  bt-mz.B.24
04:02:40         3412  112.50    0.00    0.00  112.50    13  bt-mz.B.24
04:02:40         3414   96.50    0.00    0.00   96.50     5  bt-mz.B.24
04:02:40         3416  110.00    0.00    0.00  110.00     3  bt-mz.B.24
04:02:40         3418  108.00    0.50    0.00  108.50    15  bt-mz.B.24
04:02:40         3420  110.00    0.00    0.00  110.00     8  bt-mz.B.24
04:02:40         3422  106.00    0.00    0.00  106.00     6  bt-mz.B.24
04:02:40         3423  107.00    0.00    0.00  107.00    16  bt-mz.B.24
04:02:40         3425  107.00    0.00    0.00  107.00    20  bt-mz.B.24

04:02:40          PID    %usr %system  %guest    %CPU   CPU  Command
04:02:42         3140    0.00    0.50    0.00    0.50     7  kondemand/7
04:02:42         3147    0.00    0.50    0.00    0.50    14  kondemand/14
04:02:42         3161    0.00    0.50    0.00    0.50    28  kondemand/28
04:02:42         3373    0.50    0.50    0.00    1.00     9  top
04:02:42         3375    1.00    1.50    0.00    2.50     7  pidstat
04:02:42         3377    1.00    3.00    0.00    4.00    26  pidstat
04:02:42         3387  116.00    0.00    0.00  116.00    10  bt-mz.B.24
04:02:42         3389  105.00    0.50    0.00  105.50    11  bt-mz.B.24
04:02:42         3390  108.50    0.00    0.00  108.50    18  bt-mz.B.24
04:02:42         3391  112.00    0.00    0.00  112.00     9  bt-mz.B.24
04:02:42         3392  108.00    0.00    0.00  108.00     3  bt-mz.B.24
04:02:42         3393  110.50    0.00    0.00  110.50    21  bt-mz.B.24
04:02:42         3394  111.50    0.00    0.00  111.50    27  bt-mz.B.24
04:02:42         3395  106.50    0.00    0.00  106.50     4  bt-mz.B.24
04:02:42         3396  115.00    0.00    0.00  115.00    15  bt-mz.B.24
04:02:42         3397  106.00    0.00    0.00  106.00    20  bt-mz.B.24
04:02:42         3398  103.00    0.00    0.00  103.00     1  bt-mz.B.24
04:02:42         3402  108.00    0.00    0.00  108.00    25  bt-mz.B.24
04:02:42         3405  109.50    0.00    0.00  109.50    19  bt-mz.B.24
04:02:42         3407  105.50    0.00    0.00  105.50    29  bt-mz.B.24
04:02:42         3409  113.00    0.00    0.00  113.00    28  bt-mz.B.24
04:02:42         3410  109.00    0.00    0.00  109.00    22  bt-mz.B.24
04:02:42         3412  114.00    0.00    0.00  114.00    13  bt-mz.B.24
04:02:42         3414  106.50    0.00    0.00  106.50    23  bt-mz.B.24
04:02:42         3416  106.00    0.00    0.00  106.00    16  bt-mz.B.24
04:02:42         3418  109.00    0.00    0.00  109.00    30  bt-mz.B.24
04:02:42         3420  112.00    0.00    0.00  112.00    24  bt-mz.B.24
04:02:42         3422  112.00    0.00    0.00  112.00     5  bt-mz.B.24
04:02:42         3423  109.00    0.00    0.00  109.00     0  bt-mz.B.24
04:02:42         3425  111.00    0.00    0.00  111.00     2  bt-mz.B.24
04:02:42         3852    0.50    0.50    0.00    1.00    24  pbs_mom

04:02:42          PID    %usr %system  %guest    %CPU   CPU  Command
04:02:44         3150    0.00    0.50    0.00    0.50    17  kondemand/17
04:02:44         3155    0.00    0.50    0.00    0.50    22  kondemand/22
04:02:44         3180    0.00    0.50    0.00    0.50    16  kipmi0
04:02:44         3373    1.00    1.00    0.00    2.00    25  top
04:02:44         3375    0.50    1.50    0.00    2.00    23  pidstat
04:02:44         3377    0.50    2.00    0.00    2.50    26  pidstat
04:02:44         3387  116.50    0.50    0.00  117.00    10  bt-mz.B.24
04:02:44         3389  111.00    0.00    0.00  111.00    14  bt-mz.B.24
04:02:44         3390  110.50    0.00    0.00  110.50    11  bt-mz.B.24
04:02:44         3391  102.50    0.50    0.00  103.00    25  bt-mz.B.24
04:02:44         3392  104.50    0.00    0.00  104.50    21  bt-mz.B.24
04:02:44         3393  107.00    0.00    0.00  107.00     2  bt-mz.B.24
04:02:44         3394  110.50    0.00    0.00  110.50    27  bt-mz.B.24
04:02:44         3395  105.50    0.00    0.00  105.50     1  bt-mz.B.24
04:02:44         3396  112.00    0.00    0.00  112.00    15  bt-mz.B.24
04:02:44         3397  101.00    0.00    0.00  101.00    19  bt-mz.B.24
04:02:44         3398  107.00    0.00    0.00  107.00    17  bt-mz.B.24
04:02:44         3402  107.00    0.00    0.00  107.00     9  bt-mz.B.24
04:02:44         3405   98.50    0.00    0.00   98.50     3  bt-mz.B.24
04:02:44         3407  106.50    0.00    0.00  106.50    29  bt-mz.B.24
04:02:44         3409  109.00    0.00    0.00  109.00    28  bt-mz.B.24
04:02:44         3410  104.00    0.00    0.00  104.00    22  bt-mz.B.24
04:02:44         3412  107.00    0.00    0.00  107.00    13  bt-mz.B.24
04:02:44         3414  111.50    0.00    0.00  111.50     7  bt-mz.B.24
04:02:44         3416  108.00    0.50    0.00  108.50     0  bt-mz.B.24
04:02:44         3418  104.00    0.00    0.00  104.00    30  bt-mz.B.24
04:02:44         3420  111.50    0.00    0.00  111.50    24  bt-mz.B.24
04:02:44         3422  104.00    0.00    0.00  104.00    20  bt-mz.B.24
04:02:44         3423  107.50    0.00    0.00  107.50     6  bt-mz.B.24
04:02:44         3425  101.50    0.00    0.00  101.50    18  bt-mz.B.24

04:02:44          PID    %usr %system  %guest    %CPU   CPU  Command
04:02:46         3146    0.00    0.50    0.00    0.50    13  kondemand/13
04:02:46         3180    0.00    0.50    0.00    0.50    16  kipmi0
04:02:46         3373    0.00    0.50    0.00    0.50    25  top
04:02:46         3375    0.50    2.00    0.00    2.50    23  pidstat
04:02:46         3377    1.00    1.50    0.00    2.50    26  pidstat
04:02:46         3387  117.50    0.00    0.00  117.50    10  bt-mz.B.24
04:02:46         3389  112.00    0.00    0.00  112.00    29  bt-mz.B.24
04:02:46         3390  109.50    0.00    0.00  109.50    14  bt-mz.B.24
04:02:46         3391  106.50    0.00    0.00  106.50    13  bt-mz.B.24
04:02:46         3392  102.50    0.00    0.00  102.50    21  bt-mz.B.24
04:02:46         3393  111.00    0.00    0.00  111.00     2  bt-mz.B.24
04:02:46         3394  110.00    0.00    0.00  110.00    27  bt-mz.B.24
04:02:46         3395   93.00    0.00    0.00   93.00     0  bt-mz.B.24
04:02:46         3396  106.50    0.00    0.00  106.50    15  bt-mz.B.24
04:02:46         3397  112.50    0.50    0.00  113.00    19  bt-mz.B.24
04:02:46         3398  107.00    0.00    0.00  107.00    17  bt-mz.B.24
04:02:46         3402  109.00    0.00    0.00  109.00    28  bt-mz.B.24
04:02:46         3405  108.50    0.00    0.00  108.50     7  bt-mz.B.24
04:02:46         3407  102.50    0.50    0.00  103.00    25  bt-mz.B.24
04:02:46         3409  107.00    0.00    0.00  107.00    31  bt-mz.B.24
04:02:46         3410  106.50    0.00    0.00  106.50     1  bt-mz.B.24
04:02:46         3412  112.50    0.50    0.00  113.00     9  bt-mz.B.24
04:02:46         3414  103.00    0.00    0.00  103.00     7  bt-mz.B.24
04:02:46         3416   88.50    0.00    0.00   88.50     5  bt-mz.B.24
04:02:46         3418  108.50    0.00    0.00  108.50    30  bt-mz.B.24
04:02:46         3420  111.50    0.00    0.00  111.50     8  bt-mz.B.24
04:02:46         3422  110.50    0.00    0.00  110.50     4  bt-mz.B.24
04:02:46         3423  114.50    0.00    0.00  114.50     6  bt-mz.B.24
04:02:46         3425  111.50    0.00    0.00  111.50    16  bt-mz.B.24

04:02:46          PID    %usr %system  %guest    %CPU   CPU  Command
04:02:48         3143    0.00    0.50    0.00    0.50    10  kondemand/10
04:02:48         3148    0.00    0.50    0.00    0.50    15  kondemand/15
04:02:48         3373    1.00    1.00    0.00    2.00     9  top
04:02:48         3375    1.00    1.50    0.00    2.50    23  pidstat
04:02:48         3377    1.00    1.50    0.00    2.50    10  pidstat
04:02:48         3387  113.50    0.00    0.00  113.50    30  bt-mz.B.24
04:02:48         3389  110.50    0.00    0.00  110.50    29  bt-mz.B.24
04:02:48         3390  108.00    0.00    0.00  108.00    26  bt-mz.B.24
04:02:48         3391  109.50    0.00    0.00  109.50    10  bt-mz.B.24
04:02:48         3392  107.50    0.00    0.00  107.50     5  bt-mz.B.24
04:02:48         3393  115.00    0.00    0.00  115.00    18  bt-mz.B.24
04:02:48         3394  115.00    0.50    0.00  115.50    11  bt-mz.B.24
04:02:48         3395  111.00    0.00    0.00  111.00     6  bt-mz.B.24
04:02:48         3396  106.50    0.00    0.00  106.50    15  bt-mz.B.24
04:02:48         3397  114.00    0.00    0.00  114.00    19  bt-mz.B.24
04:02:48         3398  106.00    0.00    0.00  106.00     3  bt-mz.B.24
04:02:48         3402  111.50    0.00    0.00  111.50    28  bt-mz.B.24
04:02:48         3405  105.50    0.00    0.00  105.50     7  bt-mz.B.24
04:02:48         3407  110.50    0.00    0.00  110.50    25  bt-mz.B.24
04:02:48         3409  106.50    0.00    0.00  106.50    12  bt-mz.B.24
04:02:48         3410  109.00    0.00    0.00  109.00     1  bt-mz.B.24
04:02:48         3412  109.50    0.00    0.00  109.50    13  bt-mz.B.24
04:02:48         3414  105.00    0.00    0.00  105.00     7  bt-mz.B.24
04:02:48         3416  110.50    0.00    0.00  110.50    21  bt-mz.B.24
04:02:48         3418  108.00    0.50    0.00  108.50    14  bt-mz.B.24
04:02:48         3420  115.50    0.00    0.00  115.50     8  bt-mz.B.24
04:02:48         3422  115.00    0.50    0.00  115.50    20  bt-mz.B.24
04:02:48         3423  109.00    0.00    0.00  109.00    22  bt-mz.B.24
04:02:48         3425  111.50    0.50    0.00  112.00     0  bt-mz.B.24

04:02:48          PID    %usr %system  %guest    %CPU   CPU  Command
04:02:50         3154    0.00    0.50    0.00    0.50    21  kondemand/21
04:02:50         3373    0.50    0.50    0.00    1.00     9  top
04:02:50         3375    0.50    1.50    0.00    2.00    23  pidstat
04:02:50         3377    0.50    2.00    0.00    2.50    10  pidstat
04:02:50         3379    0.00    0.50    0.00    0.50     2  iostat
04:02:50         3387  109.50    0.00    0.00  109.50     9  bt-mz.B.24
04:02:50         3389  107.50    0.00    0.00  107.50    29  bt-mz.B.24
04:02:50         3390  106.00    0.00    0.00  106.00    14  bt-mz.B.24
04:02:50         3391  100.50    0.00    0.00  100.50    10  bt-mz.B.24
04:02:50         3392  100.00    0.00    0.00  100.00     6  bt-mz.B.24
04:02:50         3393  105.50    0.00    0.00  105.50    22  bt-mz.B.24
04:02:50         3394  107.00    0.00    0.00  107.00    11  bt-mz.B.24
04:02:50         3395  106.50    0.00    0.00  106.50    18  bt-mz.B.24
04:02:50         3396  108.00    0.50    0.00  108.50    15  bt-mz.B.24
04:02:50         3397  106.50    0.00    0.00  106.50    19  bt-mz.B.24
04:02:50         3398  104.00    0.00    0.00  104.00     2  bt-mz.B.24
04:02:50         3402  100.50    0.00    0.00  100.50    26  bt-mz.B.24
04:02:50         3405  102.50    0.00    0.00  102.50     3  bt-mz.B.24
04:02:50         3407   99.50    0.50    0.00  100.00    25  bt-mz.B.24
04:02:50         3409  107.00    0.00    0.00  107.00    12  bt-mz.B.24
04:02:50         3410  107.50    0.00    0.00  107.50     1  bt-mz.B.24
04:02:50         3412  102.00    0.00    0.00  102.00    31  bt-mz.B.24
04:02:50         3414  102.00    0.00    0.00  102.00     0  bt-mz.B.24
04:02:50         3416  106.50    0.00    0.00  106.50     5  bt-mz.B.24
04:02:50         3418  105.50    0.00    0.00  105.50    30  bt-mz.B.24
04:02:50         3420  109.00    0.00    0.00  109.00    24  bt-mz.B.24
04:02:50         3422  109.00    0.00    0.00  109.00    20  bt-mz.B.24
04:02:50         3423  108.00    0.00    0.00  108.00    20  bt-mz.B.24
04:02:50         3425  108.50    0.00    0.00  108.50     7  bt-mz.B.24

04:02:50          PID    %usr %system  %guest    %CPU   CPU  Command
04:02:52         3373    0.50    1.00    0.00    1.50    25  top
04:02:52         3375    1.00    1.50    0.00    2.50     7  pidstat
04:02:52         3377    0.50    1.50    0.00    2.00    10  pidstat
04:02:52         3387  110.00    0.00    0.00  110.00    12  bt-mz.B.24
04:02:52         3389  104.50    0.00    0.00  104.50    29  bt-mz.B.24
04:02:52         3390  111.00    0.00    0.00  111.00    14  bt-mz.B.24
04:02:52         3391  107.00    0.00    0.00  107.00     8  bt-mz.B.24
04:02:52         3392  102.50    0.00    0.00  102.50     0  bt-mz.B.24
04:02:52         3393   96.50    0.00    0.00   96.50     5  bt-mz.B.24
04:02:52         3394  108.50    0.00    0.00  108.50    11  bt-mz.B.24
04:02:52         3395  102.50    0.00    0.00  102.50     2  bt-mz.B.24
04:02:52         3396  101.50    0.00    0.00  101.50    26  bt-mz.B.24
04:02:52         3397  108.50    0.00    0.00  108.50    23  bt-mz.B.24
04:02:52         3398  106.50    0.00    0.00  106.50     2  bt-mz.B.24
04:02:52         3402  109.00    0.50    0.00  109.50    25  bt-mz.B.24
04:02:52         3405  111.00    0.00    0.00  111.00    19  bt-mz.B.24
04:02:52         3407  106.00    0.00    0.00  106.00    24  bt-mz.B.24
04:02:52         3409  107.50    0.00    0.00  107.50    13  bt-mz.B.24
04:02:52         3410  109.50    0.00    0.00  109.50    17  bt-mz.B.24
04:02:52         3412  108.00    0.00    0.00  108.00    31  bt-mz.B.24
04:02:52         3414  107.50    0.00    0.00  107.50    16  bt-mz.B.24
04:02:52         3416  102.00    0.00    0.00  102.00    21  bt-mz.B.24
04:02:52         3418  102.50    0.00    0.00  102.50    30  bt-mz.B.24
04:02:52         3420  108.50    0.50    0.00  109.00    10  bt-mz.B.24
04:02:52         3422  110.50    0.00    0.00  110.50    18  bt-mz.B.24
04:02:52         3423  105.50    0.00    0.00  105.50    22  bt-mz.B.24
04:02:52         3425  104.00    0.00    0.00  104.00    20  bt-mz.B.24

04:02:52          PID    %usr %system  %guest    %CPU   CPU  Command
04:02:54         3160    0.00    0.50    0.00    0.50    27  kondemand/27
04:02:54         3195    0.00    0.50    0.00    0.50    10  irqbalance
04:02:54         3373    0.50    0.50    0.00    1.00    25  top
04:02:54         3375    0.50    2.00    0.00    2.50    23  pidstat
04:02:54         3377    1.00    1.50    0.00    2.50    10  pidstat
04:02:54         3387  115.00    0.00    0.00  115.00    24  bt-mz.B.24
04:02:54         3389  110.00    0.00    0.00  110.00    15  bt-mz.B.24
04:02:54         3390  115.00    0.00    0.00  115.00    14  bt-mz.B.24
04:02:54         3391  107.00    0.00    0.00  107.00    27  bt-mz.B.24
04:02:54         3392  109.50    0.00    0.00  109.50    17  bt-mz.B.24
04:02:54         3393  108.00    0.50    0.00  108.50     5  bt-mz.B.24
04:02:54         3394  113.00    0.00    0.00  113.00    11  bt-mz.B.24
04:02:54         3395  106.50    0.00    0.00  106.50    16  bt-mz.B.24
04:02:54         3396  103.00    0.00    0.00  103.00     8  bt-mz.B.24
04:02:54         3397  111.50    0.00    0.00  111.50    22  bt-mz.B.24
04:02:54         3398  108.00    0.50    0.00  108.50     7  bt-mz.B.24
04:02:54         3402  100.00    0.00    0.00  100.00    31  bt-mz.B.24
04:02:54         3405  114.00    0.00    0.00  114.00     3  bt-mz.B.24
04:02:54         3407  106.00    0.50    0.00  106.50    25  bt-mz.B.24
04:02:54         3409  109.00    0.00    0.00  109.00    12  bt-mz.B.24
04:02:54         3410  105.50    0.50    0.00  106.00    21  bt-mz.B.24
04:02:54         3412  106.00    0.00    0.00  106.00    30  bt-mz.B.24
04:02:54         3414  113.00    0.00    0.00  113.00     0  bt-mz.B.24
04:02:54         3416  108.50    0.00    0.00  108.50    20  bt-mz.B.24
04:02:54         3418  112.50    0.00    0.00  112.50    13  bt-mz.B.24
04:02:54         3420  107.00    0.00    0.00  107.00    26  bt-mz.B.24
04:02:54         3422  106.00    0.00    0.00  106.00     2  bt-mz.B.24
04:02:54         3423  113.00    0.00    0.00  113.00    19  bt-mz.B.24
04:02:54         3425  106.00    0.00    0.00  106.00     6  bt-mz.B.24

04:02:54          PID    %usr %system  %guest    %CPU   CPU  Command
04:02:56         3137    0.00    0.50    0.00    0.50     4  kondemand/4
04:02:56         3153    0.00    0.50    0.00    0.50    20  kondemand/20
04:02:56         3180    0.00    0.50    0.00    0.50    16  kipmi0
04:02:56         3373    0.50    0.50    0.00    1.00    25  top
04:02:56         3375    0.50    1.50    0.00    2.00    23  pidstat
04:02:56         3377    0.00    1.50    0.00    1.50    10  pidstat
04:02:56         3387  115.50    0.00    0.00  115.50    24  bt-mz.B.24
04:02:56         3389  114.50    0.00    0.00  114.50    30  bt-mz.B.24
04:02:56         3390  114.00    0.00    0.00  114.00    15  bt-mz.B.24
04:02:56         3391  105.00    0.00    0.00  105.00    28  bt-mz.B.24
04:02:56         3392  112.50    0.00    0.00  112.50    17  bt-mz.B.24
04:02:56         3393  109.50    0.00    0.00  109.50     4  bt-mz.B.24
04:02:56         3394  107.50    0.00    0.00  107.50    10  bt-mz.B.24
04:02:56         3395  106.50    0.00    0.00  106.50     3  bt-mz.B.24
04:02:56         3396  104.00    0.00    0.00  104.00    11  bt-mz.B.24
04:02:56         3397  106.50    0.00    0.00  106.50    22  bt-mz.B.24
04:02:56         3398  114.00    0.00    0.00  114.00     7  bt-mz.B.24
04:02:56         3402   91.00    0.00    0.00   91.00     8  bt-mz.B.24
04:02:56         3405  100.50    0.00    0.00  100.50    16  bt-mz.B.24
04:02:56         3407  112.00    0.00    0.00  112.00     9  bt-mz.B.24
04:02:56         3409   98.00    0.00    0.00   98.00    26  bt-mz.B.24
04:02:56         3410  101.50    0.00    0.00  101.50     6  bt-mz.B.24
04:02:56         3412   94.50    0.50    0.00   95.00    31  bt-mz.B.24
04:02:56         3414  110.00    0.00    0.00  110.00     0  bt-mz.B.24
04:02:56         3416  112.00    0.00    0.00  112.00    21  bt-mz.B.24
04:02:56         3418  110.50    0.00    0.00  110.50    29  bt-mz.B.24
04:02:56         3420  106.00    0.00    0.00  106.00    14  bt-mz.B.24
04:02:56         3422  110.00    0.00    0.00  110.00     2  bt-mz.B.24
04:02:56         3423  103.00    0.00    0.00  103.00    18  bt-mz.B.24
04:02:56         3425  103.00    0.00    0.00  103.00    19  bt-mz.B.24

04:02:56          PID    %usr %system  %guest    %CPU   CPU  Command
04:02:58         3373    0.50    0.50    0.00    1.00    25  top
04:02:58         3375    0.50    2.00    0.00    2.50    23  pidstat
04:02:58         3377    0.50    2.00    0.00    2.50    10  pidstat
04:02:58         3387  110.00    0.00    0.00  110.00    12  bt-mz.B.24
04:02:58         3389  106.50    0.50    0.00  107.00    14  bt-mz.B.24
04:02:58         3390  109.00    0.00    0.00  109.00    15  bt-mz.B.24
04:02:58         3391  113.50    0.00    0.00  113.50    28  bt-mz.B.24
04:02:58         3392  111.50    0.00    0.00  111.50     1  bt-mz.B.24
04:02:58         3393  109.00    0.00    0.00  109.00    21  bt-mz.B.24
04:02:58         3394  106.50    0.00    0.00  106.50     8  bt-mz.B.24
04:02:58         3395  110.50    0.00    0.00  110.50    22  bt-mz.B.24
04:02:58         3396  110.00    0.00    0.00  110.00    27  bt-mz.B.24
04:02:58         3397  102.50    0.00    0.00  102.50    17  bt-mz.B.24
04:02:58         3398  110.50    0.00    0.00  110.50    16  bt-mz.B.24
04:02:58         3402  100.50    1.00    0.00  101.50    11  bt-mz.B.24
04:02:58         3405  108.00    0.00    0.00  108.00     0  bt-mz.B.24
04:02:58         3407  107.50    0.00    0.00  107.50    25  bt-mz.B.24
04:02:58         3409  110.00    0.00    0.00  110.00    26  bt-mz.B.24
04:02:58         3410  104.50    0.00    0.00  104.50    20  bt-mz.B.24
04:02:58         3412  101.00    0.00    0.00  101.00    25  bt-mz.B.24
04:02:58         3414  106.00    0.00    0.00  106.00    19  bt-mz.B.24
04:02:58         3416  110.50    0.00    0.00  110.50     5  bt-mz.B.24
04:02:58         3418  112.00    0.00    0.00  112.00    29  bt-mz.B.24
04:02:58         3420  100.00    0.00    0.00  100.00    12  bt-mz.B.24
04:02:58         3422  103.00    0.00    0.00  103.00     7  bt-mz.B.24
04:02:58         3423  112.00    0.00    0.00  112.00    18  bt-mz.B.24
04:02:58         3425  107.00    0.00    0.00  107.00     3  bt-mz.B.24

04:02:58          PID    %usr %system  %guest    %CPU   CPU  Command
04:03:00         3135    0.00    0.50    0.00    0.50     2  kondemand/2
04:03:00         3139    0.00    0.50    0.00    0.50     6  kondemand/6
04:03:00         3373    0.50    1.00    0.00    1.50    25  top
04:03:00         3375    0.50    1.50    0.00    2.00     7  pidstat
04:03:00         3377    1.00    2.50    0.00    3.50    10  pidstat
04:03:00         3387  102.50    0.00    0.00  102.50     8  bt-mz.B.24
04:03:00         3389  105.50    0.00    0.00  105.50    14  bt-mz.B.24
04:03:00         3390  111.50    0.00    0.00  111.50    31  bt-mz.B.24
04:03:00         3391  109.00    0.00    0.00  109.00    12  bt-mz.B.24
04:03:00         3392  110.50    0.00    0.00  110.50     1  bt-mz.B.24
04:03:00         3393  107.00    0.00    0.00  107.00     0  bt-mz.B.24
04:03:00         3394  110.50    0.00    0.00  110.50    24  bt-mz.B.24
04:03:00         3395  108.50    0.00    0.00  108.50    22  bt-mz.B.24
04:03:00         3396  101.50    0.00    0.00  101.50    13  bt-mz.B.24
04:03:00         3397  106.50    0.00    0.00  106.50    19  bt-mz.B.24
04:03:00         3398  107.50    0.00    0.00  107.50    23  bt-mz.B.24
04:03:00         3402  107.00    0.00    0.00  107.00    30  bt-mz.B.24
04:03:00         3405  100.00    0.50    0.00  100.50     6  bt-mz.B.24
04:03:00         3407  104.50    0.00    0.00  104.50    11  bt-mz.B.24
04:03:00         3409  111.50    0.00    0.00  111.50    26  bt-mz.B.24
04:03:00         3410  107.00    0.00    0.00  107.00     4  bt-mz.B.24
04:03:00         3412  107.00    0.00    0.00  107.00    15  bt-mz.B.24
04:03:00         3414  108.00    0.00    0.00  108.00     3  bt-mz.B.24
04:03:00         3416   96.00    0.00    0.00   96.00     2  bt-mz.B.24
04:03:00         3418  103.50    0.00    0.00  103.50    29  bt-mz.B.24
04:03:00         3420  106.00    0.00    0.00  106.00    25  bt-mz.B.24
04:03:00         3422  112.00    0.00    0.00  112.00     5  bt-mz.B.24
04:03:00         3423  107.50    0.00    0.00  107.50    18  bt-mz.B.24
04:03:00         3425  105.50    0.00    0.00  105.50    16  bt-mz.B.24

04:03:00          PID    %usr %system  %guest    %CPU   CPU  Command
04:03:02         3152    0.00    0.50    0.00    0.50    19  kondemand/19
04:03:02         3157    0.00    0.50    0.00    0.50    24  kondemand/24
04:03:02         3373    0.50    0.50    0.00    1.00     9  top
04:03:02         3375    0.50    1.50    0.00    2.00     3  pidstat
04:03:02         3377    0.50    1.50    0.00    2.00    10  pidstat
04:03:02         3387  120.50    0.00    0.00  120.50     8  bt-mz.B.24
04:03:02         3389  110.50    0.00    0.00  110.50    11  bt-mz.B.24
04:03:02         3390  109.50    0.50    0.00  110.00    12  bt-mz.B.24
04:03:02         3391  108.50    0.00    0.00  108.50    24  bt-mz.B.24
04:03:02         3392  109.00    0.00    0.00  109.00     1  bt-mz.B.24
04:03:02         3393  111.50    0.00    0.00  111.50    22  bt-mz.B.24
04:03:02         3394  110.00    0.00    0.00  110.00    28  bt-mz.B.24
04:03:02         3395  108.00    0.00    0.00  108.00    16  bt-mz.B.24
04:03:02         3396  109.00    0.00    0.00  109.00    25  bt-mz.B.24
04:03:02         3397  110.00    0.00    0.00  110.00     6  bt-mz.B.24
04:03:02         3398  108.00    0.00    0.00  108.00    17  bt-mz.B.24
04:03:02         3402  107.00    0.00    0.00  107.00     9  bt-mz.B.24
04:03:02         3405  108.50    0.00    0.00  108.50     0  bt-mz.B.24
04:03:02         3407  110.00    0.00    0.00  110.00    27  bt-mz.B.24
04:03:02         3409  111.50    0.50    0.00  112.00    26  bt-mz.B.24
04:03:02         3410  112.00    0.00    0.00  112.00    20  bt-mz.B.24
04:03:02         3412  110.00    0.00    0.00  110.00    12  bt-mz.B.24
04:03:02         3414  113.50    0.00    0.00  113.50     7  bt-mz.B.24
04:03:02         3416  111.50    0.00    0.00  111.50     5  bt-mz.B.24
04:03:02         3418  106.00    0.00    0.00  106.00    30  bt-mz.B.24
04:03:02         3420  111.00    0.00    0.00  111.00    29  bt-mz.B.24
04:03:02         3422  107.50    0.00    0.00  107.50    21  bt-mz.B.24
04:03:02         3423  115.50    0.50    0.00  116.00     2  bt-mz.B.24
04:03:02         3425  109.50    0.00    0.00  109.50     3  bt-mz.B.24

04:03:02          PID    %usr %system  %guest    %CPU   CPU  Command
04:03:04         3138    0.00    0.50    0.00    0.50     5  kondemand/5
04:03:04         3149    0.00    0.50    0.00    0.50    16  kondemand/16
04:03:04         3373    0.50    0.50    0.00    1.00     9  top
04:03:04         3375    1.00    1.50    0.00    2.50     4  pidstat
04:03:04         3377    1.00    2.00    0.00    3.00    10  pidstat
04:03:04         3387  106.00    0.00    0.00  106.00     8  bt-mz.B.24
04:03:04         3389   95.00    0.00    0.00   95.00    15  bt-mz.B.24
04:03:04         3390  114.00    0.00    0.00  114.00    12  bt-mz.B.24
04:03:04         3391  105.00    0.00    0.00  105.00     8  bt-mz.B.24
04:03:04         3392  112.00    0.00    0.00  112.00     1  bt-mz.B.24
04:03:04         3393  100.00    0.00    0.00  100.00     0  bt-mz.B.24
04:03:04         3394  108.50    0.00    0.00  108.50    27  bt-mz.B.24
04:03:04         3395  110.50    0.00    0.00  110.50     7  bt-mz.B.24
04:03:04         3396  103.50    0.00    0.00  103.50    25  bt-mz.B.24
04:03:04         3397  110.50    0.00    0.00  110.50    22  bt-mz.B.24
04:03:04         3398  100.00    0.00    0.00  100.00    17  bt-mz.B.24
04:03:04         3402  108.50    0.00    0.00  108.50     8  bt-mz.B.24
04:03:04         3405  103.00    0.00    0.00  103.00    16  bt-mz.B.24
04:03:04         3407  105.00    0.00    0.00  105.00    29  bt-mz.B.24
04:03:04         3409  114.00    0.00    0.00  114.00    26  bt-mz.B.24
04:03:04         3410  111.50    0.00    0.00  111.50    20  bt-mz.B.24
04:03:04         3412  101.50    0.50    0.00  102.00    31  bt-mz.B.24
04:03:04         3414  104.50    0.00    0.00  104.50    23  bt-mz.B.24
04:03:04         3416  109.00    0.00    0.00  109.00     5  bt-mz.B.24
04:03:04         3418  111.50    0.00    0.00  111.50    30  bt-mz.B.24
04:03:04         3420  105.00    0.50    0.00  105.50    13  bt-mz.B.24
04:03:04         3422  106.50    0.00    0.00  106.50    21  bt-mz.B.24
04:03:04         3423  113.50    0.00    0.00  113.50     2  bt-mz.B.24
04:03:04         3425  112.00    0.00    0.00  112.00     3  bt-mz.B.24

04:03:04          PID    %usr %system  %guest    %CPU   CPU  Command
04:03:06         3133    0.00    0.50    0.00    0.50     0  kondemand/0
04:03:06         3134    0.00    0.50    0.00    0.50     1  kondemand/1
04:03:06         3141    0.00    0.50    0.00    0.50     8  kondemand/8
04:03:06         3373    1.00    1.00    0.00    2.00     9  top
04:03:06         3375    0.50    2.00    0.00    2.50     4  pidstat
04:03:06         3377    0.50    2.00    0.00    2.50    10  pidstat
04:03:06         3387  117.50    0.00    0.00  117.50    24  bt-mz.B.24
04:03:06         3389  100.00    0.00    0.00  100.00    31  bt-mz.B.24
04:03:06         3390  102.00    0.00    0.00  102.00    28  bt-mz.B.24
04:03:06         3391   96.50    0.00    0.00   96.50     9  bt-mz.B.24
04:03:06         3392  105.50    0.00    0.00  105.50     7  bt-mz.B.24
04:03:06         3393   99.00    0.00    0.00   99.00     7  bt-mz.B.24
04:03:06         3394  108.00    0.00    0.00  108.00    11  bt-mz.B.24
04:03:06         3395  106.50    0.00    0.00  106.50    20  bt-mz.B.24
04:03:06         3396  101.50    0.00    0.00  101.50    25  bt-mz.B.24
04:03:06         3397  111.00    0.00    0.00  111.00     6  bt-mz.B.24
04:03:06         3398  107.00    0.00    0.00  107.00     1  bt-mz.B.24
04:03:06         3402  109.50    0.00    0.00  109.50    15  bt-mz.B.24
04:03:06         3405  100.50    0.00    0.00  100.50    16  bt-mz.B.24
04:03:06         3407  110.00    0.00    0.00  110.00    13  bt-mz.B.24
04:03:06         3409  110.50    0.00    0.00  110.50    26  bt-mz.B.24
04:03:06         3410  108.50    0.00    0.00  108.50    20  bt-mz.B.24
04:03:06         3412   97.00    0.50    0.00   97.50    12  bt-mz.B.24
04:03:06         3414  104.00    0.00    0.00  104.00    23  bt-mz.B.24
04:03:06         3416  109.00    0.00    0.00  109.00     5  bt-mz.B.24
04:03:06         3418  112.00    0.00    0.00  112.00    30  bt-mz.B.24
04:03:06         3420   99.00    0.00    0.00   99.00    27  bt-mz.B.24
04:03:06         3422  100.00    0.00    0.00  100.00    17  bt-mz.B.24
04:03:06         3423  112.00    0.00    0.00  112.00    18  bt-mz.B.24
04:03:06         3425  112.50    0.00    0.00  112.50     3  bt-mz.B.24

04:03:06          PID    %usr %system  %guest    %CPU   CPU  Command
04:03:08         3021    0.00    1.00    0.00    1.00     3  flush-8:0
04:03:08         3136    0.00    0.50    0.00    0.50     3  kondemand/3
04:03:08         3142    0.00    0.50    0.00    0.50     9  kondemand/9
04:03:08         3144    0.00    0.50    0.00    0.50    11  kondemand/11
04:03:08         3373    0.50    0.50    0.00    1.00     9  top
04:03:08         3375    0.50    1.50    0.00    2.00     4  pidstat
04:03:08         3377    1.00    1.50    0.00    2.50    10  pidstat
04:03:08         3387  118.00    0.00    0.00  118.00    30  bt-mz.B.24
04:03:08         3389  110.00    0.00    0.00  110.00    31  bt-mz.B.24
04:03:08         3390  101.50    0.00    0.00  101.50    28  bt-mz.B.24
04:03:08         3391  108.50    0.00    0.00  108.50    25  bt-mz.B.24
04:03:08         3392  105.50    0.00    0.00  105.50    18  bt-mz.B.24
04:03:08         3393  102.00    0.00    0.00  102.00     7  bt-mz.B.24
04:03:08         3394  103.00    0.00    0.00  103.00     8  bt-mz.B.24
04:03:08         3395  105.50    0.00    0.00  105.50    21  bt-mz.B.24
04:03:08         3396  106.00    0.00    0.00  106.00     9  bt-mz.B.24
04:03:08         3397  106.50    0.00    0.00  106.50    20  bt-mz.B.24
04:03:08         3398  110.00    0.00    0.00  110.00     5  bt-mz.B.24
04:03:08         3402  104.00    0.00    0.00  104.00    26  bt-mz.B.24
04:03:08         3405  110.00    0.00    0.00  110.00    16  bt-mz.B.24
04:03:08         3407  113.00    0.00    0.00  113.00    29  bt-mz.B.24
04:03:08         3409  108.00    0.00    0.00  108.00    10  bt-mz.B.24
04:03:08         3410  100.50    0.00    0.00  100.50     4  bt-mz.B.24
04:03:08         3412  112.00    0.00    0.00  112.00    15  bt-mz.B.24
04:03:08         3414  109.00    0.50    0.00  109.50    22  bt-mz.B.24
04:03:08         3416  107.00    0.00    0.00  107.00     0  bt-mz.B.24
04:03:08         3418  111.50    0.00    0.00  111.50    24  bt-mz.B.24
04:03:08         3420  107.00    0.00    0.00  107.00    27  bt-mz.B.24
04:03:08         3422  109.50    0.00    0.00  109.50     1  bt-mz.B.24
04:03:08         3423  112.00    0.00    0.00  112.00    19  bt-mz.B.24
04:03:08         3425  111.00    0.00    0.00  111.00     2  bt-mz.B.24

04:03:08          PID    %usr %system  %guest    %CPU   CPU  Command
04:03:10         3162    0.00    0.50    0.00    0.50    29  kondemand/29
04:03:10         3373    0.50    0.50    0.00    1.00     9  top
04:03:10         3375    1.00    1.50    0.00    2.50    20  pidstat
04:03:10         3377    0.00    2.00    0.00    2.00    10  pidstat
04:03:10         3378    0.00    0.50    0.00    0.50    20  mpstat
04:03:10         3379    0.00    0.50    0.00    0.50    18  iostat
04:03:10         3383    0.00    0.50    0.00    0.50     3  vmstat
04:03:10         3387  115.50    0.00    0.00  115.50    30  bt-mz.B.24
04:03:10         3389  101.00    0.00    0.00  101.00    11  bt-mz.B.24
04:03:10         3390   91.00    0.00    0.00   91.00    25  bt-mz.B.24
04:03:10         3391   85.50    0.00    0.00   85.50    12  bt-mz.B.24
04:03:10         3392  108.50    0.00    0.00  108.50     7  bt-mz.B.24
04:03:10         3393  106.50    0.00    0.00  106.50     1  bt-mz.B.24
04:03:10         3394   97.00    0.00    0.00   97.00    28  bt-mz.B.24
04:03:10         3395  101.00    0.00    0.00  101.00    21  bt-mz.B.24
04:03:10         3396  107.00    0.00    0.00  107.00     9  bt-mz.B.24
04:03:10         3397  103.00    0.00    0.00  103.00    18  bt-mz.B.24
04:03:10         3398  108.00    0.00    0.00  108.00     5  bt-mz.B.24
04:03:10         3402  102.50    0.00    0.00  102.50    26  bt-mz.B.24
04:03:10         3405  104.00    0.00    0.00  104.00    16  bt-mz.B.24
04:03:10         3407  108.00    0.00    0.00  108.00    13  bt-mz.B.24
04:03:10         3409  101.00    0.00    0.00  101.00    29  bt-mz.B.24
04:03:10         3410  106.50    0.00    0.00  106.50     4  bt-mz.B.24
04:03:10         3412  106.00    0.00    0.00  106.00    31  bt-mz.B.24
04:03:10         3414  106.00    0.00    0.00  106.00    22  bt-mz.B.24
04:03:10         3416  101.50    0.00    0.00  101.50     6  bt-mz.B.24
04:03:10         3418  108.50    0.00    0.00  108.50     8  bt-mz.B.24
04:03:10         3420  103.50    0.50    0.00  104.00    27  bt-mz.B.24
04:03:10         3422  108.00    0.00    0.00  108.00     0  bt-mz.B.24
04:03:10         3423  110.00    0.00    0.00  110.00    19  bt-mz.B.24
04:03:10         3425  103.00    0.00    0.00  103.00     2  bt-mz.B.24

04:03:10          PID    %usr %system  %guest    %CPU   CPU  Command
04:03:12         1063    0.00    0.50    0.00    0.50     8  jbd2/sda1-8
04:03:12         3159    0.00    0.50    0.00    0.50    26  kondemand/26
04:03:12         3163    0.00    0.50    0.00    0.50    30  kondemand/30
04:03:12         3164    0.00    0.50    0.00    0.50    31  kondemand/31
04:03:12         3373    0.50    0.50    0.00    1.00     9  top
04:03:12         3375    0.50    2.00    0.00    2.50    20  pidstat
04:03:12         3377    1.00    2.00    0.00    3.00    10  pidstat
04:03:12         3387  119.50    0.00    0.00  119.50    14  bt-mz.B.24
04:03:12         3389  104.00    0.00    0.00  104.00    11  bt-mz.B.24
04:03:12         3390  114.00    0.00    0.00  114.00    25  bt-mz.B.24
04:03:12         3391  115.50    0.00    0.00  115.50    12  bt-mz.B.24
04:03:12         3392  111.00    0.00    0.00  111.00     7  bt-mz.B.24
04:03:12         3393  109.00    0.00    0.00  109.00     1  bt-mz.B.24
04:03:12         3394  115.00    0.00    0.00  115.00    28  bt-mz.B.24
04:03:12         3395  107.50    0.50    0.00  108.00    23  bt-mz.B.24
04:03:12         3396  100.00    0.50    0.00  100.50     9  bt-mz.B.24
04:03:12         3397  111.50    0.00    0.00  111.50    18  bt-mz.B.24
04:03:12         3398  107.50    0.00    0.00  107.50    21  bt-mz.B.24
04:03:12         3402  114.50    0.00    0.00  114.50    26  bt-mz.B.24
04:03:12         3405  108.50    0.00    0.00  108.50     0  bt-mz.B.24
04:03:12         3407  102.50    0.00    0.00  102.50    27  bt-mz.B.24
04:03:12         3409  104.00    0.00    0.00  104.00    29  bt-mz.B.24
04:03:12         3410  111.50    0.00    0.00  111.50     4  bt-mz.B.24
04:03:12         3412  112.50    0.00    0.00  112.50    15  bt-mz.B.24
04:03:12         3414  110.50    0.00    0.00  110.50    17  bt-mz.B.24
04:03:12         3416  108.50    0.00    0.00  108.50     5  bt-mz.B.24
04:03:12         3418  113.50    0.00    0.00  113.50     8  bt-mz.B.24
04:03:12         3420  105.00    0.00    0.00  105.00    31  bt-mz.B.24
04:03:12         3422  105.50    0.50    0.00  106.00    16  bt-mz.B.24
04:03:12         3423  115.00    0.50    0.00  115.50     3  bt-mz.B.24
04:03:12         3425  104.50    0.00    0.00  104.50     2  bt-mz.B.24

04:03:12          PID    %usr %system  %guest    %CPU   CPU  Command
04:03:14         3145    0.00    0.50    0.00    0.50    12  kondemand/12
04:03:14         3158    0.00    0.50    0.00    0.50    25  kondemand/25
04:03:14         3373    0.50    1.00    0.00    1.50     9  top
04:03:14         3375    0.50    1.50    0.00    2.00     4  pidstat
04:03:14         3377    0.50    2.00    0.00    2.50    26  pidstat
04:03:14         3387  100.00    0.00    0.00  100.00    14  bt-mz.B.24
04:03:14         3389   98.50    0.50    0.00   99.00    11  bt-mz.B.24
04:03:14         3390  111.00    0.00    0.00  111.00    25  bt-mz.B.24
04:03:14         3391  108.50    0.00    0.00  108.50    13  bt-mz.B.24
04:03:14         3392  104.00    0.00    0.00  104.00     6  bt-mz.B.24
04:03:14         3393  104.50    0.00    0.00  104.50     1  bt-mz.B.24
04:03:14         3394  110.00    0.00    0.00  110.00    28  bt-mz.B.24
04:03:14         3395  107.50    0.00    0.00  107.50    21  bt-mz.B.24
04:03:14         3396   97.00    0.00    0.00   97.00    30  bt-mz.B.24
04:03:14         3397  108.00    0.00    0.00  108.00    17  bt-mz.B.24
04:03:14         3398  103.00    0.00    0.00  103.00     5  bt-mz.B.24
04:03:14         3402  108.50    0.50    0.00  109.00    10  bt-mz.B.24
04:03:14         3405  108.50    0.00    0.00  108.50    16  bt-mz.B.24
04:03:14         3407  105.00    0.50    0.00  105.50    27  bt-mz.B.24
04:03:14         3409  101.00    0.00    0.00  101.00    29  bt-mz.B.24
04:03:14         3410  111.00    0.00    0.00  111.00    20  bt-mz.B.24
04:03:14         3412  101.50    0.00    0.00  101.50    15  bt-mz.B.24
04:03:14         3414   97.00    0.00    0.00   97.00    22  bt-mz.B.24
04:03:14         3416  107.00    0.50    0.00  107.50     7  bt-mz.B.24
04:03:14         3418  112.50    0.50    0.00  113.00     8  bt-mz.B.24
04:03:14         3420   97.00    0.00    0.00   97.00    31  bt-mz.B.24
04:03:14         3422  103.50    0.00    0.00  103.50     0  bt-mz.B.24
04:03:14         3423  110.00    0.00    0.00  110.00     3  bt-mz.B.24
04:03:14         3425  109.00    0.50    0.00  109.50    18  bt-mz.B.24

04:03:14          PID    %usr %system  %guest    %CPU   CPU  Command
04:03:16          162    0.00    0.50    0.00    0.50    31  events/31
04:03:16         3147    0.00    0.50    0.00    0.50    14  kondemand/14
04:03:16         3151    0.00    0.50    0.00    0.50    18  kondemand/18
04:03:16         3180    0.00    1.00    0.00    1.00    16  kipmi0
04:03:16         3367    0.00    0.50    0.00    0.50    12  mpirun
04:03:16         3373    1.00    0.00    0.00    1.00     9  top
04:03:16         3375    0.50    1.50    0.00    2.00    20  pidstat
04:03:16         3377    0.50    1.50    0.00    2.00    26  pidstat
04:03:16         3387   99.50    0.00    0.00   99.50    14  bt-mz.B.24
04:03:16         3389  101.00    0.50    0.00  101.50    24  bt-mz.B.24
04:03:16         3390  112.00    0.00    0.00  112.00     9  bt-mz.B.24
04:03:16         3391  112.00    0.00    0.00  112.00    13  bt-mz.B.24
04:03:16         3392  105.00    0.00    0.00  105.00     5  bt-mz.B.24
04:03:16         3393  109.00    0.00    0.00  109.00     0  bt-mz.B.24
04:03:16         3394  112.00    0.00    0.00  112.00    28  bt-mz.B.24
04:03:16         3395  106.50    0.00    0.00  106.50    17  bt-mz.B.24
04:03:16         3396  100.00    0.00    0.00  100.00    30  bt-mz.B.24
04:03:16         3397  105.50    0.00    0.00  105.50    22  bt-mz.B.24
04:03:16         3398  103.50    0.50    0.00  104.00    21  bt-mz.B.24
04:03:16         3402  108.50    0.00    0.00  108.50    10  bt-mz.B.24
04:03:16         3405  106.50    0.00    0.00  106.50    18  bt-mz.B.24
04:03:16         3407  103.00    0.00    0.00  103.00    27  bt-mz.B.24
04:03:16         3409  101.00    0.00    0.00  101.00    25  bt-mz.B.24
04:03:16         3410  110.50    0.00    0.00  110.50     4  bt-mz.B.24
04:03:16         3412  104.00    0.00    0.00  104.00    15  bt-mz.B.24
04:03:16         3414  106.50    0.00    0.00  106.50     6  bt-mz.B.24
04:03:16         3416  110.00    0.00    0.00  110.00    23  bt-mz.B.24
04:03:16         3418  111.00    0.00    0.00  111.00     8  bt-mz.B.24
04:03:16         3420   99.50    0.00    0.00   99.50    26  bt-mz.B.24
04:03:16         3422  103.50    0.00    0.00  103.50     2  bt-mz.B.24
04:03:16         3423  112.50    0.00    0.00  112.50    19  bt-mz.B.24
04:03:16         3425  108.00    0.00    0.00  108.00     1  bt-mz.B.24

04:03:16          PID    %usr %system  %guest    %CPU   CPU  Command
04:03:18         3373    0.50    1.00    0.00    1.50    25  top
04:03:18         3375    1.00    1.50    0.00    2.50    20  pidstat
04:03:18         3377    0.50    2.50    0.00    3.00    26  pidstat
04:03:18         3387  112.00    0.50    0.00  112.50    12  bt-mz.B.24
04:03:18         3389  108.50    0.00    0.00  108.50    25  bt-mz.B.24
04:03:18         3390  112.50    0.00    0.00  112.50     8  bt-mz.B.24
04:03:18         3391  108.50    0.00    0.00  108.50    31  bt-mz.B.24
04:03:18         3392  111.00    0.00    0.00  111.00    16  bt-mz.B.24
04:03:18         3393  106.00    0.00    0.00  106.00     0  bt-mz.B.24
04:03:18         3394  107.50    0.00    0.00  107.50    27  bt-mz.B.24
04:03:18         3395  105.50    0.00    0.00  105.50     6  bt-mz.B.24
04:03:18         3396  107.00    0.00    0.00  107.00    30  bt-mz.B.24
04:03:18         3397  109.00    0.00    0.00  109.00    23  bt-mz.B.24
04:03:18         3398  110.00    0.00    0.00  110.00     5  bt-mz.B.24
04:03:18         3402  107.50    0.00    0.00  107.50    26  bt-mz.B.24
04:03:18         3405  102.50    0.00    0.00  102.50     1  bt-mz.B.24
04:03:18         3407  107.00    0.00    0.00  107.00    11  bt-mz.B.24
04:03:18         3409  109.00    0.00    0.00  109.00    29  bt-mz.B.24
04:03:18         3410  107.00    0.00    0.00  107.00     4  bt-mz.B.24
04:03:18         3412  109.50    0.00    0.00  109.50    28  bt-mz.B.24
04:03:18         3414  109.00    0.00    0.00  109.00    22  bt-mz.B.24
04:03:18         3416  111.00    0.00    0.00  111.00     7  bt-mz.B.24
04:03:18         3418  107.00    0.00    0.00  107.00    24  bt-mz.B.24
04:03:18         3420  107.00    0.00    0.00  107.00    15  bt-mz.B.24
04:03:18         3422  103.00    0.00    0.00  103.00     2  bt-mz.B.24
04:03:18         3423  112.00    0.00    0.00  112.00    19  bt-mz.B.24
04:03:18         3425  109.00    0.00    0.00  109.00    17  bt-mz.B.24
04:03:18         3684    0.00    0.50    0.00    0.50     6  snmpd
04:03:18         3852    0.00    0.50    0.00    0.50     4  pbs_mom

04:03:18          PID    %usr %system  %guest    %CPU   CPU  Command
04:03:20          157    0.00    0.50    0.00    0.50    26  events/26
04:03:20         3146    0.00    0.50    0.00    0.50    13  kondemand/13
04:03:20         3156    0.00    0.50    0.00    0.50    23  kondemand/23
04:03:20         3161    0.00    0.50    0.00    0.50    28  kondemand/28
04:03:20         3373    0.50    0.50    0.00    1.00     9  top
04:03:20         3375    1.00    1.50    0.00    2.50     4  pidstat
04:03:20         3377    0.50    1.00    0.00    1.50    10  pidstat
04:03:20         3387  100.00    0.00    0.00  100.00    12  bt-mz.B.24
04:03:20         3389  111.50    0.00    0.00  111.50    25  bt-mz.B.24
04:03:20         3390  110.00    0.00    0.00  110.00     8  bt-mz.B.24
04:03:20         3391  104.50    0.00    0.00  104.50    15  bt-mz.B.24
04:03:20         3392   98.50    0.50    0.00   99.00    20  bt-mz.B.24
04:03:20         3393  107.50    0.00    0.00  107.50    16  bt-mz.B.24
04:03:20         3394  109.50    0.00    0.00  109.50    27  bt-mz.B.24
04:03:20         3395  106.50    0.00    0.00  106.50     1  bt-mz.B.24
04:03:20         3396  110.50    0.00    0.00  110.50    14  bt-mz.B.24
04:03:20         3397  105.00    0.00    0.00  105.00     0  bt-mz.B.24
04:03:20         3398  109.00    0.00    0.00  109.00     5  bt-mz.B.24
04:03:20         3402  105.00    0.00    0.00  105.00    26  bt-mz.B.24
04:03:20         3405   95.50    0.00    0.00   95.50    20  bt-mz.B.24
04:03:20         3407   99.00    0.50    0.00   99.50    11  bt-mz.B.24
04:03:20         3409  111.00    0.00    0.00  111.00    13  bt-mz.B.24
04:03:20         3410   96.00    0.00    0.00   96.00     3  bt-mz.B.24
04:03:20         3412  108.50    0.00    0.00  108.50    28  bt-mz.B.24
04:03:20         3414   99.50    0.00    0.00   99.50    22  bt-mz.B.24
04:03:20         3416  107.00    0.00    0.00  107.00     7  bt-mz.B.24
04:03:20         3418   99.00    0.00    0.00   99.00    24  bt-mz.B.24
04:03:20         3420  100.00    0.00    0.00  100.00    10  bt-mz.B.24
04:03:20         3422  109.00    0.00    0.00  109.00     2  bt-mz.B.24
04:03:20         3423  103.50    0.00    0.00  103.50    19  bt-mz.B.24
04:03:20         3425  100.50    0.00    0.00  100.50     6  bt-mz.B.24

04:03:20          PID    %usr %system  %guest    %CPU   CPU  Command
04:03:22         3140    0.00    0.50    0.00    0.50     7  kondemand/7
04:03:22         3148    0.00    0.50    0.00    0.50    15  kondemand/15
04:03:22         3180    0.00    0.50    0.00    0.50    16  kipmi0
04:03:22         3373    1.00    0.50    0.00    1.50     9  top
04:03:22         3375    0.50    1.50    0.00    2.00     4  pidstat
04:03:22         3377    0.50    2.00    0.00    2.50    10  pidstat
04:03:22         3387  108.50    0.00    0.00  108.50    28  bt-mz.B.24
04:03:22         3389  114.50    0.00    0.00  114.50     9  bt-mz.B.24
04:03:22         3390  101.00    0.00    0.00  101.00    26  bt-mz.B.24
04:03:22         3391  108.50    0.50    0.00  109.00    15  bt-mz.B.24
04:03:22         3392   99.00    0.00    0.00   99.00    21  bt-mz.B.24
04:03:22         3393  106.50    0.00    0.00  106.50    22  bt-mz.B.24
04:03:22         3394  109.00    0.00    0.00  109.00     8  bt-mz.B.24
04:03:22         3395  104.50    0.00    0.00  104.50     5  bt-mz.B.24
04:03:22         3396  106.00    0.00    0.00  106.00    10  bt-mz.B.24
04:03:22         3397  103.00    0.50    0.00  103.50    21  bt-mz.B.24
04:03:22         3398  107.50    0.00    0.00  107.50    19  bt-mz.B.24
04:03:22         3402  101.00    0.00    0.00  101.00    26  bt-mz.B.24
04:03:22         3405  112.50    0.00    0.00  112.50    20  bt-mz.B.24
04:03:22         3407  109.50    0.00    0.00  109.50    27  bt-mz.B.24
04:03:22         3409  112.50    0.00    0.00  112.50    13  bt-mz.B.24
04:03:22         3410  106.50    0.00    0.00  106.50     6  bt-mz.B.24
04:03:22         3412  105.00    0.50    0.00  105.50    12  bt-mz.B.24
04:03:22         3414  105.50    0.00    0.00  105.50     0  bt-mz.B.24
04:03:22         3416  112.50    0.00    0.00  112.50     7  bt-mz.B.24
04:03:22         3418  107.00    0.00    0.00  107.00    14  bt-mz.B.24
04:03:22         3420   99.50    0.00    0.00   99.50    31  bt-mz.B.24
04:03:22         3422  107.00    0.00    0.00  107.00     1  bt-mz.B.24
04:03:22         3423  111.50    0.00    0.00  111.50     3  bt-mz.B.24
04:03:22         3425  108.50    0.00    0.00  108.50    18  bt-mz.B.24

04:03:22          PID    %usr %system  %guest    %CPU   CPU  Command
04:03:24           45    0.00    0.50    0.00    0.50    10  ksoftirqd/10
04:03:24         3143    0.00    0.50    0.00    0.50    10  kondemand/10
04:03:24         3180    0.00    0.50    0.00    0.50    16  kipmi0
04:03:24         3195    0.00    0.50    0.00    0.50    26  irqbalance
04:03:24         3373    0.50    1.00    0.00    1.50     9  top
04:03:24         3375    0.50    2.00    0.00    2.50     4  pidstat
04:03:24         3377    1.50    2.50    0.00    4.00    10  pidstat
04:03:24         3387  110.00    0.00    0.00  110.00    11  bt-mz.B.24
04:03:24         3389  109.50    0.00    0.00  109.50     9  bt-mz.B.24
04:03:24         3390  100.00    0.00    0.00  100.00    13  bt-mz.B.24
04:03:24         3391  110.00    0.00    0.00  110.00    30  bt-mz.B.24
04:03:24         3392  105.00    0.00    0.00  105.00     3  bt-mz.B.24
04:03:24         3393  113.00    0.00    0.00  113.00    22  bt-mz.B.24
04:03:24         3394  112.50    0.00    0.00  112.50    24  bt-mz.B.24
04:03:24         3395  105.50    0.00    0.00  105.50     3  bt-mz.B.24
04:03:24         3396  104.50    0.00    0.00  104.50    26  bt-mz.B.24
04:03:24         3397  108.50    0.00    0.00  108.50     0  bt-mz.B.24
04:03:24         3398  106.00    0.00    0.00  106.00    19  bt-mz.B.24
04:03:24         3402  104.50    0.00    0.00  104.50    14  bt-mz.B.24
04:03:24         3405  107.50    0.50    0.00  108.00     7  bt-mz.B.24
04:03:24         3407  113.00    0.00    0.00  113.00    27  bt-mz.B.24
04:03:24         3409  110.00    0.00    0.00  110.00    28  bt-mz.B.24
04:03:24         3410  107.50    0.00    0.00  107.50    21  bt-mz.B.24
04:03:24         3412  106.00    0.00    0.00  106.00    12  bt-mz.B.24
04:03:24         3414  113.50    0.00    0.00  113.50    16  bt-mz.B.24
04:03:24         3416  108.00    0.00    0.00  108.00    20  bt-mz.B.24
04:03:24         3418  112.50    0.00    0.00  112.50     8  bt-mz.B.24
04:03:24         3420  111.00    0.00    0.00  111.00    31  bt-mz.B.24
04:03:24         3422  111.50    0.00    0.00  111.50    17  bt-mz.B.24
04:03:24         3423  101.00    0.00    0.00  101.00     1  bt-mz.B.24
04:03:24         3425  114.00    0.00    0.00  114.00     2  bt-mz.B.24

04:03:24          PID    %usr %system  %guest    %CPU   CPU  Command
04:03:26         3155    0.00    0.50    0.00    0.50    22  kondemand/22
04:03:26         3373    0.50    0.50    0.00    1.00    25  top
04:03:26         3375    1.00    1.50    0.00    2.50     4  pidstat
04:03:26         3377    0.50    2.00    0.00    2.50    10  pidstat
04:03:26         3387  112.00    0.00    0.00  112.00     8  bt-mz.B.24
04:03:26         3389  105.00    0.00    0.00  105.00     9  bt-mz.B.24
04:03:26         3390  109.50    0.00    0.00  109.50    29  bt-mz.B.24
04:03:26         3391  108.50    0.00    0.00  108.50    13  bt-mz.B.24
04:03:26         3392  100.50    0.00    0.00  100.50    18  bt-mz.B.24
04:03:26         3393  107.00    0.00    0.00  107.00     0  bt-mz.B.24
04:03:26         3394  101.00    0.50    0.00  101.50    24  bt-mz.B.24
04:03:26         3395  102.00    0.00    0.00  102.00     3  bt-mz.B.24
04:03:26         3396  103.00    0.00    0.00  103.00    11  bt-mz.B.24
04:03:26         3397  107.50    0.00    0.00  107.50     6  bt-mz.B.24
04:03:26         3398  103.50    0.00    0.00  103.50     7  bt-mz.B.24
04:03:26         3402  109.00    0.00    0.00  109.00    25  bt-mz.B.24
04:03:26         3405  104.00    0.00    0.00  104.00    23  bt-mz.B.24
04:03:26         3407  108.00    0.00    0.00  108.00    27  bt-mz.B.24
04:03:26         3409  110.00    0.00    0.00  110.00    28  bt-mz.B.24
04:03:26         3410  112.00    0.00    0.00  112.00    21  bt-mz.B.24
04:03:26         3412  110.00    0.00    0.00  110.00    26  bt-mz.B.24
04:03:26         3414  103.50    0.00    0.00  103.50    16  bt-mz.B.24
04:03:26         3416  111.50    0.00    0.00  111.50    20  bt-mz.B.24
04:03:26         3418  108.00    0.00    0.00  108.00    15  bt-mz.B.24
04:03:26         3420  108.50    0.00    0.00  108.50    30  bt-mz.B.24
04:03:26         3422  111.00    0.00    0.00  111.00    17  bt-mz.B.24
04:03:26         3423  104.00    0.00    0.00  104.00    19  bt-mz.B.24
04:03:26         3425  109.50    0.00    0.00  109.50     2  bt-mz.B.24
04:03:26         3852    0.50    0.50    0.00    1.00    11  pbs_mom
