Linux 2.6.32-279.14.1.el6.x86_64 (compute-641-14.local) 	04/21/20 	_x86_64_	(32 CPU)

03:45:52     CPU    %usr   %nice    %sys %iowait    %irq   %soft  %steal  %guest   %idle
03:45:54     all   72.47    0.00    4.55    0.00    0.00    0.08    0.00    0.00   22.90
03:45:56     all   93.56    0.00    0.16    0.00    0.00    0.00    0.00    0.00    6.28
03:45:58     all   97.23    0.00    0.17    0.00    0.00    0.00    0.00    0.00    2.59
03:46:00     all   95.17    0.00    0.16    0.00    0.00    0.00    0.00    0.00    4.67
03:46:02     all   95.33    0.00    0.17    0.00    0.00    0.00    0.00    0.00    4.50
03:46:04     all   94.80    0.00    0.17    0.00    0.00    0.00    0.00    0.00    5.03
03:46:06     all   92.72    0.00    0.16    0.00    0.00    0.00    0.00    0.00    7.13
03:46:08     all   96.30    0.00    0.16    0.00    0.00    0.00    0.00    0.00    3.55
03:46:10     all   95.92    0.00    0.17    0.00    0.00    0.00    0.00    0.00    3.91
03:46:12     all   94.53    0.00    0.19    0.00    0.00    0.00    0.00    0.00    5.28
03:46:14     all   96.11    0.00    0.16    0.00    0.00    0.00    0.00    0.00    3.74
03:46:16     all   91.12    0.00    0.17    0.00    0.00    0.00    0.00    0.00    8.70
03:46:18     all   95.64    0.00    0.19    0.00    0.00    0.00    0.00    0.00    4.17
03:46:20     all   93.01    0.00    0.11    0.00    0.00    0.00    0.00    0.00    6.88
03:46:22     all   94.91    0.00    0.17    0.00    0.00    0.00    0.00    0.00    4.92
03:46:24     all   97.00    0.00    0.17    0.00    0.00    0.00    0.00    0.00    2.83
03:46:26     all   94.47    0.00    0.19    0.00    0.00    0.00    0.00    0.00    5.34
03:46:28     all   93.75    0.00    0.23    0.00    0.00    0.02    0.00    0.00    6.00
03:46:30     all   90.37    0.00    0.16    0.00    0.00    0.00    0.00    0.00    9.47
03:46:32     all   96.34    0.00    0.16    0.00    0.00    0.00    0.00    0.00    3.50
03:46:34     all   95.19    0.00    0.19    0.00    0.00    0.00    0.00    0.00    4.62
03:46:36     all   92.92    0.00    0.16    0.00    0.00    0.00    0.00    0.00    6.92
03:46:38     all   91.62    0.00    0.17    0.00    0.00    0.00    0.00    0.00    8.21
03:46:40     all   95.44    0.00    0.16    0.00    0.00    0.00    0.00    0.00    4.41
03:46:42     all   93.84    0.00    0.16    0.00    0.00    0.00    0.00    0.00    6.00
03:46:44     all   93.23    0.00    0.17    0.00    0.00    0.00    0.00    0.00    6.59
03:46:46     all   93.56    0.00    0.17    0.00    0.00    0.00    0.00    0.00    6.27
03:46:48     all   93.95    0.00    0.17    0.00    0.00    0.00    0.00    0.00    5.88
03:46:50     all   93.87    0.00    0.16    0.00    0.00    0.00    0.00    0.00    5.97
03:46:52     all   93.23    0.00    0.16    0.00    0.00    0.00    0.00    0.00    6.61
03:46:54     all   93.22    0.00    0.16    0.00    0.00    0.00    0.00    0.00    6.63
03:46:56     all   93.31    0.00    0.19    0.00    0.00    0.00    0.00    0.00    6.50
03:46:58     all   93.42    0.00    0.20    0.00    0.00    0.00    0.00    0.00    6.38
03:47:00     all   95.05    0.00    0.17    0.00    0.00    0.00    0.00    0.00    4.78
03:47:02     all   96.91    0.00    0.16    0.02    0.00    0.00    0.00    0.00    2.92
03:47:04     all   91.08    0.00    0.17    0.00    0.00    0.00    0.00    0.00    8.75
03:47:06     all   96.92    0.00    0.16    0.00    0.00    0.00    0.00    0.00    2.92
03:47:08     all   94.22    0.00    0.14    0.00    0.00    0.00    0.00    0.00    5.64
03:47:10     all   91.37    0.00    0.17    0.00    0.00    0.00    0.00    0.00    8.46
03:47:12     all   92.25    0.00    0.13    0.00    0.00    0.00    0.00    0.00    7.63
03:47:14     all   96.89    0.00    0.17    0.00    0.00    0.00    0.00    0.00    2.94
03:47:16     all   93.03    0.00    0.16    0.00    0.00    0.00    0.00    0.00    6.81
03:47:18     all   94.73    0.00    0.17    0.00    0.00    0.00    0.00    0.00    5.09
03:47:20     all   95.06    0.00    0.17    0.00    0.00    0.00    0.00    0.00    4.77
03:47:22     all   94.97    0.00    0.17    0.00    0.00    0.00    0.00    0.00    4.86
03:47:24     all   90.78    0.00    0.16    0.00    0.00    0.00    0.00    0.00    9.07
03:47:26     all   93.01    0.00    0.16    0.00    0.00    0.00    0.00    0.00    6.83
03:47:28     all   94.22    0.00    0.20    0.00    0.00    0.00    0.00    0.00    5.58
03:47:30     all   94.25    0.00    0.16    0.00    0.00    0.00    0.00    0.00    5.59
03:47:32     all   94.19    0.00    0.16    0.00    0.00    0.00    0.00    0.00    5.66
03:47:34     all   93.03    0.00    0.17    0.00    0.00    0.00    0.00    0.00    6.80
03:47:36     all   94.61    0.00    0.16    0.00    0.00    0.00    0.00    0.00    5.24
03:47:38     all   95.97    0.00    0.16    0.00    0.00    0.00    0.00    0.00    3.88
03:47:40     all   95.89    0.00    0.17    0.00    0.00    0.00    0.00    0.00    3.94
03:47:42     all   90.73    0.00    0.17    0.00    0.00    0.00    0.00    0.00    9.10
03:47:44     all   92.78    0.00    0.14    0.00    0.00    0.00    0.00    0.00    7.08
03:47:46     all   95.28    0.00    0.17    0.00    0.00    0.00    0.00    0.00    4.55
03:47:48     all   95.26    0.00    0.19    0.00    0.00    0.00    0.00    0.00    4.55
03:47:50     all   91.97    0.00    0.19    0.00    0.00    0.00    0.00    0.00    7.84
03:47:52     all   95.53    0.00    0.19    0.00    0.00    0.00    0.00    0.00    4.28
03:47:54     all   89.38    0.00    0.19    0.00    0.00    0.00    0.00    0.00   10.44
03:47:56     all   93.29    0.00    0.17    0.00    0.00    0.00    0.00    0.00    6.53
03:47:58     all   94.39    0.00    0.17    0.00    0.00    0.00    0.00    0.00    5.44
03:48:00     all   95.87    0.00    0.17    0.00    0.00    0.00    0.00    0.00    3.95
03:48:02     all   92.56    0.00    0.16    0.00    0.00    0.02    0.00    0.00    7.27
03:48:04     all   96.25    0.00    0.19    0.00    0.00    0.00    0.00    0.00    3.56
03:48:06     all   92.47    0.00    0.16    0.00    0.00    0.00    0.00    0.00    7.38
03:48:08     all   94.33    0.00    0.16    0.00    0.00    0.00    0.00    0.00    5.52
03:48:10     all   94.61    0.00    0.17    0.00    0.00    0.00    0.00    0.00    5.22
03:48:12     all   94.44    0.00    0.16    0.00    0.00    0.00    0.00    0.00    5.41
03:48:14     all   93.01    0.00    0.14    0.00    0.00    0.00    0.00    0.00    6.85
03:48:16     all   94.77    0.00    0.17    0.00    0.00    0.00    0.00    0.00    5.06
03:48:18     all   94.65    0.00    0.17    0.00    0.00    0.00    0.00    0.00    5.17
03:48:20     all   91.67    0.00    0.16    0.00    0.00    0.00    0.00    0.00    8.17
03:48:22     all   93.34    0.00    0.17    0.00    0.00    0.00    0.00    0.00    6.49
03:48:24     all   94.31    0.00    0.17    0.00    0.00    0.00    0.00    0.00    5.52
03:48:26     all   94.26    0.00    0.20    0.00    0.00    0.00    0.00    0.00    5.53
03:48:28     all   92.79    0.00    0.17    0.00    0.00    0.00    0.00    0.00    7.03
03:48:30     all   96.26    0.00    0.17    0.00    0.00    0.00    0.00    0.00    3.56
03:48:32     all   92.81    0.00    0.13    0.00    0.00    0.00    0.00    0.00    7.06
03:48:34     all   96.31    0.00    0.19    0.00    0.00    0.00    0.00    0.00    3.50
03:48:36     all   95.69    0.00    0.16    0.00    0.00    0.00    0.00    0.00    4.16
03:48:38     all   94.56    0.00    0.14    0.02    0.00    0.00    0.00    0.00    5.28
03:48:40     all   95.47    0.00    0.19    0.00    0.00    0.00    0.00    0.00    4.35
03:48:42     all   89.03    0.00    0.14    0.00    0.00    0.00    0.00    0.00   10.83
03:48:44     all   93.56    0.00    0.14    0.00    0.00    0.00    0.00    0.00    6.30
03:48:46     all   93.56    0.00    0.16    0.00    0.00    0.00    0.00    0.00    6.28
03:48:48     all   91.17    0.00    0.16    0.00    0.00    0.00    0.00    0.00    8.67
03:48:50     all   96.55    0.00    0.14    0.00    0.00    0.00    0.00    0.00    3.31
03:48:52     all   91.71    0.00    0.16    0.00    0.00    0.00    0.00    0.00    8.13
03:48:54     all   95.11    0.00    0.14    0.00    0.00    0.00    0.00    0.00    4.75
03:48:56     all   92.99    0.00    0.17    0.00    0.00    0.00    0.00    0.00    6.84
03:48:58     all   92.70    0.00    0.19    0.00    0.00    0.00    0.00    0.00    7.11
03:49:00     all   95.56    0.00    0.14    0.00    0.00    0.00    0.00    0.00    4.30
03:49:02     all   91.62    0.00    0.17    0.00    0.00    0.02    0.00    0.00    8.19
03:49:04     all   96.58    0.00    0.19    0.00    0.00    0.00    0.00    0.00    3.24
03:49:06     all   94.76    0.00    0.16    0.00    0.00    0.00    0.00    0.00    5.08
03:49:08     all   94.61    0.00    0.17    0.00    0.00    0.00    0.00    0.00    5.22
03:49:10     all   93.70    0.00    0.17    0.00    0.00    0.00    0.00    0.00    6.13
03:49:12     all   94.67    0.00    0.19    0.00    0.00    0.00    0.00    0.00    5.14
03:49:14     all   93.64    0.00    0.17    0.00    0.00    0.00    0.00    0.00    6.19
03:49:16     all   90.62    0.00    0.16    0.00    0.00    0.00    0.00    0.00    9.22
03:49:18     all   94.87    0.00    0.17    0.00    0.00    0.00    0.00    0.00    4.95
03:49:20     all   92.55    0.00    0.19    0.00    0.00    0.00    0.00    0.00    7.27
03:49:22     all   92.11    0.00    0.16    0.00    0.00    0.00    0.00    0.00    7.74
03:49:24     all   94.65    0.00    0.16    0.00    0.00    0.00    0.00    0.00    5.19
03:49:26     all   94.20    0.00    0.16    0.00    0.00    0.00    0.00    0.00    5.64
03:49:28     all   93.20    0.00    0.19    0.00    0.00    0.00    0.00    0.00    6.61
03:49:30     all   97.48    0.00    0.19    0.00    0.00    0.00    0.00    0.00    2.33
03:49:32     all   92.95    0.00    0.19    0.00    0.00    0.00    0.00    0.00    6.86
03:49:34     all   95.92    0.00    0.16    0.00    0.00    0.00    0.00    0.00    3.92
03:49:36     all   88.65    0.00    0.16    0.00    0.00    0.00    0.00    0.00   11.19
03:49:38     all   94.80    0.00    0.17    0.00    0.00    0.00    0.00    0.00    5.03
03:49:40     all   92.75    0.00    0.14    0.00    0.00    0.00    0.00    0.00    7.11
03:49:42     all   96.75    0.00    0.17    0.00    0.00    0.00    0.00    0.00    3.08
03:49:44     all   95.53    0.00    0.19    0.00    0.00    0.00    0.00    0.00    4.28
03:49:46     all   95.55    0.00    0.17    0.00    0.00    0.00    0.00    0.00    4.28
03:49:48     all   95.39    0.00    0.17    0.00    0.00    0.00    0.00    0.00    4.44
03:49:50     all   93.40    0.00    0.17    0.00    0.00    0.00    0.00    0.00    6.42
03:49:52     all   94.78    0.00    0.16    0.00    0.00    0.00    0.00    0.00    5.06
03:49:54     all   94.31    0.00    0.17    0.00    0.00    0.00    0.00    0.00    5.51
03:49:56     all   95.76    0.00    0.17    0.00    0.00    0.00    0.00    0.00    4.06
03:49:58     all   94.05    0.00    0.17    0.00    0.00    0.00    0.00    0.00    5.78
03:50:00     all   91.81    0.00    0.19    0.00    0.00    0.00    0.00    0.00    8.00
03:50:02     all   90.37    0.00    0.19    0.00    0.00    0.00    0.00    0.00    9.44
03:50:04     all   90.65    0.00    0.17    0.00    0.00    0.00    0.00    0.00    9.17
03:50:06     all   93.56    0.00    0.16    0.00    0.00    0.00    0.00    0.00    6.28
03:50:08     all   93.80    0.00    0.14    0.00    0.00    0.00    0.00    0.00    6.06
03:50:10     all   92.19    0.00    0.16    0.00    0.00    0.00    0.00    0.00    7.66
03:50:12     all   94.26    0.00    0.16    0.00    0.00    0.00    0.00    0.00    5.58
03:50:14     all   92.87    0.00    0.19    0.00    0.00    0.00    0.00    0.00    6.94
03:50:16     all   90.51    0.00    0.19    0.00    0.00    0.00    0.00    0.00    9.30
