Linux 2.6.32-279.14.1.el6.x86_64 (compute-641-14.local) 	04/21/20 	_x86_64_	(32 CPU)

04:20:17     CPU    %usr   %nice    %sys %iowait    %irq   %soft  %steal  %guest   %idle
04:20:19     all   61.03    0.00    4.97    0.00    0.00    0.05    0.00    0.00   33.95
04:20:21     all   78.70    0.00    0.19    0.00    0.00    0.00    0.00    0.00   21.11
04:20:23     all   81.28    0.00    0.20    0.02    0.00    0.00    0.00    0.00   18.50
04:20:25     all   81.29    0.00    0.19    0.00    0.00    0.00    0.00    0.00   18.52
04:20:27     all   80.84    0.00    0.19    0.00    0.00    0.00    0.00    0.00   18.97
04:20:29     all   78.40    0.00    0.17    0.00    0.00    0.00    0.00    0.00   21.43
04:20:31     all   80.15    0.00    0.19    0.00    0.00    0.00    0.00    0.00   19.66
04:20:33     all   82.73    0.00    0.19    0.00    0.00    0.00    0.00    0.00   17.08
04:20:35     all   80.15    0.00    0.17    0.00    0.00    0.00    0.00    0.00   19.68
04:20:37     all   80.68    0.00    0.17    0.00    0.00    0.00    0.00    0.00   19.15
04:20:39     all   80.87    0.00    0.19    0.00    0.00    0.00    0.00    0.00   18.94
04:20:41     all   81.70    0.00    0.20    0.00    0.00    0.00    0.00    0.00   18.10
04:20:43     all   82.26    0.00    0.20    0.00    0.00    0.02    0.00    0.00   17.52
04:20:45     all   83.75    0.00    0.19    0.00    0.00    0.00    0.00    0.00   16.07
04:20:47     all   82.46    0.00    0.17    0.00    0.00    0.00    0.00    0.00   17.37
04:20:49     all   80.02    0.00    0.17    0.00    0.00    0.00    0.00    0.00   19.81
04:20:51     all   82.75    0.00    0.20    0.00    0.00    0.00    0.00    0.00   17.04
04:20:53     all   82.80    0.00    0.20    0.00    0.00    0.00    0.00    0.00   16.99
04:20:55     all   81.78    0.00    0.19    0.00    0.00    0.00    0.00    0.00   18.03
04:20:57     all   81.90    0.00    0.19    0.00    0.00    0.00    0.00    0.00   17.91
04:20:59     all   80.68    0.00    0.19    0.02    0.00    0.00    0.00    0.00   19.12
04:21:01     all   79.56    0.00    0.22    0.00    0.00    0.00    0.00    0.00   20.22
04:21:03     all   80.14    0.00    0.17    0.00    0.00    0.00    0.00    0.00   19.69
04:21:05     all   81.95    0.00    0.19    0.00    0.00    0.00    0.00    0.00   17.86
04:21:07     all   82.51    0.00    0.19    0.00    0.00    0.00    0.00    0.00   17.30
