Linux 2.6.32-279.14.1.el6.x86_64 (compute-641-14.local) 	04/21/20 	_x86_64_	(32 CPU)

02:19:13          PID    %usr %system  %guest    %CPU   CPU  Command
02:19:15         3133    0.00    0.49    0.00    0.49     0  kondemand/0
02:19:15         3142    0.00    0.49    0.00    0.49     9  kondemand/9
02:19:15         3146    0.00    0.49    0.00    0.49    13  kondemand/13
02:19:15         3163    0.00    0.49    0.00    0.49    30  kondemand/30
02:19:15         4128    0.00    0.49    0.00    0.49     0  gmond
02:19:15        13285    2.45    0.98    0.00    3.43    12  mpirun
02:19:15        13291    0.49    0.49    0.00    0.98     2  top
02:19:15        13293    0.49    1.96    0.00    2.45    16  pidstat
02:19:15        13295    0.00    0.98    0.00    0.98     8  pidstat
02:19:15        13305  132.84    9.80    0.00  142.65     0  bt-mz.B.32
02:19:15        13306  136.27   15.20    0.00  151.47    17  bt-mz.B.32
02:19:15        13307  133.33   16.18    0.00  149.51    18  bt-mz.B.32
02:19:15        13308  118.63   20.59    0.00  139.22    19  bt-mz.B.32
02:19:15        13309  118.14   20.10    0.00  138.24    20  bt-mz.B.32
02:19:15        13310  115.69   22.06    0.00  137.75    21  bt-mz.B.32
02:19:15        13311  106.37   23.53    0.00  129.90    22  bt-mz.B.32
02:19:15        13312  108.33   21.57    0.00  129.90    23  bt-mz.B.32
02:19:15        13313  101.47   26.47    0.00  127.94    24  bt-mz.B.32
02:19:15        13315   98.04   27.45    0.00  125.49     9  bt-mz.B.32
02:19:15        13317   97.06   31.37    0.00  128.43    26  bt-mz.B.32
02:19:15        13319   99.51   29.41    0.00  128.92    27  bt-mz.B.32
02:19:15        13320   95.10   31.86    0.00  126.96    28  bt-mz.B.32
02:19:15        13323   95.59   31.86    0.00  127.45    29  bt-mz.B.32
02:19:15        13325   92.16   34.80    0.00  126.96    30  bt-mz.B.32

02:19:15          PID    %usr %system  %guest    %CPU   CPU  Command
02:19:17          140    0.00    0.50    0.00    0.50     9  events/9
02:19:17         3138    0.00    0.50    0.00    0.50     5  kondemand/5
02:19:17         3156    0.00    0.50    0.00    0.50    23  kondemand/23
02:19:17         3161    0.00    0.50    0.00    0.50    28  kondemand/28
02:19:17         3180    0.00    0.50    0.00    0.50     0  kipmi0
02:19:17         4128    0.50    0.50    0.00    1.00     0  gmond
02:19:17        13291    0.50    1.00    0.00    1.50     2  top
02:19:17        13293    1.00    1.50    0.00    2.50    16  pidstat
02:19:17        13295    1.00    2.50    0.00    3.50     8  pidstat
02:19:17        13305  162.50    4.50    0.00  167.00     0  bt-mz.B.32
02:19:17        13306  162.00   14.00    0.00  176.00    17  bt-mz.B.32
02:19:17        13307  157.50   14.50    0.00  172.00    18  bt-mz.B.32
02:19:17        13308  142.50   18.00    0.00  160.50    19  bt-mz.B.32
02:19:17        13309  139.50   20.00    0.00  159.50    20  bt-mz.B.32
02:19:17        13310  137.00   21.50    0.00  158.50    21  bt-mz.B.32
02:19:17        13311  125.50   24.00    0.00  149.50    22  bt-mz.B.32
02:19:17        13312  126.00   22.50    0.00  148.50    23  bt-mz.B.32
02:19:17        13313  120.50   27.00    0.00  147.50    24  bt-mz.B.32
02:19:17        13315  118.00   28.00    0.00  146.00     9  bt-mz.B.32
02:19:17        13317  113.50   34.50    0.00  148.00    26  bt-mz.B.32
02:19:17        13319  117.00   32.00    0.00  149.00    27  bt-mz.B.32
02:19:17        13320  110.50   36.00    0.00  146.50    28  bt-mz.B.32
02:19:17        13323  113.00   34.50    0.00  147.50    29  bt-mz.B.32
02:19:17        13325  108.00   39.00    0.00  147.00    30  bt-mz.B.32

02:19:17          PID    %usr %system  %guest    %CPU   CPU  Command
02:19:19          158    0.00    0.50    0.00    0.50    27  events/27
02:19:19          160    0.00    0.50    0.00    0.50    29  events/29
02:19:19         3135    0.00    0.50    0.00    0.50     2  kondemand/2
02:19:19         3137    0.00    0.50    0.00    0.50     4  kondemand/4
02:19:19         3139    0.00    0.50    0.00    0.50     6  kondemand/6
02:19:19         3159    0.00    0.50    0.00    0.50    26  kondemand/26
02:19:19         4128    0.00    0.50    0.00    0.50     0  gmond
02:19:19        13291    0.50    0.50    0.00    1.00     2  top
02:19:19        13293    0.50    2.00    0.00    2.50    16  pidstat
02:19:19        13295    1.00    2.00    0.00    3.00     8  pidstat
02:19:19        13305  171.00    1.50    0.00  172.50     0  bt-mz.B.32
02:19:19        13306  173.50   10.00    0.00  183.50    17  bt-mz.B.32
02:19:19        13307  169.00   11.00    0.00  180.00    18  bt-mz.B.32
02:19:19        13308  148.00   16.50    0.00  164.50    19  bt-mz.B.32
02:19:19        13309  148.50   17.50    0.00  166.00    20  bt-mz.B.32
02:19:19        13310  146.50   18.50    0.00  165.00    21  bt-mz.B.32
02:19:19        13311  129.00   23.50    0.00  152.50    22  bt-mz.B.32
02:19:19        13312  130.00   22.50    0.00  152.50    23  bt-mz.B.32
02:19:19        13313  126.50   25.00    0.00  151.50    24  bt-mz.B.32
02:19:19        13315  123.00   26.50    0.00  149.50     9  bt-mz.B.32
02:19:19        13317  118.00   33.50    0.00  151.50    26  bt-mz.B.32
02:19:19        13319  122.00   30.00    0.00  152.00    27  bt-mz.B.32
02:19:19        13320  119.00   32.50    0.00  151.50    28  bt-mz.B.32
02:19:19        13323  116.00   34.50    0.00  150.50    29  bt-mz.B.32
02:19:19        13325  114.00   37.00    0.00  151.00    30  bt-mz.B.32

02:19:19          PID    %usr %system  %guest    %CPU   CPU  Command
02:19:21         3149    0.00    0.50    0.00    0.50    16  kondemand/16
02:19:21         3151    0.00    0.50    0.00    0.50    18  kondemand/18
02:19:21         3180    0.00    0.50    0.00    0.50    16  kipmi0
02:19:21        13291    0.50    0.50    0.00    1.00     2  top
02:19:21        13293    0.50    2.50    0.00    3.00    16  pidstat
02:19:21        13295    1.00    2.00    0.00    3.00     8  pidstat
02:19:21        13305  171.00    1.50    0.00  172.50     0  bt-mz.B.32
02:19:21        13306  171.50   10.50    0.00  182.00    17  bt-mz.B.32
02:19:21        13307  167.50   11.00    0.00  178.50    18  bt-mz.B.32
02:19:21        13308  149.00   16.00    0.00  165.00    19  bt-mz.B.32
02:19:21        13309  146.50   18.00    0.00  164.50    20  bt-mz.B.32
02:19:21        13310  143.00   20.00    0.00  163.00    21  bt-mz.B.32
02:19:21        13311  132.00   22.00    0.00  154.00    22  bt-mz.B.32
02:19:21        13312  132.00   22.00    0.00  154.00    23  bt-mz.B.32
02:19:21        13313  130.00   21.50    0.00  151.50    24  bt-mz.B.32
02:19:21        13315  122.50   26.50    0.00  149.00     9  bt-mz.B.32
02:19:21        13317  121.50   30.50    0.00  152.00    26  bt-mz.B.32
02:19:21        13319  122.00   30.50    0.00  152.50    27  bt-mz.B.32
02:19:21        13320  116.50   33.50    0.00  150.00    28  bt-mz.B.32
02:19:21        13323  118.00   34.00    0.00  152.00    29  bt-mz.B.32
02:19:21        13325  114.50   36.50    0.00  151.00    30  bt-mz.B.32

02:19:21          PID    %usr %system  %guest    %CPU   CPU  Command
02:19:23         3134    0.00    0.50    0.00    0.50     1  kondemand/1
02:19:23         3143    0.00    0.50    0.00    0.50    10  kondemand/10
02:19:23         3145    0.00    0.50    0.00    0.50    12  kondemand/12
02:19:23         3157    0.00    0.50    0.00    0.50    24  kondemand/24
02:19:23         3180    0.00    0.50    0.00    0.50    16  kipmi0
02:19:23         4128    0.00    0.50    0.00    0.50     0  gmond
02:19:23        13291    0.50    1.00    0.00    1.50     2  top
02:19:23        13293    0.50    2.00    0.00    2.50     0  pidstat
02:19:23        13295    0.50    2.00    0.00    2.50     8  pidstat
02:19:23        13305  166.50    3.00    0.00  169.50    16  bt-mz.B.32
02:19:23        13306  168.50   11.50    0.00  180.00    17  bt-mz.B.32
02:19:23        13307  164.00   13.00    0.00  177.00    18  bt-mz.B.32
02:19:23        13308  144.50   18.00    0.00  162.50    19  bt-mz.B.32
02:19:23        13309  143.50   19.50    0.00  163.00    20  bt-mz.B.32
02:19:23        13310  140.50   21.50    0.00  162.00    21  bt-mz.B.32
02:19:23        13311  128.00   23.00    0.00  151.00    22  bt-mz.B.32
02:19:23        13312  127.00   22.50    0.00  149.50    23  bt-mz.B.32
02:19:23        13313  124.50   25.00    0.00  149.50    24  bt-mz.B.32
02:19:23        13315  120.00   28.00    0.00  148.00     9  bt-mz.B.32
02:19:23        13317  116.00   33.00    0.00  149.00    26  bt-mz.B.32
02:19:23        13319  119.00   31.50    0.00  150.50    27  bt-mz.B.32
02:19:23        13320  114.50   35.00    0.00  149.50    28  bt-mz.B.32
02:19:23        13323  113.50   35.00    0.00  148.50    29  bt-mz.B.32
02:19:23        13325  110.00   39.00    0.00  149.00    30  bt-mz.B.32
