Linux 2.6.32-279.14.1.el6.x86_64 (compute-641-14.local) 	04/21/20 	_x86_64_	(32 CPU)

03:01:46     CPU    %usr   %nice    %sys %iowait    %irq   %soft  %steal  %guest   %idle
03:01:48     all   61.43    0.00    4.96    0.00    0.00    0.08    0.00    0.00   33.54
03:01:50     all   79.28    0.00    0.17    0.00    0.00    0.00    0.00    0.00   20.55
03:01:52     all   78.86    0.00    0.19    0.00    0.00    0.00    0.00    0.00   20.96
03:01:54     all   78.68    0.00    0.17    0.00    0.00    0.00    0.00    0.00   21.15
03:01:56     all   80.23    0.00    0.17    0.00    0.00    0.00    0.00    0.00   19.60
03:01:58     all   80.26    0.00    0.19    0.00    0.00    0.00    0.00    0.00   19.56
03:02:00     all   81.85    0.00    0.19    0.00    0.00    0.00    0.00    0.00   17.96
03:02:02     all   82.19    0.00    0.17    0.00    0.00    0.00    0.00    0.00   17.63
03:02:04     all   82.44    0.00    0.19    0.00    0.00    0.00    0.00    0.00   17.38
03:02:06     all   82.02    0.00    0.17    0.00    0.00    0.00    0.00    0.00   17.81
03:02:08     all   81.38    0.00    0.20    0.00    0.00    0.00    0.00    0.00   18.42
03:02:10     all   82.07    0.00    0.17    0.00    0.00    0.00    0.00    0.00   17.76
03:02:12     all   81.12    0.00    0.16    0.00    0.00    0.00    0.00    0.00   18.73
03:02:14     all   78.77    0.00    0.17    0.00    0.00    0.00    0.00    0.00   21.06
03:02:16     all   81.37    0.00    0.17    0.00    0.00    0.00    0.00    0.00   18.46
03:02:18     all   81.62    0.00    0.17    0.00    0.00    0.00    0.00    0.00   18.21
03:02:20     all   81.46    0.00    0.20    0.00    0.00    0.00    0.00    0.00   18.34
03:02:22     all   80.28    0.00    0.16    0.02    0.00    0.00    0.00    0.00   19.55
03:02:24     all   81.56    0.00    0.20    0.00    0.00    0.00    0.00    0.00   18.24
03:02:26     all   83.68    0.00    0.19    0.00    0.00    0.00    0.00    0.00   16.14
03:02:28     all   81.76    0.00    0.19    0.00    0.00    0.00    0.00    0.00   18.05
03:02:30     all   81.12    0.00    0.17    0.00    0.00    0.00    0.00    0.00   18.71
03:02:32     all   82.07    0.00    0.19    0.00    0.00    0.00    0.00    0.00   17.74
03:02:34     all   83.08    0.00    0.17    0.00    0.00    0.02    0.00    0.00   16.73
03:02:36     all   83.46    0.00    0.20    0.00    0.00    0.00    0.00    0.00   16.33
