procs -----------memory---------- ---swap-- -----io---- --system-- -----cpu-----
 r  b   swpd   free   buff  cache   si   so    bi    bo   in   cs us sy id wa st
10  0  13768 64940840  38144 140412    0    0     0     1    0    0 65  1 34  0  0	
49  0  13768 64567128  38144 165996    0    0     0     0 17590 26209  4  4 92  0  0	
49  0  13768 64593008  38152 166708    0    0     0    24 42657 11857 86  0 14  0  0	
29  0  13768 64597200  38164 166796    0    0     0   102 42445 11789 86  0 14  0  0	
48  0  13768 64597240  38164 166888    0    0     0    20 42616 11859 86  0 13  0  0	
33  0  13768 64600512  38172 166976    0    0     0    12 42466 11820 86  0 14  0  0	
48  0  13768 64602808  38172 167068    0    0     0     0 42599 11830 86  0 13  0  0	
49  0  13768 64603464  38172 167156    0    0     0     0 42582 11872 86  0 13  0  0	
