Linux 2.6.32-279.14.1.el6.x86_64 (compute-641-14.local) 	04/21/20 	_x86_64_	(32 CPU)

04:03:27     CPU    %usr   %nice    %sys %iowait    %irq   %soft  %steal  %guest   %idle
04:03:29     all   60.19    0.00    4.25    0.00    0.00    0.05    0.00    0.00   35.51
04:03:31     all   78.09    0.00    0.19    0.00    0.00    0.00    0.00    0.00   21.73
04:03:33     all   79.71    0.00    0.17    0.00    0.00    0.00    0.00    0.00   20.12
04:03:35     all   78.47    0.00    0.16    0.00    0.00    0.00    0.00    0.00   21.37
04:03:37     all   79.85    0.00    0.16    0.00    0.00    0.00    0.00    0.00   19.99
04:03:39     all   80.45    0.00    0.20    0.00    0.00    0.00    0.00    0.00   19.35
04:03:41     all   81.15    0.00    0.17    0.00    0.00    0.00    0.00    0.00   18.68
04:03:43     all   79.97    0.00    0.17    0.00    0.00    0.00    0.00    0.00   19.86
04:03:45     all   81.27    0.00    0.19    0.00    0.00    0.00    0.00    0.00   18.55
04:03:47     all   79.78    0.00    0.16    0.00    0.00    0.00    0.00    0.00   20.06
04:03:49     all   79.02    0.00    0.17    0.00    0.00    0.00    0.00    0.00   20.81
04:03:51     all   81.42    0.00    0.17    0.00    0.00    0.00    0.00    0.00   18.41
04:03:53     all   79.89    0.00    0.20    0.00    0.00    0.00    0.00    0.00   19.91
04:03:55     all   80.76    0.00    0.20    0.00    0.00    0.00    0.00    0.00   19.03
04:03:57     all   79.79    0.00    0.19    0.00    0.00    0.00    0.00    0.00   20.02
04:03:59     all   80.07    0.00    0.19    0.00    0.00    0.00    0.00    0.00   19.74
04:04:01     all   81.37    0.00    0.17    0.02    0.00    0.00    0.00    0.00   18.44
04:04:03     all   81.84    0.00    0.22    0.00    0.00    0.00    0.00    0.00   17.95
04:04:05     all   79.80    0.00    0.17    0.00    0.00    0.00    0.00    0.00   20.03
04:04:07     all   81.07    0.00    0.17    0.00    0.00    0.00    0.00    0.00   18.76
04:04:09     all   79.17    0.00    0.20    0.00    0.00    0.02    0.00    0.00   20.61
04:04:11     all   84.06    0.00    0.17    0.00    0.00    0.00    0.00    0.00   15.77
04:04:13     all   81.56    0.00    0.20    0.00    0.00    0.00    0.00    0.00   18.24
04:04:15     all   80.93    0.00    0.17    0.02    0.00    0.00    0.00    0.00   18.88
04:04:17     all   81.36    0.00    0.20    0.00    0.00    0.00    0.00    0.00   18.44
04:04:19     all   80.04    0.00    0.22    0.00    0.00    0.00    0.00    0.00   19.74
