procs -----------memory---------- ---swap-- -----io---- --system-- -----cpu-----
 r  b   swpd   free   buff  cache   si   so    bi    bo   in   cs us sy id wa st
 9  0      0 64446764 215436 482984    0    0     0     1    0    0 38  2 60  0  0	
46  0      0 63568336 215436 509756    0    0     0     0 33997 26014 72  5 23  0  0	
46  0      0 63569216 215436 509816    0    0     0     0 31184 9178 94  0  6  0  0	
33  0      0 63571540 215436 509876    0    0     0   116 32311 9462 97  0  3  0  0	
42  0      0 63573040 215436 510192    0    0     0     0 31649 9382 95  0  5  0  0	
45  0      0 63574336 215436 510384    0    0     0     0 31681 9413 95  0  5  0  0	
39  0      0 63576328 215436 510444    0    0     0    18 31521 9312 95  0  5  0  0	
46  0      0 63578592 215436 510504    0    0     0     0 31013 9247 93  0  7  0  0	
31  0      0 63579516 215436 510572    0    0     0    30 31977 9266 96  0  4  0  0	
45  0      0 63581864 215436 510632    0    0     0     0 31899 9560 96  0  4  0  0	
43  0      0 63583040 215436 510696    0    0     0    10 31442 9294 95  0  5  0  0	
29  0      0 63583564 215436 510760    0    0     0     0 31885 9421 96  0  4  0  0	
45  0      0 63583676 215436 510820    0    0     0     0 30371 9109 91  0  9  0  0	
30  0      0 63583552 215436 510880    0    0     0    86 31829 9326 96  0  4  0  0	
48  0      0 63583436 215436 510944    0    0     0     0 31026 9174 93  0  7  0  0	
41  0      0 63583436 215436 511012    0    0     0     0 31569 9278 95  0  5  0  0	
41  0      0 63583296 215436 511072    0    0     0     8 32280 9748 97  0  3  0  0	
45  0      0 63583172 215436 511132    0    0     0     0 31445 9409 94  0  5  0  0	
39  0      0 63582716 215436 511200    0    0     0  7306 36625 9470 94  0  6  0  0	
46  0      0 63582716 215436 511260    0    0     0     0 30108 9041 90  0  9  0  0	
34  0      0 63582220 215436 511320    0    0     0  2654 34775 9695 96  0  4  0  0	
procs -----------memory---------- ---swap-- -----io---- --system-- -----cpu-----
 r  b   swpd   free   buff  cache   si   so    bi    bo   in   cs us sy id wa st
47  0      0 63582336 215436 511384    0    0     0     0 31972 9290 95  0  5  0  0	
34  0      0 63582328 215436 511452    0    0     0     0 30991 9319 93  0  7  0  0	
44  0      0 63582328 215436 511512    0    0     0    10 30481 9177 92  0  8  0  0	
32  0      0 63582376 215436 511516    0    0     0     0 31712 9421 95  0  4  0  0	
45  0      0 63582492 215436 511576    0    0     0     0 31246 9362 94  0  6  0  0	
25  0      0 63582492 215436 511636    0    0     0     8 31043 9142 93  0  7  0  0	
45  0      0 63582492 215436 511700    0    0     0     0 31175 9494 94  0  6  0  0	
48  0      0 63582368 215436 511760    0    0     0     8 31420 9193 94  0  6  0  0	
45  0      0 63582368 215436 511820    0    0     0     8 31244 9436 94  0  6  0  0	
26  0      0 63582260 215436 511888    0    0     0     0 30957 9169 93  0  7  0  0	
48  0      0 63582104 215436 511952    0    0     0     6 31215 9401 93  0  6  0  0	
31  0      0 63582104 215436 512012    0    0     0     6 31036 9097 93  0  7  0  0	
49  0      0 63581344 215436 512072    0    0     0  2574 33749 9430 94  0  6  0  0	
48  0      0 63581344 215436 512136    0    0     0     0 31610 9384 95  0  5  0  0	
43  0      0 63581468 215436 512196    0    0     0    10 32209 9562 97  0  3  0  0	
46  0      0 63581352 215436 512260    0    0     0     6 30345 9031 91  0  9  0  0	
34  0      0 63581236 215436 512332    0    0     0     0 32211 9494 97  0  3  0  0	
45  0      0 63581236 215440 512392    0    0     0    72 31315 9355 94  0  6  0  0	
43  0      0 63581236 215440 512452    0    0     0     0 30663 9042 91  0  8  0  0	
48  0      0 63581244 215444 512512    0    0     0     6 30765 9016 92  0  8  0  0	
43  0      0 63581104 215444 512576    0    0     0     0 32209 9669 97  0  3  0  0	
procs -----------memory---------- ---swap-- -----io---- --system-- -----cpu-----
 r  b   swpd   free   buff  cache   si   so    bi    bo   in   cs us sy id wa st
45  0      0 63580608 215444 512636    0    0     0     8 31004 9406 93  0  7  0  0	
42  0      0 63580484 215444 512700    0    0     0     0 31497 9353 95  0  5  0  0	
44  0      0 63580488 215444 512768    0    0     0     0 31632 9378 95  0  5  0  0	
27  0      0 63580364 215444 512832    0    0     0     6 31574 9222 95  0  5  0  0	
45  0      0 63580224 215444 512896    0    0     0     0 30289 9133 91  0  9  0  0	
41  0      0 63580100 215444 512960    0    0     0     0 30917 9117 93  0  7  0  0	
44  0      0 63579860 215444 513020    0    0     0  2462 34352 9357 94  0  6  0  0	
27  0      0 63579736 215444 513080    0    0     0     0 31267 9123 94  0  6  0  0	
43  0      0 63579744 215444 513144    0    0     0   104 31453 9419 94  0  5  0  0	
25  0      0 63579736 215444 513208    0    0     0     0 30877 9059 93  0  7  0  0	
45  0      0 63579720 215444 513268    0    0     0     0 31531 9437 95  0  5  0  0	
46  0      0 63579852 215444 513328    0    0     0     8 31946 9611 96  0  4  0  0	
38  0      0 63579736 215444 513396    0    0     0     0 31883 9466 96  0  4  0  0	
47  0      0 63579612 215444 513456    0    0     0    12 30203 9023 91  0  9  0  0	
43  0      0 63579604 215448 513520    0    0     0     6 30835 9291 93  0  7  0  0	
45  0      0 63579480 215448 513584    0    0     0     0 31670 9496 95  0  5  0  0	
40  0      0 63579480 215448 513648    0    0     0     0 31706 9441 95  0  5  0  0	
48  0      0 63579480 215448 513708    0    0     0     8 30582 8957 92  0  8  0  0	
41  0      0 63579480 215448 513776    0    0     0     0 31736 9362 96  0  4  0  0	
25  0      0 63579588 215448 513836    0    0     0     0 29647 8925 89  0 11  0  0	
43  0      0 63579588 215448 513896    0    0     0     0 31152 9449 94  0  6  0  0	
procs -----------memory---------- ---swap-- -----io---- --system-- -----cpu-----
 r  b   swpd   free   buff  cache   si   so    bi    bo   in   cs us sy id wa st
45  0      0 63579348 215448 513960    0    0     0  2354 34454 9277 94  0  5  0  0	
41  0      0 63579224 215448 514020    0    0     0     0 31890 9486 96  0  4  0  0	
43  0      0 63579224 215448 514084    0    0     0   196 31007 9220 93  0  7  0  0	
33  0      0 63579216 215448 514144    0    0     0    10 31940 9359 96  0  4  0  0	
47  0      0 63579208 215448 514208    0    0     0     0 30817 9316 93  0  7  0  0	
39  0      0 63579208 215448 514268    0    0     0     6 31467 9323 94  0  6  0  0	
44  0      0 63579216 215448 514328    0    0     0     0 31521 9351 95  0  5  0  0	
30  0      0 63579216 215448 514392    0    0     0     0 31313 9460 94  0  6  0  0	
48  0      0 63579084 215448 514456    0    0     0     6 30984 9408 93  0  7  0  0	
33  0      0 63579084 215448 514520    0    0     0     0 31463 9228 95  0  5  0  0	
44  0      0 63578960 215448 514584    0    0     0    10 31500 9328 95  0  5  0  0	
35  0      0 63578968 215448 514584    0    0     0     0 30473 8939 92  0  8  0  0	
49  0      0 63579092 215452 514648    0    0     0     6 31194 9492 93  0  6  0  0	
30  0      0 63578952 215452 514716    0    0     0     0 31311 9278 94  0  6  0  0	
47  0      0 63578952 215452 514776    0    0     0     0 31461 9560 94  0  5  0  0	
39  0      0 63578612 215452 514836    0    0     0  2240 33639 9240 93  0  7  0  0	
48  0      0 63578604 215452 514900    0    0     0     0 32071 9480 96  0  3  0  0	
49  0      0 63578496 215452 514960    0    0     0   292 31184 9101 93  0  7  0  0	
29  0      0 63578488 215452 515024    0    0     0     0 32086 9496 96  0  4  0  0	
46  0      0 63578480 215452 515084    0    0     0     8 31876 9664 96  0  4  0  0	
47  0      0 63578488 215452 515148    0    0     0    10 31484 9401 95  0  5  0  0	
procs -----------memory---------- ---swap-- -----io---- --system-- -----cpu-----
 r  b   swpd   free   buff  cache   si   so    bi    bo   in   cs us sy id wa st
36  0      0 63578372 215452 515208    0    0     0     0 31757 9459 95  0  4  0  0	
49  0      0 63578372 215452 515268    0    0     0     0 29643 8633 89  0 11  0  0	
46  0      0 63578108 215452 515332    0    0     0     6 31342 9428 94  0  6  0  0	
26  0      0 63577612 215452 515396    0    0     0     0 30944 9041 93  0  7  0  0	
45  0      0 63577536 215452 515460    0    0     0     0 30518 9279 92  0  8  0  0	
28  0      0 63577660 215452 515528    0    0     0     0 31912 9392 96  0  4  0  0	
42  0      0 63577544 215452 515592    0    0     0     6 30664 9213 92  0  8  0  0	
28  0      0 63577536 215452 515652    0    0     0     0 31459 9136 95  0  5  0  0	
46  0      0 63577404 215452 515724    0    0     0     0 31125 9230 93  0  6  0  0	
29  0      0 63577024 215452 515784    0    0     0  2150 33425 8921 92  0  7  0  0	
45  0      0 63576892 215452 515844    0    0     0     0 31901 9593 96  0  4  0  0	
47  0      0 63576892 215452 515908    0    0     0   382 30790 9016 92  0  8  0  0	
49  0      0 63576744 215452 515972    0    0     0     0 32150 9649 97  0  3  0  0	
48  0      0 63576744 215452 516032    0    0     0     0 31619 9387 95  0  5  0  0	
30  0      0 63576668 215452 516092    0    0     0    10 31261 9185 94  0  6  0  0	
44  0      0 63576792 215452 516156    0    0     0     0 31393 9328 94  0  6  0  0	
49  0      0 63576792 215452 516216    0    0     0     0 31537 9339 95  0  5  0  0	
45  0      0 63576660 215456 516276    0    0     0     6 31128 9394 94  0  6  0  0	
28  0      0 63576660 215456 516344    0    0     0     0 29997 8890 90  0 10  0  0	
46  0      0 63576660 215456 516404    0    0     0     0 31850 9543 95  0  4  0  0	
30  0      0 63576668 215456 516464    0    0     0     0 30991 9132 92  0  7  0  0	
procs -----------memory---------- ---swap-- -----io---- --system-- -----cpu-----
 r  b   swpd   free   buff  cache   si   so    bi    bo   in   cs us sy id wa st
48  0      0 63576544 215456 516532    0    0     0     0 30739 9343 92  0  8  0  0	
29  0      0 63576280 215456 516592    0    0     0     0 31388 9132 94  0  5  0  0	
48  0      0 63576280 215456 516656    0    0     0     0 31558 9576 95  0  5  0  0	
45  0      0 63575792 215456 516716    0    0     0  2040 33597 9126 93  0  7  0  0	
39  0      0 63575776 215456 516788    0    0     0     0 32415 9493 98  0  2  0  0	
45  0      0 63575652 215456 516848    0    0     0   474 31530 9448 93  0  7  0  0	
31  0      0 63575528 215456 516908    0    0     0     0 31811 9427 95  0  4  0  0	
37  0      0 63575528 215456 516972    0    0     0     0 29580 8922 89  0 11  0  0	
48  0      0 63575536 215456 517032    0    0     0     6 31665 9646 95  0  5  0  0	
39  0      0 63575544 215456 517092    0    0     0     0 30764 8972 92  0  8  0  0	
50  0      0 63575544 215456 517156    0    0     0     0 32299 9727 97  0  3  0  0	
46  0      0 63575288 215456 517220    0    0     0     8 31751 9424 96  0  4  0  0	
28  0      0 63575412 215456 517280    0    0     0     0 31512 9068 95  0  5  0  0	
47  0      0 63575288 215456 517344    0    0     0     0 31881 9553 96  0  4  0  0	
46  0      0 63575288 215460 517404    0    0     0     8 31057 9244 93  0  6  0  0	
42  0      0 63575188 215460 517468    0    0     0     2 31503 9367 95  0  5  0  0	
44  0      0 63575172 215460 517532    0    0     0     6 31463 9472 94  0  6  0  0	
28  0      0 63575040 215460 517592    0    0     0     0 31687 9288 95  0  5  0  0	
49  0      0 63574916 215460 517656    0    0     0  2032 34076 9366 95  0  5  0  0	
38  0      0 63574916 215460 517720    0    0     0     0 30498 8986 92  0  8  0  0	
45  0      0 63574048 215460 517792    0    0     0   508 30576 9109 90  0  9  0  0	
procs -----------memory---------- ---swap-- -----io---- --system-- -----cpu-----
 r  b   swpd   free   buff  cache   si   so    bi    bo   in   cs us sy id wa st
45  0      0 63574040 215460 517792    0    0     0     0 30189 9027 91  0  9  0  0	
47  0      0 63574164 215460 517852    0    0     0     0 31140 9223 94  0  6  0  0	
49  0      0 63574296 215460 517916    0    0     0     8 31176 9355 94  0  6  0  0	
28  0      0 63574412 215460 517976    0    0     0     0 30452 9002 91  0  8  0  0	
45  0      0 63574412 215460 518036    0    0     0     0 31669 9730 95  0  5  0  0	
33  0      0 63574520 215460 518104    0    0     0     6 30781 9071 92  0  7  0  0	
 4  0      0 63574016 215460 518168    0    0     0     0 31997 13107 89  0 10  0  0	
