Linux 2.6.32-279.14.1.el6.x86_64 (compute-662-5.local) 	04/21/20 	_x86_64_	(48 CPU)

02:23:05          PID    %usr %system  %guest    %CPU   CPU  Command
02:23:07         4119    0.00    0.49    0.00    0.49     8  kondemand/8
02:23:07         4124    0.00    0.49    0.00    0.49    13  kondemand/13
02:23:07         4888    0.49    0.98    0.00    1.46     2  pbs_mom
02:23:07        37042    4.39    1.95    0.00    6.34    17  mpirun
02:23:07        37048    0.98    0.98    0.00    1.95    18  top
02:23:07        37050    0.98    2.44    0.00    3.41    28  pidstat
02:23:07        37052    0.98    2.93    0.00    3.90    40  pidstat
02:23:07        37062  152.68    5.85    0.00  158.54    24  bt-mz.B.24
02:23:07        37063  140.49    6.34    0.00  146.83    12  bt-mz.B.24
02:23:07        37064  140.00    5.85    0.00  145.85    25  bt-mz.B.24
02:23:07        37065  132.68    7.32    0.00  140.00    37  bt-mz.B.24
02:23:07        37066  133.17    6.83    0.00  140.00    26  bt-mz.B.24
02:23:07        37067  133.17    6.83    0.00  140.00    38  bt-mz.B.24
02:23:07        37068  131.71    6.34    0.00  138.05     3  bt-mz.B.24
02:23:07        37070  130.73    6.34    0.00  137.07    39  bt-mz.B.24
02:23:07        37072  129.76    6.34    0.00  136.10     4  bt-mz.B.24
02:23:07        37073  132.20    6.83    0.00  139.02    40  bt-mz.B.24
02:23:07        37074  132.20    6.34    0.00  138.54    29  bt-mz.B.24
02:23:07        37075  131.22    6.83    0.00  138.05    41  bt-mz.B.24

02:23:07          PID    %usr %system  %guest    %CPU   CPU  Command
02:23:09           29    0.00    0.50    0.00    0.50     6  ksoftirqd/6
02:23:09          216    0.00    0.50    0.00    0.50    21  events/21
02:23:09         4113    0.00    0.50    0.00    0.50     2  kondemand/2
02:23:09         4118    0.00    0.50    0.00    0.50     7  kondemand/7
02:23:09         4128    0.00    0.50    0.00    0.50    17  kondemand/17
02:23:09         4132    0.00    0.50    0.00    0.50    21  kondemand/21
02:23:09         4146    0.00    0.50    0.00    0.50    35  kondemand/35
02:23:09         4152    0.00    0.50    0.00    0.50    41  kondemand/41
02:23:09         4155    0.00    0.50    0.00    0.50    44  kondemand/44
02:23:09         4158    0.00    0.50    0.00    0.50    47  kondemand/47
02:23:09        37048    0.50    1.50    0.00    2.00    18  top
02:23:09        37050    1.00    3.00    0.00    4.00     4  pidstat
02:23:09        37052    1.00    3.00    0.00    4.00    40  pidstat
02:23:09        37062  198.50    0.00    0.00  198.50    24  bt-mz.B.24
02:23:09        37063  182.50    0.00    0.00  182.50    12  bt-mz.B.24
02:23:09        37064  181.00    0.00    0.00  181.00    25  bt-mz.B.24
02:23:09        37065  172.00    0.00    0.00  172.00    37  bt-mz.B.24
02:23:09        37066  173.00    0.00    0.00  173.00    26  bt-mz.B.24
02:23:09        37067  172.00    0.00    0.00  172.00    38  bt-mz.B.24
02:23:09        37068  170.50    0.00    0.00  170.50     3  bt-mz.B.24
02:23:09        37070  169.50    0.00    0.00  169.50    39  bt-mz.B.24
02:23:09        37072  169.00    0.00    0.00  169.00    28  bt-mz.B.24
02:23:09        37073  172.50    0.00    0.00  172.50    16  bt-mz.B.24
02:23:09        37074  170.00    0.00    0.00  170.00    29  bt-mz.B.24
02:23:09        37075  170.50    0.00    0.00  170.50    41  bt-mz.B.24

02:23:09          PID    %usr %system  %guest    %CPU   CPU  Command
02:23:11          231    0.00    0.50    0.00    0.50    36  events/36
02:23:11         4112    0.00    0.50    0.00    0.50     1  kondemand/1
02:23:11         4120    0.00    0.50    0.00    0.50     9  kondemand/9
02:23:11         4130    0.00    0.50    0.00    0.50    19  kondemand/19
02:23:11         4133    0.00    0.50    0.00    0.50    22  kondemand/22
02:23:11         4141    0.00    0.50    0.00    0.50    30  kondemand/30
02:23:11         4157    0.00    0.50    0.00    0.50    46  kondemand/46
02:23:11        37048    1.00    1.00    0.00    2.00    42  top
02:23:11        37050    1.50    3.00    0.00    4.50     4  pidstat
02:23:11        37052    1.00    3.00    0.00    4.00    40  pidstat
02:23:11        37062  195.50    0.00    0.00  195.50    24  bt-mz.B.24
02:23:11        37063  180.50    0.00    0.00  180.50    12  bt-mz.B.24
02:23:11        37064  178.50    0.00    0.00  178.50    25  bt-mz.B.24
02:23:11        37065  170.50    0.00    0.00  170.50    37  bt-mz.B.24
02:23:11        37066  171.50    0.00    0.00  171.50    26  bt-mz.B.24
02:23:11        37067  171.00    0.00    0.00  171.00    38  bt-mz.B.24
02:23:11        37068  169.00    0.00    0.00  169.00     3  bt-mz.B.24
02:23:11        37070  168.00    0.00    0.00  168.00    39  bt-mz.B.24
02:23:11        37072  166.50    0.00    0.00  166.50    28  bt-mz.B.24
02:23:11        37073  170.50    0.00    0.00  170.50    16  bt-mz.B.24
02:23:11        37074  169.50    0.00    0.00  169.50    29  bt-mz.B.24
02:23:11        37075  169.00    0.50    0.00  169.50    41  bt-mz.B.24

02:23:11          PID    %usr %system  %guest    %CPU   CPU  Command
02:23:13         4122    0.00    0.50    0.00    0.50    11  kondemand/11
02:23:13         4123    0.00    0.50    0.00    0.50    12  kondemand/12
02:23:13         4135    0.00    0.50    0.00    0.50    24  kondemand/24
02:23:13         4138    0.00    0.50    0.00    0.50    27  kondemand/27
02:23:13         4144    0.00    0.50    0.00    0.50    33  kondemand/33
02:23:13         4151    0.00    0.50    0.00    0.50    40  kondemand/40
02:23:13         4156    0.00    0.50    0.00    0.50    45  kondemand/45
02:23:13        37048    1.00    1.00    0.00    2.00    18  top
02:23:13        37050    1.00    2.50    0.00    3.50    28  pidstat
02:23:13        37052    1.00    3.50    0.00    4.50    40  pidstat
02:23:13        37062  197.50    0.00    0.00  197.50    24  bt-mz.B.24
02:23:13        37063  182.00    0.00    0.00  182.00    12  bt-mz.B.24
02:23:13        37064  181.00    0.00    0.00  181.00    25  bt-mz.B.24
02:23:13        37065  172.00    0.00    0.00  172.00    37  bt-mz.B.24
02:23:13        37066  172.50    0.50    0.00  173.00    26  bt-mz.B.24
02:23:13        37067  172.00    0.00    0.00  172.00    38  bt-mz.B.24
02:23:13        37068  170.50    0.00    0.00  170.50     3  bt-mz.B.24
02:23:13        37070  169.00    0.00    0.00  169.00    39  bt-mz.B.24
02:23:13        37072  168.50    0.00    0.00  168.50     4  bt-mz.B.24
02:23:13        37073  171.50    0.00    0.00  171.50    16  bt-mz.B.24
02:23:13        37074  170.50    0.00    0.00  170.50    29  bt-mz.B.24
02:23:13        37075  170.50    0.00    0.00  170.50    41  bt-mz.B.24

02:23:13          PID    %usr %system  %guest    %CPU   CPU  Command
02:23:15         4111    0.00    0.50    0.00    0.50     0  kondemand/0
02:23:15         4116    0.00    0.50    0.00    0.50     5  kondemand/5
02:23:15         4126    0.00    0.50    0.00    0.50    15  kondemand/15
02:23:15         4131    0.00    0.50    0.00    0.50    20  kondemand/20
02:23:15         4139    0.00    0.50    0.00    0.50    28  kondemand/28
02:23:15         4140    0.00    0.50    0.00    0.50    29  kondemand/29
02:23:15         4143    0.00    0.50    0.00    0.50    32  kondemand/32
02:23:15         4147    0.00    0.50    0.00    0.50    36  kondemand/36
02:23:15         4150    0.00    0.50    0.00    0.50    39  kondemand/39
02:23:15         4189    0.00    0.50    0.00    0.50     2  irqbalance
02:23:15        37048    1.00    1.00    0.00    2.00    18  top
02:23:15        37050    1.00    3.00    0.00    4.00    28  pidstat
02:23:15        37052    1.00    3.00    0.00    4.00    40  pidstat
02:23:15        37062  197.00    0.00    0.00  197.00    24  bt-mz.B.24
02:23:15        37063  181.50    0.00    0.00  181.50    12  bt-mz.B.24
02:23:15        37064  180.00    0.00    0.00  180.00    25  bt-mz.B.24
02:23:15        37065  171.50    0.00    0.00  171.50    37  bt-mz.B.24
02:23:15        37066  171.50    0.00    0.00  171.50    26  bt-mz.B.24
02:23:15        37067  171.50    0.00    0.00  171.50    38  bt-mz.B.24
02:23:15        37068  170.00    0.00    0.00  170.00     3  bt-mz.B.24
02:23:15        37070  169.00    0.00    0.00  169.00    39  bt-mz.B.24
02:23:15        37072  167.50    0.50    0.00  168.00     4  bt-mz.B.24
02:23:15        37073  171.00    0.00    0.00  171.00    16  bt-mz.B.24
02:23:15        37074  169.50    0.00    0.00  169.50    29  bt-mz.B.24
02:23:15        37075  170.00    0.00    0.00  170.00    41  bt-mz.B.24

02:23:15          PID    %usr %system  %guest    %CPU   CPU  Command
02:23:17         4117    0.00    0.50    0.00    0.50     6  kondemand/6
02:23:17         4145    0.00    0.50    0.00    0.50    34  kondemand/34
02:23:17         4149    0.00    0.50    0.00    0.50    38  kondemand/38
02:23:17         4154    0.00    0.50    0.00    0.50    43  kondemand/43
02:23:17        23393    0.50    0.00    0.00    0.50    39  gmond
02:23:17        37048    0.50    1.00    0.00    1.50    18  top
02:23:17        37050    1.00    3.50    0.00    4.50    28  pidstat
02:23:17        37052    1.00    3.00    0.00    4.00    40  pidstat
02:23:17        37054    0.00    0.50    0.00    0.50     5  iostat
02:23:17        37062  197.00    0.00    0.00  197.00    24  bt-mz.B.24
02:23:17        37063  182.00    0.00    0.00  182.00    12  bt-mz.B.24
02:23:17        37064  180.00    0.00    0.00  180.00    25  bt-mz.B.24
02:23:17        37065  171.50    0.00    0.00  171.50    37  bt-mz.B.24
02:23:17        37066  172.50    0.50    0.00  173.00    26  bt-mz.B.24
02:23:17        37067  171.50    0.00    0.00  171.50    38  bt-mz.B.24
02:23:17        37068  170.00    0.00    0.00  170.00     3  bt-mz.B.24
02:23:17        37070  169.00    0.00    0.00  169.00    39  bt-mz.B.24
02:23:17        37072  168.00    0.00    0.00  168.00     4  bt-mz.B.24
02:23:17        37073  171.50    0.50    0.00  172.00    16  bt-mz.B.24
02:23:17        37074  170.00    0.50    0.00  170.50    29  bt-mz.B.24
02:23:17        37075  170.50    0.00    0.00  170.50    41  bt-mz.B.24
