procs -----------memory---------- ---swap-- -----io---- --system-- -----cpu-----
 r  b   swpd   free   buff  cache   si   so    bi    bo   in   cs us sy id wa st
 3  0  11032 64563016 136288 334512    0    0     0     1    0    0  5  1 94  0  0	
 1  0  11032 64524984 136288 334552    0    0     0     0 3056 2562  2  0 98  0  0	
 1  0  11032 64525348 136288 334552    0    0     0     0 3040 2482  2  0 98  0  0	
 1  0  11032 64525420 136288 334556    0    0     0     8 3066 2507  2  0 98  0  0	
 1  0  11032 64526244 136288 334556    0    0     0     0 3080 2535  2  0 98  0  0	
 1  0  11032 64526536 136288 334556    0    0     0     0 3043 2467  2  0 98  0  0	
 1  0  11032 64526948 136288 334560    0    0     0     0 3042 2456  2  0 98  0  0	
 1  0  11032 64527260 136288 334560    0    0     0     0 3072 2484  2  0 98  0  0	
 1  0  11032 64527400 136288 334560    0    0     0     0 3068 2472  2  0 98  0  0	
 1  0  11032 64527408 136288 334568    0    0     0     0 3047 2459  2  0 98  0  0	
 1  0  11032 64527556 136288 334568    0    0     0     0 3077 2531  2  0 98  0  0	
 1  0  11032 64527680 136288 334568    0    0     0     0 3036 2464  2  0 98  0  0	
 1  0  11032 64527684 136288 334572    0    0     0     0 3060 2516  2  0 98  0  0	
 1  0  11032 64527704 136288 334572    0    0     0     0 3136 2699  2  0 98  0  0	
 1  0  11032 64527712 136288 334576    0    0     0     0 3062 2499  2  0 98  0  0	
 1  0  11032 64527704 136288 334580    0    0     0     2 3073 2503  2  0 98  0  0	
 1  0  11032 64527712 136288 334584    0    0     0     0 3089 2544  2  0 98  0  0	
 1  0  11032 64527464 136288 334588    0    0     0     0 3119 2614  2  0 98  0  0	
 1  0  11032 64527464 136288 334592    0    0     0    12 3365 3182  2  0 98  0  0	
 1  0  11032 64527720 136288 334592    0    0     0     0 3295 2976  2  0 98  0  0	
 1  0  11032 64527464 136288 334596    0    0     0     8 3343 3017  2  0 98  0  0	
procs -----------memory---------- ---swap-- -----io---- --system-- -----cpu-----
 r  b   swpd   free   buff  cache   si   so    bi    bo   in   cs us sy id wa st
 2  0  11032 64527836 136288 334596    0    0     0     0 3073 2484  2  0 98  0  0	
 2  0  11032 64527720 136288 334596    0    0     0     0 3182 2708  2  0 98  0  0	
 1  0  11032 64527976 136288 334604    0    0     0     0 3112 2571  2  0 98  0  0	
 1  1  11032 64527604 136288 334604    0    0     0     6 3172 2695  2  0 98  0  0	
 2  0  11032 64527596 136288 334608    0    0     0     2 3099 2508  2  0 98  0  0	
 1  0  11032 64527588 136288 334608    0    0     0     0 3064 2484  2  0 98  0  0	
 1  0  11032 64527596 136288 334608    0    0     0     6 3072 2492  2  0 98  0  0	
 2  0  11032 64527720 136288 334612    0    0     0     0 3090 2526  2  0 98  0  0	
 2  0  11032 64527612 136288 334612    0    0     0     0 3056 2473  2  0 98  0  0	
 1  0  11032 64527604 136288 334616    0    0     0     0 3088 2504  2  0 98  0  0	
 1  0  11032 64527604 136288 334620    0    0     0     0 3105 2500  2  0 98  0  0	
 2  0  11032 64527472 136288 334624    0    0     0     0 3079 2495  2  0 98  0  0	
 1  0  11032 64527728 136288 334624    0    0     0     0 3057 2490  2  0 98  0  0	
 1  0  11032 64527604 136288 334628    0    0     0     0 3192 2736  2  0 98  0  0	
