procs -----------memory---------- ---swap-- -----io---- --system-- -----cpu-----
 r  b   swpd   free   buff  cache   si   so    bi    bo   in   cs us sy id wa st
 5  0  11032 64596528 136160 302480    0    0     0     1    0    0  5  1 94  0  0	
 3  0  11032 64558784 136160 302512    0    0     0     0 3111 2579  2  0 98  0  0	
 3  0  11032 64558636 136160 302520    0    0     0     0 3077 2518  2  0 98  0  0	
 1  0  11032 64558896 136160 302524    0    0     0     8 3054 2526  2  0 98  0  0	
 1  0  11032 64559680 136160 302524    0    0     0     0 3041 2463  2  0 98  0  0	
 1  0  11032 64560136 136160 302524    0    0     0     0 3047 2470  2  0 98  0  0	
 1  0  11032 64560260 136160 302528    0    0     0     0 3052 2466  2  0 98  0  0	
 1  0  11032 64560564 136160 302528    0    0     0     0 3057 2469  2  0 98  0  0	
 1  0  11032 64560520 136160 302532    0    0     0     0 3054 2501  2  0 98  0  0	
 1  0  11032 64560660 136160 302536    0    0     0     4 3063 2505  2  0 98  0  0	
 1  0  11032 64560940 136160 302536    0    0     0     0 3062 2481  2  0 98  0  0	
 2  0  11032 64560824 136160 302536    0    0     0     0 3058 2482  2  0 98  0  0	
 1  0  11032 64560824 136160 302540    0    0     0     0 3051 2475  2  0 98  0  0	
 3  0  11032 64561072 136160 302540    0    0     0     0 3050 2475  2  0 98  0  0	
 1  0  11032 64561072 136160 302544    0    0     0     0 3085 2541  2  0 98  0  0	
 1  0  11032 64560948 136160 302548    0    0     0     0 3120 2607  2  0 98  0  0	
 1  0  11032 64561196 136160 302552    0    0     0     0 3096 2557  2  0 98  0  0	
 1  0  11032 64561312 136160 302556    0    0     0     2 3079 2495  2  0 98  0  0	
 2  0  11032 64561064 136160 302560    0    0     0     0 3054 2466  2  0 98  0  0	
 1  0  11032 64561204 136160 302560    0    0     0     0 3025 2461  2  0 98  0  0	
 1  0  11032 64561072 136160 302564    0    0     0    12 3028 2493  2  0 98  0  0	
procs -----------memory---------- ---swap-- -----io---- --system-- -----cpu-----
 r  b   swpd   free   buff  cache   si   so    bi    bo   in   cs us sy id wa st
 1  0  11032 64561212 136160 302564    0    0     0     0 3006 2474  2  0 98  0  0	
 2  0  11032 64560964 136160 302564    0    0     0     0 3046 2477  2  0 98  0  0	
 1  0  11032 64561212 136160 302572    0    0     0     6 3041 2480  2  0 98  0  0	
 1  0  11032 64561220 136160 302572    0    0     0     0 3004 2460  2  0 98  0  0	
 1  0  11032 64561220 136160 302576    0    0     0     0 3006 2462  2  0 98  0  0	
 1  0  11032 64561344 136160 302576    0    0     0     0 3032 2496  2  0 98  0  0	
 1  0  11032 64561344 136160 302576    0    0     0     0 3053 2495  2  0 98  0  0	
 1  0  11032 64561104 136160 302580    0    0     0     0 3014 2447  2  0 98  0  0	
 2  0  11032 64561220 136160 302580    0    0     0     8 3043 2474  2  0 98  0  0	
 1  0  11032 64561080 136160 302584    0    0     0     0 3004 2451  2  0 98  0  0	
 2  0  11032 64561096 136160 302588    0    0     0     0 3086 2471  2  0 98  0  0	
 1  0  11032 64561216 136160 302592    0    0     0     0 3119 2539  2  0 98  0  0	
 1  0  11032 64561200 136160 302592    0    0     0     0 3054 2479  2  0 98  0  0	
 1  0  11032 64561076 136160 302596    0    0     0     0 3062 2474  2  0 98  0  0	
 1  0  11032 64560952 136160 302596    0    0     0     0 3052 2474  2  0 98  0  0	
 1  0  11032 64561200 136160 302596    0    0     0     0 3009 2453  2  0 98  0  0	
 1  0  11032 64561348 136160 302600    0    0     0    12 3050 2472  2  0 98  0  0	
 3  0  11032 64561480 136160 302604    0    0     0     0 3066 2499  2  0 98  0  0	
 1  0  11032 64561348 136160 302608    0    0     0     0 3060 2504  2  0 98  0  0	
 2  0  11032 64561224 136160 302612    0    0     0     0 3118 2574  2  0 98  0  0	
 1  0  11032 64561348 136160 302612    0    0     0     0 3048 2477  2  0 98  0  0	
procs -----------memory---------- ---swap-- -----io---- --system-- -----cpu-----
 r  b   swpd   free   buff  cache   si   so    bi    bo   in   cs us sy id wa st
 1  0  11032 64561224 136160 302612    0    0     0     0 3056 2477  2  0 98  0  0	
 2  0  11032 64561596 136160 302620    0    0     0     0 3038 2452  2  0 98  0  0	
 1  0  11032 64561596 136160 302620    0    0     0     0 3052 2506  2  0 98  0  0	
 2  0  11032 64561596 136160 302624    0    0     0     0 3381 3227  2  0 98  0  0	
 1  0  11032 64561596 136160 302636    0    0     0     0 2994 2453  2  0 98  0  0	
 2  0  11032 64561588 136160 302636    0    0     0     0 3110 2532  2  0 98  0  0	
 2  0  11032 64561588 136160 302636    0    0     0     0 3158 2616  2  0 98  0  0	
 1  0  11032 64561580 136160 302640    0    0     0     0 3115 2563  2  0 98  0  0	
 1  0  11032 64561324 136160 302640    0    0     0     0 3120 2567  2  0 98  0  0	
 1  0  11032 64561580 136160 302644    0    0     0     0 3091 2504  2  0 98  0  0	
 1  0  11032 64561456 136160 302644    0    0     0     0 3059 2460  2  0 98  0  0	
 2  0  11032 64561456 136160 302644    0    0     0     6 3053 2478  2  0 98  0  0	
 2  0  11032 64561588 136160 302656    0    0     0     0 3057 2494  2  0 98  0  0	
 1  0  11032 64561464 136160 302656    0    0     0     0 3060 2495  2  0 98  0  0	
 1  0  11032 64561464 136160 302656    0    0     0     0 3092 2525  2  0 98  0  0	
 1  0  11032 64561588 136160 302664    0    0     0     0 3054 2493  2  0 98  0  0	
 2  0  11032 64561596 136160 302664    0    0     0     0 3044 2466  2  0 98  0  0	
 1  0  11032 64561588 136160 302664    0    0     0     6 3050 2473  2  0 98  0  0	
 1  0  11032 64561340 136160 302672    0    0     0     0 3041 2465  2  0 98  0  0	
 2  0  11032 64561340 136160 302672    0    0     0     0 3040 2463  2  0 98  0  0	
 1  0  11032 64561340 136160 302680    0    0     0     0 3163 2641  2  0 98  0  0	
procs -----------memory---------- ---swap-- -----io---- --system-- -----cpu-----
 r  b   swpd   free   buff  cache   si   so    bi    bo   in   cs us sy id wa st
 3  0  11032 64561340 136160 302680    0    0     0     0 3091 2556  2  0 98  0  0	
 1  0  11032 64561464 136160 302684    0    0     0     0 3111 2596  2  0 98  0  0	
 1  0  11032 64561340 136160 302688    0    0     0     0 3069 2518  2  0 98  0  0	
 1  0  11032 64561340 136160 302688    0    0     0     8 3078 2524  2  0 98  0  0	
 1  0  11032 64561464 136160 302688    0    0     0     0 3112 2576  2  0 98  0  0	
 3  0  11032 64561472 136160 302692    0    0     0     0 3105 2594  2  0 98  0  0	
 1  0  11032 64561464 136160 302696    0    0     0     4 3088 2560  2  0 98  0  0	
 2  0  11032 64561332 136160 302696    0    0     0     0 3056 2476  2  0 98  0  0	
 1  0  11032 64561464 136160 302704    0    0     0     0 3019 2466  2  0 98  0  0	
 1  0  11032 64561340 136160 302704    0    0     0     0 3017 2470  2  0 98  0  0	
 2  0  11032 64561092 136160 302704    0    0     0     0 3126 2719  2  0 98  0  0	
 1  0  11032 64561340 136160 302708    0    0     0     0 3120 2690  2  0 98  0  0	
 1  0  11032 64561348 136160 302712    0    0     0     0 3679 3790  2  0 98  0  0	
