procs -----------memory---------- ---swap-- -----io---- --system-- -----cpu-----
 r  b   swpd   free   buff  cache   si   so    bi    bo   in   cs us sy id wa st
 6  0  11032 64561812 136288 334988    0    0     0     1    0    0  5  1 94  0  0	
 2  0  11032 64524012 136288 335020    0    0     0     0 3248 2760  2  0 98  0  0	
 1  0  11032 64524284 136288 335028    0    0     0     0 3214 2728  2  0 98  0  0	
 1  0  11032 64524888 136288 335032    0    0     0    10 3142 2598  2  0 98  0  0	
 1  0  11032 64525816 136288 335032    0    0     0     0 3072 2492  2  0 98  0  0	
 3  0  11032 64526348 136288 335032    0    0     0     0 3170 2679  2  0 98  0  0	
 1  0  11032 64526320 136288 335036    0    0     0     0 3257 2858  2  0 98  0  0	
 3  0  11032 64527152 136288 335036    0    0     0     0 3153 2665  2  0 98  0  0	
 1  0  11032 64527448 136288 335040    0    0     0     0 3215 2757  2  0 98  0  0	
 1  0  11032 64527324 136288 335044    0    0     0     0 3168 2671  2  0 98  0  0	
 1  0  11032 64527708 136288 335044    0    0     0     0 3201 2712  2  0 98  0  0	
 2  0  11032 64527724 136288 335044    0    0     0     0 3170 2671  2  0 98  0  0	
 1  0  11032 64527732 136288 335048    0    0     0     0 3205 2731  2  0 98  0  0	
 2  0  11032 64527972 136288 335048    0    0     0     0 3153 2687  2  0 98  0  0	
 3  0  11032 64527964 136288 335052    0    0     0     0 3145 2610  2  0 98  0  0	
 1  0  11032 64527972 136288 335056    0    0     0     0 3156 2649  2  0 98  0  0	
 1  0  11032 64528152 136288 335060    0    0     0     2 3212 2760  2  0 98  0  0	
 1  0  11032 64528152 136288 335064    0    0     0     0 3147 2640  2  0 98  0  0	
 1  0  11032 64528028 136288 335068    0    0     0     0 3195 2703  2  0 98  0  0	
 1  0  11032 64527904 136288 335068    0    0     0    14 3119 2583  2  0 98  0  0	
 1  0  11032 64528028 136288 335072    0    0     0     0 3160 2689  2  0 98  0  0	
procs -----------memory---------- ---swap-- -----io---- --system-- -----cpu-----
 r  b   swpd   free   buff  cache   si   so    bi    bo   in   cs us sy id wa st
 3  0  11032 64528036 136288 335072    0    0     0     0 3170 2701  2  0 98  0  0	
 1  0  11032 64527912 136288 335072    0    0     0     0 3130 2623  2  0 98  0  0	
 1  0  11032 64528028 136288 335080    0    0     0     0 3136 2608  2  0 98  0  0	
 1  0  11032 64528024 136288 335080    0    0     0     0 3160 2646  2  0 98  0  0	
 1  0  11032 64528032 136288 335084    0    0     0     0 3090 2541  2  0 98  0  0	
 3  0  11032 64528156 136288 335084    0    0     0     0 3087 2514  2  0 98  0  0	
 1  0  11032 64528164 136288 335084    0    0     0     0 3102 2549  2  0 98  0  0	
 1  0  11032 64528040 136288 335088    0    0     0     0 3076 2491  2  0 98  0  0	
 1  0  11032 64528040 136288 335088    0    0     0     0 3076 2507  2  0 98  0  0	
 1  0  11032 64528164 136288 335092    0    0     0     0 3076 2513  2  0 98  0  0	
 3  0  11032 64527908 136288 335100    0    0     0     0 3170 2667  2  0 98  0  0	
 1  0  11032 64528040 136288 335100    0    0     0     0 3075 2500  2  0 98  0  0	
 1  0  11032 64526660 136288 335100    0    0     0     0 3121 2534  2  0 98  0  0	
 1  0  11032 64526644 136288 335104    0    0     0     0 3144 2602  2  0 98  0  0	
 1  0  11032 64526780 136288 335104    0    0     0     0 3100 2543  2  0 98  0  0	
