procs -----------memory---------- ---swap-- -----io---- --system-- -----cpu-----
 r  b   swpd   free   buff  cache   si   so    bi    bo   in   cs us sy id wa st
 5  0  11032 64596892 136160 302000    0    0     0     1    0    0  5  1 94  0  0	
 3  0  11032 64557984 136160 302040    0    0     0     0 3189 2719  2  0 98  0  0	
 1  0  11032 64557992 136160 302040    0    0     0     0 3114 2548  2  0 98  0  0	
 2  0  11032 64557868 136160 302044    0    0     0     8 3127 2546  2  0 98  0  0	
 1  0  11032 64558452 136160 302044    0    0     0     0 3054 2528  2  0 98  0  0	
 1  0  11032 64559116 136160 302044    0    0     0     0 3099 2509  2  0 98  0  0	
 1  0  11032 64559124 136160 302048    0    0     0     0 3076 2517  2  0 98  0  0	
 1  0  11032 64559500 136160 302048    0    0     0     0 3086 2530  2  0 98  0  0	
 2  0  11032 64559764 136160 302048    0    0     0     0 3071 2517  2  0 98  0  0	
 1  0  11032 64559648 136160 302056    0    0     0     0 3082 2531  2  0 98  0  0	
 1  0  11032 64559860 136160 302056    0    0     0     0 3056 2513  2  0 98  0  0	
 1  0  11032 64560000 136160 302056    0    0     0     4 3374 3180  2  0 98  0  0	
 1  0  11032 64560008 136160 302060    0    0     0     0 3035 2469  2  0 98  0  0	
 2  0  11032 64559884 136160 302060    0    0     0     0 3083 2543  2  0 98  0  0	
 1  0  11032 64560008 136160 302064    0    0     0     0 3103 2576  2  0 98  0  0	
 1  0  11032 64560136 136160 302068    0    0     0     0 3295 2996  2  0 98  0  0	
 1  0  11032 64560268 136160 302072    0    0     0     2 3085 2541  2  0 98  0  0	
 1  0  11032 64560300 136160 302076    0    0     0     0 3054 2467  2  0 98  0  0	
 2  0  11032 64560160 136160 302080    0    0     0     0 3113 2543  2  0 98  0  0	
 1  0  11032 64560168 136160 302080    0    0     0    12 3101 2506  2  0 98  0  0	
 1  0  11032 64560036 136160 302084    0    0     0     0 3085 2505  2  0 98  0  0	
procs -----------memory---------- ---swap-- -----io---- --system-- -----cpu-----
 r  b   swpd   free   buff  cache   si   so    bi    bo   in   cs us sy id wa st
 2  0  11032 64560152 136160 302084    0    0     0     0 3092 2501  2  0 98  0  0	
 1  0  11032 64560284 136160 302084    0    0     0     0 3091 2535  2  0 98  0  0	
 1  0  11032 64560168 136160 302092    0    0     0     0 3057 2478  2  0 98  0  0	
 1  0  11032 64560044 136160 302092    0    0     0     6 3060 2521  2  0 98  0  0	
 1  0  11032 64560044 136160 302096    0    0     0     0 3063 2495  2  0 98  0  0	
 2  0  11032 64560424 136160 302096    0    0     0     0 3056 2477  2  0 98  0  0	
 1  0  11032 64560300 136160 302096    0    0     0     0 3059 2477  2  0 98  0  0	
 1  0  11032 64560672 136160 302096    0    0     0     0 3064 2527  2  0 98  0  0	
 2  0  11032 64560672 136160 302100    0    0     0     0 3060 2473  2  0 98  0  0	
 1  0  11032 64560672 136160 302104    0    0     0     0 3054 2477  2  0 98  0  0	
 1  0  11032 64560540 136160 302108    0    0     0     0 3052 2487  2  0 98  0  0	
 1  0  11032 64560548 136160 302112    0    0     0     0 3034 2486  2  0 98  0  0	
 2  0  11032 64560532 136160 302112    0    0     0     0 3030 2476  2  0 98  0  0	
 1  0  11032 64560416 136160 302112    0    0     0     0 3088 2550  2  0 98  0  0	
 1  0  11032 64560416 136160 302116    0    0     0     0 3099 2553  2  0 98  0  0	
 1  0  11032 64560540 136160 302120    0    0     0    10 3120 2562  2  0 98  0  0	
 2  0  11032 64560540 136160 302120    0    0     0     0 3127 2590  2  0 98  0  0	
 1  0  11032 64560540 136160 302124    0    0     0     0 3109 2561  2  0 98  0  0	
 1  0  11032 64560540 136160 302124    0    0     0     0 3124 2573  2  0 98  0  0	
 1  0  11032 64560540 136160 302132    0    0     0     0 3034 2522  2  0 98  0  0	
 1  0  11032 64560408 136160 302132    0    0     0     0 3125 2574  2  0 98  0  0	
procs -----------memory---------- ---swap-- -----io---- --system-- -----cpu-----
 r  b   swpd   free   buff  cache   si   so    bi    bo   in   cs us sy id wa st
 1  0  11032 64560664 136160 302132    0    0     0     0 3106 2537  2  0 98  0  0	
 1  0  11032 64560540 136160 302140    0    0     0     0 3125 2575  2  0 98  0  0	
 1  0  11032 64560788 136160 302140    0    0     0     0 3113 2562  2  0 98  0  0	
 2  0  11032 64560664 136160 302144    0    0     0     0 3143 2606  2  0 98  0  0	
 1  0  11032 64560664 136160 302156    0    0     0     0 3087 2531  2  0 98  0  0	
 1  0  11032 64560664 136160 302156    0    0     0     0 3064 2479  2  0 98  0  0	
 1  0  11032 64560792 136160 302156    0    0     0     0 3078 2496  2  0 98  0  0	
 1  0  11032 64560784 136160 302160    0    0     0     0 3087 2496  2  0 98  0  0	
 1  0  11032 64560536 136160 302160    0    0     0     0 3107 2522  2  0 98  0  0	
 2  0  11032 64560280 136160 302164    0    0     0     0 3127 2534  2  0 98  0  0	
 1  0  11032 64560536 136160 302164    0    0     0     0 3086 2532  2  0 98  0  0	
 2  1  11032 64560544 136160 302164    0    0     0     4 3081 2510  2  0 98  0  0	
 1  0  11032 64560552 136160 302176    0    0     0     2 3075 2498  2  0 98  0  0	
 1  0  11032 64560552 136160 302176    0    0     0     0 3075 2491  2  0 98  0  0	
 2  0  11032 64560428 136160 302176    0    0     0     0 3080 2484  2  0 98  0  0	
 1  0  11032 64560304 136160 302184    0    0     0     0 3080 2492  2  0 98  0  0	
 2  0  11032 64560428 136160 302184    0    0     0     0 3090 2540  2  0 98  0  0	
 1  0  11032 64560304 136160 302184    0    0     0     0 3090 2509  2  0 98  0  0	
 1  0  11032 64560428 136160 302192    0    0     0     6 3076 2503  2  0 98  0  0	
 1  0  11032 64560420 136160 302192    0    0     0     0 3073 2491  2  0 98  0  0	
 1  0  11032 64560552 136160 302196    0    0     0     0 3079 2494  2  0 98  0  0	
procs -----------memory---------- ---swap-- -----io---- --system-- -----cpu-----
 r  b   swpd   free   buff  cache   si   so    bi    bo   in   cs us sy id wa st
 1  0  11032 64560420 136160 302200    0    0     0     0 3099 2522  2  0 98  0  0	
 2  0  11032 64560428 136160 302204    0    0     0     0 3104 2559  2  0 98  0  0	
 1  0  11032 64560544 136160 302208    0    0     0     0 3088 2506  2  0 98  0  0	
 1  0  11032 64560536 136160 302208    0    0     0     0 3070 2484  2  0 98  0  0	
 1  1  11032 64560412 136160 302208    0    0     0     6 3088 2498  2  0 98  0  0	
 1  0  11032 64560164 136160 302212    0    0     0     2 3076 2503  2  0 98  0  0	
 1  0  11032 64560412 136160 302216    0    0     0     0 3078 2499  2  0 98  0  0	
 1  0  11032 64560288 136160 302216    0    0     0     0 3118 2587  2  0 98  0  0	
 1  0  11032 64560156 136160 302232    0    0     0    26 3148 2556  2  0 98  0  0	
 2  0  11032 64559968 136160 302232    0    0     0     0 3108 2554  2  0 98  0  0	
 1  0  11032 64560216 136160 302232    0    0     0     0 3091 2548  2  0 98  0  0	
 1  0  11032 64560224 136160 302236    0    0     0     0 3109 2566  2  0 98  0  0	
 1  0  11032 64560596 136160 302240    0    0     0     0 3128 2614  2  0 98  0  0	
