Linux 2.6.32-279.14.1.el6.x86_64 (compute-662-2.local) 	04/20/20 	_x86_64_	(48 CPU)

17:58:42     CPU    %usr   %nice    %sys %iowait    %irq   %soft  %steal  %guest   %idle
17:58:44     all    2.10    0.00    0.10    0.00    0.00    0.00    0.00    0.00   97.80
17:58:46     all    2.10    0.00    0.06    0.00    0.00    0.00    0.00    0.00   97.84
17:58:48     all    2.10    0.00    0.06    0.02    0.00    0.00    0.00    0.00   97.82
17:58:50     all    2.10    0.00    0.07    0.00    0.00    0.00    0.00    0.00   97.83
17:58:52     all    2.11    0.00    0.09    0.00    0.00    0.00    0.00    0.00   97.80
17:58:54     all    2.11    0.00    0.07    0.00    0.00    0.01    0.00    0.00   97.81
17:58:56     all    2.10    0.00    0.08    0.00    0.00    0.02    0.00    0.00   97.80
17:58:58     all    2.11    0.00    0.07    0.00    0.00    0.00    0.00    0.00   97.82
17:59:00     all    2.10    0.00    0.10    0.00    0.00    0.01    0.00    0.00   97.79
17:59:02     all    2.11    0.00    0.10    0.00    0.00    0.01    0.00    0.00   97.78
17:59:04     all    2.10    0.00    0.09    0.00    0.00    0.02    0.00    0.00   97.79
17:59:06     all    2.10    0.00    0.08    0.00    0.00    0.00    0.00    0.00   97.82
17:59:08     all    2.11    0.00    0.07    0.00    0.00    0.01    0.00    0.00   97.81
17:59:10     all    2.10    0.00    0.08    0.00    0.00    0.01    0.00    0.00   97.81
17:59:12     all    2.10    0.00    0.07    0.00    0.00    0.00    0.00    0.00   97.83
17:59:14     all    2.11    0.00    0.09    0.00    0.00    0.01    0.00    0.00   97.79
17:59:16     all    2.10    0.00    0.08    0.00    0.00    0.00    0.00    0.00   97.82
17:59:18     all    2.10    0.00    0.07    0.00    0.00    0.01    0.00    0.00   97.82
17:59:20     all    2.12    0.00    0.10    0.00    0.00    0.01    0.00    0.00   97.77
17:59:22     all    2.09    0.00    0.08    0.21    0.00    0.01    0.00    0.00   97.61
17:59:24     all    2.11    0.00    0.08    0.00    0.00    0.00    0.00    0.00   97.81
17:59:26     all    2.09    0.00    0.07    0.00    0.00    0.00    0.00    0.00   97.84
17:59:28     all    2.11    0.00    0.05    0.00    0.00    0.01    0.00    0.00   97.83
17:59:30     all    2.10    0.00    0.08    0.00    0.00    0.00    0.00    0.00   97.82
17:59:32     all    2.10    0.00    0.05    0.00    0.00    0.01    0.00    0.00   97.84
17:59:34     all    2.10    0.00    0.07    0.00    0.00    0.00    0.00    0.00   97.83
17:59:36     all    2.10    0.00    0.08    0.24    0.00    0.00    0.00    0.00   97.58
17:59:38     all    2.10    0.00    0.06    0.00    0.00    0.00    0.00    0.00   97.84
17:59:40     all    2.11    0.00    0.05    0.00    0.00    0.01    0.00    0.00   97.83
17:59:42     all    2.09    0.00    0.07    0.00    0.00    0.00    0.00    0.00   97.84
17:59:44     all    2.10    0.00    0.07    0.00    0.00    0.00    0.00    0.00   97.83
17:59:46     all    2.10    0.00    0.06    0.00    0.00    0.00    0.00    0.00   97.84
17:59:48     all    2.10    0.00    0.06    0.00    0.00    0.00    0.00    0.00   97.84
17:59:50     all    2.11    0.00    0.06    0.00    0.00    0.01    0.00    0.00   97.82
17:59:52     all    2.10    0.00    0.07    0.00    0.00    0.01    0.00    0.00   97.82
