procs -----------memory---------- ---swap-- -----io---- --system-- -----cpu-----
 r  b   swpd   free   buff  cache   si   so    bi    bo   in   cs us sy id wa st
 6  0  11032 64593200 136148 300424    0    0     0     1    0    0  5  1 94  0  0	
 3  0  11032 64588404 136148 300748    0    0     0     0 3227 2657  2  0 98  0  0	
 2  0  11032 64589024 136156 300740    0    0     0    26 3183 2693  2  0 98  0  0	
 1  0  11032 64589556 136156 300752    0    0     0     0 3068 2516  2  0 98  0  0	
 1  0  11032 64590348 136156 300752    0    0     0     0 3170 2710  2  0 98  0  0	
 1  0  11032 64590604 136156 300752    0    0     0     0 3144 2649  2  0 98  0  0	
 1  0  11032 64591648 136156 300756    0    0     0     0 3145 2678  2  0 98  0  0	
 2  0  11032 64592308 136156 300756    0    0     0     0 3135 2711  2  0 98  0  0	
 1  0  11032 64592712 136156 300760    0    0     0     0 3089 2544  2  0 98  0  0	
