Linux 2.6.32-279.14.1.el6.x86_64 (compute-662-2.local) 	04/20/20 	_x86_64_	(48 CPU)

21:45:37     CPU    %usr   %nice    %sys %iowait    %irq   %soft  %steal  %guest   %idle
21:45:39     all    2.09    0.00    0.14    0.00    0.00    0.01    0.00    0.00   97.77
21:45:41     all    2.10    0.00    0.07    0.00    0.00    0.00    0.00    0.00   97.83
21:45:43     all    2.10    0.00    0.05    0.21    0.00    0.01    0.00    0.00   97.63
21:45:45     all    2.09    0.00    0.08    0.00    0.00    0.01    0.00    0.00   97.82
21:45:47     all    2.11    0.00    0.07    0.00    0.00    0.00    0.00    0.00   97.82
21:45:49     all    2.10    0.00    0.07    0.00    0.00    0.01    0.00    0.00   97.82
21:45:51     all    2.11    0.00    0.09    0.00    0.00    0.00    0.00    0.00   97.80
21:45:53     all    2.11    0.00    0.07    0.01    0.00    0.00    0.00    0.00   97.81
21:45:55     all    2.10    0.00    0.07    0.00    0.00    0.01    0.00    0.00   97.82
21:45:57     all    2.11    0.00    0.09    0.00    0.00    0.00    0.00    0.00   97.80
21:45:59     all    2.11    0.00    0.08    0.00    0.00    0.00    0.00    0.00   97.81
21:46:01     all    2.10    0.00    0.07    0.00    0.00    0.01    0.00    0.00   97.82
21:46:03     all    2.10    0.00    0.07    0.00    0.00    0.00    0.00    0.00   97.83
21:46:05     all    2.10    0.00    0.05    0.00    0.00    0.01    0.00    0.00   97.84
21:46:07     all    2.10    0.00    0.06    0.00    0.00    0.01    0.00    0.00   97.83
21:46:09     all    2.10    0.00    0.07    0.00    0.00    0.00    0.00    0.00   97.83
21:46:11     all    2.11    0.00    0.08    0.00    0.00    0.00    0.00    0.00   97.81
21:46:13     all    2.10    0.00    0.07    0.00    0.00    0.00    0.00    0.00   97.83
21:46:15     all    2.11    0.00    0.08    0.00    0.00    0.00    0.00    0.00   97.81
21:46:17     all    2.10    0.00    0.08    0.19    0.00    0.00    0.00    0.00   97.63
21:46:19     all    2.11    0.00    0.08    0.00    0.00    0.00    0.00    0.00   97.81
21:46:21     all    2.11    0.00    0.07    0.00    0.00    0.00    0.00    0.00   97.82
21:46:23     all    2.11    0.00    0.10    0.00    0.00    0.00    0.00    0.00   97.79
21:46:25     all    2.10    0.00    0.10    0.00    0.00    0.01    0.00    0.00   97.79
21:46:27     all    2.11    0.00    0.08    0.00    0.00    0.00    0.00    0.00   97.81
21:46:29     all    2.11    0.00    0.09    0.00    0.00    0.00    0.00    0.00   97.80
21:46:31     all    2.10    0.00    0.09    0.00    0.00    0.00    0.00    0.00   97.81
21:46:33     all    2.11    0.00    0.07    0.00    0.00    0.00    0.00    0.00   97.82
21:46:35     all    2.11    0.00    0.10    0.00    0.00    0.00    0.00    0.00   97.79
21:46:37     all    2.11    0.00    0.06    0.00    0.00    0.00    0.00    0.00   97.83
21:46:39     all    2.10    0.00    0.08    0.00    0.00    0.00    0.00    0.00   97.82
21:46:41     all    2.10    0.00    0.08    0.00    0.00    0.00    0.00    0.00   97.82
21:46:43     all    2.10    0.00    0.08    0.00    0.00    0.01    0.00    0.00   97.81
21:46:45     all    2.10    0.00    0.08    0.00    0.00    0.00    0.00    0.00   97.82
21:46:47     all    2.10    0.00    0.08    0.00    0.00    0.00    0.00    0.00   97.82
21:46:49     all    2.11    0.00    0.07    0.21    0.00    0.00    0.00    0.00   97.61
21:46:51     all    2.10    0.00    0.09    0.00    0.00    0.00    0.00    0.00   97.81
21:46:53     all    2.11    0.00    0.09    0.00    0.00    0.00    0.00    0.00   97.80
21:46:55     all    2.11    0.00    0.09    0.00    0.00    0.00    0.00    0.00   97.80
21:46:57     all    2.11    0.00    0.08    0.00    0.00    0.00    0.00    0.00   97.81
21:46:59     all    2.11    0.00    0.10    0.00    0.00    0.01    0.00    0.00   97.78
21:47:01     all    2.10    0.00    0.09    0.00    0.00    0.00    0.00    0.00   97.81
21:47:03     all    2.11    0.00    0.08    0.00    0.00    0.00    0.00    0.00   97.81
21:47:05     all    2.11    0.00    0.07    0.00    0.00    0.00    0.00    0.00   97.82
21:47:07     all    2.10    0.00    0.08    0.00    0.00    0.00    0.00    0.00   97.82
21:47:09     all    2.10    0.00    0.08    0.00    0.00    0.00    0.00    0.00   97.82
21:47:11     all    2.10    0.00    0.07    0.00    0.00    0.00    0.00    0.00   97.83
21:47:13     all    2.10    0.00    0.07    0.01    0.00    0.00    0.00    0.00   97.82
21:47:15     all    2.10    0.00    0.07    0.00    0.00    0.01    0.00    0.00   97.82
21:47:17     all    2.10    0.00    0.06    0.00    0.00    0.00    0.00    0.00   97.84
21:47:19     all    2.10    0.00    0.05    0.00    0.00    0.00    0.00    0.00   97.85
21:47:21     all    2.10    0.00    0.06    0.00    0.00    0.00    0.00    0.00   97.84
21:47:23     all    2.11    0.00    0.07    0.00    0.00    0.00    0.00    0.00   97.82
21:47:25     all    2.10    0.00    0.08    0.00    0.00    0.00    0.00    0.00   97.82
21:47:27     all    2.11    0.00    0.10    0.00    0.00    0.01    0.00    0.00   97.78
21:47:29     all    2.12    0.00    0.10    0.00    0.00    0.00    0.00    0.00   97.78
21:47:31     all    2.11    0.00    0.09    0.00    0.00    0.00    0.00    0.00   97.80
21:47:33     all    2.10    0.00    0.08    0.00    0.00    0.00    0.00    0.00   97.82
21:47:35     all    2.10    0.00    0.09    0.00    0.00    0.00    0.00    0.00   97.81
21:47:37     all    2.10    0.00    0.07    0.00    0.00    0.00    0.00    0.00   97.83
21:47:39     all    2.10    0.00    0.06    0.00    0.00    0.00    0.00    0.00   97.84
21:47:41     all    2.10    0.00    0.07    0.00    0.00    0.01    0.00    0.00   97.82
21:47:43     all    2.11    0.00    0.07    0.00    0.00    0.00    0.00    0.00   97.82
21:47:45     all    2.10    0.00    0.07    0.00    0.00    0.00    0.00    0.00   97.83
21:47:47     all    2.10    0.00    0.07    0.00    0.00    0.00    0.00    0.00   97.83
21:47:49     all    2.10    0.00    0.07    0.21    0.00    0.00    0.00    0.00   97.62
21:47:51     all    2.11    0.00    0.05    0.00    0.00    0.00    0.00    0.00   97.84
21:47:53     all    2.10    0.00    0.08    0.00    0.00    0.01    0.00    0.00   97.81
21:47:55     all    2.10    0.00    0.08    0.00    0.00    0.00    0.00    0.00   97.82
21:47:57     all    2.11    0.00    0.08    0.00    0.00    0.00    0.00    0.00   97.81
21:47:59     all    2.11    0.00    0.09    0.00    0.00    0.00    0.00    0.00   97.80
21:48:01     all    2.11    0.00    0.10    0.00    0.00    0.00    0.00    0.00   97.79
21:48:03     all    2.10    0.00    0.08    0.00    0.00    0.00    0.00    0.00   97.82
21:48:05     all    2.11    0.00    0.08    0.00    0.00    0.00    0.00    0.00   97.81
21:48:07     all    2.11    0.00    0.05    0.00    0.00    0.00    0.00    0.00   97.84
21:48:09     all    2.10    0.00    0.07    0.00    0.00    0.00    0.00    0.00   97.83
21:48:11     all    2.10    0.00    0.07    0.00    0.00    0.00    0.00    0.00   97.83
21:48:13     all    2.10    0.00    0.07    0.00    0.00    0.01    0.00    0.00   97.82
21:48:15     all    2.11    0.00    0.08    0.00    0.00    0.00    0.00    0.00   97.81
21:48:17     all    2.11    0.00    0.07    0.00    0.00    0.00    0.00    0.00   97.82
21:48:19     all    2.10    0.00    0.08    0.00    0.00    0.00    0.00    0.00   97.82
21:48:21     all    2.10    0.00    0.09    0.00    0.00    0.00    0.00    0.00   97.81
21:48:23     all    2.11    0.00    0.08    0.00    0.00    0.01    0.00    0.00   97.80
21:48:25     all    2.10    0.00    0.08    0.00    0.00    0.00    0.00    0.00   97.82
21:48:27     all    2.12    0.00    0.08    0.00    0.00    0.00    0.00    0.00   97.80
21:48:29     all    2.10    0.00    0.09    0.00    0.00    0.00    0.00    0.00   97.81
21:48:31     all    2.11    0.00    0.10    0.00    0.00    0.00    0.00    0.00   97.79
21:48:33     all    2.10    0.00    0.08    0.00    0.00    0.00    0.00    0.00   97.82
21:48:35     all    2.10    0.00    0.08    0.00    0.00    0.00    0.00    0.00   97.82
21:48:37     all    2.10    0.00    0.08    0.00    0.00    0.00    0.00    0.00   97.82
21:48:39     all    2.10    0.00    0.07    0.00    0.00    0.00    0.00    0.00   97.83
21:48:41     all    2.11    0.00    0.08    0.00    0.00    0.00    0.00    0.00   97.81
21:48:43     all    2.10    0.00    0.06    0.00    0.00    0.00    0.00    0.00   97.84
21:48:45     all    2.11    0.00    0.06    0.01    0.00    0.01    0.00    0.00   97.81
21:48:47     all    2.10    0.00    0.07    0.00    0.00    0.00    0.00    0.00   97.83
21:48:49     all    2.10    0.00    0.07    0.20    0.00    0.00    0.00    0.00   97.63
21:48:51     all    2.11    0.00    0.08    0.00    0.00    0.00    0.00    0.00   97.81
21:48:53     all    2.10    0.00    0.07    0.01    0.00    0.00    0.00    0.00   97.82
21:48:55     all    2.10    0.00    0.08    0.00    0.00    0.00    0.00    0.00   97.82
21:48:57     all    2.11    0.00    0.07    0.00    0.00    0.00    0.00    0.00   97.82
21:48:59     all    2.10    0.00    0.08    0.00    0.00    0.01    0.00    0.00   97.81
21:49:01     all    2.11    0.00    0.09    0.00    0.00    0.00    0.00    0.00   97.80
21:49:03     all    2.10    0.00    0.04    0.00    0.00    0.00    0.00    0.00   97.86
21:49:05     all    2.10    0.00    0.08    0.00    0.00    0.01    0.00    0.00   97.81
21:49:07     all    2.10    0.00    0.07    0.00    0.00    0.00    0.00    0.00   97.83
21:49:09     all    2.10    0.00    0.06    0.00    0.00    0.00    0.00    0.00   97.84
21:49:11     all    2.10    0.00    0.06    0.00    0.00    0.01    0.00    0.00   97.83
21:49:13     all    2.10    0.00    0.07    0.00    0.00    0.01    0.00    0.00   97.82
21:49:15     all    2.10    0.00    0.07    0.00    0.00    0.00    0.00    0.00   97.83
21:49:17     all    2.10    0.00    0.06    0.00    0.00    0.01    0.00    0.00   97.83
21:49:19     all    2.10    0.00    0.07    0.00    0.00    0.01    0.00    0.00   97.82
21:49:21     all    2.11    0.00    0.06    0.00    0.00    0.00    0.00    0.00   97.83
21:49:23     all    2.11    0.00    0.06    0.00    0.00    0.00    0.00    0.00   97.83
21:49:25     all    2.10    0.00    0.06    0.00    0.00    0.00    0.00    0.00   97.84
21:49:27     all    2.10    0.00    0.07    0.00    0.00    0.00    0.00    0.00   97.83
21:49:29     all    2.10    0.00    0.07    0.00    0.00    0.00    0.00    0.00   97.83
21:49:31     all    2.11    0.00    0.09    0.00    0.00    0.00    0.00    0.00   97.80
21:49:33     all    2.11    0.00    0.07    0.00    0.00    0.00    0.00    0.00   97.82
21:49:35     all    2.12    0.00    0.09    0.00    0.00    0.01    0.00    0.00   97.78
21:49:37     all    2.10    0.00    0.06    0.00    0.00    0.00    0.00    0.00   97.84
21:49:39     all    2.11    0.00    0.07    0.00    0.00    0.00    0.00    0.00   97.82
21:49:41     all    2.10    0.00    0.07    0.21    0.00    0.00    0.00    0.00   97.62
21:49:43     all    2.10    0.00    0.06    0.00    0.00    0.01    0.00    0.00   97.83
21:49:45     all    2.11    0.00    0.06    0.00    0.00    0.00    0.00    0.00   97.83
21:49:47     all    2.11    0.00    0.07    0.00    0.00    0.01    0.00    0.00   97.81
21:49:49     all    2.09    0.00    0.07    0.21    0.00    0.00    0.00    0.00   97.63
21:49:51     all    2.10    0.00    0.07    0.00    0.00    0.01    0.00    0.00   97.82
21:49:53     all    2.10    0.00    0.06    0.00    0.00    0.00    0.00    0.00   97.84
21:49:55     all    2.10    0.00    0.06    0.21    0.00    0.00    0.00    0.00   97.63
21:49:57     all    2.11    0.00    0.08    0.00    0.00    0.00    0.00    0.00   97.81
21:49:59     all    2.09    0.00    0.09    0.00    0.00    0.00    0.00    0.00   97.82
21:50:01     all    2.11    0.00    0.10    0.06    0.00    0.00    0.00    0.00   97.73
21:50:03     all    2.11    0.00    0.08    0.00    0.00    0.00    0.00    0.00   97.81
21:50:05     all    2.11    0.00    0.06    0.00    0.00    0.01    0.00    0.00   97.82
21:50:07     all    2.10    0.00    0.07    0.00    0.00    0.00    0.00    0.00   97.83
21:50:09     all    2.10    0.00    0.07    0.00    0.00    0.00    0.00    0.00   97.83
21:50:11     all    2.11    0.00    0.06    0.00    0.00    0.00    0.00    0.00   97.83
21:50:13     all    2.11    0.00    0.06    0.00    0.00    0.00    0.00    0.00   97.83
21:50:15     all    2.09    0.00    0.07    0.00    0.00    0.01    0.00    0.00   97.83
21:50:17     all    2.11    0.00    0.06    0.00    0.00    0.01    0.00    0.00   97.82
21:50:19     all    2.10    0.00    0.07    0.00    0.00    0.01    0.00    0.00   97.82
21:50:21     all    2.11    0.00    0.09    0.00    0.00    0.00    0.00    0.00   97.80
21:50:23     all    2.10    0.00    0.06    0.00    0.00    0.00    0.00    0.00   97.84
21:50:25     all    2.10    0.00    0.06    0.00    0.00    0.01    0.00    0.00   97.83
21:50:27     all    2.10    0.00    0.06    0.00    0.00    0.00    0.00    0.00   97.84
21:50:29     all    2.11    0.00    0.06    0.00    0.00    0.01    0.00    0.00   97.82
21:50:31     all    2.10    0.00    0.07    0.00    0.00    0.01    0.00    0.00   97.82
21:50:33     all    2.11    0.00    0.05    0.00    0.00    0.00    0.00    0.00   97.84
21:50:35     all    2.10    0.00    0.07    0.00    0.00    0.01    0.00    0.00   97.82
21:50:37     all    2.09    0.00    0.07    0.01    0.00    0.01    0.00    0.00   97.81
21:50:39     all    2.10    0.00    0.05    0.00    0.00    0.00    0.00    0.00   97.85
21:50:41     all    2.10    0.00    0.07    0.00    0.00    0.01    0.00    0.00   97.82
