Linux 2.6.32-279.14.1.el6.x86_64 (compute-662-2.local) 	04/20/20 	_x86_64_	(48 CPU)

15:08:08     CPU    %usr   %nice    %sys %iowait    %irq   %soft  %steal  %guest   %idle
15:08:10     all    2.09    0.00    0.14    0.00    0.00    0.00    0.00    0.00   97.77
15:08:12     all    2.10    0.00    0.07    0.00    0.00    0.00    0.00    0.00   97.83
15:08:14     all    2.10    0.00    0.06    0.21    0.00    0.01    0.00    0.00   97.62
15:08:16     all    2.11    0.00    0.07    0.00    0.00    0.01    0.00    0.00   97.81
15:08:18     all    2.10    0.00    0.07    0.00    0.00    0.00    0.00    0.00   97.83
15:08:20     all    2.11    0.00    0.08    0.00    0.00    0.01    0.00    0.00   97.80
15:08:22     all    2.10    0.00    0.08    0.00    0.00    0.02    0.00    0.00   97.80
15:08:24     all    2.10    0.00    0.04    0.00    0.00    0.01    0.00    0.00   97.85
15:08:26     all    2.10    0.00    0.09    0.00    0.00    0.00    0.00    0.00   97.81
15:08:28     all    2.11    0.00    0.06    0.21    0.00    0.01    0.00    0.00   97.61
15:08:30     all    2.10    0.00    0.08    0.00    0.00    0.01    0.00    0.00   97.81
15:08:32     all    2.11    0.00    0.06    0.00    0.00    0.01    0.00    0.00   97.82
15:08:34     all    2.11    0.00    0.07    0.00    0.00    0.01    0.00    0.00   97.81
15:08:36     all    2.10    0.00    0.07    0.00    0.00    0.01    0.00    0.00   97.82
15:08:38     all    2.10    0.00    0.07    0.00    0.00    0.00    0.00    0.00   97.83
15:08:40     all    2.10    0.00    0.07    0.00    0.00    0.00    0.00    0.00   97.83
15:08:42     all    2.10    0.00    0.08    0.00    0.00    0.00    0.00    0.00   97.82
15:08:44     all    2.10    0.00    0.07    0.00    0.00    0.00    0.00    0.00   97.83
15:08:46     all    2.10    0.00    0.07    0.00    0.00    0.00    0.00    0.00   97.83
15:08:48     all    2.10    0.00    0.07    0.02    0.00    0.00    0.00    0.00   97.81
15:08:50     all    2.10    0.00    0.08    0.00    0.00    0.01    0.00    0.00   97.81
15:08:52     all    2.11    0.00    0.05    0.00    0.00    0.00    0.00    0.00   97.84
15:08:54     all    2.10    0.00    0.07    0.00    0.00    0.00    0.00    0.00   97.83
15:08:56     all    2.10    0.00    0.06    0.00    0.00    0.00    0.00    0.00   97.84
15:08:58     all    2.11    0.00    0.06    0.00    0.00    0.00    0.00    0.00   97.83
15:09:00     all    2.10    0.00    0.07    0.00    0.00    0.00    0.00    0.00   97.83
15:09:02     all    2.10    0.00    0.06    0.00    0.00    0.00    0.00    0.00   97.84
15:09:04     all    2.10    0.00    0.07    0.00    0.00    0.00    0.00    0.00   97.83
15:09:06     all    2.11    0.00    0.08    0.00    0.00    0.00    0.00    0.00   97.81
15:09:08     all    2.10    0.00    0.06    0.00    0.00    0.00    0.00    0.00   97.84
15:09:10     all    2.10    0.00    0.07    0.00    0.00    0.01    0.00    0.00   97.82
15:09:12     all    2.10    0.00    0.07    0.00    0.00    0.00    0.00    0.00   97.83
15:09:14     all    2.10    0.00    0.08    0.00    0.00    0.00    0.00    0.00   97.82
15:09:16     all    2.10    0.00    0.08    0.00    0.00    0.00    0.00    0.00   97.82
15:09:18     all    2.11    0.00    0.07    0.00    0.00    0.00    0.00    0.00   97.82
15:09:20     all    2.11    0.00    0.07    0.00    0.00    0.01    0.00    0.00   97.81
15:09:22     all    2.10    0.00    0.07    0.00    0.00    0.00    0.00    0.00   97.83
15:09:24     all    2.10    0.00    0.07    0.00    0.00    0.01    0.00    0.00   97.82
15:09:26     all    2.11    0.00    0.08    0.00    0.00    0.01    0.00    0.00   97.80
15:09:28     all    2.10    0.00    0.06    0.21    0.00    0.01    0.00    0.00   97.62
15:09:30     all    2.10    0.00    0.07    0.00    0.00    0.00    0.00    0.00   97.83
15:09:32     all    2.11    0.00    0.07    0.00    0.00    0.00    0.00    0.00   97.82
15:09:34     all    2.10    0.00    0.06    0.00    0.00    0.00    0.00    0.00   97.84
15:09:36     all    2.11    0.00    0.07    0.00    0.00    0.01    0.00    0.00   97.81
15:09:38     all    2.10    0.00    0.07    0.00    0.00    0.00    0.00    0.00   97.83
15:09:40     all    2.10    0.00    0.08    0.00    0.00    0.00    0.00    0.00   97.82
15:09:42     all    2.10    0.00    0.05    0.21    0.00    0.01    0.00    0.00   97.63
15:09:44     all    2.10    0.00    0.07    0.00    0.00    0.00    0.00    0.00   97.83
15:09:46     all    2.10    0.00    0.07    0.01    0.00    0.00    0.00    0.00   97.82
15:09:48     all    2.11    0.00    0.07    0.00    0.00    0.00    0.00    0.00   97.82
15:09:50     all    2.10    0.00    0.08    0.00    0.00    0.01    0.00    0.00   97.81
15:09:52     all    2.10    0.00    0.05    0.00    0.00    0.00    0.00    0.00   97.85
15:09:54     all    2.11    0.00    0.07    0.00    0.00    0.01    0.00    0.00   97.81
15:09:56     all    2.10    0.00    0.06    0.20    0.00    0.01    0.00    0.00   97.63
15:09:58     all    2.10    0.00    0.07    0.00    0.00    0.00    0.00    0.00   97.83
15:10:00     all    2.11    0.00    0.07    0.00    0.00    0.00    0.00    0.00   97.82
15:10:02     all    2.11    0.00    0.07    0.02    0.00    0.00    0.00    0.00   97.80
15:10:04     all    2.10    0.00    0.07    0.00    0.00    0.00    0.00    0.00   97.83
15:10:06     all    2.10    0.00    0.06    0.00    0.00    0.00    0.00    0.00   97.84
15:10:08     all    2.10    0.00    0.07    0.00    0.00    0.00    0.00    0.00   97.83
15:10:10     all    2.10    0.00    0.07    0.00    0.00    0.00    0.00    0.00   97.83
15:10:12     all    2.10    0.00    0.06    0.00    0.00    0.00    0.00    0.00   97.84
15:10:14     all    2.10    0.00    0.07    0.01    0.00    0.00    0.00    0.00   97.82
15:10:16     all    2.10    0.00    0.07    0.00    0.00    0.01    0.00    0.00   97.82
15:10:18     all    2.11    0.00    0.07    0.00    0.00    0.00    0.00    0.00   97.82
15:10:20     all    2.10    0.00    0.08    0.00    0.00    0.00    0.00    0.00   97.82
15:10:22     all    2.10    0.00    0.09    0.00    0.00    0.00    0.00    0.00   97.81
15:10:24     all    2.10    0.00    0.07    0.00    0.00    0.00    0.00    0.00   97.83
15:10:26     all    2.10    0.00    0.07    0.00    0.00    0.00    0.00    0.00   97.83
15:10:28     all    2.10    0.00    0.07    0.21    0.00    0.00    0.00    0.00   97.62
15:10:30     all    2.10    0.00    0.06    0.00    0.00    0.00    0.00    0.00   97.84
15:10:32     all    2.10    0.00    0.06    0.00    0.00    0.01    0.00    0.00   97.83
15:10:34     all    2.11    0.00    0.08    0.00    0.00    0.01    0.00    0.00   97.80
15:10:36     all    2.10    0.00    0.08    0.00    0.00    0.00    0.00    0.00   97.82
15:10:38     all    2.10    0.00    0.07    0.00    0.00    0.00    0.00    0.00   97.83
