Linux 2.6.32-279.14.1.el6.x86_64 (compute-662-2.local) 	04/20/20 	_x86_64_	(48 CPU)

20:31:26     CPU    %usr   %nice    %sys %iowait    %irq   %soft  %steal  %guest   %idle
20:31:28     all    2.06    0.00    0.15    0.00    0.00    0.00    0.00    0.00   97.79
20:31:30     all    2.11    0.00    0.06    0.00    0.00    0.00    0.00    0.00   97.83
20:31:32     all    2.10    0.00    0.07    0.21    0.00    0.00    0.00    0.00   97.62
20:31:34     all    2.10    0.00    0.08    0.00    0.00    0.00    0.00    0.00   97.82
20:31:36     all    2.11    0.00    0.13    0.00    0.00    0.00    0.00    0.00   97.77
20:31:38     all    2.11    0.00    0.09    0.00    0.00    0.00    0.00    0.00   97.80
20:31:40     all    2.10    0.00    0.08    0.00    0.00    0.00    0.00    0.00   97.82
20:31:42     all    2.11    0.00    0.07    0.00    0.00    0.00    0.00    0.00   97.82
20:31:44     all    2.11    0.00    0.05    0.00    0.00    0.01    0.00    0.00   97.83
20:31:46     all    2.10    0.00    0.08    0.21    0.00    0.00    0.00    0.00   97.61
20:31:48     all    2.10    0.00    0.07    0.00    0.00    0.00    0.00    0.00   97.83
20:31:50     all    2.11    0.00    0.07    0.00    0.00    0.00    0.00    0.00   97.82
20:31:52     all    2.10    0.00    0.08    0.00    0.00    0.00    0.00    0.00   97.82
20:31:54     all    2.10    0.00    0.09    0.00    0.00    0.00    0.00    0.00   97.81
20:31:56     all    2.10    0.00    0.09    0.00    0.00    0.00    0.00    0.00   97.81
20:31:58     all    2.11    0.00    0.08    0.00    0.00    0.00    0.00    0.00   97.81
20:32:00     all    2.10    0.00    0.08    0.00    0.00    0.00    0.00    0.00   97.82
20:32:02     all    2.10    0.00    0.08    0.21    0.00    0.00    0.00    0.00   97.61
20:32:04     all    2.11    0.00    0.07    0.00    0.00    0.00    0.00    0.00   97.82
20:32:06     all    2.10    0.00    0.07    0.00    0.00    0.00    0.00    0.00   97.83
20:32:08     all    2.11    0.00    0.08    0.00    0.00    0.00    0.00    0.00   97.81
20:32:10     all    2.11    0.00    0.08    0.00    0.00    0.00    0.00    0.00   97.81
20:32:12     all    2.10    0.00    0.07    0.00    0.00    0.00    0.00    0.00   97.83
20:32:14     all    2.10    0.00    0.07    0.00    0.00    0.00    0.00    0.00   97.83
20:32:16     all    2.11    0.00    0.08    0.00    0.00    0.01    0.00    0.00   97.80
20:32:18     all    2.10    0.00    0.07    0.00    0.00    0.00    0.00    0.00   97.83
20:32:20     all    2.10    0.00    0.07    0.00    0.00    0.00    0.00    0.00   97.83
20:32:22     all    2.11    0.00    0.10    0.00    0.00    0.00    0.00    0.00   97.79
20:32:24     all    2.10    0.00    0.09    0.00    0.00    0.00    0.00    0.00   97.81
20:32:26     all    2.11    0.00    0.08    0.00    0.00    0.00    0.00    0.00   97.81
20:32:28     all    2.11    0.00    0.07    0.00    0.00    0.00    0.00    0.00   97.82
20:32:30     all    2.10    0.00    0.07    0.00    0.00    0.00    0.00    0.00   97.83
20:32:32     all    2.11    0.00    0.09    0.00    0.00    0.00    0.00    0.00   97.80
20:32:34     all    2.09    0.00    0.08    0.00    0.00    0.00    0.00    0.00   97.83
20:32:36     all    2.11    0.00    0.08    0.00    0.00    0.01    0.00    0.00   97.80
20:32:38     all    2.10    0.00    0.10    0.00    0.00    0.00    0.00    0.00   97.80
20:32:40     all    2.10    0.00    0.09    0.00    0.00    0.00    0.00    0.00   97.81
20:32:42     all    2.10    0.00    0.08    0.00    0.00    0.00    0.00    0.00   97.82
20:32:44     all    2.10    0.00    0.08    0.00    0.00    0.00    0.00    0.00   97.82
20:32:46     all    2.10    0.00    0.08    0.21    0.00    0.00    0.00    0.00   97.61
20:32:48     all    2.10    0.00    0.07    0.00    0.00    0.00    0.00    0.00   97.83
20:32:50     all    2.11    0.00    0.08    0.00    0.00    0.00    0.00    0.00   97.81
20:32:52     all    2.10    0.00    0.07    0.00    0.00    0.00    0.00    0.00   97.83
20:32:54     all    2.10    0.00    0.07    0.00    0.00    0.00    0.00    0.00   97.83
20:32:56     all    2.11    0.00    0.08    0.00    0.00    0.00    0.00    0.00   97.81
20:32:58     all    2.11    0.00    0.08    0.00    0.00    0.00    0.00    0.00   97.81
20:33:00     all    2.10    0.00    0.08    0.01    0.00    0.00    0.00    0.00   97.81
20:33:02     all    2.11    0.00    0.08    0.00    0.00    0.00    0.00    0.00   97.81
20:33:04     all    2.11    0.00    0.08    0.00    0.00    0.00    0.00    0.00   97.81
20:33:06     all    2.11    0.00    0.14    0.00    0.00    0.00    0.00    0.00   97.76
20:33:08     all    2.10    0.00    0.07    0.00    0.00    0.00    0.00    0.00   97.83
20:33:10     all    2.09    0.00    0.08    0.00    0.00    0.00    0.00    0.00   97.83
20:33:12     all    2.11    0.00    0.10    0.00    0.00    0.00    0.00    0.00   97.79
20:33:14     all    2.10    0.00    0.07    0.00    0.00    0.00    0.00    0.00   97.83
20:33:16     all    2.10    0.00    0.09    0.00    0.00    0.01    0.00    0.00   97.80
20:33:18     all    2.11    0.00    0.07    0.00    0.00    0.00    0.00    0.00   97.82
20:33:20     all    2.10    0.00    0.08    0.00    0.00    0.00    0.00    0.00   97.82
20:33:22     all    2.10    0.00    0.08    0.00    0.00    0.00    0.00    0.00   97.82
20:33:24     all    2.11    0.00    0.07    0.00    0.00    0.00    0.00    0.00   97.82
20:33:26     all    2.10    0.00    0.08    0.00    0.00    0.00    0.00    0.00   97.82
20:33:28     all    2.10    0.00    0.07    0.00    0.00    0.00    0.00    0.00   97.83
20:33:30     all    2.11    0.00    0.07    0.00    0.00    0.00    0.00    0.00   97.82
20:33:32     all    2.10    0.00    0.07    0.00    0.00    0.00    0.00    0.00   97.83
20:33:34     all    2.09    0.00    0.07    0.00    0.00    0.01    0.00    0.00   97.83
20:33:36     all    2.11    0.00    0.08    0.00    0.00    0.00    0.00    0.00   97.81
20:33:38     all    2.11    0.00    0.06    0.00    0.00    0.00    0.00    0.00   97.83
20:33:40     all    2.10    0.00    0.07    0.23    0.00    0.00    0.00    0.00   97.60
20:33:42     all    2.10    0.00    0.06    0.00    0.00    0.00    0.00    0.00   97.84
20:33:44     all    2.10    0.00    0.08    0.00    0.00    0.00    0.00    0.00   97.82
20:33:46     all    2.09    0.00    0.07    0.00    0.00    0.00    0.00    0.00   97.84
20:33:48     all    2.11    0.00    0.07    0.01    0.00    0.00    0.00    0.00   97.81
20:33:50     all    2.10    0.00    0.06    0.00    0.00    0.00    0.00    0.00   97.84
20:33:52     all    2.10    0.00    0.10    0.00    0.00    0.00    0.00    0.00   97.80
20:33:54     all    2.11    0.00    0.07    0.00    0.00    0.01    0.00    0.00   97.81
20:33:56     all    2.11    0.00    0.06    0.00    0.00    0.00    0.00    0.00   97.83
20:33:58     all    2.10    0.00    0.07    0.00    0.00    0.00    0.00    0.00   97.83
20:34:00     all    2.09    0.00    0.08    0.00    0.00    0.00    0.00    0.00   97.83
20:34:02     all    2.11    0.00    0.07    0.00    0.00    0.00    0.00    0.00   97.82
20:34:04     all    2.11    0.00    0.07    0.00    0.00    0.00    0.00    0.00   97.82
20:34:06     all    2.11    0.00    0.07    0.00    0.00    0.00    0.00    0.00   97.82
20:34:08     all    2.10    0.00    0.07    0.00    0.00    0.00    0.00    0.00   97.83
20:34:10     all    2.10    0.00    0.07    0.00    0.00    0.00    0.00    0.00   97.83
20:34:12     all    2.10    0.00    0.06    0.00    0.00    0.00    0.00    0.00   97.84
20:34:14     all    2.10    0.00    0.07    0.00    0.00    0.00    0.00    0.00   97.83
20:34:16     all    2.10    0.00    0.08    0.00    0.00    0.00    0.00    0.00   97.82
20:34:18     all    2.10    0.00    0.06    0.00    0.00    0.00    0.00    0.00   97.84
20:34:20     all    2.11    0.00    0.08    0.00    0.00    0.00    0.00    0.00   97.81
20:34:22     all    2.11    0.00    0.11    0.00    0.00    0.00    0.00    0.00   97.78
20:34:24     all    2.10    0.00    0.10    0.00    0.00    0.00    0.00    0.00   97.80
20:34:26     all    2.11    0.00    0.07    0.00    0.00    0.00    0.00    0.00   97.82
20:34:28     all    2.10    0.00    0.07    0.00    0.00    0.00    0.00    0.00   97.83
20:34:30     all    2.10    0.00    0.07    0.00    0.00    0.01    0.00    0.00   97.82
20:34:32     all    2.10    0.00    0.06    0.00    0.00    0.00    0.00    0.00   97.84
20:34:34     all    2.10    0.00    0.08    0.00    0.00    0.00    0.00    0.00   97.82
20:34:36     all    2.12    0.00    0.09    0.00    0.00    0.00    0.00    0.00   97.79
20:34:38     all    2.10    0.00    0.06    0.00    0.00    0.00    0.00    0.00   97.84
20:34:40     all    2.11    0.00    0.07    0.00    0.00    0.00    0.00    0.00   97.82
20:34:42     all    2.10    0.00    0.08    0.21    0.00    0.00    0.00    0.00   97.61
20:34:44     all    2.10    0.00    0.06    0.00    0.00    0.00    0.00    0.00   97.84
20:34:46     all    2.11    0.00    0.08    0.00    0.00    0.00    0.00    0.00   97.81
20:34:48     all    2.11    0.00    0.09    0.00    0.00    0.00    0.00    0.00   97.80
20:34:50     all    2.11    0.00    0.07    0.00    0.00    0.00    0.00    0.00   97.82
20:34:52     all    2.10    0.00    0.06    0.00    0.00    0.00    0.00    0.00   97.84
20:34:54     all    2.10    0.00    0.07    0.01    0.00    0.00    0.00    0.00   97.82
20:34:56     all    2.10    0.00    0.08    0.21    0.00    0.00    0.00    0.00   97.61
20:34:58     all    2.11    0.00    0.08    0.00    0.00    0.00    0.00    0.00   97.81
20:35:00     all    2.11    0.00    0.09    0.00    0.00    0.00    0.00    0.00   97.80
20:35:02     all    2.12    0.00    0.06    0.00    0.00    0.00    0.00    0.00   97.82
20:35:04     all    2.10    0.00    0.09    0.00    0.00    0.00    0.00    0.00   97.81
20:35:06     all    2.10    0.00    0.08    0.00    0.00    0.00    0.00    0.00   97.82
20:35:08     all    2.11    0.00    0.08    0.00    0.00    0.00    0.00    0.00   97.81
20:35:10     all    2.10    0.00    0.08    0.00    0.00    0.00    0.00    0.00   97.82
20:35:12     all    2.10    0.00    0.09    0.00    0.00    0.00    0.00    0.00   97.81
20:35:14     all    2.11    0.00    0.09    0.00    0.00    0.00    0.00    0.00   97.80
20:35:16     all    2.11    0.00    0.08    0.00    0.00    0.00    0.00    0.00   97.81
20:35:18     all    2.11    0.00    0.09    0.00    0.00    0.00    0.00    0.00   97.80
20:35:20     all    2.10    0.00    0.08    0.00    0.00    0.00    0.00    0.00   97.82
20:35:22     all    2.12    0.00    0.09    0.00    0.00    0.01    0.00    0.00   97.78
20:35:24     all    2.10    0.00    0.09    0.00    0.00    0.00    0.00    0.00   97.81
20:35:26     all    2.11    0.00    0.08    0.00    0.00    0.00    0.00    0.00   97.81
20:35:28     all    2.10    0.00    0.09    0.00    0.00    0.00    0.00    0.00   97.81
20:35:30     all    2.11    0.00    0.08    0.00    0.00    0.00    0.00    0.00   97.81
20:35:32     all    2.10    0.00    0.08    0.00    0.00    0.00    0.00    0.00   97.82
20:35:34     all    2.11    0.00    0.08    0.00    0.00    0.00    0.00    0.00   97.81
20:35:36     all    2.10    0.00    0.09    0.00    0.00    0.00    0.00    0.00   97.81
20:35:38     all    2.10    0.00    0.09    0.00    0.00    0.00    0.00    0.00   97.81
20:35:40     all    2.11    0.00    0.06    0.00    0.00    0.01    0.00    0.00   97.82
20:35:42     all    2.10    0.00    0.08    0.00    0.00    0.00    0.00    0.00   97.82
20:35:44     all    2.10    0.00    0.07    0.00    0.00    0.00    0.00    0.00   97.83
20:35:46     all    2.11    0.00    0.08    0.21    0.00    0.00    0.00    0.00   97.60
20:35:48     all    2.10    0.00    0.08    0.00    0.00    0.00    0.00    0.00   97.82
20:35:50     all    2.09    0.00    0.07    0.00    0.00    0.00    0.00    0.00   97.84
20:35:52     all    2.11    0.00    0.07    0.00    0.00    0.00    0.00    0.00   97.82
20:35:54     all    2.10    0.00    0.06    0.00    0.00    0.00    0.00    0.00   97.84
20:35:56     all    2.10    0.00    0.06    0.00    0.00    0.00    0.00    0.00   97.84
20:35:58     all    2.10    0.00    0.07    0.00    0.00    0.00    0.00    0.00   97.83
20:36:00     all    2.11    0.00    0.07    0.00    0.00    0.00    0.00    0.00   97.82
20:36:02     all    2.10    0.00    0.07    0.00    0.00    0.00    0.00    0.00   97.83
20:36:04     all    2.10    0.00    0.07    0.00    0.00    0.00    0.00    0.00   97.83
20:36:06     all    2.11    0.00    0.08    0.00    0.00    0.01    0.00    0.00   97.80
20:36:08     all    2.11    0.00    0.06    0.00    0.00    0.00    0.00    0.00   97.83
20:36:10     all    2.10    0.00    0.07    0.00    0.00    0.00    0.00    0.00   97.83
20:36:12     all    2.11    0.00    0.06    0.00    0.00    0.00    0.00    0.00   97.83
20:36:14     all    2.10    0.00    0.08    0.01    0.00    0.00    0.00    0.00   97.81
20:36:16     all    2.11    0.00    0.07    0.00    0.00    0.00    0.00    0.00   97.82
20:36:18     all    2.10    0.00    0.06    0.00    0.00    0.00    0.00    0.00   97.84
20:36:20     all    2.10    0.00    0.07    0.00    0.00    0.00    0.00    0.00   97.83
20:36:22     all    2.11    0.00    0.06    0.00    0.00    0.00    0.00    0.00   97.83
20:36:24     all    2.10    0.00    0.06    0.00    0.00    0.01    0.00    0.00   97.83
20:36:26     all    2.11    0.00    0.08    0.00    0.00    0.00    0.00    0.00   97.81
20:36:28     all    2.10    0.00    0.08    0.00    0.00    0.00    0.00    0.00   97.82
20:36:30     all    2.12    0.00    0.10    0.00    0.00    0.00    0.00    0.00   97.78
20:36:32     all    2.10    0.00    0.08    0.00    0.00    0.00    0.00    0.00   97.82
