procs -----------memory---------- ---swap-- -----io---- --system-- -----cpu-----
 r  b   swpd   free   buff  cache   si   so    bi    bo   in   cs us sy id wa st
 4  0  11032 64581144 136224 317328    0    0     0     1    0    0  5  1 94  0  0	
 1  0  11032 64543508 136224 317364    0    0     0     0 3212 2690  2  0 98  0  0	
 1  0  11032 64544112 136224 317372    0    0     0    10 3156 2646  2  0 98  0  0	
 2  0  11032 64544188 136224 317376    0    0     0    10 3080 2505  2  0 98  0  0	
 1  0  11032 64544888 136224 317376    0    0     0     0 3115 2582  2  0 98  0  0	
 1  0  11032 64545228 136224 317376    0    0     0     0 3136 2614  2  0 98  0  0	
 1  0  11032 64544992 136224 317380    0    0     0     0 3120 2567  2  0 98  0  0	
 1  0  11032 64544988 136224 317380    0    0     0     0 3156 2607  2  0 98  0  0	
 2  0  11032 64545284 136224 317384    0    0     0     0 3117 2583  2  0 98  0  0	
 1  0  11032 64545664 136224 317388    0    0     0     0 3080 2506  2  0 98  0  0	
 1  0  11032 64545448 136224 317388    0    0     0     0 3076 2508  2  0 98  0  0	
 2  0  11032 64545836 136224 317388    0    0     0     0 3075 2496  2  0 98  0  0	
 1  0  11032 64545920 136224 317392    0    0     0     0 3059 2491  2  0 98  0  0	
 2  0  11032 64546044 136224 317392    0    0     0     0 3086 2538  2  0 98  0  0	
 1  0  11032 64545988 136224 317396    0    0     0     0 3079 2543  2  0 98  0  0	
 1  0  11032 64545980 136224 317400    0    0     0     0 3090 2533  2  0 98  0  0	
 1  0  11032 64546104 136224 317404    0    0     0     0 3070 2501  2  0 98  0  0	
 1  0  11032 64545980 136224 317408    0    0     0     0 3183 2735  2  0 98  0  0	
 1  0  11032 64546220 136224 317412    0    0     0     2 3160 2659  2  0 98  0  0	
 1  0  11032 64546228 136224 317412    0    0     0     0 3090 2534  2  0 98  0  0	
 1  0  11032 64546096 136224 317416    0    0     0    12 3129 2617  2  0 98  0  0	
procs -----------memory---------- ---swap-- -----io---- --system-- -----cpu-----
 r  b   swpd   free   buff  cache   si   so    bi    bo   in   cs us sy id wa st
 1  0  11032 64546212 136224 317416    0    0     0     0 3083 2493  2  0 98  0  0	
 1  0  11032 64546228 136224 317416    0    0     0     0 3076 2491  2  0 98  0  0	
 1  0  11032 64546236 136224 317424    0    0     0     0 3077 2490  2  0 98  0  0	
 1  0  11032 64546236 136224 317424    0    0     0     0 3067 2477  2  0 98  0  0	
 1  0  11032 64545980 136224 317424    0    0     0     0 3075 2497  2  0 98  0  0	
 1  0  11032 64545980 136224 317428    0    0     0     0 3091 2567  2  0 98  0  0	
 1  0  11032 64545980 136224 317428    0    0     0     0 3154 2658  2  0 98  0  0	
 1  0  11032 64545988 136224 317432    0    0     0     0 3089 2557  2  0 98  0  0	
 1  0  11032 64545872 136224 317432    0    0     0     0 3114 2586  2  0 98  0  0	
 1  0  11032 64546228 136224 317436    0    0     0     0 3207 2734  2  0 98  0  0	
 1  0  11032 64546096 136224 317444    0    0     0     0 3112 2546  2  0 98  0  0	
 2  0  11032 64546104 136224 317444    0    0     0     6 3129 2622  2  0 98  0  0	
 1  0  11032 64546112 136224 317444    0    0     0     0 3082 2518  2  0 98  0  0	
 2  0  11032 64545988 136224 317448    0    0     0     0 3051 2470  2  0 98  0  0	
 1  0  11032 64546096 136224 317448    0    0     0     0 3078 2496  2  0 98  0  0	
