Linux 2.6.32-279.14.1.el6.x86_64 (compute-662-2.local) 	04/20/20 	_x86_64_	(48 CPU)

14:49:54     CPU    %usr   %nice    %sys %iowait    %irq   %soft  %steal  %guest   %idle
14:49:56     all    2.10    0.00    0.10    0.00    0.00    0.00    0.00    0.00   97.80
14:49:58     all    2.10    0.00    0.07    0.00    0.00    0.00    0.00    0.00   97.83
14:50:00     all    2.10    0.00    0.07    0.21    0.00    0.01    0.00    0.00   97.61
14:50:02     all    2.12    0.00    0.08    0.02    0.00    0.01    0.00    0.00   97.77
14:50:04     all    2.11    0.00    0.05    0.00    0.00    0.01    0.00    0.00   97.83
14:50:06     all    2.10    0.00    0.06    0.00    0.00    0.00    0.00    0.00   97.84
14:50:08     all    2.11    0.00    0.07    0.00    0.00    0.01    0.00    0.00   97.81
14:50:10     all    2.10    0.00    0.07    0.00    0.00    0.01    0.00    0.00   97.82
14:50:12     all    2.10    0.00    0.07    0.00    0.00    0.01    0.00    0.00   97.82
14:50:14     all    2.11    0.00    0.06    0.00    0.00    0.01    0.00    0.00   97.82
14:50:16     all    2.10    0.00    0.07    0.21    0.00    0.01    0.00    0.00   97.61
14:50:18     all    2.11    0.00    0.05    0.00    0.00    0.02    0.00    0.00   97.82
14:50:20     all    2.11    0.00    0.09    0.00    0.00    0.02    0.00    0.00   97.78
14:50:22     all    2.10    0.00    0.07    0.00    0.00    0.01    0.00    0.00   97.82
14:50:24     all    2.11    0.00    0.06    0.00    0.00    0.00    0.00    0.00   97.83
14:50:26     all    2.10    0.00    0.08    0.21    0.00    0.00    0.00    0.00   97.61
14:50:28     all    2.11    0.00    0.07    0.00    0.00    0.01    0.00    0.00   97.81
14:50:30     all    2.11    0.00    0.07    0.00    0.00    0.01    0.00    0.00   97.81
14:50:32     all    2.11    0.00    0.08    0.00    0.00    0.01    0.00    0.00   97.80
14:50:34     all    2.10    0.00    0.06    0.01    0.00    0.00    0.00    0.00   97.83
14:50:36     all    2.11    0.00    0.06    0.00    0.00    0.00    0.00    0.00   97.83
14:50:38     all    2.10    0.00    0.06    0.00    0.00    0.00    0.00    0.00   97.84
14:50:40     all    2.11    0.00    0.07    0.00    0.00    0.01    0.00    0.00   97.81
14:50:42     all    2.10    0.00    0.07    0.00    0.00    0.00    0.00    0.00   97.83
14:50:44     all    2.10    0.00    0.07    0.00    0.00    0.02    0.00    0.00   97.81
14:50:46     all    2.10    0.00    0.08    0.00    0.00    0.01    0.00    0.00   97.81
14:50:48     all    2.10    0.00    0.07    0.00    0.00    0.00    0.00    0.00   97.83
14:50:50     all    2.10    0.00    0.07    0.00    0.00    0.01    0.00    0.00   97.82
14:50:52     all    2.10    0.00    0.07    0.00    0.00    0.00    0.00    0.00   97.83
14:50:54     all    2.10    0.00    0.06    0.00    0.00    0.01    0.00    0.00   97.83
14:50:56     all    2.11    0.00    0.07    0.00    0.00    0.00    0.00    0.00   97.82
14:50:58     all    2.09    0.00    0.06    0.00    0.00    0.00    0.00    0.00   97.85
14:51:00     all    2.10    0.00    0.08    0.00    0.00    0.00    0.00    0.00   97.82
14:51:02     all    2.11    0.00    0.08    0.00    0.00    0.01    0.00    0.00   97.80
14:51:04     all    2.11    0.00    0.08    0.00    0.00    0.00    0.00    0.00   97.81
14:51:06     all    2.10    0.00    0.08    0.00    0.00    0.02    0.00    0.00   97.80
14:51:08     all    2.10    0.00    0.06    0.00    0.00    0.00    0.00    0.00   97.84
14:51:10     all    2.10    0.00    0.07    0.00    0.00    0.01    0.00    0.00   97.82
14:51:12     all    2.10    0.00    0.08    0.00    0.00    0.02    0.00    0.00   97.80
14:51:14     all    2.10    0.00    0.07    0.00    0.00    0.00    0.00    0.00   97.83
14:51:16     all    2.11    0.00    0.07    0.00    0.00    0.01    0.00    0.00   97.81
14:51:18     all    2.11    0.00    0.06    0.00    0.00    0.01    0.00    0.00   97.82
14:51:20     all    2.10    0.00    0.08    0.00    0.00    0.01    0.00    0.00   97.81
14:51:22     all    2.10    0.00    0.07    0.00    0.00    0.01    0.00    0.00   97.82
14:51:24     all    2.11    0.00    0.06    0.00    0.00    0.01    0.00    0.00   97.82
14:51:26     all    2.10    0.00    0.07    0.21    0.00    0.00    0.00    0.00   97.62
14:51:28     all    2.11    0.00    0.06    0.00    0.00    0.00    0.00    0.00   97.83
14:51:30     all    2.10    0.00    0.08    0.00    0.00    0.00    0.00    0.00   97.82
14:51:32     all    2.10    0.00    0.07    0.00    0.00    0.01    0.00    0.00   97.82
14:51:34     all    2.11    0.00    0.07    0.00    0.00    0.00    0.00    0.00   97.82
14:51:36     all    2.10    0.00    0.05    0.00    0.00    0.00    0.00    0.00   97.85
14:51:38     all    2.10    0.00    0.06    0.00    0.00    0.01    0.00    0.00   97.83
14:51:40     all    2.10    0.00    0.07    0.00    0.00    0.01    0.00    0.00   97.82
14:51:42     all    2.10    0.00    0.07    0.00    0.00    0.02    0.00    0.00   97.81
14:51:44     all    2.10    0.00    0.06    0.00    0.00    0.00    0.00    0.00   97.84
14:51:46     all    2.10    0.00    0.08    0.00    0.00    0.00    0.00    0.00   97.82
14:51:48     all    2.10    0.00    0.08    0.00    0.00    0.00    0.00    0.00   97.82
14:51:50     all    2.11    0.00    0.09    0.00    0.00    0.00    0.00    0.00   97.80
14:51:52     all    2.10    0.00    0.06    0.00    0.00    0.00    0.00    0.00   97.84
14:51:54     all    2.10    0.00    0.07    0.00    0.00    0.00    0.00    0.00   97.83
14:51:56     all    2.10    0.00    0.08    0.00    0.00    0.00    0.00    0.00   97.82
14:51:58     all    2.11    0.00    0.06    0.00    0.00    0.00    0.00    0.00   97.83
14:52:00     all    2.10    0.00    0.08    0.01    0.00    0.01    0.00    0.00   97.80
14:52:02     all    2.11    0.00    0.08    0.00    0.00    0.01    0.00    0.00   97.80
14:52:04     all    2.09    0.00    0.08    0.00    0.00    0.01    0.00    0.00   97.82
14:52:06     all    2.10    0.00    0.07    0.00    0.00    0.01    0.00    0.00   97.82
14:52:08     all    2.10    0.00    0.07    0.00    0.00    0.01    0.00    0.00   97.82
14:52:10     all    2.10    0.00    0.07    0.00    0.00    0.01    0.00    0.00   97.82
14:52:12     all    2.11    0.00    0.08    0.00    0.00    0.01    0.00    0.00   97.80
14:52:14     all    2.10    0.00    0.07    0.00    0.00    0.00    0.00    0.00   97.83
14:52:16     all    2.10    0.00    0.08    0.00    0.00    0.01    0.00    0.00   97.81
14:52:18     all    2.10    0.00    0.06    0.00    0.00    0.01    0.00    0.00   97.83
14:52:20     all    2.11    0.00    0.08    0.00    0.00    0.01    0.00    0.00   97.80
14:52:22     all    2.10    0.00    0.06    0.00    0.00    0.01    0.00    0.00   97.83
14:52:24     all    2.11    0.00    0.06    0.00    0.00    0.00    0.00    0.00   97.83
