Linux 2.6.32-279.14.1.el6.x86_64 (compute-662-2.local) 	04/20/20 	_x86_64_	(48 CPU)

18:17:21     CPU    %usr   %nice    %sys %iowait    %irq   %soft  %steal  %guest   %idle
18:17:23     all    2.05    0.00    0.18    0.00    0.00    0.00    0.00    0.00   97.77
18:17:25     all    2.11    0.00    0.08    0.00    0.00    0.00    0.00    0.00   97.81
18:17:27     all    2.10    0.00    0.08    0.21    0.00    0.00    0.00    0.00   97.61
18:17:29     all    2.10    0.00    0.07    0.01    0.00    0.01    0.00    0.00   97.81
18:17:31     all    2.10    0.00    0.09    0.00    0.00    0.00    0.00    0.00   97.81
18:17:33     all    2.11    0.00    0.07    0.00    0.00    0.00    0.00    0.00   97.82
18:17:35     all    2.09    0.00    0.07    0.00    0.00    0.01    0.00    0.00   97.83
18:17:37     all    2.11    0.00    0.07    0.00    0.00    0.01    0.00    0.00   97.81
18:17:39     all    2.10    0.00    0.07    0.21    0.00    0.00    0.00    0.00   97.62
18:17:41     all    2.10    0.00    0.07    0.00    0.00    0.01    0.00    0.00   97.82
18:17:43     all    2.10    0.00    0.10    0.00    0.00    0.00    0.00    0.00   97.80
18:17:45     all    2.10    0.00    0.08    0.00    0.00    0.00    0.00    0.00   97.82
18:17:47     all    2.11    0.00    0.07    0.00    0.00    0.00    0.00    0.00   97.82
18:17:49     all    2.10    0.00    0.07    0.00    0.00    0.01    0.00    0.00   97.82
18:17:51     all    2.10    0.00    0.08    0.00    0.00    0.00    0.00    0.00   97.82
18:17:53     all    2.10    0.00    0.09    0.00    0.00    0.00    0.00    0.00   97.81
18:17:55     all    2.10    0.00    0.08    0.00    0.00    0.00    0.00    0.00   97.82
18:17:57     all    2.11    0.00    0.06    0.00    0.00    0.00    0.00    0.00   97.83
18:17:59     all    2.09    0.00    0.07    0.00    0.00    0.00    0.00    0.00   97.84
18:18:01     all    2.10    0.00    0.07    0.01    0.00    0.01    0.00    0.00   97.81
18:18:03     all    2.11    0.00    0.07    0.00    0.00    0.01    0.00    0.00   97.81
18:18:05     all    2.10    0.00    0.07    0.00    0.00    0.01    0.00    0.00   97.82
18:18:07     all    2.11    0.00    0.08    0.00    0.00    0.01    0.00    0.00   97.80
18:18:09     all    2.11    0.00    0.05    0.00    0.00    0.01    0.00    0.00   97.83
18:18:11     all    2.10    0.00    0.07    0.00    0.00    0.00    0.00    0.00   97.83
18:18:13     all    2.10    0.00    0.07    0.00    0.00    0.00    0.00    0.00   97.83
18:18:15     all    2.11    0.00    0.07    0.00    0.00    0.01    0.00    0.00   97.81
18:18:17     all    2.10    0.00    0.05    0.00    0.00    0.01    0.00    0.00   97.84
18:18:19     all    2.11    0.00    0.06    0.00    0.00    0.00    0.00    0.00   97.83
18:18:21     all    2.09    0.00    0.08    0.00    0.00    0.00    0.00    0.00   97.83
18:18:23     all    2.11    0.00    0.07    0.00    0.00    0.00    0.00    0.00   97.82
18:18:25     all    2.10    0.00    0.08    0.00    0.00    0.00    0.00    0.00   97.82
18:18:27     all    2.09    0.00    0.06    0.00    0.00    0.00    0.00    0.00   97.85
18:18:29     all    2.11    0.00    0.06    0.00    0.00    0.00    0.00    0.00   97.83
18:18:31     all    2.10    0.00    0.06    0.00    0.00    0.01    0.00    0.00   97.83
18:18:33     all    2.11    0.00    0.07    0.00    0.00    0.00    0.00    0.00   97.82
18:18:35     all    2.10    0.00    0.07    0.00    0.00    0.00    0.00    0.00   97.83
18:18:37     all    2.09    0.00    0.07    0.00    0.00    0.00    0.00    0.00   97.84
18:18:39     all    2.11    0.00    0.05    0.20    0.00    0.00    0.00    0.00   97.64
18:18:41     all    2.10    0.00    0.07    0.00    0.00    0.00    0.00    0.00   97.83
18:18:43     all    2.10    0.00    0.08    0.00    0.00    0.00    0.00    0.00   97.82
18:18:45     all    2.10    0.00    0.06    0.00    0.00    0.00    0.00    0.00   97.84
18:18:47     all    2.11    0.00    0.06    0.00    0.00    0.00    0.00    0.00   97.83
18:18:49     all    2.11    0.00    0.05    0.00    0.00    0.01    0.00    0.00   97.83
18:18:51     all    2.10    0.00    0.09    0.00    0.00    0.00    0.00    0.00   97.81
18:18:53     all    2.10    0.00    0.08    0.00    0.00    0.01    0.00    0.00   97.81
18:18:55     all    2.11    0.00    0.06    0.00    0.00    0.00    0.00    0.00   97.83
18:18:57     all    2.10    0.00    0.06    0.00    0.00    0.01    0.00    0.00   97.83
18:18:59     all    2.10    0.00    0.04    0.01    0.00    0.00    0.00    0.00   97.85
18:19:01     all    2.11    0.00    0.07    0.00    0.00    0.01    0.00    0.00   97.81
18:19:03     all    2.11    0.00    0.07    0.00    0.00    0.01    0.00    0.00   97.81
18:19:05     all    2.10    0.00    0.07    0.00    0.00    0.01    0.00    0.00   97.82
18:19:07     all    2.10    0.00    0.07    0.00    0.00    0.00    0.00    0.00   97.83
18:19:09     all    2.09    0.00    0.03    0.00    0.00    0.01    0.00    0.00   97.87
18:19:11     all    2.10    0.00    0.07    0.00    0.00    0.00    0.00    0.00   97.83
18:19:13     all    2.10    0.00    0.07    0.00    0.00    0.00    0.00    0.00   97.83
18:19:15     all    2.10    0.00    0.07    0.00    0.00    0.00    0.00    0.00   97.83
18:19:17     all    2.11    0.00    0.06    0.00    0.00    0.00    0.00    0.00   97.83
18:19:19     all    2.10    0.00    0.05    0.00    0.00    0.00    0.00    0.00   97.85
18:19:21     all    2.10    0.00    0.07    0.00    0.00    0.00    0.00    0.00   97.83
18:19:23     all    2.11    0.00    0.08    0.00    0.00    0.00    0.00    0.00   97.81
18:19:25     all    2.10    0.00    0.06    0.00    0.00    0.00    0.00    0.00   97.84
18:19:27     all    2.10    0.00    0.07    0.00    0.00    0.01    0.00    0.00   97.82
18:19:29     all    2.11    0.00    0.05    0.00    0.00    0.00    0.00    0.00   97.84
18:19:31     all    2.10    0.00    0.07    0.00    0.00    0.00    0.00    0.00   97.83
18:19:33     all    2.10    0.00    0.08    0.00    0.00    0.00    0.00    0.00   97.82
18:19:35     all    2.10    0.00    0.07    0.00    0.00    0.00    0.00    0.00   97.83
18:19:37     all    2.10    0.00    0.09    0.00    0.00    0.00    0.00    0.00   97.81
18:19:39     all    2.11    0.00    0.05    0.19    0.00    0.00    0.00    0.00   97.65
18:19:41     all    2.10    0.00    0.06    0.00    0.00    0.01    0.00    0.00   97.83
18:19:43     all    2.11    0.00    0.07    0.00    0.00    0.01    0.00    0.00   97.81
18:19:45     all    2.09    0.00    0.07    0.00    0.00    0.01    0.00    0.00   97.83
18:19:47     all    2.11    0.00    0.07    0.00    0.00    0.01    0.00    0.00   97.81
18:19:49     all    2.10    0.00    0.05    0.00    0.00    0.01    0.00    0.00   97.84
18:19:51     all    2.10    0.00    0.07    0.00    0.00    0.01    0.00    0.00   97.82
18:19:53     all    2.10    0.00    0.07    0.00    0.00    0.00    0.00    0.00   97.83
18:19:55     all    2.10    0.00    0.07    0.21    0.00    0.01    0.00    0.00   97.61
18:19:57     all    2.10    0.00    0.07    0.00    0.00    0.00    0.00    0.00   97.83
18:19:59     all    2.11    0.00    0.05    0.00    0.00    0.00    0.00    0.00   97.84
18:20:01     all    2.10    0.00    0.07    0.00    0.00    0.00    0.00    0.00   97.83
18:20:03     all    2.12    0.00    0.09    0.08    0.00    0.01    0.00    0.00   97.70
18:20:05     all    2.10    0.00    0.06    0.00    0.00    0.01    0.00    0.00   97.83
18:20:07     all    2.10    0.00    0.06    0.00    0.00    0.01    0.00    0.00   97.83
18:20:09     all    2.11    0.00    0.05    0.00    0.00    0.00    0.00    0.00   97.84
18:20:11     all    2.10    0.00    0.06    0.00    0.00    0.00    0.00    0.00   97.84
18:20:13     all    2.11    0.00    0.07    0.00    0.00    0.00    0.00    0.00   97.82
18:20:15     all    2.11    0.00    0.06    0.00    0.00    0.00    0.00    0.00   97.83
18:20:17     all    2.10    0.00    0.06    0.00    0.00    0.01    0.00    0.00   97.83
18:20:19     all    2.11    0.00    0.06    0.00    0.00    0.01    0.00    0.00   97.82
18:20:21     all    2.11    0.00    0.09    0.00    0.00    0.01    0.00    0.00   97.79
18:20:23     all    2.10    0.00    0.09    0.00    0.00    0.00    0.00    0.00   97.81
18:20:25     all    2.10    0.00    0.07    0.00    0.00    0.01    0.00    0.00   97.82
18:20:27     all    2.11    0.00    0.05    0.00    0.00    0.01    0.00    0.00   97.83
18:20:29     all    2.10    0.00    0.06    0.00    0.00    0.01    0.00    0.00   97.83
18:20:31     all    2.10    0.00    0.07    0.00    0.00    0.01    0.00    0.00   97.82
18:20:33     all    2.11    0.00    0.08    0.01    0.00    0.01    0.00    0.00   97.79
18:20:35     all    2.09    0.00    0.06    0.00    0.00    0.01    0.00    0.00   97.84
18:20:37     all    2.11    0.00    0.06    0.00    0.00    0.01    0.00    0.00   97.82
18:20:39     all    2.10    0.00    0.06    0.20    0.00    0.00    0.00    0.00   97.64
18:20:41     all    2.11    0.00    0.07    0.00    0.00    0.00    0.00    0.00   97.82
18:20:43     all    2.10    0.00    0.08    0.00    0.00    0.00    0.00    0.00   97.82
18:20:45     all    2.10    0.00    0.07    0.00    0.00    0.00    0.00    0.00   97.83
18:20:47     all    2.10    0.00    0.06    0.00    0.00    0.01    0.00    0.00   97.83
18:20:49     all    2.11    0.00    0.06    0.00    0.00    0.00    0.00    0.00   97.83
18:20:51     all    2.10    0.00    0.06    0.00    0.00    0.01    0.00    0.00   97.83
18:20:53     all    2.09    0.00    0.05    0.00    0.00    0.00    0.00    0.00   97.86
18:20:55     all    2.11    0.00    0.07    0.00    0.00    0.00    0.00    0.00   97.82
18:20:57     all    2.10    0.00    0.06    0.00    0.00    0.00    0.00    0.00   97.84
18:20:59     all    2.10    0.00    0.06    0.00    0.00    0.00    0.00    0.00   97.84
18:21:01     all    2.10    0.00    0.07    0.00    0.00    0.00    0.00    0.00   97.83
18:21:03     all    2.11    0.00    0.08    0.00    0.00    0.01    0.00    0.00   97.80
18:21:05     all    2.10    0.00    0.07    0.00    0.00    0.01    0.00    0.00   97.82
18:21:07     all    2.11    0.00    0.08    0.00    0.00    0.02    0.00    0.00   97.79
18:21:09     all    2.11    0.00    0.05    0.00    0.00    0.01    0.00    0.00   97.83
18:21:11     all    2.10    0.00    0.07    0.00    0.00    0.00    0.00    0.00   97.83
18:21:13     all    2.10    0.00    0.08    0.00    0.00    0.00    0.00    0.00   97.82
18:21:15     all    2.10    0.00    0.07    0.00    0.00    0.00    0.00    0.00   97.83
18:21:17     all    2.10    0.00    0.06    0.00    0.00    0.00    0.00    0.00   97.84
18:21:19     all    2.10    0.00    0.07    0.00    0.00    0.01    0.00    0.00   97.82
18:21:21     all    2.11    0.00    0.07    0.00    0.00    0.01    0.00    0.00   97.81
18:21:23     all    2.11    0.00    0.06    0.00    0.00    0.00    0.00    0.00   97.83
18:21:25     all    2.08    0.00    0.08    0.00    0.00    0.01    0.00    0.00   97.82
18:21:27     all    2.11    0.00    0.06    0.00    0.00    0.01    0.00    0.00   97.82
18:21:29     all    2.10    0.00    0.06    0.00    0.00    0.01    0.00    0.00   97.83
18:21:31     all    2.10    0.00    0.07    0.00    0.00    0.01    0.00    0.00   97.82
18:21:33     all    2.10    0.00    0.07    0.00    0.00    0.01    0.00    0.00   97.82
18:21:35     all    2.11    0.00    0.06    0.00    0.00    0.01    0.00    0.00   97.82
18:21:37     all    2.10    0.00    0.06    0.01    0.00    0.00    0.00    0.00   97.83
18:21:39     all    2.10    0.00    0.06    0.20    0.00    0.01    0.00    0.00   97.63
18:21:41     all    2.10    0.00    0.07    0.00    0.00    0.01    0.00    0.00   97.82
18:21:43     all    2.11    0.00    0.07    0.00    0.00    0.00    0.00    0.00   97.82
18:21:45     all    2.10    0.00    0.06    0.00    0.00    0.00    0.00    0.00   97.84
18:21:47     all    2.10    0.00    0.06    0.00    0.00    0.00    0.00    0.00   97.84
18:21:49     all    2.11    0.00    0.06    0.00    0.00    0.00    0.00    0.00   97.83
18:21:51     all    2.11    0.00    0.08    0.00    0.00    0.01    0.00    0.00   97.80
18:21:53     all    2.10    0.00    0.08    0.00    0.00    0.01    0.00    0.00   97.81
18:21:55     all    2.10    0.00    0.07    0.00    0.00    0.01    0.00    0.00   97.82
18:21:57     all    2.10    0.00    0.06    0.00    0.00    0.01    0.00    0.00   97.83
18:21:59     all    2.10    0.00    0.06    0.00    0.00    0.01    0.00    0.00   97.83
18:22:01     all    2.10    0.00    0.06    0.00    0.00    0.01    0.00    0.00   97.83
18:22:03     all    2.10    0.00    0.08    0.00    0.00    0.01    0.00    0.00   97.81
18:22:05     all    2.10    0.00    0.07    0.00    0.00    0.01    0.00    0.00   97.82
18:22:07     all    2.10    0.00    0.07    0.00    0.00    0.01    0.00    0.00   97.82
18:22:09     all    2.10    0.00    0.06    0.00    0.00    0.00    0.00    0.00   97.84
18:22:11     all    2.10    0.00    0.07    0.00    0.00    0.01    0.00    0.00   97.82
18:22:13     all    2.11    0.00    0.07    0.00    0.00    0.00    0.00    0.00   97.82
18:22:15     all    2.10    0.00    0.06    0.00    0.00    0.01    0.00    0.00   97.83
18:22:17     all    2.10    0.00    0.07    0.00    0.00    0.01    0.00    0.00   97.82
18:22:19     all    2.10    0.00    0.06    0.00    0.00    0.01    0.00    0.00   97.83
18:22:21     all    2.11    0.00    0.06    0.00    0.00    0.00    0.00    0.00   97.83
18:22:23     all    2.10    0.00    0.07    0.00    0.00    0.00    0.00    0.00   97.83
18:22:25     all    2.11    0.00    0.07    0.01    0.00    0.01    0.00    0.00   97.80
18:22:27     all    2.10    0.00    0.07    0.00    0.00    0.00    0.00    0.00   97.83
18:22:29     all    2.10    0.00    0.06    0.00    0.00    0.01    0.00    0.00   97.83
18:22:31     all    2.11    0.00    0.06    0.00    0.00    0.01    0.00    0.00   97.82
18:22:33     all    2.10    0.00    0.07    0.00    0.00    0.00    0.00    0.00   97.83
18:22:35     all    2.09    0.00    0.04    0.00    0.00    0.00    0.00    0.00   97.87
18:22:37     all    2.10    0.00    0.09    0.00    0.00    0.02    0.00    0.00   97.79
18:22:39     all    2.11    0.00    0.05    0.20    0.00    0.01    0.00    0.00   97.63
18:22:41     all    2.10    0.00    0.07    0.00    0.00    0.00    0.00    0.00   97.83
18:22:43     all    2.10    0.00    0.08    0.00    0.00    0.00    0.00    0.00   97.82
18:22:45     all    2.10    0.00    0.07    0.00    0.00    0.01    0.00    0.00   97.82
18:22:47     all    2.10    0.00    0.07    0.00    0.00    0.00    0.00    0.00   97.83
18:22:49     all    2.11    0.00    0.05    0.00    0.00    0.00    0.00    0.00   97.84
18:22:51     all    2.10    0.00    0.07    0.00    0.00    0.01    0.00    0.00   97.82
18:22:53     all    2.09    0.00    0.08    0.00    0.00    0.00    0.00    0.00   97.83
18:22:55     all    2.10    0.00    0.07    0.00    0.00    0.00    0.00    0.00   97.83
18:22:57     all    2.11    0.00    0.06    0.00    0.00    0.01    0.00    0.00   97.82
18:22:59     all    2.10    0.00    0.05    0.00    0.00    0.00    0.00    0.00   97.85
18:23:01     all    2.10    0.00    0.07    0.00    0.00    0.01    0.00    0.00   97.82
18:23:03     all    2.10    0.00    0.08    0.00    0.00    0.00    0.00    0.00   97.82
18:23:05     all    2.11    0.00    0.06    0.00    0.00    0.01    0.00    0.00   97.82
18:23:07     all    2.11    0.00    0.08    0.00    0.00    0.02    0.00    0.00   97.79
18:23:09     all    2.10    0.00    0.06    0.00    0.00    0.00    0.00    0.00   97.84
18:23:11     all    2.10    0.00    0.07    0.00    0.00    0.01    0.00    0.00   97.82
18:23:13     all    2.10    0.00    0.07    0.00    0.00    0.00    0.00    0.00   97.83
18:23:15     all    2.10    0.00    0.06    0.00    0.00    0.01    0.00    0.00   97.83
18:23:17     all    2.10    0.00    0.06    0.00    0.00    0.01    0.00    0.00   97.83
18:23:19     all    2.11    0.00    0.06    0.00    0.00    0.00    0.00    0.00   97.83
18:23:21     all    2.11    0.00    0.09    0.00    0.00    0.00    0.00    0.00   97.80
18:23:23     all    2.11    0.00    0.06    0.00    0.00    0.01    0.00    0.00   97.82
18:23:25     all    2.10    0.00    0.07    0.00    0.00    0.00    0.00    0.00   97.83
18:23:27     all    2.10    0.00    0.07    0.00    0.00    0.01    0.00    0.00   97.82
18:23:29     all    2.10    0.00    0.05    0.01    0.00    0.00    0.00    0.00   97.84
18:23:31     all    2.11    0.00    0.08    0.00    0.00    0.00    0.00    0.00   97.81
18:23:33     all    2.10    0.00    0.07    0.00    0.00    0.00    0.00    0.00   97.83
18:23:35     all    2.09    0.00    0.07    0.00    0.00    0.00    0.00    0.00   97.84
18:23:37     all    2.10    0.00    0.06    0.00    0.00    0.00    0.00    0.00   97.84
18:23:39     all    2.11    0.00    0.05    0.20    0.00    0.00    0.00    0.00   97.64
18:23:41     all    2.10    0.00    0.09    0.00    0.00    0.00    0.00    0.00   97.81
18:23:43     all    2.10    0.00    0.06    0.00    0.00    0.01    0.00    0.00   97.83
18:23:45     all    2.11    0.00    0.07    0.00    0.00    0.01    0.00    0.00   97.81
18:23:47     all    2.10    0.00    0.06    0.00    0.00    0.00    0.00    0.00   97.84
18:23:49     all    2.10    0.00    0.06    0.00    0.00    0.01    0.00    0.00   97.83
18:23:51     all    2.11    0.00    0.08    0.00    0.00    0.01    0.00    0.00   97.80
18:23:53     all    2.10    0.00    0.05    0.00    0.00    0.00    0.00    0.00   97.85
18:23:55     all    2.10    0.00    0.06    0.00    0.00    0.00    0.00    0.00   97.84
18:23:57     all    2.11    0.00    0.07    0.00    0.00    0.01    0.00    0.00   97.81
18:23:59     all    2.09    0.00    0.05    0.00    0.00    0.00    0.00    0.00   97.86
18:24:01     all    2.10    0.00    0.09    0.00    0.00    0.00    0.00    0.00   97.81
18:24:03     all    2.11    0.00    0.07    0.00    0.00    0.00    0.00    0.00   97.82
18:24:05     all    2.10    0.00    0.07    0.00    0.00    0.00    0.00    0.00   97.83
18:24:07     all    2.11    0.00    0.07    0.00    0.00    0.00    0.00    0.00   97.82
18:24:09     all    2.11    0.00    0.06    0.00    0.00    0.00    0.00    0.00   97.83
18:24:11     all    2.11    0.00    0.08    0.00    0.00    0.00    0.00    0.00   97.81
18:24:13     all    2.10    0.00    0.06    0.00    0.00    0.00    0.00    0.00   97.84
