procs -----------memory---------- ---swap-- -----io---- --system-- -----cpu-----
 r  b   swpd   free   buff  cache   si   so    bi    bo   in   cs us sy id wa st
 6  0  11032 64587748 136164 309396    0    0     0     1    0    0  5  1 94  0  0	
 5  0  11032 64437496 136164 309432    0    0     0     0 3121 2571  2  0 98  0  0	
 5  0  11032 64437016 136164 309440    0    0     0     0 3094 2523  2  0 98  0  0	
 2  0  11032 64437504 136168 309440    0    0     0    38 3037 2466  2  0 98  0  0	
 2  0  11032 64438372 136168 309444    0    0     0     0 3041 2494  2  0 98  0  0	
 1  0  11032 64438764 136168 309444    0    0     0     0 3062 2503  2  0 98  0  0	
 1  0  11032 64439016 136168 309448    0    0     0     0 3026 2462  2  0 98  0  0	
 1  0  11032 64439920 136168 309448    0    0     0     0 3060 2469  2  0 98  0  0	
 1  0  11032 64440236 136168 309452    0    0     0     0 3076 2531  2  0 98  0  0	
 1  0  11032 64440484 136168 309456    0    0     0     0 3053 2468  2  0 98  0  0	
 1  0  11032 64440816 136168 309456    0    0     0     0 3021 2458  2  0 98  0  0	
 1  0  11032 64441012 136168 309456    0    0     0     0 3000 2441  2  0 98  0  0	
 1  0  11032 64440888 136168 309460    0    0     0     4 3044 2455  2  0 98  0  0	
 1  0  11032 64440896 136168 309460    0    0     0     0 3065 2493  2  0 98  0  0	
 1  0  11032 64440772 136168 309460    0    0     0     0 3145 2616  2  0 98  0  0	
 1  0  11032 64440764 136168 309468    0    0     0     0 3018 2457  2  0 98  0  0	
 1  0  11032 64440508 136168 309468    0    0     0     0 3425 3232  2  0 98  0  0	
 1  0  11032 64440536 136168 309476    0    0     0     2 3090 2497  2  0 98  0  0	
 1  0  11032 64440652 136168 309480    0    0     0     0 3077 2514  2  0 98  0  0	
 1  0  11032 64440644 136168 309480    0    0     0    26 3069 2468  2  0 98  0  0	
 1  0  11032 64440660 136168 309484    0    0     0    12 3043 2503  2  0 98  0  0	
procs -----------memory---------- ---swap-- -----io---- --system-- -----cpu-----
 r  b   swpd   free   buff  cache   si   so    bi    bo   in   cs us sy id wa st
 1  0  11032 64440660 136168 309484    0    0     0     0 3046 2465  2  0 98  0  0	
 2  0  11032 64440412 136168 309484    0    0     0     0 3068 2474  2  0 98  0  0	
 1  0  11032 64440660 136168 309488    0    0     0     0 3061 2482  2  0 98  0  0	
 1  0  11032 64440784 136168 309492    0    0     0     0 3070 2491  2  0 98  0  0	
 1  0  11032 64440776 136168 309492    0    0     0     6 3065 2486  2  0 98  0  0	
 1  0  11032 64440900 136168 309496    0    0     0     0 3063 2509  2  0 98  0  0	
 1  0  11032 64440900 136168 309496    0    0     0     0 3071 2565  2  0 98  0  0	
 2  0  11032 64440900 136168 309496    0    0     0     0 3422 3272  2  0 98  0  0	
 1  0  11032 64441024 136168 309500    0    0     0     8 3063 2494  2  0 98  0  0	
 1  0  11032 64440784 136168 309504    0    0     0     0 3127 2609  2  0 98  0  0	
 1  0  11032 64440792 136168 309508    0    0     0     0 3083 2499  2  0 98  0  0	
 1  0  11032 64440784 136168 309508    0    0     0     0 3095 2547  2  0 98  0  0	
 1  0  11032 64440784 136168 309512    0    0     0     0 3040 2461  2  0 98  0  0	
 1  0  11032 64440908 136168 309512    0    0     0     0 3115 2583  2  0 98  0  0	
 1  0  11032 64441032 136168 309516    0    0     0     0 3084 2538  2  0 98  0  0	
 1  0  11032 64440908 136168 309520    0    0     0     0 3231 2791  2  0 98  0  0	
 1  0  11032 64440784 136168 309520    0    0     0    12 3163 2673  2  0 98  0  0	
 1  0  11032 64440784 136168 309524    0    0     0     0 3187 2739  2  0 98  0  0	
 1  0  11032 64440792 136168 309524    0    0     0     0 3170 2700  2  0 98  0  0	
 1  0  11032 64440800 136168 309528    0    0     0     0 3125 2605  2  0 98  0  0	
 1  0  11032 64440676 136168 309532    0    0     0     0 3075 2483  2  0 98  0  0	
procs -----------memory---------- ---swap-- -----io---- --system-- -----cpu-----
 r  b   swpd   free   buff  cache   si   so    bi    bo   in   cs us sy id wa st
 1  0  11032 64440924 136168 309532    0    0     0     0 3057 2485  2  0 98  0  0	
 1  0  11032 64440924 136168 309536    0    0     0     0 3054 2482  2  0 98  0  0	
 1  0  11032 64440800 136168 309540    0    0     0     0 3085 2540  2  0 98  0  0	
 1  0  11032 64440916 136168 309544    0    0     0     0 3048 2474  2  0 98  0  0	
 1  0  11032 64440916 136168 309548    0    0     0     0 3071 2486  2  0 98  0  0	
 1  0  11032 64440660 136168 309556    0    0     0     0 3071 2476  2  0 98  0  0	
 2  0  11032 64440784 136168 309556    0    0     0     0 3066 2483  2  0 98  0  0	
 1  0  11032 64440652 136168 309556    0    0     0     0 3079 2499  2  0 98  0  0	
 1  0  11032 64440668 136168 309560    0    0     0     0 3094 2521  2  0 98  0  0	
 2  0  11032 64440784 136168 309560    0    0     0     0 3058 2476  2  0 98  0  0	
 1  0  11032 64440536 136168 309564    0    0     0     0 3093 2463  2  0 98  0  0	
 1  0  11032 64440668 136168 309564    0    0     0     0 3087 2499  2  0 98  0  0	
 1  0  11032 64440544 136168 309572    0    0     0     0 3088 2525  2  0 98  0  0	
 1  0  11032 64440660 136168 309576    0    0     0     6 3144 2626  2  0 98  0  0	
 1  0  11032 64440660 136168 309576    0    0     0     0 3236 2796  2  0 98  0  0	
 1  0  11032 64440660 136168 309580    0    0     0     0 3055 2482  2  0 98  0  0	
 1  0  11032 64440660 136168 309584    0    0     0     0 3150 2629  2  0 98  0  0	
 2  0  11032 64440784 136168 309584    0    0     0     6 3090 2533  2  0 98  0  0	
 1  0  11032 64440676 136168 309588    0    0     0     0 3114 2572  2  0 98  0  0	
 1  0  11032 64440668 136168 309592    0    0     0     0 3189 2716  2  0 98  0  0	
 2  0  11032 64440796 136168 309592    0    0     0     0 3112 2564  2  0 98  0  0	
procs -----------memory---------- ---swap-- -----io---- --system-- -----cpu-----
 r  b   swpd   free   buff  cache   si   so    bi    bo   in   cs us sy id wa st
 1  0  11032 64440796 136168 309596    0    0     0     0 3080 2495  2  0 98  0  0	
 1  0  11032 64440796 136168 309604    0    0     0     0 3128 2595  2  0 98  0  0	
 2  0  11032 64440788 136168 309604    0    0     0     0 3061 2469  2  0 98  0  0	
 1  0  11032 64440664 136168 309608    0    0     0     8 3060 2484  2  0 98  0  0	
 1  0  11032 64440664 136168 309608    0    0     0     0 3123 2615  2  0 98  0  0	
 2  0  11032 64440664 136168 309608    0    0     0     0 3234 2801  2  0 98  0  0	
 1  0  11032 64440672 136168 309616    0    0     0     0 3148 2652  2  0 98  0  0	
 1  0  11032 64440680 136168 309616    0    0     0     0 3125 2606  2  0 98  0  0	
 2  0  11032 64440680 136168 309620    0    0     0     0 3270 2894  2  0 98  0  0	
 1  0  11032 64440804 136168 309624    0    0     0     4 3103 2567  2  0 98  0  0	
 1  0  11032 64440680 136168 309624    0    0     0     0 3142 2628  2  0 98  0  0	
 1  0  11032 64440928 136168 309624    0    0     0     0 3198 2745  2  0 98  0  0	
 1  0  11032 64440920 136168 309632    0    0     0     0 3135 2636  2  0 98  0  0	
 1  0  11032 64440672 136168 309632    0    0     0     0 3071 2509  2  0 98  0  0	
 2  0  11032 64440912 136168 309636    0    0     0     0 3070 2508  2  0 98  0  0	
 1  0  11032 64440788 136168 309640    0    0     0     0 3066 2495  2  0 98  0  0	
 1  0  11032 64441028 136168 309640    0    0     0     0 3095 2514  2  0 98  0  0	
 1  0  11032 64441044 136168 309640    0    0     0     0 3095 2553  2  0 98  0  0	
 1  0  11032 64440912 136168 309640    0    0     0     0 3067 2481  2  0 98  0  0	
 1  0  11032 64440788 136168 309644    0    0     0     0 3074 2508  2  0 98  0  0	
 1  0  11032 64440912 136168 309644    0    0     0     0 3072 2505  2  0 98  0  0	
procs -----------memory---------- ---swap-- -----io---- --system-- -----cpu-----
 r  b   swpd   free   buff  cache   si   so    bi    bo   in   cs us sy id wa st
 1  0  11032 64440912 136168 309648    0    0     0     0 3091 2518  2  0 98  0  0	
 1  0  11032 64440664 136168 309648    0    0     0     6 3083 2514  2  0 98  0  0	
 1  0  11032 64440664 136168 309652    0    0     0     0 3091 2546  2  0 98  0  0	
 2  0  11032 64440788 136168 309656    0    0     0     0 3051 2499  2  0 98  0  0	
 2  0  11032 64440788 136168 309660    0    0     0     0 3066 2500  2  0 98  0  0	
 1  0  11032 64440788 136168 309664    0    0     0     0 3088 2528  2  0 98  0  0	
 1  0  11032 64440928 136168 309672    0    0     0     0 3117 2589  2  0 98  0  0	
 2  0  11032 64440688 136168 309672    0    0     0     0 3123 2606  2  0 98  0  0	
 1  0  11032 64440672 136168 309680    0    0     0     0 3112 2583  2  0 98  0  0	
 1  0  11032 64440672 136168 309684    0    0     0     0 3145 2655  2  0 98  0  0	
 2  0  11032 64440672 136168 309684    0    0     0     0 3115 2550  2  0 98  0  0	
 1  0  11032 64440540 136168 309684    0    0     0     0 3076 2497  2  0 98  0  0	
 1  0  11032 64440540 136168 309688    0    0     0     0 3193 2710  2  0 98  0  0	
 2  0  11032 64440664 136168 309688    0    0     0     0 3190 2725  2  0 98  0  0	
 1  0  11032 64440664 136168 309688    0    0     0     0 3110 2561  2  0 98  0  0	
 1  0  11032 64440664 136168 309692    0    0     0     0 3076 2505  2  0 98  0  0	
 2  0  11032 64440796 136168 309696    0    0     0     0 3360 3052  2  0 98  0  0	
 1  0  11032 64440672 136168 309700    0    0     0     0 3330 3014  2  0 98  0  0	
 1  0  11032 64440796 136168 309700    0    0     0     2 3072 2517  2  0 98  0  0	
 4  0  11032 64440672 136168 309700    0    0     0     0 3089 2502  2  0 98  0  0	
 1  0  11032 64440548 136168 309708    0    0     0     0 3107 2562  2  0 98  0  0	
procs -----------memory---------- ---swap-- -----io---- --system-- -----cpu-----
 r  b   swpd   free   buff  cache   si   so    bi    bo   in   cs us sy id wa st
 1  0  11032 64440788 136168 309708    0    0     0     0 3078 2498  2  0 98  0  0	
 3  0  11032 64440540 136168 309708    0    0     0     0 3087 2528  2  0 98  0  0	
 1  0  11032 64440664 136168 309716    0    0     0     0 3091 2506  2  0 98  0  0	
 1  0  11032 64440664 136168 309720    0    0     0     0 3090 2498  2  0 98  0  0	
 1  0  11032 64440524 136168 309720    0    0     0     0 3099 2523  2  0 98  0  0	
 1  0  11032 64440664 136168 309724    0    0     0     0 3108 2552  2  0 98  0  0	
 1  0  11032 64440648 136168 309724    0    0     0     0 3295 2934  2  0 98  0  0	
 1  0  11032 64440648 136168 309724    0    0     0     0 3327 2957  2  0 98  0  0	
 1  0  11032 64440648 136168 309728    0    0     0     0 3201 2744  2  0 98  0  0	
 1  0  11032 64440772 136168 309728    0    0     0     0 3225 2776  2  0 98  0  0	
 1  0  11032 64440772 136168 309740    0    0     0     6 3074 2503  2  0 98  0  0	
 1  0  11032 64440648 136168 309740    0    0     0     0 3115 2577  2  0 98  0  0	
 1  0  11032 64440656 136168 309740    0    0     0     0 3183 2700  2  0 98  0  0	
 1  0  11032 64440672 136168 309744    0    0     0     0 3227 2795  2  0 98  0  0	
 1  0  11032 64440540 136168 309744    0    0     0     0 3258 2838  2  0 98  0  0	
 1  0  11032 64440796 136168 309748    0    0     0     0 3082 2503  2  0 98  0  0	
 1  0  11032 64440788 136168 309752    0    0     0     0 3232 2821  2  0 98  0  0	
 1  0  11032 64440540 136168 309752    0    0     0     0 3356 3055  2  0 98  0  0	
 2  0  11032 64441112 136168 309756    0    0     0     0 3196 2728  2  0 98  0  0	
 1  0  11032 64440988 136168 309760    0    0     0     0 3184 2737  2  0 98  0  0	
 1  0  11032 64440732 136168 309764    0    0     0     0 3179 2696  2  0 98  0  0	
procs -----------memory---------- ---swap-- -----io---- --system-- -----cpu-----
 r  b   swpd   free   buff  cache   si   so    bi    bo   in   cs us sy id wa st
 2  0  11032 64440700 136168 309764    0    0     0     0 3146 2621  2  0 98  0  0	
 1  0  11032 64440840 136168 309768    0    0     0     0 3066 2503  2  0 98  0  0	
 1  0  11032 64440708 136168 309768    0    0     0     0 3087 2550  2  0 98  0  0	
 2  0  11032 64440824 136168 309772    0    0     0     0 3068 2506  2  0 98  0  0	
 1  0  11032 64440576 136168 309776    0    0     0     0 3205 2769  2  0 98  0  0	
 1  0  11032 64440956 136168 309780    0    0     0     0 3325 2959  2  0 98  0  0	
 2  0  11032 64440964 136168 309780    0    0     0     2 3340 2988  2  0 98  0  0	
 1  0  11032 64440832 136168 309788    0    0     0     0 3189 2716  2  0 98  0  0	
 1  0  11032 64440700 136168 309788    0    0     0     0 3322 2972  2  0 98  0  0	
 1  0  11032 64440700 136168 309792    0    0     0     0 3082 2513  2  0 98  0  0	
 1  0  11032 64440700 136168 309796    0    0     0     0 3292 2926  2  0 98  0  0	
 1  0  11032 64440708 136168 309796    0    0     0     0 3189 2726  2  0 98  0  0	
 1  0  11032 64440584 136168 309804    0    0     0     0 3321 2994  2  0 98  0  0	
 1  0  11032 64440700 136168 309808    0    0     0     0 3318 2973  2  0 98  0  0	
 1  0  11032 64440816 136168 309808    0    0     0     0 3335 3003  2  0 98  0  0	
 2  0  11032 64440684 136168 309808    0    0     0     0 3164 2675  2  0 98  0  0	
 1  0  11032 64440808 136168 309816    0    0     0     0 3215 2734  2  0 98  0  0	
 2  0  11032 64440816 136168 309816    0    0     0     0 3165 2692  2  0 98  0  0	
 1  0  11032 64440684 136168 309816    0    0     0     0 3089 2542  2  0 98  0  0	
 1  0  11032 64440692 136168 309820    0    0     0     6 3076 2510  2  0 98  0  0	
 2  0  11032 64440568 136168 309824    0    0     0     0 3195 2737  2  0 98  0  0	
procs -----------memory---------- ---swap-- -----io---- --system-- -----cpu-----
 r  b   swpd   free   buff  cache   si   so    bi    bo   in   cs us sy id wa st
 1  0  11032 64440832 136168 309824    0    0     0     0 3077 2512  2  0 98  0  0	
 1  0  11032 64440832 136168 309828    0    0     0     0 3095 2501  2  0 98  0  0	
 2  0  11032 64440700 136168 309828    0    0     0     0 3092 2508  2  0 98  0  0	
 1  0  11032 64440700 136168 309836    0    0     0     0 3086 2510  2  0 98  0  0	
 1  0  11032 64440700 136168 309836    0    0     0     0 3085 2520  2  0 98  0  0	
 2  0  11032 64440696 136168 309836    0    0     0     0 3118 2563  2  0 98  0  0	
 1  0  11032 64440696 136168 309840    0    0     0     0 3102 2515  2  0 98  0  0	
 2  0  11032 64440696 136168 309840    0    0     0     0 3080 2467  2  0 98  0  0	
 3  0  11032 64440572 136168 309844    0    0     0     0 3079 2502  2  0 98  0  0	
 1  0  11032 64440448 136168 309848    0    0     0     0 3102 2528  2  0 98  0  0	
 1  0  11032 64440712 136168 309848    0    0     0     0 3108 2516  2  0 98  0  0	
 3  0  11032 64440712 136168 309848    0    0     0     0 3105 2554  2  0 98  0  0	
 1  0  11032 64440580 136168 309852    0    0     0     0 3094 2523  2  0 98  0  0	
 1  0  11032 64440704 136168 309856    0    0     0     0 3090 2513  2  0 98  0  0	
 3  0  11032 64440704 136168 309860    0    0     0     0 3075 2502  2  0 98  0  0	
 1  0  11032 64440704 136168 309864    0    0     0     2 3075 2498  2  0 98  0  0	
 1  0  11032 64440704 136168 309864    0    0     0     0 3078 2495  2  0 98  0  0	
 3  0  11032 64440696 136168 309864    0    0     0     0 3110 2557  2  0 98  0  0	
 1  0  11032 64440820 136168 309872    0    0     0     0 3068 2495  2  0 98  0  0	
 1  0  11032 64440820 136168 309872    0    0     0     0 3088 2528  2  0 98  0  0	
 1  0  11032 64440828 136168 309876    0    0     0     0 3184 2673  2  0 98  0  0	
procs -----------memory---------- ---swap-- -----io---- --system-- -----cpu-----
 r  b   swpd   free   buff  cache   si   so    bi    bo   in   cs us sy id wa st
 1  0  11032 64440828 136168 309876    0    0     0     0 3229 2794  2  0 98  0  0	
 1  0  11032 64440944 136168 309880    0    0     0     0 3105 2523  2  0 98  0  0	
 1  0  11032 64440820 136168 309884    0    0     0     0 3166 2676  2  0 98  0  0	
 1  0  11032 64440812 136168 309884    0    0     0     0 3101 2541  2  0 98  0  0	
 1  0  11032 64440688 136168 309888    0    0     0     0 3146 2593  2  0 98  0  0	
 1  0  11032 64440572 136168 309892    0    0     0     0 3183 2699  2  0 98  0  0	
 1  0  11032 64440812 136168 309892    0    0     0     0 3207 2745  2  0 98  0  0	
 1  0  11032 64440824 136168 309892    0    0     0     6 3117 2568  2  0 98  0  0	
 1  0  11032 64440824 136168 309896    0    0     0     0 3383 3077  2  0 98  0  0	
 1  0  11032 64440848 136168 309896    0    0     0     0 3291 2922  2  0 98  0  0	
 3  0  11032 64440724 136168 309908    0    0     0     0 3302 2944  2  0 98  0  0	
 1  0  11032 64440840 136168 309912    0    0     0     0 3273 2874  2  0 98  0  0	
 2  0  11032 64440840 136168 309916    0    0     0     0 3334 2980  2  0 98  0  0	
 3  0  11032 64440716 136168 309920    0    0     0     0 3256 2807  2  0 98  0  0	
 1  0  11032 64440576 136168 309920    0    0     0     0 3137 2568  2  0 98  0  0	
 1  0  11032 64440444 136168 309920    0    0     0     0 3075 2503  2  0 98  0  0	
 3  0  11032 64440560 136168 309928    0    0     0     0 3142 2581  2  0 98  0  0	
 1  0  11032 64440440 136168 309932    0    0     0     0 3100 2541  2  0 98  0  0	
 2  0  11032 64440592 136168 309932    0    0     0     0 3196 2732  2  0 98  0  0	
 4  0  11032 64440608 136168 309932    0    0     0     0 3211 2741  2  0 98  0  0	
 1  0  11032 64440792 136168 309936    0    0     0     0 3107 2558  2  0 98  0  0	
procs -----------memory---------- ---swap-- -----io---- --system-- -----cpu-----
 r  b   swpd   free   buff  cache   si   so    bi    bo   in   cs us sy id wa st
 1  0  11032 64440800 136168 309936    0    0     0     0 3093 2516  2  0 98  0  0	
 3  0  11032 64440800 136168 309936    0    0     0     0 3088 2502  2  0 98  0  0	
 1  0  11032 64440800 136168 309940    0    0     0     0 3073 2501  2  0 98  0  0	
 1  0  11032 64440676 136168 309944    0    0     0     2 3066 2496  2  0 98  0  0	
 3  0  11032 64440800 136168 309944    0    0     0     0 3081 2491  2  0 98  0  0	
 1  0  11032 64440792 136168 309952    0    0     0     0 3113 2564  2  0 98  0  0	
 1  0  11032 64440544 136168 309956    0    0     0     0 3079 2506  2  0 98  0  0	
 1  0  11032 64440544 136168 309960    0    0     0     0 3086 2519  2  0 98  0  0	
 1  0  11032 64440556 136168 309964    0    0     0     0 3093 2519  2  0 98  0  0	
 1  0  11032 64440556 136168 309964    0    0     0     0 3094 2508  2  0 98  0  0	
 1  0  11032 64440548 136168 309968    0    0     0     0 3102 2528  2  0 98  0  0	
 1  0  11032 64440672 136168 309972    0    0     0     0 3158 2628  2  0 98  0  0	
 1  0  11032 64440548 136168 309972    0    0     0     0 3166 2702  2  0 98  0  0	
 1  0  11032 64440548 136168 309976    0    0     0     0 3195 2743  2  0 98  0  0	
 1  0  11032 64440416 136168 309976    0    0     0     0 3198 2754  2  0 98  0  0	
 1  0  11032 64440416 136168 309976    0    0     0     0 3381 3113  2  0 98  0  0	
 1  0  11032 64440540 136168 309980    0    0     0     6 3193 2718  2  0 98  0  0	
 2  0  11032 64440416 136168 309980    0    0     0     0 3236 2774  2  0 98  0  0	
 1  0  11032 64440432 136168 309980    0    0     0     0 3058 2497  2  0 98  0  0	
 1  0  11032 64440432 136168 309992    0    0     0     0 3060 2494  2  0 98  0  0	
 1  0  11032 64440300 136168 309992    0    0     0     6 3079 2518  2  0 98  0  0	
procs -----------memory---------- ---swap-- -----io---- --system-- -----cpu-----
 r  b   swpd   free   buff  cache   si   so    bi    bo   in   cs us sy id wa st
 1  0  11032 64440548 136168 309992    0    0     0     0 3080 2518  2  0 98  0  0	
 1  0  11032 64440548 136168 309996    0    0     0     0 3089 2524  2  0 98  0  0	
 1  0  11032 64440540 136168 309996    0    0     0     0 3109 2557  2  0 98  0  0	
 3  0  11032 64440416 136168 310000    0    0     0     0 3075 2503  2  0 98  0  0	
 1  0  11032 64440408 136168 310004    0    0     0     0 3097 2529  2  0 98  0  0	
 3  0  11032 64440408 136168 310004    0    0     0     0 3086 2508  2  0 98  0  0	
 3  0  11032 64440408 136168 310012    0    0     0     8 3095 2519  2  0 98  0  0	
 1  0  11032 64440424 136168 310012    0    0     0     0 3078 2504  2  0 98  0  0	
 1  0  11032 64440424 136168 310012    0    0     0     0 3260 2857  2  0 98  0  0	
 3  0  11032 64440548 136168 310016    0    0     0     0 3138 2623  2  0 98  0  0	
 1  0  11032 64440172 136168 310028    0    0     0    24 3274 2766  2  0 98  0  0	
 1  0  11032 64440180 136168 310028    0    0     0     0 3194 2708  2  0 98  0  0	
 3  0  11032 64440140 136168 310032    0    0     0    14 3230 2789  2  0 98  0  0	
 1  0  11032 64440512 136168 310036    0    0     0     0 3294 2927  2  0 98  0  0	
 1  0  11032 64440380 136168 310044    0    0     0     0 3381 3093  2  0 98  0  0	
 3  0  11032 64440388 136168 310048    0    0     0     0 3090 2531  2  0 98  0  0	
 1  0  11032 64440228 136168 310048    0    0     0     0 3288 2908  2  0 98  0  0	
 1  0  11032 64440484 136168 310048    0    0     0     0 3103 2523  2  0 98  0  0	
 3  0  11032 64440732 136168 310052    0    0     0     0 3073 2494  2  0 98  0  0	
 1  0  11032 64440724 136168 310052    0    0     0     0 3102 2530  2  0 98  0  0	
 1  0  11032 64440600 136168 310064    0    0     0     0 3113 2560  2  0 98  0  0	
procs -----------memory---------- ---swap-- -----io---- --system-- -----cpu-----
 r  b   swpd   free   buff  cache   si   so    bi    bo   in   cs us sy id wa st
 1  0  11032 64440600 136168 310072    0    0     0     0 3144 2646  2  0 98  0  0	
 1  0  11032 64440600 136168 310072    0    0     0     0 3229 2786  2  0 98  0  0	
 1  0  11032 64440600 136168 310076    0    0     0     0 3081 2512  2  0 98  0  0	
 1  0  11032 64440336 136168 310076    0    0     0     0 3200 2737  2  0 98  0  0	
 1  0  11032 64440592 136168 310076    0    0     0     6 3245 2803  2  0 98  0  0	
 1  0  11032 64440584 136168 310076    0    0     0     0 3179 2689  2  0 98  0  0	
 1  0  11032 64440484 136168 310080    0    0     0     0 3273 2888  2  0 98  0  0	
 1  0  11032 64440484 136168 310088    0    0     0     0 3097 2523  2  0 98  0  0	
 1  0  11032 64440724 136168 310088    0    0     0     0 3098 2516  2  0 98  0  0	
 1  0  11032 64440724 136168 310092    0    0     0     0 3086 2508  2  0 98  0  0	
 3  0  11032 64440936 136168 310092    0    0     0     0 3098 2529  2  0 98  0  0	
 2  0  11032 64440804 136168 310092    0    0     0     0 3122 2577  2  0 98  0  0	
 1  0  11032 64440804 136168 310096    0    0     0     0 3093 2518  2  0 98  0  0	
 1  0  11032 64440796 136168 310096    0    0     0     0 3101 2530  2  0 98  0  0	
 3  0  11032 64440800 136168 310100    0    0     0     0 3082 2510  2  0 98  0  0	
 1  0  11032 64440924 136168 310104    0    0     0     0 3080 2513  2  0 98  0  0	
 1  0  11032 64440944 136168 310104    0    0     0     0 3085 2519  2  0 98  0  0	
 3  0  11032 64440944 136168 310108    0    0     0     0 3112 2566  2  0 98  0  0	
 1  0  11032 64440812 136168 310112    0    0     0     0 3085 2507  2  0 98  0  0	
 1  0  11032 64440812 136168 310112    0    0     0     0 3094 2522  2  0 98  0  0	
 3  0  11032 64440936 136168 310116    0    0     0     0 3094 2515  2  0 98  0  0	
procs -----------memory---------- ---swap-- -----io---- --system-- -----cpu-----
 r  b   swpd   free   buff  cache   si   so    bi    bo   in   cs us sy id wa st
 1  0  11032 64440688 136168 310116    0    0     0     2 3089 2527  2  0 98  0  0	
 1  0  11032 64440812 136168 310120    0    0     0     0 3088 2517  2  0 98  0  0	
 3  0  11032 64440812 136168 310128    0    0     0     0 3114 2575  2  0 98  0  0	
 1  0  11032 64440688 136168 310128    0    0     0     0 3073 2503  2  0 98  0  0	
 1  0  11032 64440936 136168 310128    0    0     0     0 3090 2521  2  0 98  0  0	
 3  0  11032 64440696 136168 310132    0    0     0     0 3276 2896  2  0 98  0  0	
 2  0  11032 64440820 136168 310132    0    0     0     0 3209 2727  2  0 98  0  0	
 1  0  11032 64440572 136168 310136    0    0     0     0 3241 2784  2  0 98  0  0	
 1  0  11032 64440688 136168 310140    0    0     0     0 3147 2629  2  0 98  0  0	
 1  0  11032 64440688 136168 310144    0    0     0     0 3089 2516  2  0 98  0  0	
 2  0  11032 64440556 136168 310144    0    0     0     0 3108 2554  2  0 98  0  0	
 1  0  11032 64440560 136168 310148    0    0     0     0 3073 2495  2  0 98  0  0	
 1  0  11032 64440428 136168 310148    0    0     0     0 3084 2510  2  0 98  0  0	
 1  0  11032 64440428 136168 310152    0    0     0     6 3085 2508  2  0 98  0  0	
 1  0  11032 64440552 136168 310156    0    0     0     0 3187 2682  2  0 98  0  0	
 1  0  11032 64440452 136168 310156    0    0     0     0 3074 2500  2  0 98  0  0	
 1  0  11032 64440576 136168 310172    0    0     0     0 3084 2516  2  0 98  0  0	
 1  0  11032 64440692 136168 310172    0    0     0     0 3091 2517  2  0 98  0  0	
 1  0  11032 64440692 136168 310172    0    0     0     0 3079 2496  2  0 98  0  0	
 1  0  11032 64440692 136168 310176    0    0     0     0 3087 2524  2  0 98  0  0	
 1  0  11032 64440436 136168 310176    0    0     0     0 3145 2593  2  0 98  0  0	
procs -----------memory---------- ---swap-- -----io---- --system-- -----cpu-----
 r  b   swpd   free   buff  cache   si   so    bi    bo   in   cs us sy id wa st
 1  0  11032 64440436 136168 310176    0    0     0     0 3090 2521  2  0 98  0  0	
 1  0  11032 64440180 136168 310180    0    0     0     0 3100 2522  2  0 98  0  0	
 1  0  11032 64440436 136168 310180    0    0     0     0 3078 2506  2  0 98  0  0	
 2  0  11032 64440312 136168 310188    0    0     0     0 3099 2520  2  0 98  0  0	
 1  0  11032 64440700 136168 310192    0    0     0     0 3078 2496  2  0 98  0  0	
 1  0  11032 64440824 136168 310192    0    0     0     0 3091 2555  2  0 98  0  0	
 1  0  11032 64440832 136168 310192    0    0     0     0 3062 2490  2  0 98  0  0	
 3  0  11032 64440700 136168 310196    0    0     0     0 3129 2579  2  0 98  0  0	
 1  0  11032 64440824 136168 310196    0    0     0     0 3078 2502  2  0 98  0  0	
 1  0  11032 64440708 136168 310200    0    0     0     2 3102 2520  2  0 98  0  0	
 1  0  11032 64440444 136168 310200    0    0     0     0 3109 2516  2  0 98  0  0	
 1  0  11032 64440568 136168 310208    0    0     0     0 3124 2567  2  0 98  0  0	
 1  0  11032 64440572 136168 310216    0    0     0     0 3067 2487  2  0 98  0  0	
 3  0  11032 64440572 136168 310216    0    0     0     0 3195 2734  2  0 98  0  0	
 1  0  11032 64440704 136168 310220    0    0     0     0 3101 2523  2  0 98  0  0	
 1  0  11032 64440704 136168 310220    0    0     0     0 3085 2513  2  0 98  0  0	
 1  0  11032 64440704 136168 310224    0    0     0     0 3108 2531  2  0 98  0  0	
 1  0  11032 64440696 136168 310224    0    0     0     0 3137 2631  2  0 98  0  0	
 1  0  11032 64440696 136168 310224    0    0     0     0 3089 2530  2  0 98  0  0	
 1  0  11032 64440564 136168 310232    0    0     0     0 3178 2686  2  0 98  0  0	
 1  0  11032 64440564 136168 310232    0    0     0     0 3079 2512  2  0 98  0  0	
procs -----------memory---------- ---swap-- -----io---- --system-- -----cpu-----
 r  b   swpd   free   buff  cache   si   so    bi    bo   in   cs us sy id wa st
 1  0  11032 64440556 136168 310232    0    0     0     0 3163 2658  2  0 98  0  0	
 1  0  11032 64440556 136168 310236    0    0     0     6 3132 2586  2  0 98  0  0	
 1  0  11032 64440432 136168 310236    0    0     0     0 3099 2554  2  0 98  0  0	
 4  0  11032 64440580 136168 310240    0    0     0     0 3083 2514  2  0 98  0  0	
 1  0  11032 64440580 136168 310244    0    0     0     0 3158 2648  2  0 98  0  0	
 1  0  11032 64440580 136168 310248    0    0     0     0 3129 2602  2  0 98  0  0	
 3  0  11032 64440704 136168 310252    0    0     0     0 3009 2476  2  0 98  0  0	
 1  0  11032 64440704 136168 310252    0    0     0     0 3065 2534  2  0 98  0  0	
 1  0  11032 64440572 136168 310256    0    0     0     0 3148 2707  2  0 98  0  0	
 3  0  11032 64440572 136168 310260    0    0     0     0 3058 2504  2  0 98  0  0	
 1  0  11032 64440564 136168 310260    0    0     0     0 3061 2539  2  0 98  0  0	
 2  0  11032 64440688 136168 310260    0    0     0     0 3048 2520  2  0 98  0  0	
 3  0  11032 64440688 136168 310264    0    0     0     0 3108 2540  2  0 98  0  0	
 1  0  11032 64440456 136168 310264    0    0     0     0 3061 2509  2  0 98  0  0	
 1  0  11032 64440580 136168 310268    0    0     0     0 3073 2525  2  0 98  0  0	
 4  0  11032 64440456 136168 310272    0    0     0     0 3058 2460  2  0 98  0  0	
 1  0  11032 64440576 136168 310272    0    0     0     0 3128 2592  2  0 98  0  0	
 2  0  11032 64440700 136168 310272    0    0     0     0 3125 2565  2  0 98  0  0	
 1  0  11032 64440824 136168 310276    0    0     0     2 3141 2609  2  0 98  0  0	
 1  0  11032 64440824 136168 310280    0    0     0     0 3146 2624  2  0 98  0  0	
 3  0  11032 64440700 136168 310288    0    0     0     0 3184 2696  2  0 98  0  0	
procs -----------memory---------- ---swap-- -----io---- --system-- -----cpu-----
 r  b   swpd   free   buff  cache   si   so    bi    bo   in   cs us sy id wa st
 1  0  11032 64440692 136168 310292    0    0     0     0 3067 2490  2  0 98  0  0	
 1  0  11032 64440700 136168 310292    0    0     0     0 3080 2502  2  0 98  0  0	
 3  0  11032 64440460 136168 310296    0    0     0     0 3085 2501  2  0 98  0  0	
 1  0  11032 64440212 136168 310296    0    0     0     0 3285 2984  2  0 98  0  0	
 1  0  11032 64440700 136168 310296    0    0     0     0 3273 2885  2  0 98  0  0	
 3  0  11032 64440444 136168 310304    0    0     0     0 3066 2527  2  0 98  0  0	
 1  0  11032 64440568 136168 310304    0    0     0     0 3086 2541  2  0 98  0  0	
 1  0  11032 64440312 136168 310312    0    0     0     0 3057 2479  2  0 98  0  0	
 3  0  11032 64440436 136168 310316    0    0     0     0 3041 2465  2  0 98  0  0	
 1  0  11032 64440412 136168 310320    0    0     0     0 3068 2472  2  0 98  0  0	
 1  0  11032 64440428 136168 310320    0    0     0     6 3028 2469  2  0 98  0  0	
 1  0  11032 64440172 136168 310324    0    0     0     0 3014 2497  2  0 98  0  0	
 1  0  11032 64440088 136168 310324    0    0     0     0 3044 2475  2  0 98  0  0	
