procs -----------memory---------- ---swap-- -----io---- --system-- -----cpu-----
 r  b   swpd   free   buff  cache   si   so    bi    bo   in   cs us sy id wa st
 4  0  11032 64580316 136224 318180    0    0     0     1    0    0  5  1 94  0  0	
 1  0  11032 64542376 136224 318220    0    0     0     8 3213 2632  2  0 98  0  0	
 1  0  11032 64542788 136224 318220    0    0     0     0 3102 2502  2  0 98  0  0	
 3  0  11032 64542904 136224 318224    0    0     0     8 3067 2498  2  0 98  0  0	
 3  0  11032 64543480 136224 318224    0    0     0     0 3076 2469  2  0 98  0  0	
 3  0  11032 64543876 136224 318224    0    0     0     0 3075 2483  2  0 98  0  0	
 1  0  11032 64544028 136224 318228    0    0     0     0 3044 2472  2  0 98  0  0	
 1  0  11032 64544436 136224 318228    0    0     0     0 3089 2556  2  0 98  0  0	
 1  0  11032 64544196 136224 318232    0    0     0     0 3067 2489  2  0 98  0  0	
 3  0  11032 64544708 136224 318236    0    0     0     0 3063 2469  2  0 98  0  0	
 3  0  11032 64544808 136224 318236    0    0     0     0 3077 2491  2  0 98  0  0	
 3  0  11032 64544808 136224 318236    0    0     0     0 3150 2619  2  0 98  0  0	
 1  0  11032 64544988 136224 318240    0    0     0     0 3065 2487  2  0 98  0  0	
 1  0  11032 64544856 136224 318240    0    0     0     0 3147 2654  2  0 98  0  0	
 1  0  11032 64545104 136224 318248    0    0     0     0 3063 2493  2  0 98  0  0	
 3  0  11032 64544900 136224 318248    0    0     0     0 3080 2501  2  0 98  0  0	
 3  0  11032 64545156 136224 318252    0    0     0     2 3098 2515  2  0 98  0  0	
 1  0  11032 64545032 136224 318256    0    0     0     0 3085 2496  2  0 98  0  0	
 1  1  11032 64545016 136224 318260    0    0     0    10 3086 2503  2  0 98  0  0	
 1  0  11032 64545016 136224 318260    0    0     0     2 3100 2538  2  0 98  0  0	
 1  0  11032 64544768 136224 318264    0    0     0     0 3103 2565  2  0 98  0  0	
procs -----------memory---------- ---swap-- -----io---- --system-- -----cpu-----
 r  b   swpd   free   buff  cache   si   so    bi    bo   in   cs us sy id wa st
 4  0  11032 64544892 136224 318264    0    0     0     0 3132 2613  2  0 98  0  0	
 3  0  11032 64545024 136224 318264    0    0     0     0 3124 2587  2  0 98  0  0	
 3  0  11032 64544884 136224 318272    0    0     0     0 3195 2715  2  0 98  0  0	
 1  0  11032 64544884 136224 318272    0    0     0     0 3113 2577  2  0 98  0  0	
 1  0  11032 64544636 136224 318272    0    0     0     0 3111 2578  2  0 98  0  0	
 1  0  11032 64544900 136224 318276    0    0     0     6 3117 2590  2  0 98  0  0	
 3  0  11032 64544776 136224 318276    0    0     0     0 3166 2685  2  0 98  0  0	
 3  0  11032 64544644 136224 318280    0    0     0     0 3097 2548  2  0 98  0  0	
 1  0  11032 64544768 136224 318284    0    0     0     0 3093 2551  2  0 98  0  0	
 1  0  11032 64544644 136224 318284    0    0     0     0 3135 2596  2  0 98  0  0	
 1  0  11032 64545148 136224 318292    0    0     0     0 3149 2605  2  0 98  0  0	
 1  0  11032 64544908 136224 318292    0    0     0     0 3092 2550  2  0 98  0  0	
 3  0  11032 64544768 136224 318292    0    0     0     0 3123 2590  2  0 98  0  0	
 3  0  11032 64544768 136224 318296    0    0     0     0 3194 2724  2  0 98  0  0	
 1  0  11032 64544644 136224 318296    0    0     0     0 3117 2557  2  0 98  0  0	
