procs -----------memory---------- ---swap-- -----io---- --system-- -----cpu-----
 r  b   swpd   free   buff  cache   si   so    bi    bo   in   cs us sy id wa st
 5  0  11032 64598108 136160 302712    0    0     0     1    0    0  5  1 94  0  0	
 1  0  11032 64557928 136160 302748    0    0     0     0 3158 2573  2  0 98  0  0	
 3  0  11032 64558032 136160 302756    0    0     0     0 3102 2497  2  0 98  0  0	
 1  0  11032 64557920 136160 302760    0    0     0     8 3110 2512  2  0 98  0  0	
 1  0  11032 64558204 136160 302760    0    0     0     0 3105 2506  2  0 98  0  0	
 1  0  11032 64558368 136160 302760    0    0     0     0 3120 2560  2  0 98  0  0	
 3  0  11032 64558136 136160 302764    0    0     0     0 3144 2589  2  0 98  0  0	
 3  0  11032 64558500 136160 302764    0    0     0     6 3124 2571  2  0 98  0  0	
 1  0  11032 64558772 136160 302768    0    0     0     0 3135 2577  2  0 98  0  0	
 1  0  11032 64559028 136160 302772    0    0     0     0 3112 2540  2  0 98  0  0	
 3  0  11032 64559296 136160 302772    0    0     0     0 3082 2508  2  0 98  0  0	
 3  0  11032 64559572 136160 302772    0    0     0     0 3087 2543  2  0 98  0  0	
 1  0  11032 64559696 136160 302776    0    0     0     0 3096 2534  2  0 98  0  0	
 1  0  11032 64559820 136160 302776    0    0     0     0 3083 2511  2  0 98  0  0	
 3  0  11032 64560004 136160 302780    0    0     0     0 3075 2504  2  0 98  0  0	
 3  0  11032 64559948 136160 302784    0    0     0     0 3080 2507  2  0 98  0  0	
 1  0  11032 64559948 136160 302788    0    0     0     2 3108 2549  2  0 98  0  0	
 1  0  11032 64560072 136160 302792    0    0     0     0 3097 2555  2  0 98  0  0	
 1  0  11032 64560072 136160 302796    0    0     0     0 3093 2519  2  0 98  0  0	
 3  0  11032 64559948 136160 302796    0    0     0    14 3122 2579  2  0 98  0  0	
 1  0  11032 64560072 136160 302800    0    0     0     0 3120 2548  2  0 98  0  0	
procs -----------memory---------- ---swap-- -----io---- --system-- -----cpu-----
 r  b   swpd   free   buff  cache   si   so    bi    bo   in   cs us sy id wa st
 1  0  11032 64559824 136160 302800    0    0     0     0 3100 2543  2  0 98  0  0	
 1  0  11032 64559700 136160 302800    0    0     0     0 3107 2547  2  0 98  0  0	
 1  0  11032 64559828 136160 302808    0    0     0     0 3096 2558  2  0 98  0  0	
 1  0  11032 64559820 136160 302808    0    0     0     0 3087 2507  2  0 98  0  0	
 4  0  11032 64559952 136160 302812    0    0     0     0 3069 2486  2  0 98  0  0	
 1  0  11032 64559704 136160 302812    0    0     0     0 3090 2515  2  0 98  0  0	
 1  0  11032 64559828 136160 302812    0    0     0     0 3080 2497  2  0 98  0  0	
 1  0  11032 64560076 136160 302816    0    0     0     0 3077 2506  2  0 98  0  0	
 2  0  11032 64560084 136160 302816    0    0     0     0 3217 2762  2  0 98  0  0	
 1  0  11032 64559960 136160 302820    0    0     0     0 3209 2745  2  0 98  0  0	
 1  0  11032 64560076 136160 302828    0    0     0     0 3213 2722  2  0 98  0  0	
 2  0  11032 64559820 136160 302828    0    0     0     0 3207 2710  2  0 98  0  0	
 1  0  11032 64559820 136160 302828    0    0     0     0 3110 2559  2  0 98  0  0	
 3  0  11032 64559564 136160 302832    0    0     0     0 3099 2516  2  0 98  0  0	
 1  0  11032 64560068 136160 302832    0    0     0     0 3143 2632  2  0 98  0  0	
 2  0  11032 64560076 136160 302836    0    0     0     8 3087 2527  2  0 98  0  0	
 1  0  11032 64560200 136160 302840    0    0     0     6 3085 2512  2  0 98  0  0	
 1  0  11032 64560200 136160 302840    0    0     0     0 3082 2506  2  0 98  0  0	
 1  0  11032 64560200 136160 302848    0    0     0     0 3087 2509  2  0 98  0  0	
 1  0  11032 64560076 136160 302848    0    0     0     0 3114 2572  2  0 98  0  0	
 2  0  11032 64560076 136160 302848    0    0     0     0 3105 2571  2  0 98  0  0	
procs -----------memory---------- ---swap-- -----io---- --system-- -----cpu-----
 r  b   swpd   free   buff  cache   si   so    bi    bo   in   cs us sy id wa st
 1  0  11032 64559828 136160 302852    0    0     0     0 3075 2497  2  0 98  0  0	
 3  0  11032 64560076 136160 302856    0    0     0     0 3092 2513  2  0 98  0  0	
 1  0  11032 64560192 136160 302856    0    0     0     0 3116 2560  2  0 98  0  0	
 1  0  11032 64560208 136160 302864    0    0     0     0 3065 2494  2  0 98  0  0	
 1  0  11032 64560200 136160 302872    0    0     0     0 3043 2483  2  0 98  0  0	
 1  0  11032 64560076 136160 302872    0    0     0     0 3138 2673  2  0 98  0  0	
 2  0  11032 64560324 136160 302872    0    0     0     0 3109 2532  2  0 98  0  0	
 1  0  11032 64560076 136160 302876    0    0     0     0 3064 2471  2  0 98  0  0	
 1  0  11032 64560200 136160 302876    0    0     0     0 3057 2481  2  0 98  0  0	
 1  0  11032 64560200 136160 302880    0    0     0     0 3089 2553  2  0 98  0  0	
 2  0  11032 64560200 136160 302880    0    0     0     0 3043 2413  2  0 98  0  0	
 2  0  11032 64560076 136160 302880    0    0     0     0 3068 2524  2  0 98  0  0	
 1  0  11032 64559952 136160 302892    0    0     0     2 3059 2480  2  0 98  0  0	
 1  0  11032 64560324 136160 302892    0    0     0     0 3048 2474  2  0 98  0  0	
 1  0  11032 64560316 136160 302892    0    0     0     0 3057 2482  2  0 98  0  0	
 1  0  11032 64560324 136160 302900    0    0     0     0 3046 2468  2  0 98  0  0	
 2  0  11032 64560324 136160 302900    0    0     0     0 3092 2570  2  0 98  0  0	
 1  0  11032 64560324 136160 302900    0    0     0     0 3073 2542  2  0 98  0  0	
 1  0  11032 64560324 136160 302908    0    0     0     0 3386 3207  2  0 98  0  0	
 1  0  11032 64560324 136160 302908    0    0     0     0 3028 2507  2  0 98  0  0	
 1  0  11032 64560316 136160 302916    0    0     0     0 3104 2552  2  0 98  0  0	
procs -----------memory---------- ---swap-- -----io---- --system-- -----cpu-----
 r  b   swpd   free   buff  cache   si   so    bi    bo   in   cs us sy id wa st
 2  0  11032 64560308 136160 302916    0    0     0     0 3055 2481  2  0 98  0  0	
 1  0  11032 64559944 136160 302920    0    0     0     0 3070 2484  2  0 98  0  0	
 1  0  11032 64560068 136160 302924    0    0     0     0 3071 2522  2  0 98  0  0	
 1  0  11032 64560324 136160 302924    0    0     0     0 3164 2790  2  0 98  0  0	
 1  0  11032 64560200 136160 302924    0    0     0     6 3046 2484  2  0 98  0  0	
 2  0  11032 64560200 136160 302928    0    0     0     0 3119 2594  2  0 98  0  0	
 1  0  11032 64560336 136160 302932    0    0     0     0 3110 2574  2  0 98  0  0	
 1  0  11032 64560212 136160 302932    0    0     0     0 3105 2560  2  0 98  0  0	
 1  0  11032 64560336 136160 302940    0    0     0     0 3065 2522  2  0 98  0  0	
 1  0  11032 64560336 136160 302940    0    0     0     0 3053 2479  2  0 98  0  0	
 1  0  11032 64560212 136160 302940    0    0     0     0 3058 2487  2  0 98  0  0	
 1  0  11032 64560212 136160 302944    0    0     0     0 3092 2565  2  0 98  0  0	
 1  0  11032 64560212 136160 302948    0    0     0     0 3056 2515  2  0 98  0  0	
 2  0  11032 64560080 136160 302952    0    0     0     0 3109 2578  2  0 98  0  0	
 1  0  11032 64560080 136160 302956    0    0     0     0 3132 2638  2  0 98  0  0	
 1  0  11032 64560204 136160 302956    0    0     0     0 3048 2467  2  0 98  0  0	
 1  0  11032 64560204 136160 302960    0    0     0     0 3041 2471  2  0 98  0  0	
 1  0  11032 64560080 136160 302960    0    0     0     0 2987 2437  2  0 98  0  0	
 2  0  11032 64560204 136160 302960    0    0     0     0 3014 2463  2  0 98  0  0	
 1  0  11032 64560328 136160 302964    0    0     0     0 3070 2532  2  0 98  0  0	
 1  0  11032 64560212 136160 302964    0    0     0     0 3015 2508  2  0 98  0  0	
procs -----------memory---------- ---swap-- -----io---- --system-- -----cpu-----
 r  b   swpd   free   buff  cache   si   so    bi    bo   in   cs us sy id wa st
 1  0  11032 64560080 136160 302964    0    0     0     2 3033 2480  2  0 98  0  0	
 1  0  11032 64560336 136160 302972    0    0     0     0 3087 2536  2  0 98  0  0	
 2  0  11032 64560336 136160 302972    0    0     0     0 3078 2524  2  0 98  0  0	
