Linux 2.6.32-279.14.1.el6.x86_64 (compute-662-2.local) 	04/20/20 	_x86_64_	(48 CPU)

16:55:38          PID    %usr %system  %guest    %CPU   CPU  Command
16:55:40         1983   97.50    2.00    0.00   99.50    14  lu-mz.B.x
16:55:42         1983  100.00    0.00    0.00  100.00    14  lu-mz.B.x
16:55:44         1983   99.50    0.00    0.00   99.50    14  lu-mz.B.x
16:55:46         1983  100.00    0.00    0.00  100.00    14  lu-mz.B.x
16:55:48         1983  100.00    0.00    0.00  100.00    14  lu-mz.B.x
16:55:50         1983   99.50    0.00    0.00   99.50    14  lu-mz.B.x
16:55:52         1983  100.00    0.00    0.00  100.00    14  lu-mz.B.x
16:55:54         1983   99.50    0.00    0.00   99.50    14  lu-mz.B.x
16:55:56         1983  100.00    0.00    0.00  100.00    14  lu-mz.B.x
16:55:58         1983  100.00    0.00    0.00  100.00    14  lu-mz.B.x
16:56:00         1983   99.50    0.00    0.00   99.50    14  lu-mz.B.x
16:56:02         1983  100.00    0.00    0.00  100.00    14  lu-mz.B.x
16:56:04         1983   99.50    0.00    0.00   99.50    14  lu-mz.B.x
16:56:06         1983  100.00    0.00    0.00  100.00    14  lu-mz.B.x
16:56:08         1983  100.00    0.00    0.00  100.00    14  lu-mz.B.x
16:56:10         1983   99.50    0.00    0.00   99.50    14  lu-mz.B.x
16:56:12         1983  100.00    0.00    0.00  100.00    14  lu-mz.B.x
16:56:14         1983   99.50    0.00    0.00   99.50    14  lu-mz.B.x
16:56:16         1983  100.00    0.00    0.00  100.00    14  lu-mz.B.x
16:56:18         1983  100.00    0.00    0.00  100.00    12  lu-mz.B.x
16:56:20         1983   99.50    0.00    0.00   99.50    12  lu-mz.B.x
16:56:22         1983  100.00    0.00    0.00  100.00    12  lu-mz.B.x
16:56:24         1983   99.50    0.00    0.00   99.50    12  lu-mz.B.x
16:56:26         1983  100.00    0.00    0.00  100.00    12  lu-mz.B.x
16:56:28         1983  100.00    0.00    0.00  100.00    12  lu-mz.B.x
16:56:30         1983   99.50    0.00    0.00   99.50    12  lu-mz.B.x
16:56:32         1983  100.00    0.00    0.00  100.00    12  lu-mz.B.x
16:56:34         1983   99.50    0.00    0.00   99.50    12  lu-mz.B.x
16:56:36         1983  100.00    0.00    0.00  100.00    12  lu-mz.B.x
16:56:38         1983   99.50    0.00    0.00   99.50    12  lu-mz.B.x
16:56:40         1983  100.00    0.00    0.00  100.00    12  lu-mz.B.x
16:56:42         1983  100.00    0.00    0.00  100.00    12  lu-mz.B.x
16:56:44         1983   99.00    0.00    0.00   99.00    12  lu-mz.B.x
16:56:46         1983  100.00    0.00    0.00  100.00    12  lu-mz.B.x
16:56:48         1983   99.50    0.00    0.00   99.50    12  lu-mz.B.x
16:56:50         1983  100.00    0.00    0.00  100.00    12  lu-mz.B.x
16:56:52         1983  100.00    0.00    0.00  100.00    12  lu-mz.B.x
16:56:54         1983   99.50    0.00    0.00   99.50    12  lu-mz.B.x
16:56:56         1983  100.00    0.00    0.00  100.00    12  lu-mz.B.x
16:56:58         1983   99.50    0.00    0.00   99.50    12  lu-mz.B.x
16:57:00         1983  100.00    0.00    0.00  100.00    12  lu-mz.B.x
16:57:02         1983  100.00    0.00    0.00  100.00    12  lu-mz.B.x
16:57:04         1983   99.50    0.00    0.00   99.50    12  lu-mz.B.x
16:57:06         1983  100.00    0.00    0.00  100.00    12  lu-mz.B.x
16:57:08         1983   99.50    0.00    0.00   99.50    12  lu-mz.B.x
16:57:10         1983  100.00    0.00    0.00  100.00    12  lu-mz.B.x
16:57:12         1983   99.50    0.00    0.00   99.50    12  lu-mz.B.x
16:57:14         1983  100.00    0.00    0.00  100.00    12  lu-mz.B.x
16:57:16         1983  100.00    0.00    0.00  100.00    12  lu-mz.B.x
16:57:18         1983   99.50    0.00    0.00   99.50    12  lu-mz.B.x
16:57:20         1983  100.00    0.00    0.00  100.00    12  lu-mz.B.x
16:57:22         1983   99.50    0.00    0.00   99.50    12  lu-mz.B.x
16:57:24         1983  100.00    0.00    0.00  100.00    12  lu-mz.B.x
16:57:26         1983   99.50    0.00    0.00   99.50    12  lu-mz.B.x
16:57:28         1983  100.00    0.00    0.00  100.00    12  lu-mz.B.x
16:57:30         1983  100.00    0.00    0.00  100.00    12  lu-mz.B.x
16:57:32         1983   99.50    0.00    0.00   99.50    12  lu-mz.B.x
16:57:34         1983  100.00    0.00    0.00  100.00    12  lu-mz.B.x
16:57:36         1983   99.50    0.00    0.00   99.50    12  lu-mz.B.x
16:57:38         1983  100.00    0.00    0.00  100.00    12  lu-mz.B.x
16:57:40         1983  100.00    0.00    0.00  100.00    12  lu-mz.B.x
16:57:42         1983   99.50    0.00    0.00   99.50    12  lu-mz.B.x
16:57:44         1983  100.00    0.00    0.00  100.00    12  lu-mz.B.x
16:57:46         1983   99.50    0.00    0.00   99.50    12  lu-mz.B.x
16:57:48         1983  100.00    0.00    0.00  100.00    12  lu-mz.B.x
16:57:50         1983  100.00    0.00    0.00  100.00    12  lu-mz.B.x
16:57:52         1983   99.50    0.00    0.00   99.50    12  lu-mz.B.x
16:57:54         1983  100.00    0.00    0.00  100.00    12  lu-mz.B.x
16:57:56         1983   99.50    0.00    0.00   99.50    12  lu-mz.B.x
16:57:58         1983  100.00    0.00    0.00  100.00    12  lu-mz.B.x
16:58:00         1983   99.50    0.00    0.00   99.50    12  lu-mz.B.x
16:58:02         1983  100.00    0.00    0.00  100.00    12  lu-mz.B.x
16:58:04         1983  100.00    0.00    0.00  100.00    12  lu-mz.B.x
16:58:06         1983   99.50    0.00    0.00   99.50    12  lu-mz.B.x
16:58:08         1983  100.00    0.00    0.00  100.00    12  lu-mz.B.x
16:58:10         1983   99.50    0.00    0.00   99.50    12  lu-mz.B.x
16:58:12         1983  100.00    0.00    0.00  100.00    12  lu-mz.B.x
16:58:14         1983  100.00    0.00    0.00  100.00    12  lu-mz.B.x
16:58:16         1983   99.50    0.00    0.00   99.50    12  lu-mz.B.x
16:58:18         1983  100.00    0.00    0.00  100.00    12  lu-mz.B.x
16:58:20         1983   99.50    0.00    0.00   99.50    12  lu-mz.B.x
16:58:22         1983  100.00    0.00    0.00  100.00    12  lu-mz.B.x
16:58:24         1983   99.50    0.00    0.00   99.50    12  lu-mz.B.x
16:58:26         1983  100.00    0.00    0.00  100.00    12  lu-mz.B.x
16:58:28         1983  100.00    0.00    0.00  100.00    12  lu-mz.B.x
16:58:30         1983   99.50    0.00    0.00   99.50    13  lu-mz.B.x
16:58:32         1983  100.00    0.00    0.00  100.00    13  lu-mz.B.x
16:58:34         1983  100.00    0.00    0.00  100.00    13  lu-mz.B.x
16:58:36         1983   99.50    0.00    0.00   99.50    13  lu-mz.B.x
16:58:38         1983  100.00    0.00    0.00  100.00    13  lu-mz.B.x
16:58:40         1983   99.50    0.00    0.00   99.50    13  lu-mz.B.x
16:58:42         1983  100.00    0.00    0.00  100.00    13  lu-mz.B.x
16:58:44         1983   99.50    0.00    0.00   99.50    13  lu-mz.B.x
16:58:46         1983  100.00    0.00    0.00  100.00    13  lu-mz.B.x
16:58:48         1983  100.00    0.00    0.00  100.00    13  lu-mz.B.x
16:58:50         1983   99.50    0.00    0.00   99.50    13  lu-mz.B.x
16:58:52         1983  100.00    0.00    0.00  100.00    13  lu-mz.B.x
16:58:54         1983   99.50    0.00    0.00   99.50    13  lu-mz.B.x
16:58:56         1983  100.00    0.00    0.00  100.00    13  lu-mz.B.x
16:58:58         1983  100.00    0.00    0.00  100.00    13  lu-mz.B.x
16:59:00         1983   99.50    0.00    0.00   99.50    13  lu-mz.B.x
16:59:02         1983  100.00    0.00    0.00  100.00    13  lu-mz.B.x
16:59:04         1983   99.50    0.00    0.00   99.50    13  lu-mz.B.x
16:59:06         1983  100.00    0.00    0.00  100.00    13  lu-mz.B.x
16:59:08         1983  100.00    0.00    0.00  100.00    13  lu-mz.B.x
16:59:10         1983   99.50    0.00    0.00   99.50    13  lu-mz.B.x
16:59:12         1983  100.00    0.00    0.00  100.00    13  lu-mz.B.x
16:59:14         1983   99.50    0.00    0.00   99.50    13  lu-mz.B.x
16:59:16         1983  100.00    0.00    0.00  100.00    13  lu-mz.B.x
16:59:18         1983  100.00    0.00    0.00  100.00    13  lu-mz.B.x
16:59:20         1983   99.50    0.00    0.00   99.50    13  lu-mz.B.x
16:59:22         1983  100.00    0.00    0.00  100.00    13  lu-mz.B.x
16:59:24         1983  100.00    0.00    0.00  100.00    13  lu-mz.B.x
16:59:26         1983   99.50    0.00    0.00   99.50    13  lu-mz.B.x
16:59:28         1983  100.00    0.00    0.00  100.00    13  lu-mz.B.x
16:59:30         1983   99.50    0.00    0.00   99.50    13  lu-mz.B.x
16:59:32         1983  100.00    0.00    0.00  100.00    13  lu-mz.B.x
16:59:34         1983  100.00    0.00    0.00  100.00    13  lu-mz.B.x
16:59:36         1983   99.50    0.00    0.00   99.50    13  lu-mz.B.x
16:59:38         1983  100.00    0.00    0.00  100.00    13  lu-mz.B.x
16:59:40         1983   99.50    0.00    0.00   99.50    13  lu-mz.B.x
16:59:42         1983  100.00    0.00    0.00  100.00    13  lu-mz.B.x
16:59:44         1983  100.00    0.00    0.00  100.00    13  lu-mz.B.x
16:59:46         1983   99.50    0.00    0.00   99.50    13  lu-mz.B.x
16:59:48         1983  100.00    0.00    0.00  100.00    13  lu-mz.B.x
16:59:50         1983   99.50    0.00    0.00   99.50    13  lu-mz.B.x
16:59:52         1983  100.00    0.00    0.00  100.00    13  lu-mz.B.x
16:59:54         1983  100.00    0.00    0.00  100.00    13  lu-mz.B.x
16:59:56         1983   99.50    0.00    0.00   99.50    13  lu-mz.B.x
16:59:58         1983  100.00    0.00    0.00  100.00    13  lu-mz.B.x
17:00:00         1983   99.50    0.00    0.00   99.50    13  lu-mz.B.x
17:00:02         1983  100.00    0.00    0.00  100.00    13  lu-mz.B.x
17:00:04         1983  100.00    0.00    0.00  100.00    13  lu-mz.B.x
17:00:06         1983   99.50    0.00    0.00   99.50    13  lu-mz.B.x
17:00:08         1983  100.00    0.00    0.00  100.00    13  lu-mz.B.x
17:00:10         1983   99.50    0.00    0.00   99.50    13  lu-mz.B.x
17:00:12         1983  100.00    0.00    0.00  100.00    13  lu-mz.B.x
17:00:14         1983  100.00    0.00    0.00  100.00    13  lu-mz.B.x
17:00:16         1983   99.50    0.00    0.00   99.50    13  lu-mz.B.x
17:00:18         1983  100.00    0.00    0.00  100.00    13  lu-mz.B.x
17:00:20         1983   99.50    0.00    0.00   99.50    13  lu-mz.B.x
17:00:22         1983  100.00    0.00    0.00  100.00    13  lu-mz.B.x
17:00:24         1983   99.50    0.00    0.00   99.50    13  lu-mz.B.x
17:00:26         1983  100.00    0.00    0.00  100.00    13  lu-mz.B.x
17:00:28         1983  100.00    0.00    0.00  100.00    13  lu-mz.B.x
17:00:30         1983   99.50    0.00    0.00   99.50    13  lu-mz.B.x
17:00:32         1983  100.00    0.00    0.00  100.00    13  lu-mz.B.x
17:00:34         1983  100.00    0.00    0.00  100.00    13  lu-mz.B.x
17:00:36         1983   99.50    0.00    0.00   99.50    13  lu-mz.B.x
17:00:38         1983  100.00    0.00    0.00  100.00    13  lu-mz.B.x
17:00:40         1983   99.50    0.00    0.00   99.50    13  lu-mz.B.x
17:00:42         1983  100.00    0.00    0.00  100.00    13  lu-mz.B.x
17:00:44         1983   99.50    0.00    0.00   99.50    13  lu-mz.B.x
17:00:46         1983   99.50    0.00    0.00   99.50    13  lu-mz.B.x
17:00:48         1983  100.00    0.00    0.00  100.00    13  lu-mz.B.x
17:00:50         1983   99.50    0.00    0.00   99.50    13  lu-mz.B.x
17:00:52         1983  100.00    0.00    0.00  100.00    13  lu-mz.B.x
17:00:54         1983   99.50    0.00    0.00   99.50    13  lu-mz.B.x
17:00:56         1983  100.00    0.00    0.00  100.00    13  lu-mz.B.x
17:00:58         1983  100.00    0.00    0.00  100.00    13  lu-mz.B.x
17:01:00         1983   99.50    0.00    0.00   99.50    13  lu-mz.B.x
17:01:02         1983  100.00    0.00    0.00  100.00    13  lu-mz.B.x
17:01:04         1983  100.00    0.00    0.00  100.00    13  lu-mz.B.x
17:01:06         1983   99.50    0.00    0.00   99.50    13  lu-mz.B.x
17:01:08         1983  100.00    0.00    0.00  100.00    13  lu-mz.B.x
17:01:10         1983   99.50    0.00    0.00   99.50    13  lu-mz.B.x
17:01:12         1983  100.00    0.00    0.00  100.00    13  lu-mz.B.x
17:01:14         1983  100.00    0.00    0.00  100.00    13  lu-mz.B.x
17:01:16         1983   99.50    0.00    0.00   99.50    13  lu-mz.B.x
17:01:18         1983  100.00    0.00    0.00  100.00    13  lu-mz.B.x
17:01:20         1983   99.50    0.00    0.00   99.50    13  lu-mz.B.x
17:01:22         1983  100.00    0.00    0.00  100.00    13  lu-mz.B.x
17:01:24         1983  100.00    0.00    0.00  100.00    13  lu-mz.B.x
17:01:26         1983   99.50    0.00    0.00   99.50    13  lu-mz.B.x
17:01:28         1983  100.00    0.00    0.00  100.00    13  lu-mz.B.x
17:01:30         1983   99.50    0.00    0.00   99.50    13  lu-mz.B.x
17:01:32         1983  100.00    0.00    0.00  100.00    13  lu-mz.B.x
17:01:34         1983   99.50    0.00    0.00   99.50    13  lu-mz.B.x
17:01:36         1983  100.00    0.00    0.00  100.00    12  lu-mz.B.x
17:01:38         1983  100.00    0.00    0.00  100.00    12  lu-mz.B.x
17:01:40         1983   99.50    0.00    0.00   99.50    12  lu-mz.B.x
17:01:42         1983  100.00    0.00    0.00  100.00    12  lu-mz.B.x
17:01:44         1983   99.50    0.00    0.00   99.50    12  lu-mz.B.x
17:01:46         1983  100.00    0.00    0.00  100.00    12  lu-mz.B.x
17:01:48         1983  100.00    0.00    0.00  100.00    12  lu-mz.B.x
17:01:50         1983   99.50    0.00    0.00   99.50    12  lu-mz.B.x
17:01:52         1983  100.00    0.00    0.00  100.00    12  lu-mz.B.x
17:01:54         1983   99.50    0.00    0.00   99.50    12  lu-mz.B.x
17:01:56         1983  100.00    0.00    0.00  100.00    12  lu-mz.B.x
17:01:58         1983  100.00    0.00    0.00  100.00    12  lu-mz.B.x
17:02:00         1983   99.50    0.00    0.00   99.50    12  lu-mz.B.x
17:02:02         1983  100.00    0.00    0.00  100.00    12  lu-mz.B.x
17:02:04         1983   99.50    0.00    0.00   99.50    12  lu-mz.B.x
17:02:06         1983  100.00    0.00    0.00  100.00    12  lu-mz.B.x
17:02:08         1983   99.50    0.00    0.00   99.50    12  lu-mz.B.x
17:02:10         1983  100.00    0.00    0.00  100.00    12  lu-mz.B.x
17:02:12         1983  100.00    0.00    0.00  100.00    12  lu-mz.B.x
17:02:14         1983   99.50    0.00    0.00   99.50    12  lu-mz.B.x
17:02:16         1983  100.00    0.00    0.00  100.00    12  lu-mz.B.x
17:02:18         1983   99.50    0.00    0.00   99.50    12  lu-mz.B.x
17:02:20         1983  100.00    0.00    0.00  100.00    12  lu-mz.B.x
17:02:22         1983  100.00    0.00    0.00  100.00    12  lu-mz.B.x
17:02:24         1983   99.50    0.00    0.00   99.50    12  lu-mz.B.x
17:02:26         1983  100.00    0.00    0.00  100.00    12  lu-mz.B.x
17:02:28         1983   99.50    0.00    0.00   99.50    12  lu-mz.B.x
17:02:30         1983  100.00    0.00    0.00  100.00    12  lu-mz.B.x
17:02:32         1983  100.00    0.00    0.00  100.00    12  lu-mz.B.x
17:02:34         1983   99.50    0.00    0.00   99.50    12  lu-mz.B.x
17:02:36         1983  100.00    0.00    0.00  100.00    12  lu-mz.B.x
17:02:38         1983   99.50    0.00    0.00   99.50    12  lu-mz.B.x
17:02:40         1983  100.00    0.00    0.00  100.00    12  lu-mz.B.x
17:02:42         1983  100.00    0.00    0.00  100.00    12  lu-mz.B.x
17:02:44         1983   99.50    0.00    0.00   99.50    12  lu-mz.B.x
17:02:46         1983  100.00    0.00    0.00  100.00    12  lu-mz.B.x
17:02:48         1983   99.50    0.00    0.00   99.50    12  lu-mz.B.x
17:02:50         1983  100.00    0.00    0.00  100.00    12  lu-mz.B.x
17:02:52         1983  100.00    0.00    0.00  100.00    12  lu-mz.B.x
17:02:54         1983   99.50    0.00    0.00   99.50    12  lu-mz.B.x
17:02:56         1983  100.00    0.00    0.00  100.00    12  lu-mz.B.x
17:02:58         1983   99.50    0.00    0.00   99.50    12  lu-mz.B.x
17:03:00         1983  100.00    0.00    0.00  100.00    12  lu-mz.B.x
17:03:02         1983   99.50    0.00    0.00   99.50    12  lu-mz.B.x
17:03:04         1983  100.00    0.00    0.00  100.00    12  lu-mz.B.x
17:03:06         1983  100.00    0.00    0.00  100.00    12  lu-mz.B.x
17:03:08         1983   99.50    0.00    0.00   99.50    12  lu-mz.B.x
17:03:10         1983  100.00    0.00    0.00  100.00    12  lu-mz.B.x
17:03:12         1983  100.00    0.00    0.00  100.00    12  lu-mz.B.x
17:03:14         1983   99.50    0.00    0.00   99.50    12  lu-mz.B.x
17:03:16         1983  100.00    0.00    0.00  100.00    12  lu-mz.B.x
17:03:18         1983   99.50    0.00    0.00   99.50    12  lu-mz.B.x
17:03:20         1983  100.00    0.00    0.00  100.00    12  lu-mz.B.x
17:03:22         1983   99.50    0.00    0.00   99.50    12  lu-mz.B.x
17:03:24         1983  100.00    0.00    0.00  100.00    12  lu-mz.B.x
17:03:26         1983  100.00    0.00    0.00  100.00    12  lu-mz.B.x
17:03:28         1983   99.50    0.00    0.00   99.50    12  lu-mz.B.x
17:03:30         1983  100.00    0.00    0.00  100.00    12  lu-mz.B.x
17:03:32         1983  100.00    0.00    0.00  100.00    12  lu-mz.B.x
17:03:34         1983   99.50    0.00    0.00   99.50    12  lu-mz.B.x
17:03:36         1983  100.00    0.00    0.00  100.00    12  lu-mz.B.x
17:03:38         1983   99.50    0.00    0.00   99.50    12  lu-mz.B.x
17:03:40         1983  100.00    0.00    0.00  100.00    12  lu-mz.B.x
17:03:42         1983   99.50    0.00    0.00   99.50    12  lu-mz.B.x
17:03:44         1983  100.00    0.00    0.00  100.00    12  lu-mz.B.x
17:03:46         1983  100.00    0.00    0.00  100.00    12  lu-mz.B.x
17:03:48         1983   99.50    0.00    0.00   99.50    12  lu-mz.B.x
17:03:50         1983  100.00    0.00    0.00  100.00    12  lu-mz.B.x
17:03:52         1983   99.50    0.00    0.00   99.50    12  lu-mz.B.x
17:03:54         1983  100.00    0.00    0.00  100.00    12  lu-mz.B.x
17:03:56         1983  100.00    0.00    0.00  100.00    12  lu-mz.B.x
17:03:58         1983   99.50    0.00    0.00   99.50    12  lu-mz.B.x
17:04:00         1983  100.00    0.00    0.00  100.00    12  lu-mz.B.x
17:04:02         1983   99.50    0.00    0.00   99.50    12  lu-mz.B.x
17:04:04         1983  100.00    0.00    0.00  100.00    12  lu-mz.B.x
17:04:06         1983  100.00    0.00    0.00  100.00    12  lu-mz.B.x
17:04:08         1983   99.50    0.00    0.00   99.50    12  lu-mz.B.x
17:04:10         1983  100.00    0.00    0.00  100.00    12  lu-mz.B.x
17:04:12         1983   99.50    0.00    0.00   99.50    12  lu-mz.B.x
17:04:14         1983  100.00    0.00    0.00  100.00    12  lu-mz.B.x
17:04:16         1983   99.50    0.00    0.00   99.50    12  lu-mz.B.x
17:04:18         1983  100.00    0.00    0.00  100.00    12  lu-mz.B.x
17:04:20         1983  100.00    0.00    0.00  100.00    12  lu-mz.B.x
17:04:22         1983   99.50    0.00    0.00   99.50    12  lu-mz.B.x
17:04:24         1983  100.00    0.00    0.00  100.00    12  lu-mz.B.x
17:04:26         1983   99.50    0.00    0.00   99.50    12  lu-mz.B.x
17:04:28         1983  100.00    0.00    0.00  100.00    12  lu-mz.B.x
17:04:30         1983   99.50    0.00    0.00   99.50    12  lu-mz.B.x
17:04:32         1983   99.50    0.00    0.00   99.50    12  lu-mz.B.x
17:04:34         1983  100.00    0.00    0.00  100.00    12  lu-mz.B.x
17:04:36         1983   99.50    0.00    0.00   99.50    12  lu-mz.B.x
17:04:38         1983  100.00    0.00    0.00  100.00    12  lu-mz.B.x
17:04:40         1983  100.00    0.00    0.00  100.00    12  lu-mz.B.x
17:04:42         1983   99.50    0.00    0.00   99.50    12  lu-mz.B.x
17:04:44         1983  100.00    0.00    0.00  100.00    12  lu-mz.B.x
17:04:46         1983   99.50    0.00    0.00   99.50    13  lu-mz.B.x
17:04:48         1983  100.00    0.00    0.00  100.00    13  lu-mz.B.x
17:04:50         1983  100.00    0.00    0.00  100.00    13  lu-mz.B.x
17:04:52         1983   99.50    0.00    0.00   99.50    13  lu-mz.B.x
17:04:54         1983  100.00    0.00    0.00  100.00    13  lu-mz.B.x
17:04:56         1983   99.50    0.00    0.00   99.50    13  lu-mz.B.x
17:04:58         1983  100.00    0.00    0.00  100.00    13  lu-mz.B.x
17:05:00         1983  100.00    0.00    0.00  100.00    13  lu-mz.B.x
17:05:02         1983   99.50    0.00    0.00   99.50    13  lu-mz.B.x
17:05:04         1983  100.00    0.00    0.00  100.00    13  lu-mz.B.x
17:05:06         1983   99.50    0.00    0.00   99.50    13  lu-mz.B.x
17:05:08         1983  100.00    0.00    0.00  100.00    13  lu-mz.B.x
17:05:10         1983  100.00    0.00    0.00  100.00    13  lu-mz.B.x
17:05:12         1983   99.50    0.00    0.00   99.50    13  lu-mz.B.x
17:05:14         1983  100.00    0.00    0.00  100.00    13  lu-mz.B.x
17:05:16         1983   99.50    0.00    0.00   99.50    13  lu-mz.B.x
17:05:18         1983  100.00    0.00    0.00  100.00    13  lu-mz.B.x
17:05:20         1983  100.00    0.00    0.00  100.00    13  lu-mz.B.x
17:05:22         1983   99.50    0.00    0.00   99.50    13  lu-mz.B.x
17:05:24         1983  100.00    0.00    0.00  100.00    13  lu-mz.B.x
17:05:26         1983   99.50    0.00    0.00   99.50    13  lu-mz.B.x
17:05:28         1983  100.00    0.00    0.00  100.00    13  lu-mz.B.x
17:05:30         1983  100.00    0.00    0.00  100.00    13  lu-mz.B.x
17:05:32         1983   99.50    0.00    0.00   99.50    13  lu-mz.B.x
17:05:34         1983  100.00    0.00    0.00  100.00    13  lu-mz.B.x
17:05:36         1983   99.50    0.00    0.00   99.50    13  lu-mz.B.x
17:05:38         1983  100.00    0.00    0.00  100.00    13  lu-mz.B.x
17:05:40         1983  100.00    0.00    0.00  100.00    13  lu-mz.B.x
17:05:42         1983   99.50    0.00    0.00   99.50    13  lu-mz.B.x
17:05:44         1983  100.00    0.00    0.00  100.00    13  lu-mz.B.x
17:05:46         1983   99.50    0.00    0.00   99.50    13  lu-mz.B.x
17:05:48         1983  100.00    0.00    0.00  100.00    13  lu-mz.B.x
17:05:50         1983  100.00    0.00    0.00  100.00    13  lu-mz.B.x
17:05:52         1983   99.50    0.00    0.00   99.50    13  lu-mz.B.x
17:05:54         1983  100.00    0.00    0.00  100.00    13  lu-mz.B.x
17:05:56         1983  100.00    0.00    0.00  100.00    13  lu-mz.B.x
17:05:58         1983   99.50    0.00    0.00   99.50    13  lu-mz.B.x
17:06:00         1983  100.00    0.00    0.00  100.00    13  lu-mz.B.x
17:06:02         1983   99.50    0.00    0.00   99.50    13  lu-mz.B.x
17:06:04         1983  100.00    0.00    0.00  100.00    13  lu-mz.B.x
17:06:06         1983   99.50    0.00    0.00   99.50    13  lu-mz.B.x
17:06:08         1983  100.00    0.00    0.00  100.00    13  lu-mz.B.x
17:06:10         1983  100.00    0.00    0.00  100.00    13  lu-mz.B.x
17:06:12         1983   99.50    0.00    0.00   99.50    13  lu-mz.B.x
17:06:14         1983  100.00    0.00    0.00  100.00    13  lu-mz.B.x
17:06:16         1983  100.00    0.00    0.00  100.00    13  lu-mz.B.x
17:06:18         1983   99.50    0.00    0.00   99.50    13  lu-mz.B.x
17:06:20         1983  100.00    0.00    0.00  100.00    13  lu-mz.B.x
17:06:22         1983   99.50    0.00    0.00   99.50    13  lu-mz.B.x
17:06:24         1983  100.00    0.00    0.00  100.00    13  lu-mz.B.x
17:06:26         1983  100.00    0.00    0.00  100.00    13  lu-mz.B.x
17:06:28         1983   99.50    0.00    0.00   99.50    13  lu-mz.B.x
17:06:30         1983  100.00    0.00    0.00  100.00    13  lu-mz.B.x
17:06:32         1983   99.50    0.00    0.00   99.50    13  lu-mz.B.x
