Linux 2.6.32-279.14.1.el6.x86_64 (compute-662-2.local) 	04/20/20 	_x86_64_	(48 CPU)

15:49:49          PID    %usr %system  %guest    %CPU   CPU  Command
15:49:51        48244   98.00    1.50    0.00   99.50    26  lu-mz.B.x
15:49:53        48244   99.50    0.00    0.00   99.50    12  lu-mz.B.x
15:49:55        48244  100.00    0.00    0.00  100.00    12  lu-mz.B.x
15:49:57        48244  100.00    0.00    0.00  100.00    12  lu-mz.B.x
15:49:59        48244   99.50    0.00    0.00   99.50    12  lu-mz.B.x
15:50:01        48244  100.00    0.00    0.00  100.00    12  lu-mz.B.x
15:50:03        48244   99.50    0.00    0.00   99.50    13  lu-mz.B.x
15:50:05        48244  100.00    0.00    0.00  100.00    13  lu-mz.B.x
15:50:07        48244  100.00    0.00    0.00  100.00    13  lu-mz.B.x
15:50:09        48244   99.50    0.00    0.00   99.50    13  lu-mz.B.x
15:50:11        48244  100.00    0.00    0.00  100.00    13  lu-mz.B.x
15:50:13        48244   99.50    0.00    0.00   99.50    13  lu-mz.B.x
15:50:15        48244  100.00    0.00    0.00  100.00    13  lu-mz.B.x
15:50:17        48244  100.00    0.00    0.00  100.00    13  lu-mz.B.x
15:50:19        48244   99.50    0.00    0.00   99.50    13  lu-mz.B.x
15:50:21        48244  100.00    0.00    0.00  100.00    13  lu-mz.B.x
15:50:23        48244   99.50    0.00    0.00   99.50    13  lu-mz.B.x
15:50:25        48244  100.00    0.00    0.00  100.00    13  lu-mz.B.x
15:50:27        48244  100.00    0.00    0.00  100.00    13  lu-mz.B.x
15:50:29        48244   99.50    0.00    0.00   99.50    13  lu-mz.B.x
15:50:31        48244  100.00    0.00    0.00  100.00    13  lu-mz.B.x
15:50:33        48244  100.00    0.00    0.00  100.00    13  lu-mz.B.x
15:50:35        48244   99.50    0.00    0.00   99.50    13  lu-mz.B.x
15:50:37        48244  100.00    0.00    0.00  100.00    13  lu-mz.B.x
15:50:39        48244   99.50    0.00    0.00   99.50    13  lu-mz.B.x
15:50:41        48244  100.00    0.00    0.00  100.00    13  lu-mz.B.x
15:50:43        48244   99.50    0.00    0.00   99.50    13  lu-mz.B.x
15:50:45        48244  100.00    0.00    0.00  100.00    13  lu-mz.B.x
15:50:47        48244  100.00    0.00    0.00  100.00    13  lu-mz.B.x
15:50:49        48244   99.50    0.00    0.00   99.50    13  lu-mz.B.x
15:50:51        48244  100.00    0.00    0.00  100.00    13  lu-mz.B.x
15:50:53        48244  100.00    0.00    0.00  100.00    13  lu-mz.B.x
15:50:55        48244   99.50    0.00    0.00   99.50    13  lu-mz.B.x
15:50:57        48244  100.00    0.00    0.00  100.00    13  lu-mz.B.x
15:50:59        48244   99.50    0.00    0.00   99.50    13  lu-mz.B.x
15:51:01        48244  100.00    0.00    0.00  100.00    13  lu-mz.B.x
15:51:03        48244  100.00    0.00    0.00  100.00    13  lu-mz.B.x
15:51:05        48244   99.50    0.00    0.00   99.50    13  lu-mz.B.x
15:51:07        48244  100.00    0.00    0.00  100.00    13  lu-mz.B.x
15:51:09        48244   99.50    0.00    0.00   99.50    13  lu-mz.B.x
15:51:11        48244  100.00    0.00    0.00  100.00    13  lu-mz.B.x
15:51:13        48244  100.00    0.00    0.00  100.00    13  lu-mz.B.x
15:51:15        48244   99.50    0.00    0.00   99.50    13  lu-mz.B.x
15:51:17        48244  100.00    0.00    0.00  100.00    13  lu-mz.B.x
15:51:19        48244   99.50    0.00    0.00   99.50    12  lu-mz.B.x
15:51:21        48244  100.00    0.00    0.00  100.00    12  lu-mz.B.x
15:51:23        48244  100.00    0.00    0.00  100.00    12  lu-mz.B.x
15:51:25        48244   99.50    0.00    0.00   99.50    12  lu-mz.B.x
15:51:27        48244  100.00    0.00    0.00  100.00    12  lu-mz.B.x
15:51:29        48244   99.50    0.00    0.00   99.50    12  lu-mz.B.x
15:51:31        48244  100.00    0.00    0.00  100.00    12  lu-mz.B.x
15:51:33        48244  100.00    0.00    0.00  100.00    12  lu-mz.B.x
15:51:35        48244   99.50    0.00    0.00   99.50    12  lu-mz.B.x
15:51:37        48244  100.00    0.00    0.00  100.00    12  lu-mz.B.x
15:51:39        48244   99.50    0.00    0.00   99.50    12  lu-mz.B.x
15:51:41        48244  100.00    0.00    0.00  100.00    12  lu-mz.B.x
15:51:43        48244  100.00    0.00    0.00  100.00    12  lu-mz.B.x
15:51:45        48244   99.50    0.00    0.00   99.50    12  lu-mz.B.x
15:51:47        48244  100.00    0.00    0.00  100.00    12  lu-mz.B.x
15:51:49        48244   99.50    0.00    0.00   99.50    12  lu-mz.B.x
15:51:51        48244  100.00    0.00    0.00  100.00    12  lu-mz.B.x
15:51:53        48244  100.00    0.00    0.00  100.00    12  lu-mz.B.x
15:51:55        48244   99.50    0.00    0.00   99.50    12  lu-mz.B.x
15:51:57        48244   99.50    0.00    0.00   99.50    12  lu-mz.B.x
15:51:59        48244   99.50    0.00    0.00   99.50    12  lu-mz.B.x
15:52:01        48244  100.00    0.00    0.00  100.00    12  lu-mz.B.x
15:52:03        48244   99.50    0.00    0.00   99.50    12  lu-mz.B.x
15:52:05        48244  100.00    0.00    0.00  100.00    12  lu-mz.B.x
15:52:07        48244  100.00    0.00    0.00  100.00    12  lu-mz.B.x
15:52:09        48244   99.50    0.00    0.00   99.50    12  lu-mz.B.x
15:52:11        48244  100.00    0.00    0.00  100.00    12  lu-mz.B.x
15:52:13        48244   99.50    0.00    0.00   99.50    12  lu-mz.B.x
15:52:15        48244  100.00    0.00    0.00  100.00    12  lu-mz.B.x
15:52:17        48244  100.00    0.00    0.00  100.00    12  lu-mz.B.x
15:52:19        48244   99.50    0.00    0.00   99.50    12  lu-mz.B.x
15:52:21        48244  100.00    0.00    0.00  100.00    12  lu-mz.B.x
15:52:23        48244   99.50    0.00    0.00   99.50    12  lu-mz.B.x
15:52:25        48244  100.00    0.00    0.00  100.00    12  lu-mz.B.x
15:52:27        48244  100.00    0.00    0.00  100.00    12  lu-mz.B.x
15:52:29        48244   99.50    0.00    0.00   99.50    12  lu-mz.B.x
15:52:31        48244  100.00    0.00    0.00  100.00    12  lu-mz.B.x
15:52:33        48244   99.50    0.00    0.00   99.50    12  lu-mz.B.x
15:52:35        48244  100.00    0.00    0.00  100.00    12  lu-mz.B.x
15:52:37        48244  100.00    0.00    0.00  100.00    13  lu-mz.B.x
15:52:39        48244   99.50    0.00    0.00   99.50    13  lu-mz.B.x
15:52:41        48244  100.00    0.00    0.00  100.00    13  lu-mz.B.x
15:52:43        48244   99.50    0.00    0.00   99.50    13  lu-mz.B.x
15:52:45        48244  100.00    0.00    0.00  100.00    13  lu-mz.B.x
15:52:47        48244  100.00    0.00    0.00  100.00    13  lu-mz.B.x
15:52:49        48244   99.50    0.00    0.00   99.50    13  lu-mz.B.x
15:52:51        48244  100.00    0.00    0.00  100.00    13  lu-mz.B.x
15:52:53        48244   99.50    0.00    0.00   99.50    13  lu-mz.B.x
15:52:55        48244  100.00    0.00    0.00  100.00    13  lu-mz.B.x
15:52:57        48244  100.00    0.00    0.00  100.00    13  lu-mz.B.x
15:52:59        48244   99.50    0.00    0.00   99.50    13  lu-mz.B.x
15:53:01        48244  100.00    0.00    0.00  100.00    13  lu-mz.B.x
15:53:03        48244   99.50    0.00    0.00   99.50    13  lu-mz.B.x
15:53:05        48244  100.00    0.00    0.00  100.00    13  lu-mz.B.x
15:53:07        48244  100.00    0.00    0.00  100.00    13  lu-mz.B.x
15:53:09        48244   99.50    0.00    0.00   99.50    13  lu-mz.B.x
15:53:11        48244  100.00    0.00    0.00  100.00    12  lu-mz.B.x
15:53:13        48244   99.50    0.00    0.00   99.50    12  lu-mz.B.x
15:53:15        48244  100.00    0.00    0.00  100.00    12  lu-mz.B.x
15:53:17        48244  100.00    0.00    0.00  100.00    12  lu-mz.B.x
15:53:19        48244   99.50    0.00    0.00   99.50    12  lu-mz.B.x
15:53:21        48244  100.00    0.00    0.00  100.00    12  lu-mz.B.x
15:53:23        48244   99.50    0.00    0.00   99.50    12  lu-mz.B.x
15:53:25        48244  100.00    0.00    0.00  100.00    12  lu-mz.B.x
15:53:27        48244   99.50    0.00    0.00   99.50    12  lu-mz.B.x
15:53:29        48244  100.00    0.00    0.00  100.00    12  lu-mz.B.x
15:53:31        48244  100.00    0.00    0.00  100.00    12  lu-mz.B.x
15:53:33        48244   99.50    0.00    0.00   99.50    12  lu-mz.B.x
15:53:35        48244  100.00    0.00    0.00  100.00    12  lu-mz.B.x
15:53:37        48244   99.50    0.00    0.00   99.50    12  lu-mz.B.x
15:53:39        48244  100.00    0.00    0.00  100.00    12  lu-mz.B.x
15:53:41        48244  100.00    0.00    0.00  100.00    12  lu-mz.B.x
15:53:43        48244   99.50    0.00    0.00   99.50    12  lu-mz.B.x
15:53:45        48244  100.00    0.00    0.00  100.00    12  lu-mz.B.x
15:53:47        48244   99.50    0.00    0.00   99.50    12  lu-mz.B.x
15:53:49        48244  100.00    0.00    0.00  100.00    12  lu-mz.B.x
15:53:51        48244  100.00    0.00    0.00  100.00    12  lu-mz.B.x
15:53:53        48244   99.50    0.00    0.00   99.50    12  lu-mz.B.x
15:53:55        48244  100.00    0.00    0.00  100.00    12  lu-mz.B.x
15:53:57        48244   99.50    0.00    0.00   99.50    12  lu-mz.B.x
15:53:59        48244  100.00    0.00    0.00  100.00    12  lu-mz.B.x
15:54:01        48244  100.00    0.00    0.00  100.00    12  lu-mz.B.x
15:54:03        48244   99.50    0.00    0.00   99.50    12  lu-mz.B.x
15:54:05        48244  100.00    0.00    0.00  100.00    12  lu-mz.B.x
15:54:07        48244   99.50    0.00    0.00   99.50    12  lu-mz.B.x
15:54:09        48244  100.00    0.00    0.00  100.00    12  lu-mz.B.x
15:54:11        48244   99.50    0.00    0.00   99.50    12  lu-mz.B.x
15:54:13        48244  100.00    0.00    0.00  100.00    12  lu-mz.B.x
15:54:15        48244  100.00    0.00    0.00  100.00    12  lu-mz.B.x
15:54:17        48244   99.50    0.00    0.00   99.50    12  lu-mz.B.x
15:54:19        48244  100.00    0.00    0.00  100.00    12  lu-mz.B.x
15:54:21        48244   99.50    0.00    0.00   99.50    12  lu-mz.B.x
15:54:23        48244  100.00    0.00    0.00  100.00    12  lu-mz.B.x
15:54:25        48244  100.00    0.00    0.00  100.00    12  lu-mz.B.x
15:54:27        48244   99.50    0.00    0.00   99.50    12  lu-mz.B.x
15:54:29        48244  100.00    0.00    0.00  100.00    12  lu-mz.B.x
15:54:31        48244   99.50    0.00    0.00   99.50    12  lu-mz.B.x
15:54:33        48244  100.00    0.00    0.00  100.00    12  lu-mz.B.x
15:54:35        48244  100.00    0.00    0.00  100.00    12  lu-mz.B.x
15:54:37        48244   99.50    0.00    0.00   99.50    12  lu-mz.B.x
15:54:39        48244  100.00    0.00    0.00  100.00    12  lu-mz.B.x
15:54:41        48244   99.50    0.00    0.00   99.50    12  lu-mz.B.x
15:54:43        48244  100.00    0.00    0.00  100.00    12  lu-mz.B.x
15:54:45        48244  100.00    0.00    0.00  100.00    12  lu-mz.B.x
15:54:47        48244   99.50    0.00    0.00   99.50    12  lu-mz.B.x
15:54:49        48244  100.00    0.00    0.00  100.00    12  lu-mz.B.x
15:54:51        48244   99.50    0.00    0.00   99.50    12  lu-mz.B.x
15:54:53        48244  100.00    0.00    0.00  100.00    12  lu-mz.B.x
15:54:55        48244   99.50    0.00    0.00   99.50    12  lu-mz.B.x
15:54:57        48244   99.50    0.00    0.00   99.50    12  lu-mz.B.x
15:54:59        48244  100.00    0.00    0.00  100.00    12  lu-mz.B.x
15:55:01        48244   99.50    0.00    0.00   99.50    12  lu-mz.B.x
15:55:03        48244  100.00    0.00    0.00  100.00    12  lu-mz.B.x
15:55:05        48244  100.00    0.00    0.00  100.00    12  lu-mz.B.x
15:55:07        48244   99.50    0.00    0.00   99.50    12  lu-mz.B.x
15:55:09        48244  100.00    0.00    0.00  100.00    12  lu-mz.B.x
15:55:11        48244   99.50    0.00    0.00   99.50    12  lu-mz.B.x
15:55:13        48244  100.00    0.00    0.00  100.00    12  lu-mz.B.x
15:55:15        48244  100.00    0.00    0.00  100.00    12  lu-mz.B.x
15:55:17        48244   99.50    0.00    0.00   99.50    12  lu-mz.B.x
15:55:19        48244  100.00    0.00    0.00  100.00    12  lu-mz.B.x
15:55:21        48244   99.50    0.00    0.00   99.50    12  lu-mz.B.x
15:55:23        48244  100.00    0.00    0.00  100.00    12  lu-mz.B.x
15:55:25        48244  100.00    0.00    0.00  100.00    12  lu-mz.B.x
15:55:27        48244   99.50    0.00    0.00   99.50    12  lu-mz.B.x
15:55:29        48244  100.00    0.00    0.00  100.00    12  lu-mz.B.x
15:55:31        48244   99.50    0.00    0.00   99.50    12  lu-mz.B.x
15:55:33        48244  100.00    0.00    0.00  100.00    12  lu-mz.B.x
15:55:35        48244  100.00    0.00    0.00  100.00    12  lu-mz.B.x
15:55:37        48244   99.50    0.00    0.00   99.50    12  lu-mz.B.x
15:55:39        48244  100.00    0.00    0.00  100.00    12  lu-mz.B.x
15:55:41        48244   99.50    0.00    0.00   99.50    12  lu-mz.B.x
15:55:43        48244  100.00    0.00    0.00  100.00    12  lu-mz.B.x
15:55:45        48244   99.50    0.00    0.00   99.50    12  lu-mz.B.x
15:55:47        48244  100.00    0.00    0.00  100.00    12  lu-mz.B.x
15:55:49        48244  100.00    0.00    0.00  100.00    12  lu-mz.B.x
15:55:51        48244   99.50    0.00    0.00   99.50    12  lu-mz.B.x
15:55:53        48244  100.00    0.00    0.00  100.00    12  lu-mz.B.x
15:55:55        48244   99.50    0.00    0.00   99.50    12  lu-mz.B.x
15:55:57        48244  100.00    0.00    0.00  100.00    12  lu-mz.B.x
15:55:59        48244  100.00    0.00    0.00  100.00    12  lu-mz.B.x
15:56:01        48244   99.50    0.00    0.00   99.50    12  lu-mz.B.x
15:56:03        48244  100.00    0.00    0.00  100.00    12  lu-mz.B.x
15:56:05        48244   99.50    0.00    0.00   99.50    12  lu-mz.B.x
15:56:07        48244  100.00    0.00    0.00  100.00    12  lu-mz.B.x
15:56:09        48244  100.00    0.00    0.00  100.00    12  lu-mz.B.x
15:56:11        48244   99.50    0.00    0.00   99.50    12  lu-mz.B.x
15:56:13        48244  100.00    0.00    0.00  100.00    12  lu-mz.B.x
15:56:15        48244   99.50    0.00    0.00   99.50    15  lu-mz.B.x
15:56:17        48244  100.00    0.00    0.00  100.00    15  lu-mz.B.x
15:56:19        48244  100.00    0.00    0.00  100.00    15  lu-mz.B.x
15:56:21        48244   99.50    0.00    0.00   99.50    15  lu-mz.B.x
15:56:23        48244  100.00    0.00    0.00  100.00    15  lu-mz.B.x
15:56:25        48244   99.50    0.00    0.00   99.50    15  lu-mz.B.x
15:56:27        48244  100.00    0.00    0.00  100.00    15  lu-mz.B.x
15:56:29        48244  100.00    0.00    0.00  100.00    15  lu-mz.B.x
15:56:31        48244   99.50    0.00    0.00   99.50    15  lu-mz.B.x
15:56:33        48244  100.00    0.00    0.00  100.00    15  lu-mz.B.x
15:56:35        48244   99.50    0.00    0.00   99.50    15  lu-mz.B.x
15:56:37        48244  100.00    0.00    0.00  100.00    15  lu-mz.B.x
15:56:39        48244  100.00    0.00    0.00  100.00    15  lu-mz.B.x
15:56:41        48244   99.50    0.00    0.00   99.50    15  lu-mz.B.x
15:56:43        48244  100.00    0.00    0.00  100.00    15  lu-mz.B.x
15:56:45        48244   99.50    0.00    0.00   99.50    15  lu-mz.B.x
15:56:47        48244  100.00    0.00    0.00  100.00    15  lu-mz.B.x
15:56:49        48244  100.00    0.00    0.00  100.00    15  lu-mz.B.x
15:56:51        48244   99.50    0.00    0.00   99.50    15  lu-mz.B.x
15:56:53        48244  100.00    0.00    0.00  100.00    15  lu-mz.B.x
15:56:55        48244   99.50    0.00    0.00   99.50    15  lu-mz.B.x
15:56:57        48244  100.00    0.00    0.00  100.00    15  lu-mz.B.x
15:56:59        48244  100.00    0.00    0.00  100.00    15  lu-mz.B.x
15:57:01        48244   99.50    0.00    0.00   99.50    15  lu-mz.B.x
15:57:03        48244  100.00    0.00    0.00  100.00    15  lu-mz.B.x
15:57:05        48244   99.50    0.00    0.00   99.50    15  lu-mz.B.x
15:57:07        48244  100.00    0.00    0.00  100.00    15  lu-mz.B.x
15:57:09        48244  100.00    0.00    0.00  100.00    15  lu-mz.B.x
15:57:11        48244   99.50    0.00    0.00   99.50    15  lu-mz.B.x
15:57:13        48244  100.00    0.00    0.00  100.00    15  lu-mz.B.x
15:57:15        48244   99.50    0.00    0.00   99.50    15  lu-mz.B.x
15:57:17        48244  100.00    0.00    0.00  100.00    15  lu-mz.B.x
15:57:19        48244  100.00    0.00    0.00  100.00    15  lu-mz.B.x
15:57:21        48244   99.50    0.00    0.00   99.50    15  lu-mz.B.x
15:57:23        48244  100.00    0.00    0.00  100.00    15  lu-mz.B.x
15:57:25        48244   99.50    0.00    0.00   99.50    15  lu-mz.B.x
15:57:27        48244  100.00    0.00    0.00  100.00    15  lu-mz.B.x
15:57:29        48244  100.00    0.00    0.00  100.00    15  lu-mz.B.x
15:57:31        48244   99.50    0.00    0.00   99.50    15  lu-mz.B.x
15:57:33        48244  100.00    0.00    0.00  100.00    15  lu-mz.B.x
15:57:35        48244   99.50    0.00    0.00   99.50    15  lu-mz.B.x
15:57:37        48244  100.00    0.00    0.00  100.00    15  lu-mz.B.x
15:57:39        48244  100.00    0.00    0.00  100.00    15  lu-mz.B.x
15:57:41        48244   99.50    0.00    0.00   99.50    15  lu-mz.B.x
15:57:43        48244  100.00    0.00    0.00  100.00    15  lu-mz.B.x
15:57:45        48244   99.50    0.00    0.00   99.50    12  lu-mz.B.x
15:57:47        48244  100.00    0.00    0.00  100.00    12  lu-mz.B.x
15:57:49        48244  100.00    0.00    0.00  100.00    12  lu-mz.B.x
15:57:51        48244   99.50    0.00    0.00   99.50    12  lu-mz.B.x
15:57:53        48244  100.00    0.00    0.00  100.00    12  lu-mz.B.x
15:57:55        48244   99.50    0.00    0.00   99.50    12  lu-mz.B.x
15:57:57        48244  100.00    0.00    0.00  100.00    12  lu-mz.B.x
15:57:59        48244  100.00    0.00    0.00  100.00    12  lu-mz.B.x
15:58:01        48244   99.50    0.00    0.00   99.50    12  lu-mz.B.x
15:58:03        48244  100.00    0.00    0.00  100.00    12  lu-mz.B.x
15:58:05        48244   99.50    0.00    0.00   99.50    12  lu-mz.B.x
15:58:07        48244  100.00    0.00    0.00  100.00    12  lu-mz.B.x
15:58:09        48244   99.50    0.00    0.00   99.50    12  lu-mz.B.x
15:58:11        48244   99.50    0.00    0.00   99.50    12  lu-mz.B.x
15:58:13        48244  100.00    0.00    0.00  100.00    12  lu-mz.B.x
15:58:15        48244   99.50    0.00    0.00   99.50    12  lu-mz.B.x
15:58:17        48244  100.00    0.00    0.00  100.00    12  lu-mz.B.x
15:58:19        48244   99.50    0.00    0.00   99.50    12  lu-mz.B.x
15:58:21        48244  100.00    0.00    0.00  100.00    12  lu-mz.B.x
15:58:23        48244  100.00    0.00    0.00  100.00    12  lu-mz.B.x
15:58:25        48244   99.50    0.00    0.00   99.50    12  lu-mz.B.x
15:58:27        48244  100.00    0.00    0.00  100.00    12  lu-mz.B.x
15:58:29        48244  100.00    0.00    0.00  100.00    12  lu-mz.B.x
15:58:31        48244   99.50    0.00    0.00   99.50    12  lu-mz.B.x
15:58:33        48244  100.00    0.00    0.00  100.00    12  lu-mz.B.x
15:58:35        48244   99.50    0.00    0.00   99.50    12  lu-mz.B.x
15:58:37        48244  100.00    0.00    0.00  100.00    12  lu-mz.B.x
15:58:39        48244   99.50    0.00    0.00   99.50    12  lu-mz.B.x
15:58:41        48244  100.00    0.00    0.00  100.00    12  lu-mz.B.x
15:58:43        48244  100.00    0.00    0.00  100.00    12  lu-mz.B.x
15:58:45        48244   99.50    0.00    0.00   99.50    12  lu-mz.B.x
15:58:47        48244  100.00    0.00    0.00  100.00    12  lu-mz.B.x
15:58:49        48244  100.00    0.00    0.00  100.00    12  lu-mz.B.x
15:58:51        48244   99.50    0.00    0.00   99.50    12  lu-mz.B.x
15:58:53        48244  100.00    0.00    0.00  100.00    12  lu-mz.B.x
15:58:55        48244   99.50    0.00    0.00   99.50    12  lu-mz.B.x
15:58:57        48244  100.00    0.00    0.00  100.00    12  lu-mz.B.x
15:58:59        48244   99.50    0.00    0.00   99.50    12  lu-mz.B.x
15:59:01        48244  100.00    0.00    0.00  100.00    12  lu-mz.B.x
15:59:03        48244  100.00    0.00    0.00  100.00    12  lu-mz.B.x
15:59:05        48244   99.50    0.00    0.00   99.50    12  lu-mz.B.x
15:59:07        48244  100.00    0.00    0.00  100.00    12  lu-mz.B.x
15:59:09        48244   99.50    0.00    0.00   99.50    12  lu-mz.B.x
15:59:11        48244  100.00    0.00    0.00  100.00    12  lu-mz.B.x
15:59:13        48244  100.00    0.00    0.00  100.00    12  lu-mz.B.x
15:59:15        48244   99.50    0.00    0.00   99.50    12  lu-mz.B.x
15:59:17        48244  100.00    0.00    0.00  100.00    12  lu-mz.B.x
15:59:19        48244   99.50    0.00    0.00   99.50    12  lu-mz.B.x
15:59:21        48244  100.00    0.00    0.00  100.00    12  lu-mz.B.x
15:59:23        48244  100.00    0.00    0.00  100.00    12  lu-mz.B.x
15:59:25        48244   99.50    0.00    0.00   99.50    12  lu-mz.B.x
15:59:27        48244  100.00    0.00    0.00  100.00    12  lu-mz.B.x
15:59:29        48244   99.50    0.00    0.00   99.50    12  lu-mz.B.x
15:59:31        48244  100.00    0.00    0.00  100.00    12  lu-mz.B.x
15:59:33        48244  100.00    0.00    0.00  100.00    12  lu-mz.B.x
15:59:35        48244   99.50    0.00    0.00   99.50    12  lu-mz.B.x
15:59:37        48244  100.00    0.00    0.00  100.00    12  lu-mz.B.x
15:59:39        48244   99.50    0.00    0.00   99.50    12  lu-mz.B.x
15:59:41        48244  100.00    0.00    0.00  100.00    12  lu-mz.B.x
15:59:43        48244  100.00    0.00    0.00  100.00    12  lu-mz.B.x
15:59:45        48244   99.50    0.00    0.00   99.50    12  lu-mz.B.x
15:59:47        48244  100.00    0.00    0.00  100.00    12  lu-mz.B.x
15:59:49        48244   99.50    0.00    0.00   99.50    12  lu-mz.B.x
15:59:51        48244  100.00    0.00    0.00  100.00    12  lu-mz.B.x
15:59:53        48244   99.50    0.00    0.00   99.50    12  lu-mz.B.x
15:59:55        48244  100.00    0.00    0.00  100.00    12  lu-mz.B.x
15:59:57        48244  100.00    0.00    0.00  100.00    12  lu-mz.B.x
15:59:59        48244   99.50    0.00    0.00   99.50    12  lu-mz.B.x
16:00:01        48244  100.00    0.00    0.00  100.00    12  lu-mz.B.x
16:00:03        48244   99.50    0.00    0.00   99.50    12  lu-mz.B.x
16:00:05        48244  100.00    0.00    0.00  100.00    12  lu-mz.B.x
16:00:07        48244  100.00    0.00    0.00  100.00    12  lu-mz.B.x
16:00:09        48244   99.50    0.00    0.00   99.50    12  lu-mz.B.x
16:00:11        48244  100.00    0.00    0.00  100.00    17  lu-mz.B.x
16:00:13        48244   99.50    0.00    0.00   99.50    17  lu-mz.B.x
16:00:15        48244  100.00    0.00    0.00  100.00    17  lu-mz.B.x
16:00:17        48244  100.00    0.00    0.00  100.00    17  lu-mz.B.x
16:00:19        48244   99.50    0.00    0.00   99.50    17  lu-mz.B.x
16:00:21        48244  100.00    0.00    0.00  100.00    17  lu-mz.B.x
16:00:23        48244   99.50    0.00    0.00   99.50    17  lu-mz.B.x
16:00:25        48244  100.00    0.00    0.00  100.00    12  lu-mz.B.x
16:00:27        48244  100.00    0.00    0.00  100.00    12  lu-mz.B.x
16:00:29        48244   99.50    0.00    0.00   99.50    12  lu-mz.B.x
16:00:31        48244  100.00    0.00    0.00  100.00    12  lu-mz.B.x
16:00:33        48244   99.50    0.00    0.00   99.50    12  lu-mz.B.x
16:00:35        48244  100.00    0.00    0.00  100.00    12  lu-mz.B.x
16:00:37        48244  100.00    0.00    0.00  100.00    12  lu-mz.B.x
16:00:39        48244   99.50    0.00    0.00   99.50    12  lu-mz.B.x
16:00:41        48244  100.00    0.00    0.00  100.00    12  lu-mz.B.x
16:00:43        48244   99.50    0.00    0.00   99.50    12  lu-mz.B.x
16:00:45        48244  100.00    0.00    0.00  100.00    12  lu-mz.B.x
16:00:47        48244  100.00    0.00    0.00  100.00    12  lu-mz.B.x
16:00:49        48244   99.50    0.00    0.00   99.50    12  lu-mz.B.x
