Linux 2.6.32-279.14.1.el6.x86_64 (compute-662-2.local) 	04/20/20 	_x86_64_	(48 CPU)

16:33:37          PID    %usr %system  %guest    %CPU   CPU  Command
16:33:39         1208   97.50    2.00    0.00   99.50    26  lu-mz.B.x
16:33:41         1208   99.50    0.00    0.00   99.50    12  lu-mz.B.x
16:33:43         1208  100.00    0.00    0.00  100.00    12  lu-mz.B.x
16:33:45         1208  100.00    0.00    0.00  100.00    12  lu-mz.B.x
16:33:47         1208   99.50    0.00    0.00   99.50    12  lu-mz.B.x
16:33:49         1208  100.00    0.00    0.00  100.00    12  lu-mz.B.x
16:33:51         1208   99.50    0.00    0.00   99.50    12  lu-mz.B.x
16:33:53         1208  100.00    0.00    0.00  100.00    12  lu-mz.B.x
16:33:55         1208  100.00    0.00    0.00  100.00    12  lu-mz.B.x
16:33:57         1208   99.50    0.00    0.00   99.50    12  lu-mz.B.x
16:33:59         1208  100.00    0.00    0.00  100.00    12  lu-mz.B.x
16:34:01         1208   99.50    0.00    0.00   99.50    12  lu-mz.B.x
16:34:03         1208  100.00    0.00    0.00  100.00    12  lu-mz.B.x
16:34:05         1208   99.50    0.00    0.00   99.50    12  lu-mz.B.x
16:34:07         1208  100.00    0.00    0.00  100.00    12  lu-mz.B.x
16:34:09         1208  100.00    0.00    0.00  100.00    12  lu-mz.B.x
16:34:11         1208   99.50    0.00    0.00   99.50    12  lu-mz.B.x
16:34:13         1208  100.00    0.00    0.00  100.00    12  lu-mz.B.x
16:34:15         1208   99.50    0.00    0.00   99.50    12  lu-mz.B.x
16:34:17         1208  100.00    0.00    0.00  100.00    12  lu-mz.B.x
16:34:19         1208  100.00    0.00    0.00  100.00    12  lu-mz.B.x
16:34:21         1208   99.50    0.00    0.00   99.50    12  lu-mz.B.x
16:34:23         1208  100.00    0.00    0.00  100.00    12  lu-mz.B.x
16:34:25         1208   99.50    0.00    0.00   99.50    12  lu-mz.B.x
16:34:27         1208  100.00    0.00    0.00  100.00    12  lu-mz.B.x
16:34:29         1208   99.50    0.00    0.00   99.50    12  lu-mz.B.x
16:34:31         1208   99.50    0.00    0.00   99.50    13  lu-mz.B.x
16:34:33         1208  100.00    0.00    0.00  100.00    13  lu-mz.B.x
16:34:35         1208   99.50    0.00    0.00   99.50    13  lu-mz.B.x
16:34:37         1208  100.00    0.00    0.00  100.00    13  lu-mz.B.x
16:34:39         1208   99.50    0.00    0.00   99.50    13  lu-mz.B.x
16:34:41         1208  100.00    0.00    0.00  100.00    13  lu-mz.B.x
16:34:43         1208  100.00    0.00    0.00  100.00    13  lu-mz.B.x
16:34:45         1208   99.50    0.00    0.00   99.50    13  lu-mz.B.x
16:34:47         1208  100.00    0.00    0.00  100.00    13  lu-mz.B.x
16:34:49         1208  100.00    0.00    0.00  100.00    13  lu-mz.B.x
16:34:51         1208   99.50    0.00    0.00   99.50    13  lu-mz.B.x
16:34:53         1208  100.00    0.00    0.00  100.00    13  lu-mz.B.x
16:34:55         1208   99.50    0.00    0.00   99.50    13  lu-mz.B.x
16:34:57         1208  100.00    0.00    0.00  100.00    13  lu-mz.B.x
16:34:59         1208  100.00    0.00    0.00  100.00    13  lu-mz.B.x
16:35:01         1208   99.50    0.00    0.00   99.50    13  lu-mz.B.x
16:35:03         1208  100.00    0.00    0.00  100.00    13  lu-mz.B.x
16:35:05         1208   99.50    0.00    0.00   99.50    13  lu-mz.B.x
16:35:07         1208  100.00    0.00    0.00  100.00    13  lu-mz.B.x
16:35:09         1208  100.00    0.00    0.00  100.00    13  lu-mz.B.x
16:35:11         1208   99.50    0.00    0.00   99.50    13  lu-mz.B.x
16:35:13         1208  100.00    0.00    0.00  100.00    13  lu-mz.B.x
16:35:15         1208   99.50    0.00    0.00   99.50    13  lu-mz.B.x
16:35:17         1208  100.00    0.00    0.00  100.00    13  lu-mz.B.x
16:35:19         1208   99.50    0.00    0.00   99.50    13  lu-mz.B.x
16:35:21         1208  100.00    0.00    0.00  100.00    13  lu-mz.B.x
16:35:23         1208  100.00    0.00    0.00  100.00    13  lu-mz.B.x
16:35:25         1208   99.50    0.00    0.00   99.50    13  lu-mz.B.x
16:35:27         1208  100.00    0.00    0.00  100.00    13  lu-mz.B.x
16:35:29         1208  100.00    0.00    0.00  100.00    13  lu-mz.B.x
16:35:31         1208   99.50    0.00    0.00   99.50    13  lu-mz.B.x
16:35:33         1208  100.00    0.00    0.00  100.00    13  lu-mz.B.x
16:35:35         1208   99.50    0.00    0.00   99.50    13  lu-mz.B.x
16:35:37         1208  100.00    0.00    0.00  100.00    13  lu-mz.B.x
16:35:39         1208  100.00    0.00    0.00  100.00    13  lu-mz.B.x
16:35:41         1208   99.50    0.00    0.00   99.50    13  lu-mz.B.x
16:35:43         1208  100.00    0.00    0.00  100.00    13  lu-mz.B.x
16:35:45         1208   99.50    0.00    0.00   99.50    13  lu-mz.B.x
16:35:47         1208  100.00    0.00    0.00  100.00    13  lu-mz.B.x
16:35:49         1208  100.00    0.00    0.00  100.00    13  lu-mz.B.x
16:35:51         1208   99.50    0.00    0.00   99.50    13  lu-mz.B.x
16:35:53         1208  100.00    0.00    0.00  100.00    13  lu-mz.B.x
16:35:55         1208  100.00    0.00    0.00  100.00    13  lu-mz.B.x
16:35:57         1208   99.50    0.00    0.00   99.50    13  lu-mz.B.x
16:35:59         1208  100.00    0.00    0.00  100.00    13  lu-mz.B.x
16:36:01         1208   99.50    0.00    0.00   99.50    13  lu-mz.B.x
16:36:03         1208  100.00    0.00    0.00  100.00    13  lu-mz.B.x
16:36:05         1208   99.50    0.00    0.00   99.50    13  lu-mz.B.x
16:36:07         1208  100.00    0.00    0.00  100.00    13  lu-mz.B.x
16:36:09         1208  100.00    0.00    0.00  100.00    13  lu-mz.B.x
16:36:11         1208   99.50    0.00    0.00   99.50    13  lu-mz.B.x
16:36:13         1208  100.00    0.00    0.00  100.00    13  lu-mz.B.x
16:36:15         1208  100.00    0.00    0.00  100.00    13  lu-mz.B.x
16:36:17         1208   99.50    0.00    0.00   99.50    13  lu-mz.B.x
16:36:19         1208  100.00    0.00    0.00  100.00    13  lu-mz.B.x
16:36:21         1208   99.50    0.00    0.00   99.50    13  lu-mz.B.x
16:36:23         1208  100.00    0.00    0.00  100.00    13  lu-mz.B.x
16:36:25         1208  100.00    0.00    0.00  100.00    13  lu-mz.B.x
16:36:27         1208   99.50    0.00    0.00   99.50    13  lu-mz.B.x
16:36:29         1208  100.00    0.00    0.00  100.00    13  lu-mz.B.x
16:36:31         1208   99.50    0.00    0.00   99.50    13  lu-mz.B.x
16:36:33         1208  100.00    0.00    0.00  100.00    13  lu-mz.B.x
16:36:35         1208  100.00    0.00    0.00  100.00    13  lu-mz.B.x
16:36:37         1208   99.50    0.00    0.00   99.50    13  lu-mz.B.x
16:36:39         1208  100.00    0.00    0.00  100.00    13  lu-mz.B.x
16:36:41         1208   99.50    0.00    0.00   99.50    13  lu-mz.B.x
16:36:43         1208  100.00    0.00    0.00  100.00    13  lu-mz.B.x
16:36:45         1208  100.00    0.00    0.00  100.00    13  lu-mz.B.x
16:36:47         1208   99.50    0.00    0.00   99.50    13  lu-mz.B.x
16:36:49         1208  100.00    0.00    0.00  100.00    13  lu-mz.B.x
16:36:51         1208   99.50    0.00    0.00   99.50    13  lu-mz.B.x
16:36:53         1208  100.00    0.00    0.00  100.00    13  lu-mz.B.x
16:36:55         1208  100.00    0.00    0.00  100.00    13  lu-mz.B.x
16:36:57         1208   99.50    0.00    0.00   99.50    13  lu-mz.B.x
16:36:59         1208  100.00    0.00    0.00  100.00    13  lu-mz.B.x
16:37:01         1208   99.50    0.00    0.00   99.50    13  lu-mz.B.x
16:37:03         1208  100.00    0.00    0.00  100.00    13  lu-mz.B.x
16:37:05         1208  100.00    0.00    0.00  100.00    13  lu-mz.B.x
16:37:07         1208   99.50    0.00    0.00   99.50    13  lu-mz.B.x
16:37:09         1208  100.00    0.00    0.00  100.00    13  lu-mz.B.x
16:37:11         1208   99.50    0.00    0.00   99.50    13  lu-mz.B.x
16:37:13         1208  100.00    0.00    0.00  100.00    13  lu-mz.B.x
16:37:15         1208  100.00    0.00    0.00  100.00    13  lu-mz.B.x
16:37:17         1208   99.50    0.00    0.00   99.50    13  lu-mz.B.x
16:37:19         1208  100.00    0.00    0.00  100.00    13  lu-mz.B.x
16:37:21         1208  100.00    0.00    0.00  100.00    13  lu-mz.B.x
16:37:23         1208   99.50    0.00    0.00   99.50    13  lu-mz.B.x
16:37:25         1208  100.00    0.00    0.00  100.00    13  lu-mz.B.x
16:37:27         1208   99.50    0.00    0.00   99.50    13  lu-mz.B.x
16:37:29         1208  100.00    0.00    0.00  100.00    13  lu-mz.B.x
16:37:31         1208  100.00    0.00    0.00  100.00    13  lu-mz.B.x
16:37:33         1208   99.50    0.00    0.00   99.50    13  lu-mz.B.x
16:37:35         1208  100.00    0.00    0.00  100.00    13  lu-mz.B.x
16:37:37         1208   99.50    0.00    0.00   99.50    13  lu-mz.B.x
16:37:39         1208  100.00    0.00    0.00  100.00    13  lu-mz.B.x
16:37:41         1208  100.00    0.00    0.00  100.00    13  lu-mz.B.x
16:37:43         1208   99.50    0.00    0.00   99.50    13  lu-mz.B.x
16:37:45         1208  100.00    0.00    0.00  100.00    13  lu-mz.B.x
16:37:47         1208   99.50    0.00    0.00   99.50    13  lu-mz.B.x
16:37:49         1208  100.00    0.00    0.00  100.00    13  lu-mz.B.x
16:37:51         1208  100.00    0.00    0.00  100.00    13  lu-mz.B.x
16:37:53         1208   99.50    0.00    0.00   99.50    12  lu-mz.B.x
16:37:55         1208  100.00    0.00    0.00  100.00    12  lu-mz.B.x
16:37:57         1208   99.50    0.00    0.00   99.50    12  lu-mz.B.x
16:37:59         1208  100.00    0.00    0.00  100.00    12  lu-mz.B.x
16:38:01         1208  100.00    0.00    0.00  100.00    12  lu-mz.B.x
16:38:03         1208   99.50    0.00    0.00   99.50    12  lu-mz.B.x
16:38:05         1208  100.00    0.00    0.00  100.00    12  lu-mz.B.x
16:38:07         1208   99.50    0.00    0.00   99.50    12  lu-mz.B.x
16:38:09         1208  100.00    0.00    0.00  100.00    12  lu-mz.B.x
16:38:11         1208  100.00    0.00    0.00  100.00    12  lu-mz.B.x
16:38:13         1208   99.50    0.00    0.00   99.50    12  lu-mz.B.x
16:38:15         1208  100.00    0.00    0.00  100.00    12  lu-mz.B.x
16:38:17         1208   99.50    0.00    0.00   99.50    12  lu-mz.B.x
16:38:19         1208  100.00    0.00    0.00  100.00    12  lu-mz.B.x
16:38:21         1208   99.50    0.00    0.00   99.50    12  lu-mz.B.x
16:38:23         1208  100.00    0.00    0.00  100.00    12  lu-mz.B.x
16:38:25         1208  100.00    0.00    0.00  100.00    12  lu-mz.B.x
16:38:27         1208   99.50    0.00    0.00   99.50    12  lu-mz.B.x
16:38:29         1208  100.00    0.00    0.00  100.00    12  lu-mz.B.x
16:38:31         1208   99.50    0.00    0.00   99.50    12  lu-mz.B.x
16:38:33         1208  100.00    0.00    0.00  100.00    12  lu-mz.B.x
16:38:35         1208  100.00    0.00    0.00  100.00    12  lu-mz.B.x
16:38:37         1208   99.50    0.00    0.00   99.50    12  lu-mz.B.x
16:38:39         1208  100.00    0.00    0.00  100.00    12  lu-mz.B.x
16:38:41         1208   99.50    0.00    0.00   99.50    12  lu-mz.B.x
16:38:43         1208  100.00    0.00    0.00  100.00    12  lu-mz.B.x
16:38:45         1208  100.00    0.00    0.00  100.00    12  lu-mz.B.x
16:38:47         1208   99.50    0.00    0.00   99.50    12  lu-mz.B.x
16:38:49         1208   99.50    0.00    0.00   99.50    12  lu-mz.B.x
16:38:51         1208   99.50    0.00    0.00   99.50    12  lu-mz.B.x
16:38:53         1208  100.00    0.00    0.00  100.00    12  lu-mz.B.x
16:38:55         1208   99.50    0.00    0.00   99.50    12  lu-mz.B.x
16:38:57         1208  100.00    0.00    0.00  100.00    12  lu-mz.B.x
16:38:59         1208  100.00    0.00    0.00  100.00    12  lu-mz.B.x
16:39:01         1208   99.50    0.00    0.00   99.50    12  lu-mz.B.x
16:39:03         1208  100.00    0.00    0.00  100.00    12  lu-mz.B.x
16:39:05         1208   99.50    0.00    0.00   99.50    12  lu-mz.B.x
16:39:07         1208  100.00    0.00    0.00  100.00    12  lu-mz.B.x
16:39:09         1208  100.00    0.00    0.00  100.00    12  lu-mz.B.x
16:39:11         1208   99.50    0.00    0.00   99.50    12  lu-mz.B.x
16:39:13         1208  100.00    0.00    0.00  100.00    12  lu-mz.B.x
16:39:15         1208   99.50    0.00    0.00   99.50    12  lu-mz.B.x
16:39:17         1208  100.00    0.00    0.00  100.00    12  lu-mz.B.x
16:39:19         1208  100.00    0.00    0.00  100.00    12  lu-mz.B.x
16:39:21         1208   99.50    0.00    0.00   99.50    12  lu-mz.B.x
16:39:23         1208  100.00    0.00    0.00  100.00    12  lu-mz.B.x
16:39:25         1208   99.50    0.00    0.00   99.50    12  lu-mz.B.x
16:39:27         1208  100.00    0.00    0.00  100.00    12  lu-mz.B.x
16:39:29         1208   99.50    0.00    0.00   99.50    12  lu-mz.B.x
16:39:31         1208  100.00    0.00    0.00  100.00    12  lu-mz.B.x
16:39:33         1208  100.00    0.00    0.00  100.00    12  lu-mz.B.x
16:39:35         1208   99.50    0.00    0.00   99.50    12  lu-mz.B.x
16:39:37         1208  100.00    0.00    0.00  100.00    12  lu-mz.B.x
16:39:39         1208   99.50    0.00    0.00   99.50    12  lu-mz.B.x
16:39:41         1208  100.00    0.00    0.00  100.00    12  lu-mz.B.x
16:39:43         1208  100.00    0.00    0.00  100.00    12  lu-mz.B.x
16:39:45         1208   99.50    0.00    0.00   99.50    12  lu-mz.B.x
16:39:47         1208  100.00    0.00    0.00  100.00    12  lu-mz.B.x
16:39:49         1208   99.50    0.00    0.00   99.50    12  lu-mz.B.x
16:39:51         1208  100.00    0.00    0.00  100.00    12  lu-mz.B.x
16:39:53         1208   99.50    0.00    0.00   99.50    12  lu-mz.B.x
16:39:55         1208  100.00    0.00    0.00  100.00    12  lu-mz.B.x
16:39:57         1208  100.00    0.00    0.00  100.00    12  lu-mz.B.x
16:39:59         1208   99.50    0.00    0.00   99.50    12  lu-mz.B.x
16:40:01         1208  100.00    0.00    0.00  100.00    12  lu-mz.B.x
16:40:03         1208   99.50    0.00    0.00   99.50    12  lu-mz.B.x
16:40:05         1208  100.00    0.00    0.00  100.00    12  lu-mz.B.x
16:40:07         1208  100.00    0.00    0.00  100.00    12  lu-mz.B.x
16:40:09         1208   99.50    0.00    0.00   99.50    12  lu-mz.B.x
16:40:11         1208  100.00    0.00    0.00  100.00    12  lu-mz.B.x
16:40:13         1208   99.50    0.00    0.00   99.50    12  lu-mz.B.x
16:40:15         1208  100.00    0.00    0.00  100.00    12  lu-mz.B.x
16:40:17         1208   99.50    0.00    0.00   99.50    12  lu-mz.B.x
16:40:19         1208  100.00    0.00    0.00  100.00    12  lu-mz.B.x
16:40:21         1208  100.00    0.00    0.00  100.00    12  lu-mz.B.x
16:40:23         1208   99.50    0.00    0.00   99.50    12  lu-mz.B.x
16:40:25         1208  100.00    0.00    0.00  100.00    12  lu-mz.B.x
16:40:27         1208   99.50    0.00    0.00   99.50    12  lu-mz.B.x
16:40:29         1208  100.00    0.00    0.00  100.00    12  lu-mz.B.x
16:40:31         1208  100.00    0.00    0.00  100.00    12  lu-mz.B.x
16:40:33         1208   99.50    0.00    0.00   99.50    12  lu-mz.B.x
16:40:35         1208  100.00    0.00    0.00  100.00    12  lu-mz.B.x
16:40:37         1208   99.50    0.00    0.00   99.50    12  lu-mz.B.x
16:40:39         1208  100.00    0.00    0.00  100.00    12  lu-mz.B.x
16:40:41         1208  100.00    0.00    0.00  100.00    12  lu-mz.B.x
16:40:43         1208   99.50    0.00    0.00   99.50    12  lu-mz.B.x
16:40:45         1208  100.00    0.00    0.00  100.00    12  lu-mz.B.x
16:40:47         1208   99.50    0.00    0.00   99.50    12  lu-mz.B.x
16:40:49         1208  100.00    0.00    0.00  100.00    12  lu-mz.B.x
16:40:51         1208  100.00    0.00    0.00  100.00    12  lu-mz.B.x
16:40:53         1208   99.50    0.00    0.00   99.50    12  lu-mz.B.x
16:40:55         1208  100.00    0.00    0.00  100.00    12  lu-mz.B.x
16:40:57         1208   99.50    0.00    0.00   99.50    12  lu-mz.B.x
16:40:59         1208  100.00    0.00    0.00  100.00    12  lu-mz.B.x
16:41:01         1208   99.50    0.00    0.00   99.50    12  lu-mz.B.x
16:41:03         1208  100.00    0.00    0.00  100.00    12  lu-mz.B.x
16:41:05         1208  100.00    0.00    0.00  100.00    12  lu-mz.B.x
16:41:07         1208   99.50    0.00    0.00   99.50    12  lu-mz.B.x
16:41:09         1208  100.00    0.00    0.00  100.00    12  lu-mz.B.x
16:41:11         1208   99.50    0.00    0.00   99.50    12  lu-mz.B.x
16:41:13         1208  100.00    0.00    0.00  100.00    12  lu-mz.B.x
16:41:15         1208  100.00    0.00    0.00  100.00    12  lu-mz.B.x
16:41:17         1208   99.50    0.00    0.00   99.50    12  lu-mz.B.x
16:41:19         1208  100.00    0.00    0.00  100.00    12  lu-mz.B.x
16:41:21         1208   99.50    0.00    0.00   99.50    12  lu-mz.B.x
16:41:23         1208  100.00    0.00    0.00  100.00    12  lu-mz.B.x
16:41:25         1208  100.00    0.00    0.00  100.00    12  lu-mz.B.x
16:41:27         1208   99.50    0.00    0.00   99.50    12  lu-mz.B.x
16:41:29         1208  100.00    0.00    0.00  100.00    12  lu-mz.B.x
16:41:31         1208   99.50    0.00    0.00   99.50    12  lu-mz.B.x
16:41:33         1208  100.00    0.00    0.00  100.00    12  lu-mz.B.x
16:41:35         1208   99.50    0.00    0.00   99.50    12  lu-mz.B.x
16:41:37         1208  100.00    0.00    0.00  100.00    12  lu-mz.B.x
16:41:39         1208  100.00    0.00    0.00  100.00    12  lu-mz.B.x
16:41:41         1208   99.50    0.00    0.00   99.50    12  lu-mz.B.x
16:41:43         1208  100.00    0.00    0.00  100.00    12  lu-mz.B.x
16:41:45         1208   99.50    0.00    0.00   99.50    12  lu-mz.B.x
16:41:47         1208  100.00    0.00    0.00  100.00    12  lu-mz.B.x
16:41:49         1208  100.00    0.00    0.00  100.00    12  lu-mz.B.x
16:41:51         1208   99.50    0.00    0.00   99.50    12  lu-mz.B.x
16:41:53         1208  100.00    0.00    0.00  100.00    12  lu-mz.B.x
16:41:55         1208   99.50    0.00    0.00   99.50    12  lu-mz.B.x
16:41:57         1208  100.00    0.00    0.00  100.00    12  lu-mz.B.x
16:41:59         1208   99.50    0.00    0.00   99.50    12  lu-mz.B.x
16:42:01         1208  100.00    0.00    0.00  100.00    12  lu-mz.B.x
16:42:03         1208  100.00    0.00    0.00  100.00    12  lu-mz.B.x
16:42:05         1208   99.50    0.00    0.00   99.50    12  lu-mz.B.x
16:42:07         1208  100.00    0.00    0.00  100.00    12  lu-mz.B.x
16:42:09         1208   99.50    0.00    0.00   99.50    12  lu-mz.B.x
16:42:11         1208  100.00    0.00    0.00  100.00    12  lu-mz.B.x
16:42:13         1208  100.00    0.00    0.00  100.00    12  lu-mz.B.x
16:42:15         1208   99.50    0.00    0.00   99.50    12  lu-mz.B.x
16:42:17         1208  100.00    0.00    0.00  100.00    12  lu-mz.B.x
16:42:19         1208   99.00    0.00    0.00   99.00    12  lu-mz.B.x
16:42:21         1208  100.00    0.00    0.00  100.00    12  lu-mz.B.x
16:42:23         1208   99.50    0.00    0.00   99.50    12  lu-mz.B.x
16:42:25         1208  100.00    0.00    0.00  100.00    12  lu-mz.B.x
16:42:27         1208  100.00    0.00    0.00  100.00    12  lu-mz.B.x
16:42:29         1208   99.50    0.00    0.00   99.50    12  lu-mz.B.x
16:42:31         1208  100.00    0.00    0.00  100.00    12  lu-mz.B.x
16:42:33         1208   99.50    0.00    0.00   99.50    12  lu-mz.B.x
16:42:35         1208  100.00    0.00    0.00  100.00    12  lu-mz.B.x
16:42:37         1208  100.00    0.00    0.00  100.00    12  lu-mz.B.x
16:42:39         1208   99.50    0.00    0.00   99.50    12  lu-mz.B.x
16:42:41         1208  100.00    0.00    0.00  100.00    12  lu-mz.B.x
16:42:43         1208   99.50    0.00    0.00   99.50    12  lu-mz.B.x
16:42:45         1208  100.00    0.00    0.00  100.00    12  lu-mz.B.x
16:42:47         1208  100.00    0.00    0.00  100.00    12  lu-mz.B.x
16:42:49         1208   99.50    0.00    0.00   99.50    12  lu-mz.B.x
16:42:51         1208  100.00    0.00    0.00  100.00    12  lu-mz.B.x
16:42:53         1208   99.50    0.00    0.00   99.50    12  lu-mz.B.x
16:42:55         1208  100.00    0.00    0.00  100.00    12  lu-mz.B.x
16:42:57         1208  100.00    0.00    0.00  100.00    12  lu-mz.B.x
16:42:59         1208   99.50    0.00    0.00   99.50    12  lu-mz.B.x
16:43:01         1208  100.00    0.00    0.00  100.00    12  lu-mz.B.x
16:43:03         1208   99.50    0.00    0.00   99.50    12  lu-mz.B.x
16:43:05         1208  100.00    0.00    0.00  100.00    12  lu-mz.B.x
16:43:07         1208   99.50    0.00    0.00   99.50    12  lu-mz.B.x
16:43:09         1208  100.00    0.00    0.00  100.00    12  lu-mz.B.x
16:43:11         1208   99.50    0.00    0.00   99.50    12  lu-mz.B.x
16:43:13         1208  100.00    0.00    0.00  100.00    12  lu-mz.B.x
16:43:15         1208  100.00    0.00    0.00  100.00    12  lu-mz.B.x
16:43:17         1208   99.50    0.00    0.00   99.50    12  lu-mz.B.x
16:43:19         1208  100.00    0.00    0.00  100.00    12  lu-mz.B.x
16:43:21         1208  100.00    0.00    0.00  100.00    12  lu-mz.B.x
16:43:23         1208   99.50    0.00    0.00   99.50    12  lu-mz.B.x
16:43:25         1208  100.00    0.00    0.00  100.00    12  lu-mz.B.x
16:43:27         1208   99.50    0.00    0.00   99.50    12  lu-mz.B.x
16:43:29         1208  100.00    0.00    0.00  100.00    12  lu-mz.B.x
16:43:31         1208   99.50    0.00    0.00   99.50    12  lu-mz.B.x
16:43:33         1208  100.00    0.00    0.00  100.00    12  lu-mz.B.x
16:43:35         1208  100.00    0.00    0.00  100.00    12  lu-mz.B.x
16:43:37         1208   99.50    0.00    0.00   99.50    12  lu-mz.B.x
16:43:39         1208  100.00    0.00    0.00  100.00    12  lu-mz.B.x
16:43:41         1208   99.50    0.00    0.00   99.50    12  lu-mz.B.x
16:43:43         1208  100.00    0.00    0.00  100.00    12  lu-mz.B.x
16:43:45         1208  100.00    0.00    0.00  100.00    12  lu-mz.B.x
16:43:47         1208   99.50    0.00    0.00   99.50    12  lu-mz.B.x
16:43:49         1208  100.00    0.00    0.00  100.00    12  lu-mz.B.x
16:43:51         1208   99.50    0.00    0.00   99.50    12  lu-mz.B.x
16:43:53         1208  100.00    0.00    0.00  100.00    12  lu-mz.B.x
16:43:55         1208  100.00    0.00    0.00  100.00    12  lu-mz.B.x
16:43:57         1208   99.50    0.00    0.00   99.50    12  lu-mz.B.x
16:43:59         1208  100.00    0.00    0.00  100.00    12  lu-mz.B.x
16:44:01         1208   99.50    0.00    0.00   99.50    12  lu-mz.B.x
16:44:03         1208  100.00    0.00    0.00  100.00    12  lu-mz.B.x
16:44:05         1208  100.00    0.00    0.00  100.00    12  lu-mz.B.x
16:44:07         1208   99.50    0.00    0.00   99.50    12  lu-mz.B.x
16:44:09         1208  100.00    0.00    0.00  100.00    12  lu-mz.B.x
16:44:11         1208   99.50    0.00    0.00   99.50    12  lu-mz.B.x
16:44:13         1208  100.00    0.00    0.00  100.00    12  lu-mz.B.x
16:44:15         1208  100.00    0.00    0.00  100.00    12  lu-mz.B.x
16:44:17         1208   99.50    0.00    0.00   99.50    12  lu-mz.B.x
16:44:19         1208  100.00    0.00    0.00  100.00    12  lu-mz.B.x
16:44:21         1208   99.50    0.00    0.00   99.50    12  lu-mz.B.x
16:44:23         1208  100.00    0.00    0.00  100.00    12  lu-mz.B.x
16:44:25         1208  100.00    0.00    0.00  100.00    12  lu-mz.B.x
16:44:27         1208   99.50    0.00    0.00   99.50    12  lu-mz.B.x
16:44:29         1208  100.00    0.00    0.00  100.00    12  lu-mz.B.x
16:44:31         1208   99.50    0.00    0.00   99.50    12  lu-mz.B.x
16:44:33         1208  100.00    0.00    0.00  100.00    12  lu-mz.B.x
