Linux 2.6.32-279.14.1.el6.x86_64 (compute-662-2.local) 	04/20/20 	_x86_64_	(48 CPU)

21:09:57          PID    %usr %system  %guest    %CPU   CPU  Command
21:09:59        12950   99.00    0.50    0.00   99.50     2  lu-mz.A.x
21:10:01        12950  100.00    0.00    0.00  100.00     2  lu-mz.A.x
21:10:03        12950   99.50    0.00    0.00   99.50     2  lu-mz.A.x
21:10:05        12950  100.00    0.00    0.00  100.00     2  lu-mz.A.x
21:10:07        12950  100.00    0.00    0.00  100.00     2  lu-mz.A.x
21:10:09        12950   99.50    0.00    0.00   99.50     2  lu-mz.A.x
21:10:11        12950  100.00    0.00    0.00  100.00     2  lu-mz.A.x
21:10:13        12950   99.50    0.00    0.00   99.50     2  lu-mz.A.x
21:10:15        12950  100.00    0.00    0.00  100.00     2  lu-mz.A.x
21:10:17        12950   99.50    0.00    0.00   99.50     2  lu-mz.A.x
21:10:19        12950  100.00    0.00    0.00  100.00     2  lu-mz.A.x
21:10:21        12950  100.00    0.00    0.00  100.00     2  lu-mz.A.x
21:10:23        12950   99.50    0.00    0.00   99.50     2  lu-mz.A.x
21:10:25        12950  100.00    0.00    0.00  100.00     2  lu-mz.A.x
21:10:27        12950   99.50    0.00    0.00   99.50     2  lu-mz.A.x
21:10:29        12950  100.00    0.00    0.00  100.00     2  lu-mz.A.x
21:10:31        12950  100.00    0.00    0.00  100.00     2  lu-mz.A.x
21:10:33        12950   99.50    0.00    0.00   99.50     2  lu-mz.A.x
21:10:35        12950  100.00    0.00    0.00  100.00     2  lu-mz.A.x
21:10:37        12950   99.50    0.00    0.00   99.50     1  lu-mz.A.x
21:10:39        12950  100.00    0.00    0.00  100.00     1  lu-mz.A.x
21:10:41        12950   99.50    0.00    0.00   99.50     2  lu-mz.A.x
21:10:43        12950  100.00    0.00    0.00  100.00     2  lu-mz.A.x
21:10:45        12950  100.00    0.00    0.00  100.00     2  lu-mz.A.x
21:10:47        12950   99.50    0.00    0.00   99.50     2  lu-mz.A.x
21:10:49        12950  100.00    0.00    0.00  100.00     2  lu-mz.A.x
21:10:51        12950   99.50    0.00    0.00   99.50     2  lu-mz.A.x
21:10:53        12950  100.00    0.00    0.00  100.00    12  lu-mz.A.x
21:10:55        12950  100.00    0.00    0.00  100.00     0  lu-mz.A.x
21:10:57        12950   99.50    0.00    0.00   99.50     0  lu-mz.A.x
21:10:59        12950  100.00    0.00    0.00  100.00     0  lu-mz.A.x
21:11:01        12950   99.50    0.00    0.00   99.50     0  lu-mz.A.x
21:11:03        12950  100.00    0.00    0.00  100.00     0  lu-mz.A.x
21:11:05        12950  100.00    0.00    0.00  100.00     0  lu-mz.A.x
21:11:07        12950   99.50    0.00    0.00   99.50     0  lu-mz.A.x
21:11:09        12950  100.00    0.00    0.00  100.00     0  lu-mz.A.x
21:11:11        12950   99.50    0.00    0.00   99.50     0  lu-mz.A.x
21:11:13        12950  100.00    0.00    0.00  100.00     0  lu-mz.A.x
21:11:15        12950  100.00    0.00    0.00  100.00     0  lu-mz.A.x
21:11:17        12950   99.50    0.00    0.00   99.50    12  lu-mz.A.x
21:11:19        12950  100.00    0.00    0.00  100.00     0  lu-mz.A.x
21:11:21        12950   99.50    0.00    0.00   99.50     0  lu-mz.A.x
