Linux 2.6.32-279.14.1.el6.x86_64 (compute-662-2.local) 	04/20/20 	_x86_64_	(48 CPU)

18:30:57     CPU    %usr   %nice    %sys %iowait    %irq   %soft  %steal  %guest   %idle
18:30:59     all    2.05    0.00    0.18    0.00    0.00    0.00    0.00    0.00   97.77
18:31:01     all    2.11    0.00    0.07    0.00    0.00    0.00    0.00    0.00   97.82
18:31:03     all    2.10    0.00    0.08    0.21    0.00    0.00    0.00    0.00   97.61
18:31:05     all    2.10    0.00    0.08    0.00    0.00    0.01    0.00    0.00   97.81
18:31:07     all    2.10    0.00    0.07    0.00    0.00    0.00    0.00    0.00   97.83
18:31:09     all    2.10    0.00    0.08    0.00    0.00    0.00    0.00    0.00   97.82
18:31:11     all    2.11    0.00    0.06    0.00    0.00    0.00    0.00    0.00   97.83
18:31:13     all    2.10    0.00    0.07    0.00    0.00    0.00    0.00    0.00   97.83
18:31:15     all    2.11    0.00    0.07    0.00    0.00    0.00    0.00    0.00   97.82
18:31:17     all    2.10    0.00    0.07    0.00    0.00    0.00    0.00    0.00   97.83
18:31:19     all    2.09    0.00    0.10    0.00    0.00    0.01    0.00    0.00   97.79
18:31:21     all    2.10    0.00    0.09    0.00    0.00    0.00    0.00    0.00   97.81
18:31:23     all    2.10    0.00    0.07    0.00    0.00    0.00    0.00    0.00   97.83
18:31:25     all    2.09    0.00    0.09    0.00    0.00    0.02    0.00    0.00   97.79
18:31:27     all    2.11    0.00    0.07    0.00    0.00    0.00    0.00    0.00   97.82
18:31:29     all    2.09    0.00    0.10    0.00    0.00    0.01    0.00    0.00   97.79
18:31:31     all    2.10    0.00    0.08    0.00    0.00    0.02    0.00    0.00   97.80
18:31:33     all    2.11    0.00    0.08    0.00    0.00    0.01    0.00    0.00   97.80
18:31:35     all    2.11    0.00    0.07    0.00    0.00    0.01    0.00    0.00   97.81
18:31:37     all    2.10    0.00    0.08    0.21    0.00    0.00    0.00    0.00   97.61
18:31:39     all    2.11    0.00    0.08    0.00    0.00    0.01    0.00    0.00   97.80
18:31:41     all    2.10    0.00    0.07    0.00    0.00    0.01    0.00    0.00   97.82
18:31:43     all    2.10    0.00    0.05    0.00    0.00    0.01    0.00    0.00   97.84
18:31:45     all    2.11    0.00    0.06    0.00    0.00    0.01    0.00    0.00   97.82
18:31:47     all    2.10    0.00    0.05    0.00    0.00    0.00    0.00    0.00   97.85
18:31:49     all    2.11    0.00    0.09    0.01    0.00    0.00    0.00    0.00   97.79
18:31:51     all    2.10    0.00    0.06    0.00    0.00    0.00    0.00    0.00   97.84
18:31:53     all    2.10    0.00    0.07    0.00    0.00    0.01    0.00    0.00   97.82
18:31:55     all    2.10    0.00    0.06    0.00    0.00    0.01    0.00    0.00   97.83
18:31:57     all    2.11    0.00    0.06    0.00    0.00    0.00    0.00    0.00   97.83
18:31:59     all    2.10    0.00    0.08    0.00    0.00    0.00    0.00    0.00   97.82
18:32:01     all    2.11    0.00    0.06    0.00    0.00    0.00    0.00    0.00   97.83
18:32:03     all    2.10    0.00    0.07    0.00    0.00    0.01    0.00    0.00   97.82
18:32:05     all    2.11    0.00    0.05    0.00    0.00    0.00    0.00    0.00   97.84
18:32:07     all    2.10    0.00    0.05    0.00    0.00    0.00    0.00    0.00   97.85
18:32:09     all    2.11    0.00    0.08    0.00    0.00    0.00    0.00    0.00   97.81
18:32:11     all    2.10    0.00    0.06    0.00    0.00    0.00    0.00    0.00   97.84
18:32:13     all    2.10    0.00    0.07    0.00    0.00    0.00    0.00    0.00   97.83
18:32:15     all    2.10    0.00    0.06    0.00    0.00    0.00    0.00    0.00   97.84
18:32:17     all    2.10    0.00    0.06    0.00    0.00    0.00    0.00    0.00   97.84
18:32:19     all    2.11    0.00    0.07    0.00    0.00    0.00    0.00    0.00   97.82
18:32:21     all    2.12    0.00    0.09    0.00    0.00    0.00    0.00    0.00   97.79
18:32:23     all    2.10    0.00    0.07    0.00    0.00    0.00    0.00    0.00   97.83
18:32:25     all    2.10    0.00    0.07    0.00    0.00    0.00    0.00    0.00   97.83
18:32:27     all    2.11    0.00    0.06    0.00    0.00    0.00    0.00    0.00   97.83
18:32:29     all    2.10    0.00    0.07    0.00    0.00    0.00    0.00    0.00   97.83
18:32:31     all    2.10    0.00    0.08    0.00    0.00    0.00    0.00    0.00   97.82
18:32:33     all    2.11    0.00    0.06    0.00    0.00    0.01    0.00    0.00   97.82
18:32:35     all    2.10    0.00    0.06    0.00    0.00    0.00    0.00    0.00   97.84
18:32:37     all    2.11    0.00    0.06    0.00    0.00    0.00    0.00    0.00   97.83
18:32:39     all    2.11    0.00    0.07    0.21    0.00    0.00    0.00    0.00   97.61
18:32:41     all    2.10    0.00    0.06    0.00    0.00    0.00    0.00    0.00   97.84
18:32:43     all    2.10    0.00    0.08    0.00    0.00    0.01    0.00    0.00   97.81
18:32:45     all    2.10    0.00    0.03    0.00    0.00    0.01    0.00    0.00   97.86
18:32:47     all    2.10    0.00    0.05    0.00    0.00    0.01    0.00    0.00   97.84
18:32:49     all    2.10    0.00    0.08    0.00    0.00    0.00    0.00    0.00   97.82
18:32:51     all    2.10    0.00    0.07    0.00    0.00    0.01    0.00    0.00   97.82
18:32:53     all    2.10    0.00    0.06    0.00    0.00    0.00    0.00    0.00   97.84
18:32:55     all    2.11    0.00    0.06    0.00    0.00    0.00    0.00    0.00   97.83
18:32:57     all    2.09    0.00    0.05    0.00    0.00    0.00    0.00    0.00   97.86
18:32:59     all    2.11    0.00    0.09    0.00    0.00    0.01    0.00    0.00   97.79
18:33:01     all    2.11    0.00    0.09    0.00    0.00    0.00    0.00    0.00   97.80
18:33:03     all    2.10    0.00    0.10    0.00    0.00    0.00    0.00    0.00   97.80
18:33:05     all    2.10    0.00    0.09    0.00    0.00    0.00    0.00    0.00   97.81
18:33:07     all    2.10    0.00    0.08    0.00    0.00    0.00    0.00    0.00   97.82
18:33:09     all    2.11    0.00    0.08    0.00    0.00    0.00    0.00    0.00   97.81
18:33:11     all    2.10    0.00    0.07    0.00    0.00    0.00    0.00    0.00   97.83
18:33:13     all    2.11    0.00    0.07    0.00    0.00    0.00    0.00    0.00   97.82
18:33:15     all    2.10    0.00    0.07    0.00    0.00    0.00    0.00    0.00   97.83
18:33:17     all    2.10    0.00    0.05    0.00    0.00    0.00    0.00    0.00   97.85
18:33:19     all    2.10    0.00    0.07    0.00    0.00    0.01    0.00    0.00   97.82
18:33:21     all    2.10    0.00    0.06    0.00    0.00    0.00    0.00    0.00   97.84
18:33:23     all    2.11    0.00    0.06    0.00    0.00    0.00    0.00    0.00   97.83
18:33:25     all    2.09    0.00    0.07    0.00    0.00    0.01    0.00    0.00   97.83
18:33:27     all    2.11    0.00    0.06    0.00    0.00    0.00    0.00    0.00   97.83
18:33:29     all    2.10    0.00    0.08    0.01    0.00    0.01    0.00    0.00   97.80
18:33:31     all    2.10    0.00    0.07    0.00    0.00    0.01    0.00    0.00   97.82
18:33:33     all    2.10    0.00    0.07    0.00    0.00    0.01    0.00    0.00   97.82
18:33:35     all    2.10    0.00    0.06    0.00    0.00    0.01    0.00    0.00   97.83
18:33:37     all    2.10    0.00    0.07    0.00    0.00    0.01    0.00    0.00   97.82
18:33:39     all    2.10    0.00    0.08    0.21    0.00    0.00    0.00    0.00   97.61
18:33:41     all    2.11    0.00    0.07    0.00    0.00    0.01    0.00    0.00   97.81
18:33:43     all    2.10    0.00    0.06    0.00    0.00    0.00    0.00    0.00   97.84
18:33:45     all    2.10    0.00    0.08    0.21    0.00    0.01    0.00    0.00   97.60
18:33:47     all    2.11    0.00    0.05    0.00    0.00    0.00    0.00    0.00   97.84
18:33:49     all    2.11    0.00    0.09    0.00    0.00    0.01    0.00    0.00   97.79
18:33:51     all    2.11    0.00    0.09    0.00    0.00    0.00    0.00    0.00   97.80
18:33:53     all    2.10    0.00    0.09    0.00    0.00    0.00    0.00    0.00   97.81
18:33:55     all    2.11    0.00    0.07    0.00    0.00    0.00    0.00    0.00   97.82
18:33:57     all    2.09    0.00    0.06    0.00    0.00    0.01    0.00    0.00   97.84
18:33:59     all    2.11    0.00    0.09    0.00    0.00    0.00    0.00    0.00   97.80
18:34:01     all    2.11    0.00    0.09    0.00    0.00    0.01    0.00    0.00   97.79
18:34:03     all    2.10    0.00    0.09    0.00    0.00    0.00    0.00    0.00   97.81
18:34:05     all    2.11    0.00    0.10    0.00    0.00    0.00    0.00    0.00   97.79
18:34:07     all    2.10    0.00    0.07    0.00    0.00    0.01    0.00    0.00   97.82
18:34:09     all    2.10    0.00    0.09    0.00    0.00    0.00    0.00    0.00   97.81
18:34:11     all    2.10    0.00    0.09    0.00    0.00    0.01    0.00    0.00   97.80
18:34:13     all    2.10    0.00    0.08    0.00    0.00    0.00    0.00    0.00   97.82
18:34:15     all    2.11    0.00    0.07    0.00    0.00    0.00    0.00    0.00   97.82
18:34:17     all    2.10    0.00    0.07    0.00    0.00    0.01    0.00    0.00   97.82
18:34:19     all    2.10    0.00    0.06    0.00    0.00    0.00    0.00    0.00   97.84
18:34:21     all    2.10    0.00    0.08    0.00    0.00    0.01    0.00    0.00   97.81
18:34:23     all    2.11    0.00    0.08    0.00    0.00    0.00    0.00    0.00   97.81
18:34:25     all    2.10    0.00    0.07    0.00    0.00    0.01    0.00    0.00   97.82
18:34:27     all    2.11    0.00    0.08    0.00    0.00    0.01    0.00    0.00   97.80
18:34:29     all    2.11    0.00    0.08    0.00    0.00    0.01    0.00    0.00   97.80
18:34:31     all    2.10    0.00    0.08    0.00    0.00    0.00    0.00    0.00   97.82
18:34:33     all    2.11    0.00    0.08    0.00    0.00    0.01    0.00    0.00   97.80
18:34:35     all    2.11    0.00    0.07    0.00    0.00    0.00    0.00    0.00   97.82
18:34:37     all    2.11    0.00    0.10    0.00    0.00    0.00    0.00    0.00   97.79
18:34:39     all    2.11    0.00    0.07    0.21    0.00    0.00    0.00    0.00   97.61
18:34:41     all    2.11    0.00    0.08    0.00    0.00    0.00    0.00    0.00   97.81
18:34:43     all    2.10    0.00    0.07    0.00    0.00    0.00    0.00    0.00   97.83
18:34:45     all    2.10    0.00    0.07    0.00    0.00    0.00    0.00    0.00   97.83
18:34:47     all    2.11    0.00    0.07    0.00    0.00    0.00    0.00    0.00   97.82
18:34:49     all    2.10    0.00    0.08    0.00    0.00    0.01    0.00    0.00   97.81
18:34:51     all    2.12    0.00    0.09    0.01    0.00    0.00    0.00    0.00   97.78
18:34:53     all    2.11    0.00    0.07    0.00    0.00    0.00    0.00    0.00   97.82
18:34:55     all    2.10    0.00    0.07    0.00    0.00    0.01    0.00    0.00   97.82
18:34:57     all    2.10    0.00    0.06    0.21    0.00    0.00    0.00    0.00   97.63
18:34:59     all    2.10    0.00    0.09    0.00    0.00    0.00    0.00    0.00   97.81
18:35:01     all    2.11    0.00    0.09    0.00    0.00    0.00    0.00    0.00   97.80
18:35:03     all    2.11    0.00    0.07    0.00    0.00    0.00    0.00    0.00   97.82
18:35:05     all    2.10    0.00    0.08    0.00    0.00    0.00    0.00    0.00   97.82
18:35:07     all    2.11    0.00    0.07    0.00    0.00    0.01    0.00    0.00   97.81
18:35:09     all    2.11    0.00    0.09    0.00    0.00    0.01    0.00    0.00   97.79
18:35:11     all    2.10    0.00    0.08    0.00    0.00    0.00    0.00    0.00   97.82
18:35:13     all    2.11    0.00    0.07    0.00    0.00    0.00    0.00    0.00   97.82
18:35:15     all    2.10    0.00    0.08    0.00    0.00    0.00    0.00    0.00   97.82
18:35:17     all    2.10    0.00    0.07    0.00    0.00    0.01    0.00    0.00   97.82
18:35:19     all    2.10    0.00    0.08    0.00    0.00    0.00    0.00    0.00   97.82
18:35:21     all    2.11    0.00    0.09    0.00    0.00    0.01    0.00    0.00   97.79
18:35:23     all    2.10    0.00    0.09    0.00    0.00    0.00    0.00    0.00   97.81
18:35:25     all    2.11    0.00    0.07    0.00    0.00    0.01    0.00    0.00   97.81
18:35:27     all    2.10    0.00    0.07    0.00    0.00    0.00    0.00    0.00   97.83
18:35:29     all    2.10    0.00    0.08    0.00    0.00    0.00    0.00    0.00   97.82
18:35:31     all    2.11    0.00    0.07    0.00    0.00    0.00    0.00    0.00   97.82
18:35:33     all    2.10    0.00    0.07    0.00    0.00    0.01    0.00    0.00   97.82
18:35:35     all    2.10    0.00    0.06    0.00    0.00    0.02    0.00    0.00   97.82
18:35:37     all    2.10    0.00    0.06    0.00    0.00    0.00    0.00    0.00   97.84
18:35:39     all    2.11    0.00    0.07    0.21    0.00    0.00    0.00    0.00   97.61
18:35:41     all    2.10    0.00    0.07    0.00    0.00    0.01    0.00    0.00   97.82
18:35:43     all    2.11    0.00    0.06    0.00    0.00    0.00    0.00    0.00   97.83
18:35:45     all    2.10    0.00    0.08    0.00    0.00    0.00    0.00    0.00   97.82
18:35:47     all    2.10    0.00    0.07    0.00    0.00    0.00    0.00    0.00   97.83
18:35:49     all    2.10    0.00    0.09    0.00    0.00    0.00    0.00    0.00   97.81
18:35:51     all    2.11    0.00    0.07    0.00    0.00    0.00    0.00    0.00   97.82
18:35:53     all    2.10    0.00    0.07    0.00    0.00    0.00    0.00    0.00   97.83
18:35:55     all    2.10    0.00    0.07    0.00    0.00    0.00    0.00    0.00   97.83
18:35:57     all    2.10    0.00    0.07    0.00    0.00    0.00    0.00    0.00   97.83
18:35:59     all    2.11    0.00    0.08    0.00    0.00    0.01    0.00    0.00   97.80
18:36:01     all    2.09    0.00    0.05    0.00    0.00    0.00    0.00    0.00   97.86
18:36:03     all    2.10    0.00    0.07    0.00    0.00    0.00    0.00    0.00   97.83
18:36:05     all    2.10    0.00    0.06    0.00    0.00    0.00    0.00    0.00   97.84
18:36:07     all    2.11    0.00    0.07    0.00    0.00    0.00    0.00    0.00   97.82
18:36:09     all    2.11    0.00    0.08    0.00    0.00    0.01    0.00    0.00   97.80
18:36:11     all    2.10    0.00    0.06    0.00    0.00    0.00    0.00    0.00   97.84
18:36:13     all    2.10    0.00    0.08    0.00    0.00    0.00    0.00    0.00   97.82
18:36:15     all    2.10    0.00    0.08    0.00    0.00    0.00    0.00    0.00   97.82
18:36:17     all    2.10    0.00    0.07    0.00    0.00    0.00    0.00    0.00   97.83
18:36:19     all    2.11    0.00    0.08    0.01    0.00    0.02    0.00    0.00   97.78
18:36:21     all    2.11    0.00    0.07    0.00    0.00    0.01    0.00    0.00   97.81
18:36:23     all    2.10    0.00    0.08    0.00    0.00    0.00    0.00    0.00   97.82
18:36:25     all    2.11    0.00    0.06    0.00    0.00    0.01    0.00    0.00   97.82
18:36:27     all    2.09    0.00    0.08    0.00    0.00    0.00    0.00    0.00   97.83
18:36:29     all    2.10    0.00    0.09    0.00    0.00    0.01    0.00    0.00   97.80
18:36:31     all    2.11    0.00    0.08    0.00    0.00    0.00    0.00    0.00   97.81
