procs -----------memory---------- ---swap-- -----io---- --system-- -----cpu-----
 r  b   swpd   free   buff  cache   si   so    bi    bo   in   cs us sy id wa st
 5  0  11032 64580588 136232 320384    0    0     0     1    0    0  5  1 94  0  0	
 4  0  11032 64426488 136232 320420    0    0     0     0 3238 2702  2  0 98  0  0	
 2  0  11032 64426664 136232 320424    0    0     0     0 3123 2521  2  0 98  0  0	
 1  0  11032 64427032 136232 320428    0    0     0     8 3118 2514  2  0 98  0  0	
 1  0  11032 64427324 136232 320428    0    0     0     0 3108 2502  2  0 98  0  0	
 1  0  11032 64427372 136232 320428    0    0     0     0 3106 2509  2  0 98  0  0	
 1  0  11032 64427668 136232 320432    0    0     0     0 3106 2502  2  0 98  0  0	
 1  0  11032 64428176 136232 320432    0    0     0     4 3136 2555  2  0 98  0  0	
 1  0  11032 64428292 136232 320436    0    0     0     0 3101 2509  2  0 98  0  0	
 2  0  11032 64428292 136232 320440    0    0     0     0 3118 2499  2  0 98  0  0	
 2  0  11032 64428380 136232 320440    0    0     0     0 3122 2513  2  0 98  0  0	
 2  0  11032 64428512 136232 320440    0    0     0     0 3115 2509  2  0 98  0  0	
 1  0  11032 64428512 136232 320444    0    0     0     0 3119 2514  2  0 98  0  0	
 2  0  11032 64428256 136232 320444    0    0     0     0 3150 2584  2  0 98  0  0	
 1  0  11032 64428504 136232 320448    0    0     0     0 3156 2584  2  0 98  0  0	
 3  0  11032 64428620 136232 320452    0    0     0     0 3164 2613  2  0 98  0  0	
 1  0  11032 64428628 136232 320456    0    0     0     0 3163 2606  2  0 98  0  0	
 2  0  11032 64428628 136232 320460    0    0     0     2 3173 2614  2  0 98  0  0	
 1  0  11032 64428860 136232 320464    0    0     0     0 3163 2584  2  0 98  0  0	
 1  0  11032 64428740 136232 320464    0    0     0     0 3177 2638  2  0 98  0  0	
 2  0  11032 64428872 136232 320468    0    0     0    14 3146 2606  2  0 98  0  0	
procs -----------memory---------- ---swap-- -----io---- --system-- -----cpu-----
 r  b   swpd   free   buff  cache   si   so    bi    bo   in   cs us sy id wa st
 1  0  11032 64428756 136232 320468    0    0     0     0 3096 2509  2  0 98  0  0	
 2  0  11032 64428748 136232 320468    0    0     0     0 3160 2650  2  0 98  0  0	
 2  0  11032 64428764 136232 320476    0    0     0     0 3185 2721  2  0 98  0  0	
 1  0  11032 64429012 136232 320476    0    0     0     0 3149 2641  2  0 98  0  0	
 2  0  11032 64428756 136232 320476    0    0     0     0 3112 2560  2  0 98  0  0	
 2  0  11032 64429448 136232 320480    0    0     0     0 3113 2549  2  0 98  0  0	
 1  0  11032 64429208 136232 320480    0    0     0     0 3090 2521  2  0 98  0  0	
 1  0  11032 64429448 136232 320484    0    0     0     0 3181 2706  2  0 98  0  0	
 1  0  11032 64429696 136232 320484    0    0     0     0 3117 2571  2  0 98  0  0	
 3  0  11032 64429452 136232 320488    0    0     0     0 3104 2559  2  0 98  0  0	
 1  0  11032 64429336 136232 320496    0    0     0     0 3151 2630  2  0 98  0  0	
 1  0  11032 64429312 136232 320496    0    0     0     0 3234 2801  2  0 98  0  0	
 1  0  11032 64429312 136232 320496    0    0     0     0 3086 2501  2  0 98  0  0	
 2  0  11032 64429436 136232 320500    0    0     0     0 3077 2498  2  0 98  0  0	
 3  0  11032 64429428 136232 320500    0    0     0     0 3081 2509  2  0 98  0  0	
 1  0  11032 64429436 136232 320504    0    0     0     0 3075 2503  2  0 98  0  0	
 1  0  11032 64429444 136232 320504    0    0     0    10 3114 2564  2  0 98  0  0	
 2  0  11032 64429568 136232 320508    0    0     0     0 3168 2683  2  0 98  0  0	
 2  0  11032 64429568 136232 320512    0    0     0     0 3078 2509  2  0 98  0  0	
 1  0  11032 64429444 136232 320512    0    0     0     0 3088 2518  2  0 98  0  0	
 1  0  11032 64429328 136232 320516    0    0     0     0 3080 2506  2  0 98  0  0	
procs -----------memory---------- ---swap-- -----io---- --system-- -----cpu-----
 r  b   swpd   free   buff  cache   si   so    bi    bo   in   cs us sy id wa st
 1  0  11032 64429452 136232 320516    0    0     0     0 3130 2587  2  0 98  0  0	
 2  0  11032 64429576 136232 320524    0    0     0     0 3185 2682  2  0 98  0  0	
 2  0  11032 64429452 136232 320524    0    0     0     0 3084 2531  2  0 98  0  0	
 1  0  11032 64429568 136232 320528    0    0     0     0 3156 2700  2  0 98  0  0	
 1  0  11032 64429576 136232 320540    0    0     0     0 3088 2549  2  0 98  0  0	
 2  0  11032 64429456 136232 320540    0    0     0     0 3092 2552  2  0 98  0  0	
 2  0  11032 64429688 136232 320540    0    0     0     0 3119 2576  2  0 98  0  0	
 1  0  11032 64429688 136232 320544    0    0     0     0 3126 2612  2  0 98  0  0	
 1  0  11032 64429440 136232 320544    0    0     0     0 3078 2519  2  0 98  0  0	
 1  0  11032 64429580 136232 320544    0    0     0     6 3118 2588  2  0 98  0  0	
 2  0  11032 64429572 136232 320548    0    0     0     0 3087 2518  2  0 98  0  0	
 2  0  11032 64429696 136232 320548    0    0     0     0 3109 2547  2  0 98  0  0	
 1  0  11032 64429572 136232 320556    0    0     0     0 3094 2525  2  0 98  0  0	
 2  0  11032 64429572 136232 320560    0    0     0     0 3108 2522  2  0 98  0  0	
 2  0  11032 64429704 136232 320560    0    0     0     0 3122 2605  2  0 98  0  0	
 2  0  11032 64429456 136232 320568    0    0     0     0 3100 2548  2  0 98  0  0	
 1  0  11032 64429580 136232 320568    0    0     0     0 3050 2457  2  0 98  0  0	
 1  0  11032 64429580 136232 320568    0    0     0     0 3051 2459  2  0 98  0  0	
 2  0  11032 64429456 136232 320576    0    0     0     0 3047 2457  2  0 98  0  0	
 3  0  11032 64429464 136232 320576    0    0     0     0 3102 2551  2  0 98  0  0	
 2  0  11032 64429332 136232 320580    0    0     0     0 3099 2534  2  0 98  0  0	
procs -----------memory---------- ---swap-- -----io---- --system-- -----cpu-----
 r  b   swpd   free   buff  cache   si   so    bi    bo   in   cs us sy id wa st
 1  0  11032 64429324 136232 320584    0    0     0     0 3077 2517  2  0 98  0  0	
 1  0  11032 64429324 136232 320588    0    0     0     0 3073 2488  2  0 98  0  0	
 1  0  11032 64429440 136232 320588    0    0     0     0 3073 2471  2  0 98  0  0	
 2  0  11032 64429448 136232 320592    0    0     0     0 3084 2492  2  0 98  0  0	
 1  0  11032 64429448 136232 320592    0    0     0     2 3092 2537  2  0 98  0  0	
 1  0  11032 64429448 136232 320592    0    0     0     0 3056 2470  2  0 98  0  0	
 1  0  11032 64429324 136232 320600    0    0     0     0 3076 2480  2  0 98  0  0	
 2  0  11032 64429704 136232 320600    0    0     0     0 3066 2467  2  0 98  0  0	
 2  0  11032 64429580 136232 320608    0    0     0     0 3074 2496  2  0 98  0  0	
 2  0  11032 64429448 136232 320608    0    0     0     0 3082 2512  2  0 98  0  0	
 1  0  11032 64429332 136232 320608    0    0     0     0 3085 2517  2  0 98  0  0	
 1  0  11032 64429332 136232 320612    0    0     0     0 3061 2466  2  0 98  0  0	
 2  0  11032 64429324 136232 320616    0    0     0     0 3092 2527  2  0 98  0  0	
 2  0  11032 64429580 136232 320616    0    0     0     0 3156 2644  2  0 98  0  0	
 1  0  11032 64429580 136232 320624    0    0     0     0 3135 2602  2  0 98  0  0	
 1  0  11032 64429556 136232 320624    0    0     0     0 3096 2534  2  0 98  0  0	
 2  0  11032 64429548 136232 320624    0    0     0     0 3086 2575  2  0 98  0  0	
 2  0  11032 64429688 136232 320628    0    0     0     0 3017 2493  2  0 98  0  0	
 1  0  11032 64429556 136232 320628    0    0     0    10 2987 2465  2  0 98  0  0	
 1  0  11032 64429548 136232 320628    0    0     0     0 3145 2641  2  0 98  0  0	
 1  0  11032 64429564 136232 320632    0    0     0     0 3031 2478  2  0 98  0  0	
procs -----------memory---------- ---swap-- -----io---- --system-- -----cpu-----
 r  b   swpd   free   buff  cache   si   so    bi    bo   in   cs us sy id wa st
 2  0  11032 64429680 136232 320632    0    0     0     0 2988 2449  2  0 98  0  0	
 2  0  11032 64429572 136232 320636    0    0     0     0 3059 2552  2  0 98  0  0	
 1  0  11032 64429448 136232 320640    0    0     0     0 3104 2646  2  0 98  0  0	
 1  0  11032 64429696 136232 320640    0    0     0     0 3035 2487  2  0 98  0  0	
 1  0  11032 64429696 136232 320644    0    0     0     0 3070 2489  2  0 98  0  0	
 2  0  11032 64429704 136232 320652    0    0     0     0 3057 2484  2  0 98  0  0	
 2  0  11032 64429704 136232 320656    0    0     0     0 3098 2552  2  0 98  0  0	
 1  0  11032 64429712 136232 320660    0    0     0     0 3088 2540  2  0 98  0  0	
 1  0  11032 64429704 136232 320668    0    0     0     0 3173 2672  2  0 98  0  0	
 2  0  11032 64429572 136232 320668    0    0     0     0 3105 2549  2  0 98  0  0	
 2  0  11032 64429572 136232 320668    0    0     0     0 3134 2640  2  0 98  0  0	
 1  0  11032 64429564 136232 320672    0    0     0     0 3051 2491  2  0 98  0  0	
 1  0  11032 64429448 136232 320672    0    0     0     0 3054 2482  2  0 98  0  0	
 1  0  11032 64429448 136232 320672    0    0     0     4 3182 2703  2  0 98  0  0	
 2  0  11032 64429448 136232 320676    0    0     0     0 3058 2488  2  0 98  0  0	
 2  0  11032 64429448 136232 320676    0    0     0     0 3063 2480  2  0 98  0  0	
 1  0  11032 64429572 136232 320684    0    0     0     0 3102 2546  2  0 98  0  0	
 1  0  11032 64429580 136232 320684    0    0     0     0 3114 2566  2  0 98  0  0	
 3  0  11032 64429448 136232 320684    0    0     0     0 3105 2508  2  0 98  0  0	
 1  0  11032 64429580 136232 320688    0    0     0     0 3094 2540  2  0 98  0  0	
 1  0  11032 64429580 136232 320688    0    0     0     0 3138 2633  2  0 98  0  0	
procs -----------memory---------- ---swap-- -----io---- --system-- -----cpu-----
 r  b   swpd   free   buff  cache   si   so    bi    bo   in   cs us sy id wa st
 1  0  11032 64429580 136232 320692    0    0     0     0 3147 2645  2  0 98  0  0	
 2  0  11032 64429704 136232 320696    0    0     0     0 3149 2644  2  0 98  0  0	
 2  0  11032 64429696 136232 320700    0    0     0     0 3162 2638  2  0 98  0  0	
 1  0  11032 64429440 136232 320704    0    0     0     0 3104 2506  2  0 98  0  0	
 1  0  11032 64429564 136232 320708    0    0     0     0 3156 2623  2  0 98  0  0	
 2  0  11032 64429680 136232 320708    0    0     0     0 3062 2492  2  0 98  0  0	
 2  0  11032 64429556 136232 320708    0    0     0     6 3060 2482  2  0 98  0  0	
 1  0  11032 64429548 136232 320712    0    0     0     0 3071 2491  2  0 98  0  0	
 1  0  11032 64429688 136232 320712    0    0     0     0 3062 2472  2  0 98  0  0	
 1  0  11032 64429564 136232 320716    0    0     0     0 3078 2498  2  0 98  0  0	
 2  0  11032 64429564 136232 320724    0    0     0     0 3084 2533  2  0 98  0  0	
 2  0  11032 64429332 136232 320724    0    0     0     0 3062 2507  2  0 98  0  0	
 1  0  11032 64429456 136232 320728    0    0     0     0 3088 2513  2  0 98  0  0	
 1  0  11032 64429580 136232 320728    0    0     0     0 3071 2488  2  0 98  0  0	
 2  0  11032 64429580 136232 320728    0    0     0     0 3073 2484  2  0 98  0  0	
 2  0  11032 64429208 136232 320736    0    0     0     8 3070 2490  2  0 98  0  0	
 1  0  11032 64429464 136232 320736    0    0     0     0 3113 2559  2  0 98  0  0	
 1  0  11032 64429200 136232 320736    0    0     0     0 3088 2512  2  0 98  0  0	
 1  0  11032 64429076 136232 320740    0    0     0     0 3088 2501  2  0 98  0  0	
 2  0  11032 64429076 136232 320744    0    0     0     0 3083 2525  2  0 98  0  0	
 2  0  11032 64429068 136232 320748    0    0     0     0 3093 2549  2  0 98  0  0	
procs -----------memory---------- ---swap-- -----io---- --system-- -----cpu-----
 r  b   swpd   free   buff  cache   si   so    bi    bo   in   cs us sy id wa st
 1  0  11032 64429076 136232 320752    0    0     0     0 3111 2591  2  0 98  0  0	
 1  0  11032 64429076 136232 320752    0    0     0     4 3117 2606  2  0 98  0  0	
 1  0  11032 64429076 136232 320756    0    0     0     0 3045 2485  2  0 98  0  0	
 2  0  11032 64429076 136232 320760    0    0     0     0 3061 2481  2  0 98  0  0	
 2  0  11032 64429076 136232 320760    0    0     0     0 3219 2768  2  0 98  0  0	
 1  0  11032 64428960 136232 320768    0    0     0     0 3082 2495  2  0 98  0  0	
 1  0  11032 64429324 136232 320768    0    0     0     0 3118 2534  2  0 98  0  0	
 2  0  11032 64429200 136232 320772    0    0     0     0 3112 2550  2  0 98  0  0	
 2  0  11032 64429316 136232 320776    0    0     0     0 3090 2531  2  0 98  0  0	
 2  0  11032 64429448 136232 320780    0    0     0     0 3103 2561  2  0 98  0  0	
 1  0  11032 64429448 136232 320780    0    0     0     0 3067 2481  2  0 98  0  0	
 1  0  11032 64429444 136232 320784    0    0     0     0 3075 2492  2  0 98  0  0	
 2  0  11032 64429320 136232 320792    0    0     0     0 3130 2563  2  0 98  0  0	
 2  0  11032 64429320 136232 320792    0    0     0     0 3161 2671  2  0 98  0  0	
 1  0  11032 64429436 136232 320792    0    0     0     0 3068 2487  2  0 98  0  0	
 1  0  11032 64429312 136232 320796    0    0     0     6 3047 2476  2  0 98  0  0	
 1  0  11032 64429180 136232 320796    0    0     0     0 3105 2579  2  0 98  0  0	
 2  0  11032 64429444 136232 320804    0    0     0     0 3063 2481  2  0 98  0  0	
 2  0  11032 64429320 136232 320804    0    0     0     0 3075 2484  2  0 98  0  0	
 1  0  11032 64429560 136232 320804    0    0     0     0 3095 2542  2  0 98  0  0	
 1  0  11032 64429452 136232 320812    0    0     0     0 3066 2486  2  0 98  0  0	
procs -----------memory---------- ---swap-- -----io---- --system-- -----cpu-----
 r  b   swpd   free   buff  cache   si   so    bi    bo   in   cs us sy id wa st
 1  0  11032 64429452 136232 320812    0    0     0     0 3074 2487  2  0 98  0  0	
 2  0  11032 64429576 136232 320812    0    0     0     0 3075 2480  2  0 98  0  0	
 2  0  11032 64429576 136232 320816    0    0     0     0 3074 2492  2  0 98  0  0	
 1  0  11032 64429452 136232 320820    0    0     0     0 3046 2479  2  0 98  0  0	
 1  0  11032 64429584 136232 320820    0    0     0     0 3073 2539  2  0 98  0  0	
 2  0  11032 64429452 136232 320824    0    0     0     0 3050 2485  2  0 98  0  0	
 2  0  11032 64429328 136232 320824    0    0     0     0 3065 2478  2  0 98  0  0	
 2  0  11032 64429328 136232 320824    0    0     0     0 3111 2518  2  0 98  0  0	
 1  0  11032 64429196 136232 320832    0    0     0     0 3074 2481  2  0 98  0  0	
 2  0  11032 64429328 136232 320832    0    0     0     0 3064 2481  2  0 98  0  0	
 1  0  11032 64429452 136232 320836    0    0     0     2 3092 2544  2  0 98  0  0	
 1  0  11032 64429576 136232 320836    0    0     0     0 3043 2477  2  0 98  0  0	
 1  0  11032 64429452 136232 320836    0    0     0     0 3067 2484  2  0 98  0  0	
 2  0  11032 64429452 136232 320844    0    0     0     0 3110 2567  2  0 98  0  0	
 2  0  11032 64429460 136232 320848    0    0     0     0 3129 2602  2  0 98  0  0	
 1  0  11032 64429576 136232 320848    0    0     0     0 3091 2547  2  0 98  0  0	
 2  0  11032 64429576 136232 320852    0    0     0     0 3094 2595  2  0 98  0  0	
 1  0  11032 64429700 136232 320852    0    0     0     0 2975 2457  2  0 98  0  0	
 2  0  11032 64429444 136232 320856    0    0     0     0 3022 2484  2  0 98  0  0	
 2  0  11032 64429452 136232 320860    0    0     0     0 3022 2472  2  0 98  0  0	
 1  0  11032 64429444 136232 320860    0    0     0     0 3076 2505  2  0 98  0  0	
