procs -----------memory---------- ---swap-- -----io---- --system-- -----cpu-----
 r  b   swpd   free   buff  cache   si   so    bi    bo   in   cs us sy id wa st
 4  0  11032 64559044 136292 339812    0    0     0     1    0    0  5  1 94  0  0	
 1  0  11032 64406528 136292 339848    0    0     0     0 3293 2809  2  0 98  0  0	
 3  0  11032 64406512 136292 339852    0    0     0     0 3267 2798  2  0 98  0  0	
 3  0  11032 64407012 136292 339856    0    0     0    10 3275 2809  2  0 98  0  0	
 1  0  11032 64407504 136292 339856    0    0     0     0 3129 2520  2  0 98  0  0	
 1  0  11032 64407388 136292 339856    0    0     0     0 3225 2739  2  0 98  0  0	
 2  0  11032 64407820 136292 339860    0    0     0     0 3324 2918  2  0 98  0  0	
 3  0  11032 64407972 136292 339860    0    0     0     0 3109 2540  2  0 98  0  0	
 1  0  11032 64408244 136292 339864    0    0     0     0 3175 2662  2  0 98  0  0	
 1  0  11032 64408460 136292 339868    0    0     0     0 3105 2517  2  0 98  0  0	
 1  0  11032 64408088 136292 339868    0    0     0     0 3101 2494  2  0 98  0  0	
 4  0  11032 64408212 136292 339868    0    0     0     0 3140 2582  2  0 98  0  0	
 1  0  11032 64408212 136292 339872    0    0     0     0 3171 2670  2  0 98  0  0	
 1  0  11032 64408336 136292 339872    0    0     0     0 3083 2491  2  0 98  0  0	
 1  0  11032 64408452 136292 339872    0    0     0     0 3235 2772  2  0 98  0  0	
 3  0  11032 64408468 136292 339880    0    0     0     0 3323 2947  2  0 98  0  0	
 3  0  11032 64408584 136292 339884    0    0     0     0 3266 2830  2  0 98  0  0	
 1  0  11032 64408592 136292 339888    0    0     0     2 3206 2732  2  0 98  0  0	
 1  0  11032 64408600 136292 339892    0    0     0     0 3091 2497  2  0 98  0  0	
 1  0  11032 64408460 136292 339892    0    0     0     0 3190 2655  2  0 98  0  0	
 3  0  11032 64408724 136292 339892    0    0     0    14 3368 3028  2  0 98  0  0	
procs -----------memory---------- ---swap-- -----io---- --system-- -----cpu-----
 r  b   swpd   free   buff  cache   si   so    bi    bo   in   cs us sy id wa st
 4  0  11032 64408848 136292 339896    0    0     0     0 3088 2511  2  0 98  0  0	
 1  0  11032 64408848 136292 339896    0    0     0     0 3151 2634  2  0 98  0  0	
 1  0  11032 64408600 136292 339904    0    0     0     0 3074 2476  2  0 98  0  0	
 3  0  11032 64408840 136292 339904    0    0     0     0 3086 2498  2  0 98  0  0	
 3  0  11032 64408848 136292 339904    0    0     0     0 3083 2500  2  0 98  0  0	
 2  0  11032 64409100 136292 339908    0    0     0     0 3138 2590  2  0 98  0  0	
 1  0  11032 64408852 136292 339908    0    0     0     0 3080 2501  2  0 98  0  0	
 1  0  11032 64408612 136292 339912    0    0     0     0 3078 2491  2  0 98  0  0	
 3  0  11032 64408852 136292 339912    0    0     0     0 3089 2499  2  0 98  0  0	
 1  0  11032 64408728 136292 339916    0    0     0     0 3184 2698  2  0 98  0  0	
 2  0  11032 64408340 136292 339920    0    0     0     0 3232 2779  2  0 98  0  0	
 1  0  11032 64408444 136292 339924    0    0     0     0 3308 2891  2  0 98  0  0	
 3  0  11032 64408324 136292 339924    0    0     0     0 3239 2802  2  0 98  0  0	
 3  0  11032 64408564 136292 339924    0    0     0     6 3325 2934  2  0 98  0  0	
 1  0  11032 64408512 136292 339928    0    0     0     0 3106 2540  2  0 98  0  0	
 1  0  11032 64408512 136292 339932    0    0     0     0 3089 2488  2  0 98  0  0	
 3  0  11032 64408644 136292 339932    0    0     0    10 3087 2501  2  0 98  0  0	
 3  0  11032 64408404 136292 339936    0    0     0     0 3125 2587  2  0 98  0  0	
 1  0  11032 64408520 136292 339940    0    0     0     0 3245 2799  2  0 98  0  0	
 1  0  11032 64408768 136292 339944    0    0     0     0 3096 2505  2  0 98  0  0	
 4  0  11032 64408520 136292 339944    0    0     0     0 3321 2932  2  0 98  0  0	
procs -----------memory---------- ---swap-- -----io---- --system-- -----cpu-----
 r  b   swpd   free   buff  cache   si   so    bi    bo   in   cs us sy id wa st
 3  0  11032 64408892 136292 339944    0    0     0     0 3112 2527  2  0 98  0  0	
 1  0  11032 64408768 136292 339948    0    0     0     0 3184 2664  2  0 98  0  0	
 1  0  11032 64409136 136292 339952    0    0     0     0 3181 2675  2  0 98  0  0	
 3  0  11032 64409020 136292 339960    0    0     0     0 3081 2497  2  0 98  0  0	
 3  0  11032 64409020 136292 339968    0    0     0     0 3089 2498  2  0 98  0  0	
 1  0  11032 64409148 136292 339968    0    0     0     0 3189 2692  2  0 98  0  0	
 2  0  11032 64408908 136292 339968    0    0     0     0 3306 2905  2  0 98  0  0	
 1  0  11032 64408900 136292 339972    0    0     0     0 3124 2534  2  0 98  0  0	
 3  0  11032 64409024 136292 339972    0    0     0     0 3237 2777  2  0 98  0  0	
 1  0  11032 64408900 136292 339976    0    0     0     0 3235 2775  2  0 98  0  0	
 1  0  11032 64408780 136292 339976    0    0     0     0 3309 2902  2  0 98  0  0	
 1  0  11032 64408904 136292 339976    0    0     0     0 3215 2707  2  0 98  0  0	
 3  0  11032 64408772 136292 339988    0    0     0     0 3155 2613  2  0 98  0  0	
 1  0  11032 64409028 136292 339988    0    0     0     0 3277 2875  2  0 98  0  0	
 1  0  11032 64409028 136292 339988    0    0     0     0 3217 2736  2  0 98  0  0	
 1  0  11032 64409028 136292 339996    0    0     0     0 3239 2797  2  0 98  0  0	
 3  0  11032 64409036 136292 339996    0    0     0     0 3182 2683  2  0 98  0  0	
 1  0  11032 64408656 136292 339996    0    0     0     8 3100 2521  2  0 98  0  0	
 2  0  11032 64408532 136292 340004    0    0     0     0 3283 2871  2  0 98  0  0	
 3  0  11032 64408780 136292 340004    0    0     0     0 3107 2525  2  0 98  0  0	
 2  0  11032 64408408 136292 340012    0    0     0     0 3134 2572  2  0 98  0  0	
procs -----------memory---------- ---swap-- -----io---- --system-- -----cpu-----
 r  b   swpd   free   buff  cache   si   so    bi    bo   in   cs us sy id wa st
 1  0  11032 64408660 136292 340012    0    0     0     0 3087 2498  2  0 98  0  0	
 1  0  11032 64408644 136292 340016    0    0     0     6 3274 2815  2  0 98  0  0	
 3  0  11032 64408652 136292 340020    0    0     0     0 3101 2497  2  0 98  0  0	
 1  0  11032 64408776 136292 340020    0    0     0     0 3096 2497  2  0 98  0  0	
 2  0  11032 64408900 136292 340020    0    0     0     0 3087 2496  2  0 98  0  0	
 1  0  11032 64409156 136292 340024    0    0     0     0 3104 2544  2  0 98  0  0	
 3  0  11032 64408776 136292 340028    0    0     0     0 3096 2503  2  0 98  0  0	
 1  0  11032 64408652 136292 340028    0    0     0     0 3092 2491  2  0 98  0  0	
 1  0  11032 64408784 136292 340036    0    0     0     0 3159 2614  2  0 98  0  0	
 1  0  11032 64408784 136292 340036    0    0     0     0 3177 2677  2  0 98  0  0	
 3  0  11032 64408664 136292 340036    0    0     0     0 3093 2519  2  0 98  0  0	
 1  0  11032 64408656 136292 340040    0    0     0     0 3135 2568  2  0 98  0  0	
 1  0  11032 64408664 136292 340044    0    0     0     4 3087 2497  2  0 98  0  0	
 1  0  11032 64408912 136292 340048    0    0     0     0 3097 2493  2  0 98  0  0	
 3  0  11032 64408656 136292 340052    0    0     0     0 3096 2510  2  0 98  0  0	
 3  0  11032 64408788 136292 340052    0    0     0     0 3097 2494  2  0 98  0  0	
 1  0  11032 64408904 136292 340052    0    0     0     0 3238 2754  2  0 98  0  0	
 1  0  11032 64408780 136292 340056    0    0     0     0 3215 2724  2  0 98  0  0	
 3  0  11032 64408784 136292 340056    0    0     0     0 3193 2683  2  0 98  0  0	
 3  0  11032 64408908 136292 340056    0    0     0     0 3213 2720  2  0 98  0  0	
 1  0  11032 64408536 136292 340060    0    0     0     0 3159 2634  2  0 98  0  0	
procs -----------memory---------- ---swap-- -----io---- --system-- -----cpu-----
 r  b   swpd   free   buff  cache   si   so    bi    bo   in   cs us sy id wa st
 1  0  11032 64408776 136292 340060    0    0     0     0 3109 2521  2  0 98  0  0	
 1  0  11032 64408792 136292 340064    0    0     0     0 3101 2520  2  0 98  0  0	
 3  0  11032 64408792 136292 340068    0    0     0     0 3184 2656  2  0 98  0  0	
 1  0  11032 64408792 136292 340068    0    0     0     0 3279 2829  2  0 98  0  0	
 1  0  11032 64408552 136292 340072    0    0     0     0 3097 2484  2  0 98  0  0	
 1  0  11032 64408668 136292 340080    0    0     0     0 3270 2812  2  0 98  0  0	
 3  0  11032 64408668 136292 340084    0    0     0     6 3098 2498  2  0 98  0  0	
 3  0  11032 64408916 136292 340088    0    0     0     0 3103 2511  2  0 98  0  0	
 1  0  11032 64408784 136292 340096    0    0     0     0 3253 2790  2  0 98  0  0	
 1  0  11032 64408412 136292 340100    0    0     0     0 3134 2561  2  0 98  0  0	
 3  0  11032 64408652 136292 340100    0    0     0     6 3118 2538  2  0 97  0  0	
 1  0  11032 64408652 136292 340100    0    0     0     0 3090 2553  2  0 98  0  0	
 1  0  11032 64408652 136292 340104    0    0     0     0 3065 2498  2  0 98  0  0	
 1  0  11032 64408692 136292 340104    0    0     0     8 3086 2550  2  0 98  0  0	
 1  0  11032 64408832 136292 340104    0    0     0     0 3121 2586  2  0 98  0  0	
 1  0  11032 64408832 136292 340108    0    0     0     0 3099 2552  2  0 98  0  0	
 1  0  11032 64408840 136292 340112    0    0     0     0 3073 2516  2  0 98  0  0	
 1  0  11032 64409024 136292 340112    0    0     0     0 3074 2498  2  0 98  0  0	
 1  0  11032 64408900 136292 340116    0    0     0     0 3079 2538  2  0 98  0  0	
 1  0  11032 64409148 136292 340116    0    0     0     0 3072 2512  2  0 98  0  0	
 1  0  11032 64409140 136292 340116    0    0     0     0 3107 2572  2  0 98  0  0	
procs -----------memory---------- ---swap-- -----io---- --system-- -----cpu-----
 r  b   swpd   free   buff  cache   si   so    bi    bo   in   cs us sy id wa st
 3  0  11032 64409024 136292 340124    0    0     0     0 3067 2510  2  0 98  0  0	
 1  0  11032 64409148 136292 340124    0    0     0     0 3086 2522  2  0 98  0  0	
 3  0  11032 64409140 136292 340128    0    0     0     4 3078 2524  2  0 98  0  0	
 1  0  11032 64409024 136292 340136    0    0     0     0 3084 2527  2  0 98  0  0	
 3  0  11032 64409140 136292 340136    0    0     0     0 3101 2526  2  0 98  0  0	
 1  0  11032 64409140 136292 340136    0    0     0     0 3120 2582  2  0 98  0  0	
 1  0  11032 64409016 136292 340140    0    0     0     0 3081 2529  2  0 98  0  0	
 1  0  11032 64409140 136292 340140    0    0     0     0 3071 2519  2  0 98  0  0	
 1  0  11032 64409140 136292 340144    0    0     0     0 3070 2508  2  0 98  0  0	
 1  0  11032 64409136 136292 340144    0    0     0     0 3120 2580  2  0 98  0  0	
 1  0  11032 64409144 136292 340152    0    0     0     0 3079 2522  2  0 98  0  0	
 2  0  11032 64409144 136292 340156    0    0     0     0 3108 2532  2  0 98  0  0	
 1  0  11032 64409516 136292 340156    0    0     0     0 3066 2517  2  0 98  0  0	
 1  0  11032 64409276 136292 340156    0    0     0     0 3056 2483  2  0 98  0  0	
 1  0  11032 64409276 136292 340160    0    0     0     0 3072 2498  2  0 98  0  0	
 3  0  11032 64409400 136292 340164    0    0     0     0 3056 2487  2  0 98  0  0	
 1  0  11032 64409276 136292 340164    0    0     0     0 3090 2523  2  0 98  0  0	
 3  0  11032 64409392 136292 340168    0    0     0     0 3111 2592  2  0 98  0  0	
 1  0  11032 64409268 136292 340172    0    0     0     0 3061 2489  2  0 98  0  0	
 3  0  11032 64409136 136292 340176    0    0     0     6 3115 2586  2  0 98  0  0	
 1  0  11032 64409144 136292 340180    0    0     0     0 3074 2527  2  0 98  0  0	
procs -----------memory---------- ---swap-- -----io---- --system-- -----cpu-----
 r  b   swpd   free   buff  cache   si   so    bi    bo   in   cs us sy id wa st
 3  0  11032 64409268 136292 340180    0    0     0     0 3084 2529  2  0 98  0  0	
 1  0  11032 64409268 136292 340184    0    0     0     0 3197 2754  2  0 98  0  0	
 1  0  11032 64409276 136292 340184    0    0     0     0 3081 2544  2  0 98  0  0	
 1  0  11032 64409144 136292 340188    0    0     0     0 3120 2588  2  0 98  0  0	
 1  0  11032 64409268 136292 340192    0    0     0     0 3145 2638  2  0 98  0  0	
 1  0  11032 64409020 136292 340196    0    0     0     0 3083 2531  2  0 98  0  0	
 1  0  11032 64409020 136292 340196    0    0     0     0 3124 2581  2  0 98  0  0	
 1  0  11032 64409020 136292 340204    0    0     0     0 3198 2758  2  0 98  0  0	
 1  0  11032 64408888 136292 340204    0    0     0     0 3096 2557  2  0 98  0  0	
 3  0  11032 64409020 136292 340208    0    0     0     0 3088 2532  2  0 98  0  0	
 1  0  11032 64408772 136292 340212    0    0     0     0 3181 2703  2  0 98  0  0	
 3  0  11032 64408896 136292 340212    0    0     0     0 3096 2558  2  0 98  0  0	
 1  0  11032 64409028 136292 340224    0    0     0     0 3061 2477  2  0 98  0  0	
 3  0  11032 64408640 136292 340224    0    0     0     0 3194 2692  2  0 98  0  0	
 1  0  11032 64408524 136292 340224    0    0     0     2 3164 2651  2  0 98  0  0	
 3  0  11032 64408648 136292 340228    0    0     0     0 3136 2626  2  0 98  0  0	
 1  0  11032 64408648 136292 340232    0    0     0     0 3048 2479  2  0 98  0  0	
 1  0  11032 64408772 136292 340232    0    0     0     0 3052 2476  2  0 98  0  0	
 1  0  11032 64408888 136292 340236    0    0     0     0 3062 2483  2  0 98  0  0	
 1  0  11032 64409028 136292 340236    0    0     0     0 3055 2479  2  0 98  0  0	
 1  0  11032 64408904 136292 340240    0    0     0     0 3086 2537  2  0 98  0  0	
procs -----------memory---------- ---swap-- -----io---- --system-- -----cpu-----
 r  b   swpd   free   buff  cache   si   so    bi    bo   in   cs us sy id wa st
 1  0  11032 64409028 136292 340244    0    0     0     0 3105 2580  2  0 98  0  0	
 1  0  11032 64408912 136292 340244    0    0     0     0 3125 2606  2  0 98  0  0	
 1  0  11032 64409152 136292 340244    0    0     0     0 3060 2480  2  0 98  0  0	
 1  0  11032 64409028 136292 340252    0    0     0     0 3054 2487  2  0 98  0  0	
 1  0  11032 64408780 136292 340252    0    0     0     0 3089 2515  2  0 98  0  0	
 3  0  11032 64409028 136292 340252    0    0     0     0 3083 2541  2  0 98  0  0	
 1  0  11032 64408904 136292 340256    0    0     0     0 3204 2732  2  0 98  0  0	
 3  0  11032 64409012 136292 340260    0    0     0     6 3129 2596  2  0 98  0  0	
 1  0  11032 64409144 136292 340260    0    0     0     0 3075 2490  2  0 98  0  0	
 3  0  11032 64409020 136292 340264    0    0     0     0 3065 2490  2  0 98  0  0	
 1  0  11032 64409144 136292 340264    0    0     0     0 3049 2475  2  0 98  0  0	
 1  0  11032 64409152 136292 340264    0    0     0     0 3068 2526  2  0 98  0  0	
 1  0  11032 64409156 136292 340268    0    0     0     0 3118 2600  2  0 98  0  0	
 1  0  11032 64408908 136292 340272    0    0     0     0 3134 2626  2  0 98  0  0	
 1  0  11032 64408908 136292 340280    0    0     0     0 3078 2517  2  0 98  0  0	
 1  0  11032 64409032 136292 340280    0    0     0     0 3166 2691  2  0 98  0  0	
 1  0  11032 64408908 136292 340280    0    0     0     0 3145 2659  2  0 98  0  0	
 1  0  11032 64408900 136292 340284    0    0     0     0 3108 2594  2  0 98  0  0	
 1  0  11032 64409156 136292 340288    0    0     0     0 3131 2615  2  0 98  0  0	
 1  0  11032 64409156 136292 340288    0    0     0     0 3156 2643  2  0 98  0  0	
 1  0  11032 64409272 136292 340292    0    0     0     0 3059 2490  2  0 98  0  0	
procs -----------memory---------- ---swap-- -----io---- --system-- -----cpu-----
 r  b   swpd   free   buff  cache   si   so    bi    bo   in   cs us sy id wa st
 2  0  11032 64409156 136292 340292    0    0     0     0 3054 2437  2  0 98  0  0	
 3  0  11032 64408900 136292 340296    0    0     0     0 3102 2519  2  0 98  0  0	
 1  0  11032 64409024 136292 340300    0    0     0     2 3098 2553  2  0 98  0  0	
 3  0  11032 64408900 136292 340300    0    0     0     0 3081 2504  2  0 98  0  0	
 1  0  11032 64408900 136292 340304    0    0     0     0 3074 2514  2  0 98  0  0	
 3  0  11032 64408776 136292 340308    0    0     0     0 3086 2528  2  0 98  0  0	
 1  0  11032 64408768 136292 340308    0    0     0     0 3084 2516  2  0 98  0  0	
 3  0  11032 64408900 136292 340312    0    0     0     0 3195 2742  2  0 98  0  0	
 1  0  11032 64408776 136292 340312    0    0     0     0 3107 2575  2  0 98  0  0	
 1  0  11032 64408776 136292 340316    0    0     0     0 3206 2724  2  0 98  0  0	
 1  0  11032 64409032 136292 340324    0    0     0     0 3132 2619  2  0 98  0  0	
 1  0  11032 64408776 136292 340328    0    0     0     0 3198 2734  2  0 98  0  0	
 1  0  11032 64408776 136292 340332    0    0     0     0 3053 2485  2  0 98  0  0	
 1  0  11032 64408656 136292 340336    0    0     0     0 3100 2557  2  0 98  0  0	
 1  0  11032 64408532 136292 340336    0    0     0     0 3109 2580  2  0 98  0  0	
 1  0  11032 64408656 136292 340340    0    0     0     0 3177 2717  2  0 98  0  0	
 1  0  11032 64408648 136292 340348    0    0     0     6 3088 2539  2  0 98  0  0	
 1  0  11032 64408656 136292 340348    0    0     0     0 3050 2491  2  0 98  0  0	
 1  0  11032 64408656 136292 340352    0    0     0     0 3055 2487  2  0 98  0  0	
 1  0  11032 64408780 136292 340352    0    0     0     0 3074 2504  2  0 98  0  0	
 3  0  11032 64409036 136292 340352    0    0     0     0 3098 2546  2  0 98  0  0	
procs -----------memory---------- ---swap-- -----io---- --system-- -----cpu-----
 r  b   swpd   free   buff  cache   si   so    bi    bo   in   cs us sy id wa st
 1  0  11032 64409028 136292 340356    0    0     0     0 3066 2509  2  0 98  0  0	
 3  0  11032 64409276 136292 340356    0    0     0     0 3056 2486  2  0 98  0  0	
 1  0  11032 64409152 136292 340356    0    0     0     0 3040 2513  2  0 98  0  0	
 1  0  11032 64409028 136292 340364    0    0     0     0 3017 2488  2  0 98  0  0	
 1  0  11032 64409028 136292 340364    0    0     0     0 3012 2466  2  0 98  0  0	
 1  0  11032 64409020 136292 340368    0    0     0     0 3072 2518  2  0 98  0  0	
 3  0  11032 64409028 136292 340376    0    0     0     0 3039 2466  2  0 98  0  0	
 1  0  11032 64408780 136292 340380    0    0     0     0 3050 2481  2  0 98  0  0	
 1  0  11032 64408912 136292 340384    0    0     0     0 3046 2475  2  0 98  0  0	
 2  0  11032 64409036 136292 340384    0    0     0     0 3066 2554  2  0 98  0  0	
 1  0  11032 64408904 136292 340384    0    0     0     0 3285 2955  2  0 98  0  0	
