Linux 2.6.32-279.14.1.el6.x86_64 (compute-662-2.local) 	04/20/20 	_x86_64_	(48 CPU)

20:04:40     CPU    %usr   %nice    %sys %iowait    %irq   %soft  %steal  %guest   %idle
20:04:42     all    2.05    0.00    0.16    0.00    0.00    0.01    0.00    0.00   97.78
20:04:44     all    2.10    0.00    0.08    0.00    0.00    0.00    0.00    0.00   97.82
20:04:46     all    2.10    0.00    0.08    0.21    0.00    0.01    0.00    0.00   97.60
20:04:48     all    2.11    0.00    0.09    0.00    0.00    0.01    0.00    0.00   97.79
20:04:50     all    2.10    0.00    0.09    0.00    0.00    0.01    0.00    0.00   97.80
20:04:52     all    2.09    0.00    0.08    0.00    0.00    0.00    0.00    0.00   97.83
20:04:54     all    2.11    0.00    0.08    0.00    0.00    0.00    0.00    0.00   97.81
20:04:56     all    2.11    0.00    0.07    0.21    0.00    0.01    0.00    0.00   97.60
20:04:58     all    2.10    0.00    0.08    0.00    0.00    0.01    0.00    0.00   97.81
20:05:00     all    2.11    0.00    0.07    0.00    0.00    0.01    0.00    0.00   97.81
20:05:02     all    2.11    0.00    0.09    0.00    0.00    0.00    0.00    0.00   97.80
20:05:04     all    2.10    0.00    0.09    0.00    0.00    0.01    0.00    0.00   97.80
20:05:06     all    2.11    0.00    0.08    0.00    0.00    0.00    0.00    0.00   97.81
20:05:08     all    2.11    0.00    0.09    0.00    0.00    0.00    0.00    0.00   97.80
20:05:10     all    2.10    0.00    0.08    0.00    0.00    0.00    0.00    0.00   97.82
20:05:12     all    2.10    0.00    0.08    0.00    0.00    0.00    0.00    0.00   97.82
20:05:14     all    2.10    0.00    0.08    0.00    0.00    0.01    0.00    0.00   97.81
20:05:16     all    2.11    0.00    0.08    0.00    0.00    0.02    0.00    0.00   97.79
20:05:18     all    2.11    0.00    0.09    0.21    0.00    0.00    0.00    0.00   97.59
20:05:20     all    2.12    0.00    0.09    0.00    0.00    0.02    0.00    0.00   97.77
20:05:22     all    2.11    0.00    0.09    0.00    0.00    0.00    0.00    0.00   97.80
20:05:24     all    2.10    0.00    0.08    0.00    0.00    0.00    0.00    0.00   97.82
20:05:26     all    2.11    0.00    0.08    0.00    0.00    0.01    0.00    0.00   97.80
20:05:28     all    2.09    0.00    0.09    0.01    0.00    0.00    0.00    0.00   97.80
20:05:30     all    2.10    0.00    0.09    0.00    0.00    0.00    0.00    0.00   97.81
20:05:32     all    2.10    0.00    0.08    0.00    0.00    0.00    0.00    0.00   97.82
20:05:34     all    2.11    0.00    0.07    0.00    0.00    0.00    0.00    0.00   97.82
20:05:36     all    2.10    0.00    0.08    0.00    0.00    0.00    0.00    0.00   97.82
20:05:38     all    2.10    0.00    0.09    0.00    0.00    0.00    0.00    0.00   97.81
20:05:40     all    2.09    0.00    0.10    0.00    0.00    0.01    0.00    0.00   97.79
20:05:42     all    2.11    0.00    0.07    0.00    0.00    0.00    0.00    0.00   97.82
20:05:44     all    2.10    0.00    0.08    0.21    0.00    0.02    0.00    0.00   97.59
20:05:46     all    2.10    0.00    0.08    0.00    0.00    0.01    0.00    0.00   97.81
20:05:48     all    2.10    0.00    0.08    0.00    0.00    0.00    0.00    0.00   97.82
20:05:50     all    2.10    0.00    0.09    0.00    0.00    0.00    0.00    0.00   97.81
20:05:52     all    2.11    0.00    0.08    0.00    0.00    0.01    0.00    0.00   97.80
20:05:54     all    2.10    0.00    0.09    0.00    0.00    0.01    0.00    0.00   97.80
20:05:56     all    2.11    0.00    0.08    0.00    0.00    0.02    0.00    0.00   97.79
20:05:58     all    2.10    0.00    0.06    0.00    0.00    0.03    0.00    0.00   97.81
20:06:00     all    2.10    0.00    0.09    0.00    0.00    0.00    0.00    0.00   97.81
20:06:02     all    2.11    0.00    0.09    0.00    0.00    0.00    0.00    0.00   97.80
20:06:04     all    2.10    0.00    0.07    0.00    0.00    0.00    0.00    0.00   97.83
20:06:06     all    2.11    0.00    0.10    0.00    0.00    0.00    0.00    0.00   97.79
20:06:08     all    2.11    0.00    0.08    0.00    0.00    0.00    0.00    0.00   97.81
20:06:10     all    2.11    0.00    0.09    0.00    0.00    0.00    0.00    0.00   97.80
20:06:12     all    2.11    0.00    0.08    0.00    0.00    0.00    0.00    0.00   97.81
20:06:14     all    2.09    0.00    0.08    0.00    0.00    0.00    0.00    0.00   97.82
20:06:16     all    2.11    0.00    0.07    0.00    0.00    0.00    0.00    0.00   97.82
20:06:18     all    2.09    0.00    0.08    0.00    0.00    0.01    0.00    0.00   97.81
20:06:20     all    2.10    0.00    0.08    0.00    0.00    0.00    0.00    0.00   97.82
20:06:22     all    2.10    0.00    0.08    0.00    0.00    0.00    0.00    0.00   97.82
20:06:24     all    2.11    0.00    0.06    0.00    0.00    0.00    0.00    0.00   97.83
20:06:26     all    2.09    0.00    0.08    0.00    0.00    0.00    0.00    0.00   97.83
20:06:28     all    2.10    0.00    0.07    0.00    0.00    0.00    0.00    0.00   97.83
20:06:30     all    2.10    0.00    0.08    0.00    0.00    0.00    0.00    0.00   97.82
20:06:32     all    2.10    0.00    0.08    0.00    0.00    0.00    0.00    0.00   97.82
20:06:34     all    2.11    0.00    0.07    0.00    0.00    0.00    0.00    0.00   97.82
20:06:36     all    2.09    0.00    0.06    0.00    0.00    0.01    0.00    0.00   97.83
20:06:38     all    2.10    0.00    0.06    0.00    0.00    0.00    0.00    0.00   97.84
20:06:40     all    2.09    0.00    0.07    0.00    0.00    0.00    0.00    0.00   97.84
20:06:42     all    2.11    0.00    0.05    0.00    0.00    0.01    0.00    0.00   97.83
20:06:44     all    2.10    0.00    0.06    0.21    0.00    0.01    0.00    0.00   97.62
20:06:46     all    2.10    0.00    0.06    0.00    0.00    0.00    0.00    0.00   97.84
20:06:48     all    2.10    0.00    0.07    0.00    0.00    0.00    0.00    0.00   97.83
20:06:50     all    2.10    0.00    0.07    0.00    0.00    0.01    0.00    0.00   97.82
20:06:52     all    2.11    0.00    0.08    0.00    0.00    0.00    0.00    0.00   97.81
20:06:54     all    2.11    0.00    0.10    0.00    0.00    0.00    0.00    0.00   97.79
20:06:56     all    2.11    0.00    0.08    0.00    0.00    0.00    0.00    0.00   97.81
20:06:58     all    2.11    0.00    0.07    0.00    0.00    0.00    0.00    0.00   97.82
20:07:00     all    2.10    0.00    0.07    0.00    0.00    0.00    0.00    0.00   97.83
20:07:02     all    2.11    0.00    0.06    0.00    0.00    0.00    0.00    0.00   97.83
20:07:04     all    2.10    0.00    0.06    0.00    0.00    0.00    0.00    0.00   97.84
20:07:06     all    2.10    0.00    0.06    0.00    0.00    0.00    0.00    0.00   97.84
20:07:08     all    2.10    0.00    0.06    0.00    0.00    0.01    0.00    0.00   97.83
20:07:10     all    2.11    0.00    0.06    0.01    0.00    0.00    0.00    0.00   97.82
20:07:12     all    2.09    0.00    0.07    0.00    0.00    0.00    0.00    0.00   97.84
20:07:14     all    2.11    0.00    0.06    0.00    0.00    0.00    0.00    0.00   97.83
20:07:16     all    2.10    0.00    0.06    0.00    0.00    0.01    0.00    0.00   97.83
20:07:18     all    2.11    0.00    0.06    0.00    0.00    0.00    0.00    0.00   97.83
20:07:20     all    2.10    0.00    0.06    0.00    0.00    0.00    0.00    0.00   97.84
20:07:22     all    2.10    0.00    0.07    0.00    0.00    0.00    0.00    0.00   97.83
20:07:24     all    2.11    0.00    0.07    0.00    0.00    0.00    0.00    0.00   97.82
20:07:26     all    2.11    0.00    0.08    0.00    0.00    0.00    0.00    0.00   97.81
20:07:28     all    2.11    0.00    0.08    0.00    0.00    0.00    0.00    0.00   97.81
20:07:30     all    2.10    0.00    0.08    0.00    0.00    0.00    0.00    0.00   97.82
20:07:32     all    2.10    0.00    0.07    0.00    0.00    0.00    0.00    0.00   97.83
20:07:34     all    2.10    0.00    0.06    0.00    0.00    0.00    0.00    0.00   97.84
20:07:36     all    2.11    0.00    0.08    0.00    0.00    0.01    0.00    0.00   97.80
20:07:38     all    2.10    0.00    0.06    0.00    0.00    0.00    0.00    0.00   97.84
20:07:40     all    2.10    0.00    0.07    0.00    0.00    0.00    0.00    0.00   97.83
20:07:42     all    2.11    0.00    0.07    0.00    0.00    0.00    0.00    0.00   97.82
20:07:44     all    2.10    0.00    0.07    0.22    0.00    0.00    0.00    0.00   97.61
20:07:46     all    2.10    0.00    0.07    0.00    0.00    0.00    0.00    0.00   97.83
20:07:48     all    2.10    0.00    0.08    0.00    0.00    0.00    0.00    0.00   97.82
20:07:50     all    2.10    0.00    0.07    0.00    0.00    0.00    0.00    0.00   97.83
20:07:52     all    2.10    0.00    0.05    0.00    0.00    0.00    0.00    0.00   97.85
20:07:54     all    2.10    0.00    0.07    0.00    0.00    0.01    0.00    0.00   97.82
20:07:56     all    2.11    0.00    0.08    0.00    0.00    0.00    0.00    0.00   97.81
20:07:58     all    2.10    0.00    0.08    0.00    0.00    0.00    0.00    0.00   97.82
20:08:00     all    2.11    0.00    0.07    0.00    0.00    0.00    0.00    0.00   97.82
20:08:02     all    2.11    0.00    0.07    0.00    0.00    0.00    0.00    0.00   97.82
20:08:04     all    2.10    0.00    0.06    0.00    0.00    0.00    0.00    0.00   97.84
20:08:06     all    2.10    0.00    0.07    0.00    0.00    0.01    0.00    0.00   97.82
20:08:08     all    2.10    0.00    0.08    0.00    0.00    0.00    0.00    0.00   97.82
20:08:10     all    2.10    0.00    0.08    0.00    0.00    0.00    0.00    0.00   97.82
20:08:12     all    2.10    0.00    0.07    0.00    0.00    0.00    0.00    0.00   97.83
20:08:14     all    2.11    0.00    0.07    0.00    0.00    0.01    0.00    0.00   97.81
20:08:16     all    2.09    0.00    0.07    0.00    0.00    0.00    0.00    0.00   97.84
20:08:18     all    2.11    0.00    0.06    0.00    0.00    0.00    0.00    0.00   97.83
20:08:20     all    2.10    0.00    0.05    0.00    0.00    0.00    0.00    0.00   97.85
20:08:22     all    2.11    0.00    0.08    0.00    0.00    0.01    0.00    0.00   97.80
20:08:24     all    2.10    0.00    0.06    0.00    0.00    0.00    0.00    0.00   97.84
20:08:26     all    2.10    0.00    0.08    0.00    0.00    0.01    0.00    0.00   97.81
20:08:28     all    2.10    0.00    0.07    0.00    0.00    0.00    0.00    0.00   97.83
20:08:30     all    2.10    0.00    0.07    0.00    0.00    0.01    0.00    0.00   97.82
20:08:32     all    2.11    0.00    0.07    0.01    0.00    0.01    0.00    0.00   97.80
20:08:34     all    2.10    0.00    0.06    0.00    0.00    0.01    0.00    0.00   97.83
20:08:36     all    2.10    0.00    0.07    0.00    0.00    0.01    0.00    0.00   97.82
20:08:38     all    2.11    0.00    0.06    0.00    0.00    0.00    0.00    0.00   97.83
20:08:40     all    2.10    0.00    0.08    0.00    0.00    0.01    0.00    0.00   97.81
20:08:42     all    2.10    0.00    0.06    0.00    0.00    0.01    0.00    0.00   97.83
20:08:44     all    2.10    0.00    0.08    0.21    0.00    0.01    0.00    0.00   97.60
20:08:46     all    2.10    0.00    0.06    0.00    0.00    0.01    0.00    0.00   97.83
20:08:48     all    2.10    0.00    0.07    0.00    0.00    0.02    0.00    0.00   97.81
20:08:50     all    2.11    0.00    0.07    0.00    0.00    0.00    0.00    0.00   97.82
20:08:52     all    2.10    0.00    0.07    0.00    0.00    0.01    0.00    0.00   97.82
20:08:54     all    2.10    0.00    0.07    0.00    0.00    0.01    0.00    0.00   97.82
20:08:56     all    2.11    0.00    0.06    0.00    0.00    0.01    0.00    0.00   97.82
20:08:58     all    2.11    0.00    0.07    0.00    0.00    0.00    0.00    0.00   97.82
20:09:00     all    2.10    0.00    0.08    0.00    0.00    0.00    0.00    0.00   97.82
20:09:02     all    2.10    0.00    0.07    0.00    0.00    0.00    0.00    0.00   97.83
20:09:04     all    2.10    0.00    0.06    0.00    0.00    0.00    0.00    0.00   97.84
20:09:06     all    2.11    0.00    0.09    0.00    0.00    0.00    0.00    0.00   97.80
20:09:08     all    2.11    0.00    0.06    0.00    0.00    0.01    0.00    0.00   97.82
20:09:10     all    2.10    0.00    0.07    0.00    0.00    0.00    0.00    0.00   97.83
20:09:12     all    2.10    0.00    0.06    0.00    0.00    0.00    0.00    0.00   97.84
20:09:14     all    2.09    0.00    0.08    0.00    0.00    0.01    0.00    0.00   97.81
20:09:16     all    2.10    0.00    0.07    0.00    0.00    0.00    0.00    0.00   97.83
20:09:18     all    2.09    0.00    0.07    0.00    0.00    0.02    0.00    0.00   97.81
20:09:20     all    2.10    0.00    0.06    0.00    0.00    0.00    0.00    0.00   97.84
20:09:22     all    2.10    0.00    0.08    0.00    0.00    0.00    0.00    0.00   97.82
20:09:24     all    2.10    0.00    0.06    0.00    0.00    0.00    0.00    0.00   97.84
20:09:26     all    2.11    0.00    0.07    0.00    0.00    0.01    0.00    0.00   97.81
20:09:28     all    2.10    0.00    0.07    0.00    0.00    0.01    0.00    0.00   97.82
20:09:30     all    2.11    0.00    0.07    0.00    0.00    0.00    0.00    0.00   97.82
20:09:32     all    2.10    0.00    0.06    0.00    0.00    0.01    0.00    0.00   97.83
20:09:34     all    2.11    0.00    0.07    0.00    0.00    0.00    0.00    0.00   97.82
20:09:36     all    2.09    0.00    0.07    0.00    0.00    0.00    0.00    0.00   97.84
20:09:38     all    2.10    0.00    0.07    0.00    0.00    0.00    0.00    0.00   97.83
20:09:40     all    2.11    0.00    0.06    0.00    0.00    0.01    0.00    0.00   97.82
20:09:42     all    2.10    0.00    0.07    0.21    0.00    0.00    0.00    0.00   97.62
20:09:44     all    2.10    0.00    0.07    0.00    0.00    0.00    0.00    0.00   97.83
20:09:46     all    2.10    0.00    0.07    0.00    0.00    0.00    0.00    0.00   97.83
20:09:48     all    2.10    0.00    0.06    0.00    0.00    0.00    0.00    0.00   97.84
20:09:50     all    2.12    0.00    0.08    0.00    0.00    0.00    0.00    0.00   97.80
20:09:52     all    2.10    0.00    0.07    0.00    0.00    0.01    0.00    0.00   97.82
20:09:54     all    2.11    0.00    0.06    0.00    0.00    0.01    0.00    0.00   97.82
20:09:56     all    2.11    0.00    0.06    0.21    0.00    0.00    0.00    0.00   97.62
20:09:58     all    2.10    0.00    0.06    0.00    0.00    0.01    0.00    0.00   97.83
20:10:00     all    2.10    0.00    0.07    0.00    0.00    0.00    0.00    0.00   97.83
20:10:02     all    2.10    0.00    0.05    0.15    0.00    0.00    0.00    0.00   97.71
20:10:04     all    2.11    0.00    0.05    0.00    0.00    0.00    0.00    0.00   97.84
20:10:06     all    2.10    0.00    0.06    0.00    0.00    0.00    0.00    0.00   97.84
20:10:08     all    2.10    0.00    0.07    0.00    0.00    0.01    0.00    0.00   97.82
20:10:10     all    2.10    0.00    0.07    0.00    0.00    0.00    0.00    0.00   97.83
20:10:12     all    2.11    0.00    0.06    0.00    0.00    0.01    0.00    0.00   97.82
