procs -----------memory---------- ---swap-- -----io---- --system-- -----cpu-----
 r  b   swpd   free   buff  cache   si   so    bi    bo   in   cs us sy id wa st
 3  0  11032 64552856 136292 340392    0    0     0     1    0    0  5  1 94  0  0	
 1  0  11032 63962456 136292 340432    0    0     0     0 3640 3743  2  0 98  0  0	
 1  0  11032 63962092 136292 340432    0    0     0     0 3547 3514  2  0 98  0  0	
 1  0  11032 63962664 136292 340436    0    0     0     8 3563 3555  2  0 98  0  0	
 1  0  11032 63963432 136292 340436    0    0     0     0 3221 2798  2  0 98  0  0	
 2  0  11032 63963580 136292 340436    0    0     0     0 3444 3289  2  0 98  0  0	
 1  0  11032 63964220 136292 340440    0    0     0     0 3573 3572  2  0 98  0  0	
 2  0  11032 63964460 136292 340440    0    0     0     0 3633 3708  2  0 98  0  0	
 1  0  11032 63964824 136292 340444    0    0     0     0 3483 3348  2  0 98  0  0	
 1  0  11032 63964692 136292 340448    0    0     0     0 3431 3290  2  0 98  0  0	
 1  0  11032 63964944 136292 340448    0    0     0     0 3290 2943  2  0 98  0  0	
 1  0  11032 63964952 136292 340448    0    0     0     0 3272 2869  2  0 98  0  0	
 1  0  11032 63965084 136292 340452    0    0     0     0 3358 3022  2  0 98  0  0	
 1  0  11032 63965452 136292 340452    0    0     0     0 3205 2774  2  0 98  0  0	
 2  0  11032 63965444 136292 340460    0    0     0     6 3302 2919  2  0 98  0  0	
 1  0  11032 63965460 136292 340460    0    0     0     0 3425 3167  2  0 98  0  0	
 2  0  11032 63965476 136292 340464    0    0     0     0 3334 2975  2  0 98  0  0	
 1  0  11032 63965592 136292 340468    0    0     0     2 3248 2844  2  0 98  0  0	
 1  0  11032 63965600 136292 340472    0    0     0     0 3216 2792  2  0 98  0  0	
 1  0  11032 63965592 136292 340472    0    0     0     0 3254 2884  2  0 98  0  0	
 1  0  11032 63965716 136292 340476    0    0     0    14 3430 3302  2  0 98  0  0	
procs -----------memory---------- ---swap-- -----io---- --system-- -----cpu-----
 r  b   swpd   free   buff  cache   si   so    bi    bo   in   cs us sy id wa st
 2  0  11032 63965840 136292 340476    0    0     0     0 3712 3826  2  0 98  0  0	
 1  0  11032 63965716 136292 340476    0    0     0     0 3243 2896  2  0 98  0  0	
 1  0  11032 63965592 136292 340484    0    0     0     0 3461 3353  2  0 98  0  0	
 1  0  11032 63965832 136292 340484    0    0     0     0 3111 2612  2  0 98  0  0	
 1  0  11032 63965724 136292 340488    0    0     0     0 3666 3809  2  0 98  0  0	
 1  0  11032 63965600 136292 340488    0    0     0     0 3602 3614  2  0 98  0  0	
 1  0  11032 63965724 136292 340488    0    0     0     0 3272 2982  2  0 98  0  0	
 2  0  11032 63965732 136292 340492    0    0     0     0 3092 2567  2  0 98  0  0	
 1  0  11032 63965608 136292 340496    0    0     0     0 3622 3654  2  0 98  0  0	
 4  0  11032 63965600 136292 340496    0    0     0     0 3122 2617  2  0 98  0  0	
 1  0  11032 63965352 136292 340504    0    0     0     0 3581 3555  2  0 98  0  0	
 1  0  11032 63965216 136292 340504    0    0     0     0 3244 2821  2  0 98  0  0	
 1  0  11032 63965216 136292 340504    0    0     0     0 3272 2883  2  0 98  0  0	
 1  0  11032 63965208 136292 340508    0    0     0     0 3200 2743  2  0 98  0  0	
 2  0  11032 63965340 136292 340508    0    0     0     0 3150 2682  2  0 98  0  0	
 1  0  11032 63965216 136292 340512    0    0     0     0 3217 2800  2  0 98  0  0	
 2  0  11032 63965464 136292 340516    0    0     0     8 3080 2539  2  0 98  0  0	
 1  0  11032 63965472 136292 340516    0    0     0     0 3113 2606  2  0 98  0  0	
 1  0  11032 63965348 136292 340524    0    0     0     6 3193 2745  2  0 98  0  0	
 1  0  11032 63965348 136292 340524    0    0     0     0 3122 2631  2  0 98  0  0	
 1  0  11032 63965348 136292 340524    0    0     0     0 3120 2605  2  0 98  0  0	
procs -----------memory---------- ---swap-- -----io---- --system-- -----cpu-----
 r  b   swpd   free   buff  cache   si   so    bi    bo   in   cs us sy id wa st
 2  0  11032 63965356 136292 340524    0    0     0     0 3089 2530  2  0 98  0  0	
 1  0  11032 63965480 136292 340532    0    0     0     0 3172 2708  2  0 98  0  0	
 1  0  11032 63965348 136292 340532    0    0     0    10 3238 2811  2  0 98  0  0	
 1  0  11032 63965480 136292 340536    0    0     0     0 3237 2804  2  0 98  0  0	
 1  0  11032 63965604 136292 340548    0    0     0     0 3209 2748  2  0 98  0  0	
 1  0  11032 63965476 136292 340548    0    0     0     0 3262 2858  2  0 98  0  0	
 1  0  11032 63965616 136292 340548    0    0     0     0 3263 2905  2  0 98  0  0	
 2  0  11032 63965352 136292 340552    0    0     0     0 3334 3026  2  0 98  0  0	
 1  0  11032 63964980 136292 340552    0    0     0    22 3340 2934  2  0 98  0  0	
 1  0  11032 63964848 136292 340564    0    0     0     0 3205 2788  2  0 98  0  0	
 2  0  11032 63964972 136292 340564    0    0     0     0 3223 2789  2  0 98  0  0	
 1  0  11032 63965220 136292 340564    0    0     0     0 3169 2716  2  0 98  0  0	
 2  0  11032 63965420 136292 340576    0    0     0     0 3250 2866  2  0 98  0  0	
 1  0  11032 63965312 136292 340576    0    0     0    14 3254 2879  2  0 98  0  0	
 2  0  11032 63965392 136292 340576    0    0     0     0 3173 2693  2  0 98  0  0	
 2  0  11032 63965516 136292 340584    0    0     0     0 3239 2858  2  0 98  0  0	
 1  0  11032 63965400 136292 340584    0    0     0     0 3107 2578  2  0 98  0  0	
 1  0  11032 63965136 136292 340588    0    0     0     0 3236 2818  2  0 98  0  0	
 1  0  11032 63964888 136292 340592    0    0     0     0 3078 2511  2  0 98  0  0	
 2  0  11032 63965020 136292 340592    0    0     0     0 3073 2523  2  0 98  0  0	
 1  0  11032 63964896 136292 340600    0    0     0     0 3151 2667  2  0 98  0  0	
procs -----------memory---------- ---swap-- -----io---- --system-- -----cpu-----
 r  b   swpd   free   buff  cache   si   so    bi    bo   in   cs us sy id wa st
 2  0  11032 63965144 136292 340600    0    0     0     0 3229 2825  2  0 98  0  0	
 1  0  11032 63965136 136292 340604    0    0     0     0 3207 2779  2  0 98  0  0	
 1  0  11032 63965412 136292 340608    0    0     0     0 3210 2770  2  0 98  0  0	
 1  0  11032 63965420 136292 340608    0    0     0     0 3270 2890  2  0 98  0  0	
 1  0  11032 63965544 136292 340608    0    0     0     0 3285 2897  2  0 98  0  0	
 2  0  11032 63965552 136292 340612    0    0     0     0 3093 2533  2  0 98  0  0	
 1  0  11032 63965668 136292 340616    0    0     0     0 3078 2542  2  0 98  0  0	
 2  0  11032 63965544 136292 340616    0    0     0     0 3071 2512  2  0 98  0  0	
 1  0  11032 63965544 136292 340624    0    0     0     0 3071 2505  2  0 98  0  0	
 1  0  11032 63965544 136292 340624    0    0     0     0 3071 2522  2  0 98  0  0	
 1  0  11032 63965668 136292 340624    0    0     0     0 3075 2540  2  0 98  0  0	
 1  0  11032 63965536 136292 340632    0    0     0     6 3260 2888  2  0 98  0  0	
 2  0  11032 63965556 136292 340632    0    0     0     0 3182 2706  2  0 98  0  0	
 1  0  11032 63965680 136292 340636    0    0     0     0 3226 2794  2  0 98  0  0	
 1  0  11032 63965548 136292 340640    0    0     0     0 3280 2896  2  0 98  0  0	
 1  0  11032 63965556 136292 340640    0    0     0     0 3275 2880  2  0 98  0  0	
 1  0  11032 63965548 136292 340644    0    0     0     0 3133 2616  2  0 98  0  0	
 1  0  11032 63965300 136292 340644    0    0     0     0 3083 2503  2  0 98  0  0	
 1  0  11032 63965300 136292 340644    0    0     0     0 3087 2507  2  0 98  0  0	
 2  0  11032 63965300 136292 340648    0    0     0     0 3077 2501  2  0 98  0  0	
 1  0  11032 63965176 136292 340648    0    0     0     0 3074 2498  2  0 98  0  0	
procs -----------memory---------- ---swap-- -----io---- --system-- -----cpu-----
 r  b   swpd   free   buff  cache   si   so    bi    bo   in   cs us sy id wa st
 1  0  11032 63965292 136292 340648    0    0     0     0 3102 2543  2  0 98  0  0	
 1  0  11032 63965300 136292 340652    0    0     0     0 3089 2548  2  0 98  0  0	
 1  0  11032 63964928 136292 340656    0    0     0     0 3075 2489  2  0 98  0  0	
 1  0  11032 63965184 136292 340660    0    0     0     0 3068 2486  2  0 98  0  0	
 1  0  11032 63965192 136292 340664    0    0     0     0 3075 2493  2  0 98  0  0	
 2  0  11032 63965428 136292 340668    0    0     0     0 3108 2523  2  0 98  0  0	
 1  0  11032 63965180 136292 340676    0    0     0     2 3239 2793  2  0 98  0  0	
 2  0  11032 63964924 136292 340676    0    0     0     0 3227 2794  2  0 98  0  0	
 1  0  11032 63964924 136292 340680    0    0     0     0 3288 2892  2  0 98  0  0	
 1  0  11032 63965168 136292 340684    0    0     0     0 3281 2891  2  0 98  0  0	
 1  0  11032 63964920 136292 340688    0    0     0     0 3236 2807  2  0 98  0  0	
 1  0  11032 63965044 136292 340688    0    0     0     0 3173 2700  2  0 98  0  0	
 2  0  11032 63965168 136292 340688    0    0     0     0 3241 2816  2  0 98  0  0	
 1  0  11032 63965144 136292 340692    0    0     0     0 3205 2763  2  0 98  0  0	
 2  0  11032 63965276 136292 340692    0    0     0     0 3179 2688  2  0 98  0  0	
 1  0  11032 63965268 136292 340696    0    0     0     0 3161 2644  2  0 98  0  0	
 1  0  11032 63965268 136292 340696    0    0     0     0 3105 2559  2  0 98  0  0	
 1  0  11032 63965020 136292 340700    0    0     0     0 3092 2500  2  0 98  0  0	
 1  0  11032 63965144 136292 340704    0    0     0     0 3171 2685  2  0 98  0  0	
 2  0  11032 63965268 136292 340704    0    0     0     0 3174 2677  2  0 98  0  0	
 2  0  11032 63965268 136292 340708    0    0     0     6 3088 2469  2  0 98  0  0	
procs -----------memory---------- ---swap-- -----io---- --system-- -----cpu-----
 r  b   swpd   free   buff  cache   si   so    bi    bo   in   cs us sy id wa st
 1  0  11032 63965144 136292 340712    0    0     0     0 3083 2503  2  0 98  0  0	
 1  0  11032 63965268 136292 340712    0    0     0     0 3080 2497  2  0 98  0  0	
 1  0  11032 63965268 136292 340716    0    0     0     0 3156 2660  2  0 98  0  0	
 1  0  11032 63965524 136292 340720    0    0     0     0 3213 2757  2  0 98  0  0	
 1  0  11032 63965392 136292 340724    0    0     0     0 3203 2746  2  0 98  0  0	
 2  0  11032 63965268 136292 340724    0    0     0     0 3093 2532  2  0 98  0  0	
 1  0  11032 63965392 136292 340728    0    0     0     0 3091 2504  2  0 98  0  0	
 2  0  11032 63965276 136292 340728    0    0     0     0 3113 2546  2  0 98  0  0	
 1  0  11032 63965516 136292 340732    0    0     0     0 3102 2518  2  0 98  0  0	
 1  0  11032 63965392 136292 340736    0    0     0     0 3100 2540  2  0 98  0  0	
 1  0  11032 63965404 136292 340740    0    0     0     0 3093 2545  2  0 98  0  0	
 1  0  11032 63965404 136292 340744    0    0     0     0 3081 2505  2  0 98  0  0	
 2  0  11032 63965260 136292 340744    0    0     0     0 3081 2511  2  0 98  0  0	
 1  0  11032 63965268 136292 340744    0    0     0     0 3083 2505  2  0 98  0  0	
 2  0  11032 63965516 136292 340752    0    0     0     0 3097 2519  2  0 98  0  0	
 1  0  11032 63965384 136292 340752    0    0     0     2 3095 2534  2  0 98  0  0	
 1  0  11032 63965384 136292 340752    0    0     0     0 3094 2547  2  0 98  0  0	
 1  0  11032 63965252 136292 340756    0    0     0     0 3242 2822  2  0 98  0  0	
 1  0  11032 63965128 136292 340760    0    0     0     0 3277 2878  2  0 98  0  0	
 1  0  11032 63965244 136292 340764    0    0     0     0 3179 2653  2  0 98  0  0	
 1  0  11032 63965384 136292 340768    0    0     0     0 3201 2713  2  0 98  0  0	
procs -----------memory---------- ---swap-- -----io---- --system-- -----cpu-----
 r  b   swpd   free   buff  cache   si   so    bi    bo   in   cs us sy id wa st
 2  0  11032 63965128 136292 340768    0    0     0     0 3211 2739  2  0 98  0  0	
 1  0  11032 63965252 136292 340772    0    0     0     0 3279 2913  2  0 98  0  0	
 2  0  11032 63965012 136292 340772    0    0     0     0 3298 2944  2  0 98  0  0	
 1  0  11032 63965128 136292 340776    0    0     0     0 3164 2665  2  0 98  0  0	
 1  0  11032 63965004 136292 340780    0    0     0     0 3088 2539  2  0 98  0  0	
 1  0  11032 63965252 136292 340784    0    0     0     0 3088 2523  2  0 98  0  0	
 1  0  11032 63965252 136292 340784    0    0     0     0 3131 2617  2  0 98  0  0	
 1  0  11032 63965128 136292 340792    0    0     0     0 3355 3075  2  0 98  0  0	
 1  0  11032 63965120 136292 340796    0    0     0     6 3142 2601  2  0 98  0  0	
 2  0  11032 63965252 136292 340796    0    0     0     0 3075 2515  2  0 98  0  0	
 1  0  11032 63965128 136292 340800    0    0     0     0 3059 2491  2  0 98  0  0	
 1  0  11032 63964988 136292 340800    0    0     0     0 3078 2508  2  0 98  0  0	
 1  0  11032 63965004 136292 340808    0    0     0     0 3108 2561  2  0 98  0  0	
 1  0  11032 63964876 136292 340812    0    0     0     0 3202 2764  2  0 98  0  0	
 1  0  11032 63964628 136292 340812    0    0     0     0 3231 2828  2  0 98  0  0	
 1  0  11032 63965124 136292 340816    0    0     0     0 3246 2859  2  0 98  0  0	
 2  0  11032 63965248 136292 340820    0    0     0     0 3277 2937  2  0 98  0  0	
 1  0  11032 63965248 136292 340820    0    0     0     0 3188 2764  2  0 98  0  0	
 2  0  11032 63965308 136292 340820    0    0     0     0 3243 2841  2  0 98  0  0	
 1  0  11032 63965348 136292 340824    0    0     0     0 3316 3007  2  0 98  0  0	
 1  0  11032 63965224 136292 340824    0    0     0     0 3227 2810  2  0 98  0  0	
procs -----------memory---------- ---swap-- -----io---- --system-- -----cpu-----
 r  b   swpd   free   buff  cache   si   so    bi    bo   in   cs us sy id wa st
 1  0  11032 63965348 136292 340828    0    0     0     0 3279 2937  2  0 98  0  0	
 1  0  11032 63965356 136292 340832    0    0     0     0 3309 2989  2  0 98  0  0	
 1  0  11032 63965224 136292 340832    0    0     0     0 3286 2886  2  0 98  0  0	
 1  0  11032 63965352 136292 340840    0    0     0     2 3303 2982  2  0 98  0  0	
 2  0  11032 63965228 136292 340840    0    0     0     0 3210 2807  2  0 98  0  0	
 1  0  11032 63965228 136292 340840    0    0     0     0 3280 2928  2  0 98  0  0	
 1  0  11032 63965228 136292 340844    0    0     0     0 3081 2528  2  0 98  0  0	
 1  0  11032 63965220 136292 340848    0    0     0     0 3240 2838  2  0 98  0  0	
 1  0  11032 63965228 136292 340848    0    0     0     0 3309 2973  2  0 98  0  0	
 2  0  11032 63965228 136292 340852    0    0     0     0 3158 2639  2  0 98  0  0	
 1  0  11032 63965232 136292 340852    0    0     0     0 3167 2667  2  0 98  0  0	
 2  0  11032 63965240 136292 340852    0    0     0     0 3203 2724  2  0 98  0  0	
 1  0  11032 63965240 136292 340856    0    0     0     8 3076 2516  2  0 98  0  0	
 2  0  11032 63965364 136292 340860    0    0     0     0 3072 2504  2  0 98  0  0	
 1  0  11032 63965492 136292 340864    0    0     0     0 3093 2516  2  0 98  0  0	
 1  0  11032 63965244 136292 340868    0    0     0     0 3074 2526  2  0 98  0  0	
 1  0  11032 63965492 136292 340868    0    0     0     0 3064 2532  2  0 98  0  0	
 1  0  11032 63965360 136292 340876    0    0     0     6 3173 2716  2  0 98  0  0	
 1  0  11032 63965244 136292 340876    0    0     0     0 3156 2673  2  0 98  0  0	
 1  0  11032 63965244 136292 340876    0    0     0     0 3241 2835  2  0 98  0  0	
 2  0  11032 63965360 136292 340880    0    0     0     0 3080 2514  2  0 98  0  0	
procs -----------memory---------- ---swap-- -----io---- --system-- -----cpu-----
 r  b   swpd   free   buff  cache   si   so    bi    bo   in   cs us sy id wa st
 2  0  11032 63965244 136292 340880    0    0     0     0 3102 2536  2  0 98  0  0	
 2  0  11032 63965228 136292 340880    0    0     0     0 3194 2744  2  0 98  0  0	
 1  0  11032 63965352 136292 340888    0    0     0     0 3254 2853  2  0 98  0  0	
 1  0  11032 63965228 136292 340888    0    0     0     0 3231 2826  2  0 98  0  0	
 1  0  11032 63965352 136292 340892    0    0     0     0 3215 2780  2  0 98  0  0	
 1  0  11032 63965228 136292 340896    0    0     0     0 3227 2844  2  0 98  0  0	
 1  0  11032 63964972 136292 340896    0    0     0     0 3199 2784  2  0 98  0  0	
 1  0  11032 63965236 136292 340900    0    0     0     4 3235 2844  2  0 98  0  0	
 2  0  11032 63965236 136292 340900    0    0     0     0 3266 2899  2  0 98  0  0	
 1  0  11032 63965360 136292 340900    0    0     0     0 3247 2859  2  0 98  0  0	
 1  0  11032 63965368 136292 340916    0    0     0     0 3172 2706  2  0 98  0  0	
 1  0  11032 63965360 136292 340920    0    0     0     0 3278 2901  2  0 98  0  0	
 1  0  11032 63965484 136292 340920    0    0     0     0 3290 2893  2  0 98  0  0	
 1  0  11032 63965236 136292 340924    0    0     0     0 3108 2580  2  0 98  0  0	
 1  0  11032 63965236 136292 340924    0    0     0     0 3083 2512  2  0 98  0  0	
 2  0  11032 63965236 136292 340924    0    0     0     0 3061 2492  2  0 98  0  0	
 1  0  11032 63964976 136292 340936    0    0     0     0 3092 2528  2  0 98  0  0	
 2  0  11032 63964984 136292 340936    0    0     0     0 3079 2515  2  0 98  0  0	
 1  0  11032 63965108 136292 340940    0    0     0     0 3073 2505  2  0 98  0  0	
 1  0  11032 63964984 136292 340940    0    0     0     0 3271 2860  2  0 98  0  0	
 1  0  11032 63964868 136292 340940    0    0     0     0 3078 2492  2  0 98  0  0	
procs -----------memory---------- ---swap-- -----io---- --system-- -----cpu-----
 r  b   swpd   free   buff  cache   si   so    bi    bo   in   cs us sy id wa st
 1  0  11032 63965240 136292 340944    0    0     0     0 3085 2500  2  0 98  0  0	
 1  0  11032 63965240 136292 340944    0    0     0     6 3078 2501  2  0 98  0  0	
 1  0  11032 63965116 136292 340944    0    0     0     0 3087 2493  2  0 98  0  0	
 2  0  11032 63965240 136292 340952    0    0     0     0 3098 2526  2  0 98  0  0	
 1  0  11032 63965240 136292 340952    0    0     0     0 3172 2707  2  0 98  0  0	
 2  0  11032 63965108 136292 340956    0    0     0    10 3407 3143  2  0 98  0  0	
 1  0  11032 63965000 136292 340960    0    0     0     0 3283 2905  2  0 98  0  0	
 2  0  11032 63965000 136292 340968    0    0     0     0 3426 3179  2  0 98  0  0	
 1  0  11032 63965000 136292 340968    0    0     0     0 3087 2510  2  0 98  0  0	
 1  0  11032 63965008 136292 340972    0    0     0     0 3075 2490  2  0 98  0  0	
 1  0  11032 63965116 136292 340972    0    0     0     0 3096 2519  2  0 98  0  0	
 1  0  11032 63965240 136292 340976    0    0     0     0 3077 2490  2  0 98  0  0	
 1  0  11032 63965240 136292 340980    0    0     0     0 3076 2489  2  0 98  0  0	
 1  0  11032 63965240 136292 340980    0    0     0     0 3076 2492  2  0 98  0  0	
 2  0  11032 63965372 136292 340980    0    0     0     0 3080 2485  2  0 98  0  0	
 1  0  11032 63965240 136292 340984    0    0     0     0 3072 2504  2  0 98  0  0	
 2  0  11032 63965000 136292 340984    0    0     0     0 3067 2510  2  0 98  0  0	
 1  0  11032 63964868 136292 340984    0    0     0     0 3064 2469  2  0 98  0  0	
 1  0  11032 63964744 136292 340988    0    0     0     4 3045 2481  2  0 98  0  0	
 2  0  11032 63964504 136292 340996    0    0     0     0 3069 2436  2  0 98  0  0	
 1  0  11032 63964744 136292 340996    0    0     0     0 3063 2472  2  0 98  0  0	
procs -----------memory---------- ---swap-- -----io---- --system-- -----cpu-----
 r  b   swpd   free   buff  cache   si   so    bi    bo   in   cs us sy id wa st
 2  0  11032 63964744 136292 341000    0    0     0     0 3060 2491  2  0 98  0  0	
 1  0  11032 63964868 136292 341000    0    0     0     0 3052 2488  2  0 98  0  0	
 2  0  11032 63965184 136292 341004    0    0     0     0 3065 2484  2  0 98  0  0	
 1  0  11032 63965184 136292 341008    0    0     0     0 3066 2480  2  0 98  0  0	
 2  0  11032 63965088 136292 341008    0    0     0     0 3081 2489  2  0 98  0  0	
 1  0  11032 63965096 136292 341016    0    0     0     0 3075 2494  2  0 98  0  0	
 1  0  11032 63964972 136292 341016    0    0     0     0 3082 2506  2  0 98  0  0	
 2  0  11032 63964972 136292 341016    0    0     0     0 3117 2600  2  0 98  0  0	
 1  0  11032 63965104 136292 341020    0    0     0     0 3347 3034  2  0 98  0  0	
 1  0  11032 63964972 136292 341020    0    0     0     0 3104 2545  2  0 98  0  0	
 1  0  11032 63964972 136292 341020    0    0     0     0 3066 2485  2  0 98  0  0	
 2  0  11032 63964980 136292 341024    0    0     0     0 3086 2491  2  0 98  0  0	
 1  0  11032 63964972 136292 341024    0    0     0     0 3081 2513  2  0 98  0  0	
 2  0  11032 63964972 136292 341036    0    0     0     0 3076 2516  2  0 98  0  0	
 1  0  11032 63965088 136292 341040    0    0     0     6 3087 2487  2  0 98  0  0	
 1  0  11032 63964976 136292 341040    0    0     0     0 3085 2493  2  0 98  0  0	
 1  0  11032 63964976 136292 341044    0    0     0     0 3064 2468  2  0 98  0  0	
 1  0  11032 63964844 136292 341044    0    0     0     0 3064 2480  2  0 98  0  0	
 1  0  11032 63964976 136292 341044    0    0     0     0 3082 2505  2  0 98  0  0	
 1  0  11032 63964844 136292 341048    0    0     0     0 3205 2758  2  0 98  0  0	
 2  0  11032 63964720 136292 341060    0    0     0     0 3149 2625  2  0 98  0  0	
procs -----------memory---------- ---swap-- -----io---- --system-- -----cpu-----
 r  b   swpd   free   buff  cache   si   so    bi    bo   in   cs us sy id wa st
 2  0  11032 63964844 136292 341064    0    0     0     0 3073 2488  2  0 98  0  0	
 2  0  11032 63964844 136292 341068    0    0     0     0 3076 2485  2  0 98  0  0	
 1  0  11032 63964844 136292 341068    0    0     0     0 3071 2481  2  0 98  0  0	
 1  0  11032 63964960 136292 341068    0    0     0     0 3089 2507  2  0 98  0  0	
 1  0  11032 63964968 136292 341072    0    0     0     0 3082 2515  2  0 98  0  0	
 1  0  11032 63964844 136292 341072    0    0     0     0 3085 2487  2  0 98  0  0	
 1  0  11032 63964968 136292 341076    0    0     0     0 3076 2503  2  0 98  0  0	
 1  0  11032 63964976 136292 341084    0    0     0     0 3078 2486  2  0 98  0  0	
 1  0  11032 63965092 136292 341084    0    0     0     0 3078 2495  2  0 98  0  0	
 1  0  11032 63964844 136292 341088    0    0     0     2 3093 2513  2  0 98  0  0	
 2  0  11032 63964968 136292 341088    0    0     0     0 3074 2500  2  0 98  0  0	
 2  0  11032 63964968 136292 341088    0    0     0     0 3081 2488  2  0 98  0  0	
 2  0  11032 63964968 136292 341092    0    0     0     0 3064 2477  2  0 98  0  0	
 1  0  11032 63964960 136292 341092    0    0     0     0 3079 2482  2  0 98  0  0	
 2  0  11032 63964712 136292 341092    0    0     0     0 3079 2486  2  0 98  0  0	
 1  0  11032 63964844 136292 341096    0    0     0     0 3086 2507  2  0 98  0  0	
 1  0  11032 63964720 136292 341100    0    0     0     0 3278 2868  2  0 98  0  0	
 1  0  11032 63964976 136292 341100    0    0     0     0 3320 2958  2  0 98  0  0	
 1  0  11032 63964844 136292 341108    0    0     0     0 3139 2615  2  0 98  0  0	
 1  0  11032 63964720 136292 341108    0    0     0     0 3078 2500  2  0 98  0  0	
 1  0  11032 63964848 136292 341108    0    0     0     0 3071 2478  2  0 98  0  0	
procs -----------memory---------- ---swap-- -----io---- --system-- -----cpu-----
 r  b   swpd   free   buff  cache   si   so    bi    bo   in   cs us sy id wa st
 2  0  11032 63964724 136292 341112    0    0     0     0 3088 2502  2  0 98  0  0	
 1  0  11032 63964856 136292 341116    0    0     0     0 3120 2546  2  0 98  0  0	
 2  0  11032 63964724 136292 341120    0    0     0     6 3338 3013  2  0 98  0  0	
 1  0  11032 63964732 136292 341124    0    0     0     0 3435 3209  2  0 98  0  0	
 1  0  11032 63964732 136292 341124    0    0     0     0 3201 2730  2  0 98  0  0	
 1  0  11032 63964608 136292 341124    0    0     0     0 3276 2899  2  0 98  0  0	
 1  0  11032 63964988 136292 341128    0    0     0     0 3090 2527  2  0 98  0  0	
 2  0  11032 63964980 136292 341132    0    0     0     0 3077 2487  2  0 98  0  0	
 1  0  11032 63964972 136292 341136    0    0     0     0 3342 3000  2  0 98  0  0	
 2  0  11032 63965096 136292 341136    0    0     0     0 3300 2933  2  0 98  0  0	
 1  0  11032 63964980 136292 341140    0    0     0     0 3336 2992  2  0 98  0  0	
 2  0  11032 63964848 136292 341144    0    0     0     0 3407 3143  2  0 98  0  0	
 1  0  11032 63964972 136292 341144    0    0     0     0 3383 3091  2  0 98  0  0	
 2  0  11032 63964972 136292 341144    0    0     0     0 3129 2599  2  0 98  0  0	
 1  0  11032 63964980 136292 341152    0    0     0     0 3082 2491  2  0 98  0  0	
 1  0  11032 63964980 136292 341152    0    0     0     0 3074 2506  2  0 98  0  0	
 1  0  11032 63964988 136292 341160    0    0     0     0 3196 2745  2  0 98  0  0	
 1  0  11032 63964864 136292 341168    0    0     0     0 3304 2940  2  0 98  0  0	
 1  0  11032 63964856 136292 341168    0    0     0     2 3110 2594  2  0 98  0  0	
 1  0  11032 63965104 136292 341168    0    0     0     0 3854 4126  2  0 98  0  0	
 1  0  11032 63964976 136292 341172    0    0     0     0 3278 2935  2  0 98  0  0	
procs -----------memory---------- ---swap-- -----io---- --system-- -----cpu-----
 r  b   swpd   free   buff  cache   si   so    bi    bo   in   cs us sy id wa st
 1  0  11032 63965100 136292 341172    0    0     0     0 3128 2647  2  0 98  0  0	
 1  0  11032 63964836 136292 341176    0    0     0     0 3469 3286  2  0 98  0  0	
 1  0  11032 63964844 136292 341176    0    0     0     0 3290 2947  2  0 98  0  0	
 2  0  11032 63964844 136292 341180    0    0     0     0 3485 3381  2  0 98  0  0	
 1  0  11032 63964968 136292 341188    0    0     0     0 3092 2561  2  0 98  0  0	
 3  0  11032 63964976 136292 341188    0    0     0     0 3045 2464  2  0 98  0  0	
 1  0  11032 63964952 136292 341188    0    0     0     0 3040 2465  2  0 98  0  0	
 2  0  11032 63965076 136292 341192    0    0     0     0 3046 2471  2  0 98  0  0	
 1  0  11032 63965076 136292 341192    0    0     0     0 3038 2468  2  0 98  0  0	
 1  0  11032 63964952 136292 341192    0    0     0     0 3013 2487  2  0 98  0  0	
 1  0  11032 63965084 136292 341200    0    0     0     0 3048 2496  2  0 98  0  0	
 1  0  11032 63964960 136292 341204    0    0     0     6 3458 3306  2  0 98  0  0	
 1  0  11032 63965092 136292 341212    0    0     0     0 3605 3645  2  0 98  0  0	
 1  0  11032 63965084 136292 341212    0    0     0     0 3202 2816  2  0 98  0  0	
 1  0  11032 63965084 136292 341212    0    0     0     0 3234 2865  2  0 98  0  0	
 1  0  11032 63965092 136292 341216    0    0     0     0 3526 3491  2  0 98  0  0	
 2  0  11032 63964952 136292 341220    0    0     0     0 3480 3384  2  0 98  0  0	
 1  0  11032 63964828 136292 341220    0    0     0     0 3064 2556  2  0 98  0  0	
 2  0  11032 63965200 136292 341224    0    0     0     0 3510 3485  2  0 98  0  0	
 1  0  11032 63965068 136292 341228    0    0     0     0 3121 2604  2  0 98  0  0	
 1  0  11032 63965076 136292 341228    0    0     0     0 3623 3665  2  0 98  0  0	
procs -----------memory---------- ---swap-- -----io---- --system-- -----cpu-----
 r  b   swpd   free   buff  cache   si   so    bi    bo   in   cs us sy id wa st
 1  0  11032 63964936 136292 341232    0    0     0     0 3196 2872  2  0 98  0  0	
 1  0  11032 63964952 136292 341232    0    0     0     0 3572 3578  2  0 98  0  0	
 1  0  11032 63964828 136292 341236    0    0     0     0 3327 3046  2  0 98  0  0	
 1  0  11032 63964820 136292 341236    0    0     0     0 3115 2618  2  0 98  0  0	
 1  0  11032 63964952 136292 341236    0    0     0     0 3202 2734  2  0 98  0  0	
 1  0  11032 63964820 136292 341244    0    0     0     0 3363 3118  2  0 98  0  0	
 1  0  11032 63964944 136292 341248    0    0     0     2 3290 2915  2  0 98  0  0	
 1  0  11032 63965192 136292 341248    0    0     0     0 3221 2809  2  0 98  0  0	
 2  0  11032 63965068 136292 341252    0    0     0     0 3269 2879  2  0 98  0  0	
 1  0  11032 63965068 136292 341256    0    0     0     0 3228 2799  2  0 98  0  0	
 2  0  11032 63965060 136292 341256    0    0     0     0 3387 3103  2  0 98  0  0	
 1  0  11032 63965068 136292 341256    0    0     0     0 3479 3274  2  0 98  0  0	
 2  0  11032 63965068 136292 341260    0    0     0     0 3374 3068  2  0 98  0  0	
 1  0  11032 63964944 136292 341260    0    0     0     0 3229 2804  2  0 98  0  0	
 1  0  11032 63964828 136292 341264    0    0     0     0 3063 2482  2  0 98  0  0	
 1  0  11032 63964944 136292 341268    0    0     0     0 3071 2500  2  0 98  0  0	
 1  0  11032 63964944 136292 341268    0    0     0     0 3070 2494  2  0 98  0  0	
 2  0  11032 63965076 136292 341272    0    0     0     0 3068 2449  2  0 98  0  0	
 1  0  11032 63965076 136292 341272    0    0     0     0 3111 2539  2  0 98  0  0	
 1  0  11032 63965076 136292 341280    0    0     0     0 3081 2520  2  0 98  0  0	
 1  0  11032 63964944 136292 341288    0    0     0     6 3079 2504  2  0 98  0  0	
procs -----------memory---------- ---swap-- -----io---- --system-- -----cpu-----
 r  b   swpd   free   buff  cache   si   so    bi    bo   in   cs us sy id wa st
 2  0  11032 63964952 136292 341288    0    0     0     0 3066 2485  2  0 98  0  0	
 1  0  11032 63964952 136292 341288    0    0     0     0 3044 2471  2  0 98  0  0	
 2  0  11032 63965084 136292 341292    0    0     0     0 3049 2480  2  0 98  0  0	
 1  0  11032 63964844 136292 341292    0    0     0     0 3054 2497  2  0 98  0  0	
 2  0  11032 63964836 136292 341292    0    0     0     0 3196 2793  2  0 98  0  0	
 1  0  11032 63964828 136292 341300    0    0     0     0 3635 3703  2  0 98  0  0	
 1  0  11032 63964704 136292 341300    0    0     0     0 3479 3429  2  0 98  0  0	
 1  0  11032 63964704 136292 341308    0    0     0     0 3173 2740  2  0 98  0  0	
 1  0  11032 63964704 136292 341312    0    0     0     0 3353 3139  2  0 98  0  0	
 1  0  11032 63964696 136292 341316    0    0     0     0 3236 2902  2  0 98  0  0	
 1  0  11032 63964704 136292 341320    0    0     0     0 3502 3467  2  0 98  0  0	
 1  0  11032 63964704 136292 341320    0    0     0     0 3374 3135  2  0 98  0  0	
 1  0  11032 63964588 136292 341320    0    0     0     0 3243 2875  2  0 98  0  0	
 1  0  11032 63964588 136292 341328    0    0     0     0 3413 3198  2  0 98  0  0	
 1  0  11032 63964828 136292 341328    0    0     0     0 3352 3095  2  0 98  0  0	
 2  0  11032 63964660 136292 341332    0    0     0     2 3210 2827  2  0 98  0  0	
 1  0  11032 63964572 136292 341336    0    0     0     0 3331 3090  2  0 98  0  0	
 2  0  11032 63964828 136292 341336    0    0     0     0 3579 3548  2  0 98  0  0	
 1  0  11032 63964696 136292 341336    0    0     0     0 3154 2731  2  0 98  0  0	
 2  0  11032 63964572 136292 341340    0    0     0     0 3491 3377  2  0 98  0  0	
 1  0  11032 63964572 136292 341340    0    0     0     0 3446 3281  2  0 98  0  0	
procs -----------memory---------- ---swap-- -----io---- --system-- -----cpu-----
 r  b   swpd   free   buff  cache   si   so    bi    bo   in   cs us sy id wa st
 2  0  11032 63964688 136292 341344    0    0     0     0 3117 2648  2  0 98  0  0	
 1  0  11032 63964440 136292 341352    0    0     0     0 3708 3829  2  0 98  0  0	
 1  0  11032 63964696 136292 341352    0    0     0     0 3435 3205  2  0 98  0  0	
 1  0  11032 63964820 136292 341356    0    0     0     0 3720 3866  2  0 98  0  0	
 1  0  11032 63964696 136292 341356    0    0     0     6 3608 3600  2  0 98  0  0	
 2  0  11032 63964944 136292 341356    0    0     0     0 3810 4023  2  0 98  0  0	
 1  0  11032 63964812 136292 341360    0    0     0     0 3473 3351  2  0 98  0  0	
 2  0  11032 63964688 136292 341360    0    0     0     0 3322 2978  2  0 98  0  0	
 1  0  11032 63964556 136292 341368    0    0     0    10 3301 2918  2  0 98  0  0	
 2  0  11032 63964932 136292 341376    0    0     0     0 3187 2716  2  0 98  0  0	
 3  0  11032 63964932 136292 341376    0    0     0     0 3070 2480  2  0 98  0  0	
 2  0  11032 63964940 136292 341380    0    0     0     0 3163 2682  2  0 98  0  0	
 1  0  11032 63964948 136292 341380    0    0     0     0 3345 3010  2  0 98  0  0	
 2  0  11032 63964940 136292 341380    0    0     0     0 3201 2741  2  0 98  0  0	
 1  0  11032 63964312 136292 341388    0    0     0    22 3279 2806  2  0 98  0  0	
 3  0  11032 63964436 136292 341392    0    0     0     0 3366 3084  2  0 98  0  0	
 1  0  11032 63964436 136292 341392    0    0     0     0 3312 2953  2  0 98  0  0	
 1  0  11032 63964964 136292 341392    0    0     0     0 3330 2996  2  0 98  0  0	
 1  0  11032 63964956 136292 341400    0    0     0     0 3314 2996  2  0 98  0  0	
 1  0  11032 63965096 136292 341404    0    0     0     0 3257 2893  2  0 98  0  0	
 2  0  11032 63965112 136292 341404    0    0     0     0 3080 2514  2  0 98  0  0	
procs -----------memory---------- ---swap-- -----io---- --system-- -----cpu-----
 r  b   swpd   free   buff  cache   si   so    bi    bo   in   cs us sy id wa st
 1  0  11032 63965120 136292 341408    0    0     0    14 3051 2482  2  0 98  0  0	
 1  0  11032 63965004 136292 341412    0    0     0     0 3075 2483  2  0 98  0  0	
 1  0  11032 63964996 136292 341420    0    0     0     0 3091 2496  2  0 98  0  0	
 2  0  11032 63964996 136292 341424    0    0     0     0 3274 2857  2  0 98  0  0	
 2  0  11032 63964996 136292 341424    0    0     0     0 3096 2542  2  0 98  0  0	
 2  0  11032 63964996 136292 341428    0    0     0     0 3067 2486  2  0 98  0  0	
 1  0  11032 63964996 136292 341428    0    0     0     0 3066 2485  2  0 98  0  0	
 3  0  11032 63964744 136292 341428    0    0     0     0 3065 2436  2  0 98  0  0	
 1  0  11032 63965000 136292 341432    0    0     0     0 3054 2468  2  0 98  0  0	
 1  0  11032 63965000 136292 341432    0    0     0     0 3064 2505  2  0 98  0  0	
 1  0  11032 63964876 136292 341432    0    0     0     0 3292 2954  2  0 98  0  0	
 1  0  11032 63965008 136292 341440    0    0     0     0 3178 2698  2  0 98  0  0	
 1  0  11032 63965000 136292 341444    0    0     0     0 3291 2895  2  0 98  0  0	
 1  0  11032 63965000 136292 341444    0    0     0     0 3272 2884  2  0 98  0  0	
 2  0  11032 63964892 136292 341448    0    0     0     0 3311 2925  2  0 98  0  0	
 1  0  11032 63964884 136292 341448    0    0     0     0 3249 2848  2  0 98  0  0	
 2  0  11032 63965008 136292 341460    0    0     0     0 3270 2901  2  0 98  0  0	
 1  0  11032 63964752 136292 341460    0    0     0     6 3470 3260  2  0 98  0  0	
 2  0  11032 63964884 136292 341460    0    0     0     0 3082 2507  2  0 98  0  0	
 1  0  11032 63964884 136292 341464    0    0     0     0 3082 2489  2  0 98  0  0	
 2  0  11032 63964876 136292 341468    0    0     0     0 3078 2497  2  0 98  0  0	
procs -----------memory---------- ---swap-- -----io---- --system-- -----cpu-----
 r  b   swpd   free   buff  cache   si   so    bi    bo   in   cs us sy id wa st
 1  0  11032 63965008 136292 341468    0    0     0     0 3088 2518  2  0 98  0  0	
 1  0  11032 63965000 136292 341472    0    0     0     0 3095 2504  2  0 98  0  0	
 1  0  11032 63965124 136292 341472    0    0     0     0 3269 2859  2  0 98  0  0	
 1  0  11032 63964876 136292 341472    0    0     0     0 3248 2812  2  0 98  0  0	
 1  0  11032 63964876 136292 341476    0    0     0     0 3227 2789  2  0 98  0  0	
 1  0  11032 63965000 136292 341476    0    0     0     0 3310 2927  2  0 98  0  0	
 1  0  11032 63964752 136292 341484    0    0     0     0 3121 2565  2  0 98  0  0	
 1  0  11032 63964628 136292 341484    0    0     0     0 3304 2960  2  0 98  0  0	
 1  0  11032 63964756 136292 341484    0    0     0     0 3327 2977  2  0 98  0  0	
 1  0  11032 63964632 136292 341488    0    0     0     0 3352 3057  2  0 98  0  0	
 2  0  11032 63964764 136292 341492    0    0     0     0 3367 3076  2  0 98  0  0	
 1  0  11032 63964880 136292 341496    0    0     0     0 3197 2721  2  0 98  0  0	
 2  0  11032 63964756 136292 341500    0    0     0     2 3167 2694  2  0 98  0  0	
 1  0  11032 63964756 136292 341504    0    0     0     0 3068 2517  2  0 98  0  0	
 3  0  11032 63964508 136292 341508    0    0     0     0 3303 2969  2  0 98  0  0	
 1  0  11032 63964880 136292 341512    0    0     0     0 3276 2908  2  0 98  0  0	
 3  0  11032 63964748 136292 341512    0    0     0     0 3305 2958  2  0 98  0  0	
 1  0  11032 63964632 136292 341516    0    0     0     0 3423 3177  2  0 98  0  0	
 1  0  11032 63964508 136292 341516    0    0     0     0 3191 2697  2  0 98  0  0	
 1  0  11032 63964632 136292 341516    0    0     0     0 3098 2542  2  0 98  0  0	
 1  0  11032 63964640 136292 341520    0    0     0     0 3084 2499  2  0 98  0  0	
procs -----------memory---------- ---swap-- -----io---- --system-- -----cpu-----
 r  b   swpd   free   buff  cache   si   so    bi    bo   in   cs us sy id wa st
 1  0  11032 63964632 136292 341520    0    0     0     0 3081 2496  2  0 98  0  0	
 1  0  11032 63964632 136292 341524    0    0     0     0 3288 2920  2  0 98  0  0	
 2  0  11032 63964632 136292 341528    0    0     0     0 3316 2980  2  0 98  0  0	
 1  0  11032 63964384 136292 341532    0    0     0     0 3367 3074  2  0 98  0  0	
 2  0  11032 63964252 136292 341536    0    0     0     0 3277 2878  2  0 98  0  0	
 1  0  11032 63964112 136292 341540    0    0     0     6 3067 2501  2  0 98  0  0	
 2  0  11032 63964132 136292 341544    0    0     0     0 3064 2470  2  0 98  0  0	
 1  0  11032 63964256 136292 341544    0    0     0     0 3417 3277  2  0 98  0  0	
 3  0  11032 63964240 136292 341548    0    0     0     0 3209 2789  2  0 98  0  0	
 1  0  11032 63964440 136292 341556    0    0     0     0 3603 3644  2  0 98  0  0	
 2  0  11032 63964432 136292 341556    0    0     0     0 3767 3929  2  0 98  0  0	
 1  0  11032 63964564 136292 341560    0    0     0     0 3243 2805  2  0 98  0  0	
 2  0  11032 63964724 136292 341560    0    0     0     0 3158 2652  2  0 98  0  0	
 1  0  11032 63964608 136292 341560    0    0     0     0 3271 2900  2  0 98  0  0	
 1  0  11032 63964972 136292 341564    0    0     0     0 3316 2971  2  0 98  0  0	
 1  0  11032 63964840 136292 341568    0    0     0     0 3355 3049  2  0 98  0  0	
 1  0  11032 63964724 136292 341572    0    0     0     0 3072 2496  2  0 98  0  0	
 4  0  11032 63964728 136292 341576    0    0     0     0 3106 2546  2  0 98  0  0	
 1  0  11032 63964604 136292 341576    0    0     0     0 3169 2713  2  0 98  0  0	
 2  0  11032 63964736 136292 341580    0    0     0     0 3127 2608  2  0 98  0  0	
 1  0  11032 63964860 136292 341584    0    0     0     0 3187 2708  2  0 98  0  0	
procs -----------memory---------- ---swap-- -----io---- --system-- -----cpu-----
 r  b   swpd   free   buff  cache   si   so    bi    bo   in   cs us sy id wa st
 3  0  11032 63964852 136292 341584    0    0     0     2 3215 2772  2  0 98  0  0	
 2  0  11032 63964976 136292 341588    0    0     0     0 3193 2756  2  0 98  0  0	
 1  0  11032 63964976 136292 341588    0    0     0     0 3177 2728  2  0 98  0  0	
 1  0  11032 63964976 136292 341592    0    0     0     0 3319 2992  2  0 98  0  0	
 1  0  11032 63964720 136292 341596    0    0     0     0 3276 2906  2  0 98  0  0	
 1  0  11032 63964728 136292 341596    0    0     0     0 3099 2581  2  0 98  0  0	
 2  0  11032 63964728 136292 341600    0    0     0     0 3086 2524  2  0 98  0  0	
 2  0  11032 63964604 136292 341604    0    0     0     0 3181 2701  2  0 98  0  0	
 1  0  11032 63964612 136292 341604    0    0     0     0 3084 2490  2  0 98  0  0	
 2  0  11032 63964728 136292 341604    0    0     0     0 3076 2494  2  0 98  0  0	
 1  0  11032 63964604 136292 341612    0    0     0     0 3080 2489  2  0 98  0  0	
 2  0  11032 63964856 136292 341612    0    0     0     0 3084 2494  2  0 98  0  0	
 1  0  11032 63964856 136292 341612    0    0     0     0 3091 2537  2  0 98  0  0	
 2  0  11032 63964608 136292 341620    0    0     0     0 3071 2487  2  0 98  0  0	
 1  0  11032 63964592 136292 341620    0    0     0     6 3068 2486  2  0 98  0  0	
 1  0  11032 63964600 136292 341624    0    0     0     0 3050 2468  2  0 98  0  0	
 1  0  11032 63964476 136292 341624    0    0     0     0 3045 2467  2  0 98  0  0	
 1  0  11032 63964352 136292 341624    0    0     0     0 3040 2468  2  0 98  0  0	
 1  0  11032 63964492 136292 341632    0    0     0     0 3235 2824  2  0 98  0  0	
 1  0  11032 63964600 136292 341632    0    0     0     0 3275 2897  2  0 98  0  0	
 2  0  11032 63964352 136292 341632    0    0     0     0 3078 2488  2  0 98  0  0	
procs -----------memory---------- ---swap-- -----io---- --system-- -----cpu-----
 r  b   swpd   free   buff  cache   si   so    bi    bo   in   cs us sy id wa st
 1  0  11032 63964476 136292 341636    0    0     0     0 3165 2671  2  0 98  0  0	
 2  0  11032 63964724 136292 341636    0    0     0     0 3169 2692  2  0 98  0  0	
 1  0  11032 63964600 136292 341636    0    0     0     0 3368 3071  2  0 98  0  0	
 2  0  11032 63964716 136292 341644    0    0     0     0 3361 3051  2  0 98  0  0	
 1  0  11032 63964724 136292 341644    0    0     0     0 3275 2919  2  0 98  0  0	
 2  0  11032 63964352 136292 341656    0    0     0     0 3043 2463  2  0 98  0  0	
 1  0  11032 63964476 136292 341656    0    0     0     0 3062 2495  2  0 98  0  0	
 1  0  11032 63964484 136292 341656    0    0     0     0 3201 2768  2  0 98  0  0	
 1  0  11032 63964616 136292 341664    0    0     0     0 3104 2528  2  0 98  0  0	
 1  0  11032 63964360 136292 341664    0    0     0     2 3097 2535  2  0 98  0  0	
 1  0  11032 63964484 136292 341664    0    0     0     0 3075 2502  2  0 98  0  0	
 2  0  11032 63964484 136292 341664    0    0     0     0 3077 2512  2  0 98  0  0	
 1  0  11032 63964360 136292 341672    0    0     0     0 3067 2484  2  0 98  0  0	
 1  0  11032 63964352 136292 341676    0    0     0     0 3063 2496  2  0 98  0  0	
 2  0  11032 63964360 136292 341676    0    0     0     0 3072 2479  2  0 98  0  0	
 1  0  11032 63964360 136292 341680    0    0     0     0 3083 2514  2  0 98  0  0	
 3  0  11032 63964236 136292 341680    0    0     0     0 3062 2500  2  0 98  0  0	
 1  0  11032 63964244 136292 341684    0    0     0     0 3056 2470  2  0 98  0  0	
 2  0  11032 63964368 136292 341688    0    0     0     8 3063 2493  2  0 98  0  0	
 1  0  11032 63964120 136292 341688    0    0     0     0 3075 2481  2  0 98  0  0	
 1  0  11032 63964120 136292 341700    0    0     0     0 3075 2482  2  0 98  0  0	
procs -----------memory---------- ---swap-- -----io---- --system-- -----cpu-----
 r  b   swpd   free   buff  cache   si   so    bi    bo   in   cs us sy id wa st
 2  0  11032 63964244 136292 341704    0    0     0     0 3120 2559  2  0 98  0  0	
 1  0  11032 63964128 136292 341704    0    0     0     0 3070 2486  2  0 98  0  0	
 2  0  11032 63964112 136292 341712    0    0     0     6 3068 2492  2  0 98  0  0	
 1  0  11032 63964368 136292 341712    0    0     0     0 3060 2476  2  0 98  0  0	
 2  0  11032 63964244 136292 341712    0    0     0     0 3067 2477  2  0 98  0  0	
 2  0  11032 63964112 136292 341716    0    0     0     0 3098 2508  2  0 98  0  0	
 2  0  11032 63963996 136292 341716    0    0     0     0 3102 2531  2  0 98  0  0	
 2  0  11032 63963988 136292 341720    0    0     0     0 3072 2468  2  0 98  0  0	
 1  0  11032 63963732 136292 341724    0    0     0     0 3085 2471  2  0 98  0  0	
 1  0  11032 63963980 136292 341724    0    0     0     0 3097 2475  2  0 98  0  0	
 1  0  11032 63964228 136292 341728    0    0     0     0 3092 2498  2  0 98  0  0	
 1  0  11032 63964352 136292 341728    0    0     0     0 3078 2476  2  0 98  0  0	
 1  0  11032 63964288 136292 341728    0    0     0     0 3098 2530  2  0 98  0  0	
 2  0  11032 63964456 136292 341732    0    0     0     4 3084 2498  2  0 98  0  0	
 1  0  11032 63964456 136292 341736    0    0     0     0 3266 2863  2  0 98  0  0	
 2  0  11032 63964200 136292 341736    0    0     0     0 3309 2935  2  0 98  0  0	
 1  0  11032 63963960 136292 341744    0    0     0     0 3333 2967  2  0 98  0  0	
 2  0  11032 63964092 136292 341748    0    0     0     0 3079 2490  2  0 98  0  0	
 1  0  11032 63963968 136292 341748    0    0     0     0 3091 2525  2  0 98  0  0	
 1  0  11032 63963968 136292 341752    0    0     0     0 3081 2495  2  0 98  0  0	
 1  0  11032 63964244 136292 341752    0    0     0     0 3077 2495  2  0 98  0  0	
procs -----------memory---------- ---swap-- -----io---- --system-- -----cpu-----
 r  b   swpd   free   buff  cache   si   so    bi    bo   in   cs us sy id wa st
 1  0  11032 63964244 136292 341756    0    0     0     0 3067 2485  2  0 98  0  0	
 1  0  11032 63964308 136292 341760    0    0     0     0 3292 2893  2  0 98  0  0	
 1  0  11032 63964316 136292 341760    0    0     0     0 3085 2510  2  0 98  0  0	
 2  0  11032 63964316 136292 341764    0    0     0     0 3090 2517  2  0 98  0  0	
 1  0  11032 63964308 136292 341764    0    0     0     0 3076 2496  2  0 98  0  0	
 2  0  11032 63964068 136292 341764    0    0     0     0 3055 2480  2  0 98  0  0	
 1  0  11032 63964184 136292 341768    0    0     0     6 3062 2498  2  0 98  0  0	
 1  0  11032 63963936 136292 341768    0    0     0     0 3069 2491  2  0 98  0  0	
 1  0  11032 63964060 136292 341776    0    0     0     0 3066 2478  2  0 98  0  0	
 1  0  11032 63964060 136292 341780    0    0     0     0 3103 2543  2  0 98  0  0	
 1  0  11032 63963944 136292 341784    0    0     0     0 3041 2477  2  0 98  0  0	
 1  0  11032 63964052 136292 341788    0    0     0    10 3077 2503  2  0 98  0  0	
 2  0  11032 63964184 136292 341788    0    0     0     0 3067 2486  2  0 98  0  0	
 1  0  11032 63963796 136292 341788    0    0     0     0 3056 2475  2  0 98  0  0	
 2  0  11032 63963564 136292 341796    0    0     0     0 3066 2475  2  0 98  0  0	
 2  0  11032 63963448 136292 341796    0    0     0     0 3070 2519  2  0 98  0  0	
 1  0  11032 63963312 136292 341800    0    0     0     0 3222 2785  2  0 98  0  0	
 1  0  11032 63963684 136292 341804    0    0     0     0 3081 2504  2  0 98  0  0	
 1  0  11032 63963808 136292 341804    0    0     0     0 3402 3127  2  0 98  0  0	
 1  0  11032 63963692 136292 341804    0    0     0     0 3379 3081  2  0 98  0  0	
 2  0  11032 63963664 136292 341808    0    0     0     0 3218 2781  2  0 98  0  0	
procs -----------memory---------- ---swap-- -----io---- --system-- -----cpu-----
 r  b   swpd   free   buff  cache   si   so    bi    bo   in   cs us sy id wa st
 2  0  11032 63963904 136292 341808    0    0     0     0 3308 2961  2  0 98  0  0	
 1  0  11032 63963796 136292 341812    0    0     0     4 3179 2745  2  0 98  0  0	
 2  0  11032 63963672 136292 341812    0    0     0     0 3193 2748  2  0 98  0  0	
 1  0  11032 63963804 136292 341820    0    0     0     0 3260 2883  2  0 98  0  0	
 2  0  11032 63963936 136292 341824    0    0     0     0 3147 2642  2  0 98  0  0	
 1  0  11032 63963804 136292 341828    0    0     0     0 3080 2491  2  0 98  0  0	
 1  0  11032 63963680 136292 341828    0    0     0     0 3085 2524  2  0 98  0  0	
 1  0  11032 63963680 136292 341828    0    0     0     0 3133 2603  2  0 98  0  0	
 1  0  11032 63963796 136292 341832    0    0     0     0 3074 2498  2  0 98  0  0	
 3  0  11032 63963672 136292 341832    0    0     0     0 3165 2681  2  0 98  0  0	
 1  0  11032 63963540 136292 341836    0    0     0     0 3184 2688  2  0 98  0  0	
 2  0  11032 63963548 136292 341844    0    0     0     0 3106 2541  2  0 98  0  0	
 1  0  11032 63963424 136292 341844    0    0     0     0 3091 2514  2  0 98  0  0	
 1  0  11032 63963540 136292 341844    0    0     0     0 3081 2501  2  0 98  0  0	
 1  0  11032 63963548 136292 341852    0    0     0     0 3077 2480  2  0 98  0  0	
 1  0  11032 63963416 136292 341856    0    0     0     0 3088 2490  2  0 98  0  0	
 2  0  11032 63963768 136292 341860    0    0     0     0 3262 2809  2  0 98  0  0	
 2  0  11032 63963776 136292 341860    0    0     0     0 3124 2543  2  0 98  0  0	
 2  0  11032 63963656 136292 341864    0    0     0     0 3119 2541  2  0 98  0  0	
 1  0  11032 63963524 136292 341872    0    0     0     0 3215 2786  2  0 98  0  0	
 2  0  11032 63963632 136292 341872    0    0     0     6 3181 2699  2  0 98  0  0	
procs -----------memory---------- ---swap-- -----io---- --system-- -----cpu-----
 r  b   swpd   free   buff  cache   si   so    bi    bo   in   cs us sy id wa st
 1  0  11032 63963644 136292 341872    0    0     0     0 3099 2551  2  0 98  0  0	
 1  0  11032 63963520 136292 341876    0    0     0     0 3201 2736  2  0 98  0  0	
 1  0  11032 63963652 136292 341876    0    0     0     0 3376 3098  2  0 98  0  0	
 1  0  11032 63963668 136292 341876    0    0     0     0 3271 2864  2  0 98  0  0	
 2  0  11032 63963536 136292 341880    0    0     0     0 3333 3002  2  0 98  0  0	
 1  0  11032 63963660 136292 341884    0    0     0     0 3323 2977  2  0 98  0  0	
 2  0  11032 63963660 136292 341884    0    0     0     0 3251 2848  2  0 98  0  0	
 1  0  11032 63963536 136292 341892    0    0     0     0 3266 2870  2  0 98  0  0	
 1  0  11032 63963536 136292 341892    0    0     0     0 3091 2538  2  0 98  0  0	
 1  0  11032 63963528 136292 341896    0    0     0     0 3318 2964  2  0 98  0  0	
 1  0  11032 63963660 136292 341896    0    0     0     0 3139 2625  2  0 98  0  0	
 1  0  11032 63963536 136292 341900    0    0     0     0 3068 2487  2  0 98  0  0	
 1  0  11032 63963660 136292 341912    0    0     0     0 3063 2484  2  0 98  0  0	
 2  0  11032 63963668 136292 341912    0    0     0     0 3127 2598  2  0 98  0  0	
 1  0  11032 63963536 136292 341912    0    0     0     0 3312 2938  2  0 98  0  0	
 2  0  11032 63963536 136292 341916    0    0     0     2 3338 2993  2  0 98  0  0	
 1  0  11032 63963784 136292 341916    0    0     0     0 3072 2493  2  0 98  0  0	
 1  0  11032 63963660 136292 341916    0    0     0     0 3077 2497  2  0 98  0  0	
 1  0  11032 63963660 136292 341920    0    0     0     0 3077 2482  2  0 98  0  0	
 1  0  11032 63963656 136292 341920    0    0     0     0 3193 2712  2  0 98  0  0	
 1  0  11032 63963664 136292 341928    0    0     0     0 3270 2877  2  0 98  0  0	
procs -----------memory---------- ---swap-- -----io---- --system-- -----cpu-----
 r  b   swpd   free   buff  cache   si   so    bi    bo   in   cs us sy id wa st
 1  0  11032 63963540 136292 341928    0    0     0     0 3234 2818  2  0 98  0  0	
 2  0  11032 63963540 136292 341928    0    0     0     0 3238 2833  2  0 98  0  0	
 1  0  11032 63963424 136292 341932    0    0     0     0 3049 2497  2  0 98  0  0	
 1  0  11032 63963424 136292 341932    0    0     0     0 3278 2965  2  0 98  0  0	
 1  0  11032 63963664 136292 341936    0    0     0     0 3205 2832  2  0 98  0  0	
 1  0  11032 63963664 136292 341940    0    0     0     0 3373 3155  2  0 98  0  0	
 1  0  11032 63963548 136292 341948    0    0     0     0 3819 4023  2  0 98  0  0	
 1  0  11032 63963416 136292 341952    0    0     0     0 3690 3843  2  0 98  0  0	
 2  0  11032 63963408 136292 341956    0    0     0     6 3124 2595  2  0 98  0  0	
 1  0  11032 63963416 136292 341956    0    0     0     0 3340 3012  2  0 98  0  0	
 2  0  11032 63963408 136292 341956    0    0     0     0 3548 3571  2  0 98  0  0	
 1  0  11032 63963152 136292 341960    0    0     0     0 3219 2809  2  0 98  0  0	
 1  0  11032 63963044 136292 341960    0    0     0     0 3135 2624  2  0 98  0  0	
 1  0  11032 63963160 136292 341960    0    0     0     0 3168 2696  2  0 98  0  0	
 1  0  11032 63963284 136292 341968    0    0     0     0 3165 2666  2  0 98  0  0	
 2  0  11032 63963408 136292 341968    0    0     0     0 3061 2479  2  0 98  0  0	
 1  0  11032 63963416 136292 341968    0    0     0     0 3080 2502  2  0 98  0  0	
 2  0  11032 63963408 136292 341972    0    0     0     0 3085 2493  2  0 98  0  0	
 1  0  11032 63963648 136292 341972    0    0     0     0 3105 2571  2  0 98  0  0	
 1  0  11032 63963540 136292 341972    0    0     0     0 3069 2502  2  0 98  0  0	
 1  0  11032 63963668 136292 341976    0    0     0     0 3094 2504  2  0 98  0  0	
procs -----------memory---------- ---swap-- -----io---- --system-- -----cpu-----
 r  b   swpd   free   buff  cache   si   so    bi    bo   in   cs us sy id wa st
 1  0  11032 63963544 136292 341980    0    0     0     0 3238 2795  2  0 98  0  0	
 1  0  11032 63963436 136292 341988    0    0     0     0 3155 2655  2  0 98  0  0	
 1  0  11032 63963552 136292 341992    0    0     0     0 3250 2840  2  0 98  0  0	
 2  0  11032 63963668 136292 341992    0    0     0     2 3261 2876  2  0 98  0  0	
 1  0  11032 63963668 136292 341996    0    0     0     0 3196 2754  2  0 98  0  0	
 2  0  11032 63963784 136292 341996    0    0     0     0 3115 2589  2  0 98  0  0	
 1  0  11032 63963784 136292 341996    0    0     0     0 3122 2596  2  0 98  0  0	
 2  0  11032 63963652 136292 342000    0    0     0     0 3063 2450  2  0 98  0  0	
 1  0  11032 63963784 136292 342000    0    0     0     0 3065 2495  2  0 98  0  0	
 1  0  11032 63963784 136292 342008    0    0     0     0 3094 2555  2  0 98  0  0	
 1  0  11032 63963660 136292 342012    0    0     0     0 3075 2516  2  0 98  0  0	
 1  0  11032 63963792 136292 342012    0    0     0     0 3112 2592  2  0 98  0  0	
 2  0  11032 63963536 136292 342012    0    0     0     0 3204 2760  2  0 98  0  0	
 1  0  11032 63963660 136292 342020    0    0     0     0 3092 2549  2  0 98  0  0	
 1  0  11032 63963536 136292 342020    0    0     0     0 3089 2517  2  0 98  0  0	
 1  0  11032 63963536 136292 342028    0    0     0     0 3143 2581  2  0 98  0  0	
 1  0  11032 63963800 136292 342032    0    0     0     0 3083 2507  2  0 98  0  0	
 1  0  11032 63963668 136292 342036    0    0     0     6 3107 2531  2  0 98  0  0	
 1  0  11032 63963668 136292 342040    0    0     0     0 3104 2522  2  0 98  0  0	
 2  0  11032 63963668 136292 342044    0    0     0     0 3078 2501  2  0 98  0  0	
 1  0  11032 63963412 136292 342044    0    0     0     0 3251 2840  2  0 98  0  0	
procs -----------memory---------- ---swap-- -----io---- --system-- -----cpu-----
 r  b   swpd   free   buff  cache   si   so    bi    bo   in   cs us sy id wa st
 2  0  11032 63963552 136292 342048    0    0     0     0 3279 2905  2  0 98  0  0	
 1  0  11032 63963420 136292 342048    0    0     0     0 3320 2960  2  0 98  0  0	
 1  0  11032 63963296 136292 342048    0    0     0     0 3255 2838  2  0 98  0  0	
 1  0  11032 63963420 136292 342056    0    0     0     0 3273 2885  2  0 98  0  0	
 2  0  11032 63963412 136292 342056    0    0     0     0 3324 2979  2  0 98  0  0	
 2  0  11032 63963544 136292 342060    0    0     0     0 3236 2816  2  0 98  0  0	
 1  0  11032 63963420 136292 342060    0    0     0     0 3288 2897  2  0 98  0  0	
 2  0  11032 63963544 136292 342060    0    0     0     0 3122 2592  2  0 98  0  0	
 1  0  11032 63963420 136292 342064    0    0     0     0 3137 2623  2  0 98  0  0	
 1  0  11032 63963420 136292 342068    0    0     0     0 3144 2603  2  0 98  0  0	
 1  0  11032 63963552 136292 342072    0    0     0     0 3205 2733  2  0 98  0  0	
 1  0  11032 63963544 136292 342080    0    0     0     0 3096 2517  2  0 98  0  0	
 2  0  11032 63963296 136292 342080    0    0     0     2 3117 2555  2  0 98  0  0	
 1  0  11032 63963428 136292 342080    0    0     0     0 3076 2502  2  0 98  0  0	
 2  0  11032 63963420 136292 342084    0    0     0     0 3084 2508  2  0 98  0  0	
 1  0  11032 63963552 136292 342088    0    0     0     0 3076 2497  2  0 98  0  0	
 1  0  11032 63963420 136292 342088    0    0     0     0 3089 2511  2  0 98  0  0	
 1  0  11032 63963544 136292 342092    0    0     0     0 3065 2483  2  0 98  0  0	
 1  0  11032 63963792 136292 342096    0    0     0     0 3137 2623  2  0 98  0  0	
 2  0  11032 63963536 136292 342096    0    0     0     0 3302 2941  2  0 98  0  0	
 1  0  11032 63963552 136292 342100    0    0     0     0 3317 2952  2  0 98  0  0	
procs -----------memory---------- ---swap-- -----io---- --system-- -----cpu-----
 r  b   swpd   free   buff  cache   si   so    bi    bo   in   cs us sy id wa st
 2  0  11032 63963544 136292 342100    0    0     0     0 3278 2887  2  0 98  0  0	
 1  0  11032 63963668 136292 342100    0    0     0     0 3116 2577  2  0 98  0  0	
 1  0  11032 63963544 136292 342104    0    0     0     0 3083 2519  2  0 98  0  0	
 2  0  11032 63963412 136292 342108    0    0     0     0 3153 2590  2  0 98  0  0	
 1  0  11032 63963536 136292 342108    0    0     0     0 3067 2498  2  0 98  0  0	
 2  0  11032 63963404 136292 342116    0    0     0     6 3071 2512  2  0 98  0  0	
 1  0  11032 63963536 136292 342116    0    0     0     0 3063 2497  2  0 98  0  0	
 1  0  11032 63963556 136292 342116    0    0     0     0 3077 2506  2  0 98  0  0	
 1  0  11032 63963672 136292 342120    0    0     0     0 3066 2484  2  0 98  0  0	
 1  0  11032 63963564 136292 342120    0    0     0     0 3088 2531  2  0 98  0  0	
 2  0  11032 63963680 136292 342124    0    0     0     0 3074 2496  2  0 98  0  0	
 1  0  11032 63963688 136292 342124    0    0     0     0 3076 2495  2  0 98  0  0	
 2  0  11032 63963688 136292 342128    0    0     0     0 3260 2847  2  0 98  0  0	
 1  0  11032 63963556 136292 342136    0    0     0     0 3251 2867  2  0 98  0  0	
 1  0  11032 63963440 136292 342136    0    0     0     0 3203 2789  2  0 98  0  0	
 1  0  11032 63963564 136292 342136    0    0     0     0 3192 2747  2  0 98  0  0	
 1  0  11032 63963564 136292 342144    0    0     0     0 3244 2885  2  0 98  0  0	
 3  0  11032 63963432 136292 342144    0    0     0     0 3253 2822  2  0 98  0  0	
 1  0  11032 63963308 136292 342148    0    0     0     0 3240 2815  2  0 98  0  0	
 1  0  11032 63963316 136292 342152    0    0     0     0 3267 2903  2  0 98  0  0	
 1  0  11032 63963440 136292 342156    0    0     0     0 3170 2676  2  0 98  0  0	
procs -----------memory---------- ---swap-- -----io---- --system-- -----cpu-----
 r  b   swpd   free   buff  cache   si   so    bi    bo   in   cs us sy id wa st
 1  0  11032 63963316 136292 342156    0    0     0     2 3379 3104  2  0 98  0  0	
 2  0  11032 63963564 136292 342160    0    0     0     0 3056 2489  2  0 98  0  0	
 1  0  11032 63963748 136292 342160    0    0     0     0 3064 2510  2  0 98  0  0	
 2  0  11032 63963636 136292 342168    0    0     0     0 3062 2497  2  0 98  0  0	
 1  0  11032 63963788 136292 342168    0    0     0     0 3086 2525  2  0 98  0  0	
 1  0  11032 63963664 136292 342168    0    0     0     0 3065 2509  2  0 98  0  0	
 2  0  11032 63963664 136292 342172    0    0     0     0 3082 2552  2  0 98  0  0	
 1  0  11032 63963792 136292 342176    0    0     0     0 3174 2720  2  0 98  0  0	
 2  0  11032 63963800 136292 342176    0    0     0     0 3284 2950  2  0 98  0  0	
 1  0  11032 63963656 136292 342180    0    0     0     0 3262 2869  2  0 98  0  0	
 2  0  11032 63963424 136292 342184    0    0     0     6 3102 2553  2  0 98  0  0	
 1  0  11032 63963044 136292 342184    0    0     0     0 3222 2800  2  0 98  0  0	
 1  0  11032 63963284 136292 342192    0    0     0     0 3253 2851  2  0 98  0  0	
 1  0  11032 63963416 136292 342196    0    0     0     0 3186 2711  2  0 98  0  0	
 1  0  11032 63963160 136292 342200    0    0     0     0 3101 2540  2  0 98  0  0	
 1  0  11032 63963692 136292 342204    0    0     0    10 3077 2509  2  0 98  0  0	
 2  0  11032 63963764 136292 342204    0    0     0     0 3083 2510  2  0 98  0  0	
 1  0  11032 63963516 136292 342208    0    0     0     0 3124 2622  2  0 98  0  0	
 2  0  11032 63963656 136292 342208    0    0     0     0 3233 2798  2  0 98  0  0	
 1  0  11032 63963648 136292 342212    0    0     0     0 3086 2526  2  0 98  0  0	
 1  0  11032 63963144 136292 342228    0    0     0    24 3222 2687  2  0 98  0  0	
procs -----------memory---------- ---swap-- -----io---- --system-- -----cpu-----
 r  b   swpd   free   buff  cache   si   so    bi    bo   in   cs us sy id wa st
 2  0  11032 63962648 136292 342228    0    0     0     0 3210 2764  2  0 98  0  0	
 1  0  11032 63962896 136292 342232    0    0     0     0 3120 2583  2  0 98  0  0	
 1  0  11032 63963228 136292 342236    0    0     0     0 3200 2739  2  0 98  0  0	
 1  0  11032 63963420 136292 342236    0    0     0     0 3152 2661  2  0 98  0  0	
