procs -----------memory---------- ---swap-- -----io---- --system-- -----cpu-----
 r  b   swpd   free   buff  cache   si   so    bi    bo   in   cs us sy id wa st
 4  0  11032 64595968 136156 301276    0    0     0     1    0    0  5  1 94  0  0	
 3  0  11032 64558704 136156 301308    0    0     0     0 3724 3853  2  0 98  0  0	
 2  0  11032 64558700 136156 301316    0    0     0     0 3221 2848  2  0 98  0  0	
 1  0  11032 64558816 136156 301320    0    0     0     8 3114 2606  2  0 98  0  0	
 1  0  11032 64559608 136156 301328    0    0     0    22 3151 2572  2  0 98  0  0	
 2  0  11032 64560112 136156 301328    0    0     0     0 3073 2522  2  0 98  0  0	
 2  0  11032 64559992 136156 301332    0    0     0     0 3005 2466  2  0 98  0  0	
 1  0  11032 64560772 136156 301332    0    0     0     0 3121 2608  2  0 98  0  0	
 1  0  11032 64560920 136156 301336    0    0     0     0 3132 2589  2  0 98  0  0	
 1  0  11032 64561052 136160 301340    0    0     0     2 3115 2585  2  0 98  0  0	
 2  0  11032 64561352 136160 301340    0    0     0     0 3078 2553  2  0 98  0  0	
 1  0  11032 64561484 136160 301340    0    0     0    12 3129 2586  2  0 98  0  0	
 2  0  11032 64561696 136160 301344    0    0     0     0 3101 2569  2  0 98  0  0	
 1  0  11032 64561820 136160 301344    0    0     0     0 3138 2603  2  0 98  0  0	
 2  0  11032 64561820 136160 301348    0    0     0    18 3126 2584  2  0 98  0  0	
 2  0  11032 64561828 136160 301352    0    0     0     0 3053 2503  2  0 98  0  0	
 1  0  11032 64561696 136160 301356    0    0     0     6 3066 2496  2  0 98  0  0	
 1  0  11032 64561708 136160 301360    0    0     0     0 3062 2528  2  0 98  0  0	
 2  0  11032 64561716 136160 301364    0    0     0     0 3072 2534  2  0 98  0  0	
 2  0  11032 64561716 136160 301364    0    0     0     0 3074 2495  2  0 98  0  0	
 1  0  11032 64561840 136160 301368    0    0     0     0 3054 2478  2  0 98  0  0	
procs -----------memory---------- ---swap-- -----io---- --system-- -----cpu-----
 r  b   swpd   free   buff  cache   si   so    bi    bo   in   cs us sy id wa st
 1  0  11032 64562096 136160 301368    0    0     0     0 3035 2491  2  0 98  0  0	
 2  0  11032 64562104 136160 301368    0    0     0     0 3172 2761  2  0 98  0  0	
 2  0  11032 64561972 136160 301376    0    0     0     0 3042 2484  2  0 98  0  0	
 1  0  11032 64562096 136160 301376    0    0     0     0 3054 2504  2  0 98  0  0	
 1  0  11032 64561964 136160 301380    0    0     0     0 3102 2570  2  0 98  0  0	
 2  0  11032 64561972 136160 301380    0    0     0     0 3133 2599  2  0 98  0  0	
 2  0  11032 64561848 136160 301380    0    0     0     0 3068 2557  2  0 98  0  0	
 1  0  11032 64561972 136160 301384    0    0     0     0 3349 3117  2  0 98  0  0	
 1  0  11032 64562096 136160 301384    0    0     0     0 3125 2631  2  0 98  0  0	
 2  0  11032 64561972 136160 301388    0    0     0     0 3055 2502  2  0 98  0  0	
 2  0  11032 64561840 136160 301396    0    0     0     0 3066 2483  2  0 98  0  0	
 1  0  11032 64561972 136160 301396    0    0     0     0 3045 2471  2  0 98  0  0	
 1  0  11032 64561840 136160 301396    0    0     0     2 3052 2512  2  0 98  0  0	
 2  0  11032 64561716 136160 301400    0    0     0     0 3217 2823  2  0 98  0  0	
 2  0  11032 64561716 136160 301400    0    0     0     0 3502 3389  2  0 98  0  0	
 1  0  11032 64561584 136160 301404    0    0     0     0 3125 2574  2  0 98  0  0	
 1  0  11032 64561592 136160 301408    0    0     0     0 3091 2519  2  0 98  0  0	
 2  0  11032 64561468 136160 301408    0    0     0     0 3111 2546  2  0 98  0  0	
 2  0  11032 64561708 136160 301416    0    0     0     0 3120 2589  2  0 98  0  0	
 1  0  11032 64561716 136160 301416    0    0     0     0 3089 2518  2  0 98  0  0	
 1  0  11032 64561592 136160 301416    0    0     0     0 3102 2507  2  0 98  0  0	
procs -----------memory---------- ---swap-- -----io---- --system-- -----cpu-----
 r  b   swpd   free   buff  cache   si   so    bi    bo   in   cs us sy id wa st
 2  0  11032 64561716 136160 301416    0    0     0     0 3110 2546  2  0 98  0  0	
 2  0  11032 64561460 136160 301424    0    0     0     0 3154 2617  2  0 98  0  0	
 1  0  11032 64561336 136160 301424    0    0     0     0 3115 2555  2  0 98  0  0	
 1  0  11032 64561460 136160 301428    0    0     0     0 3137 2624  2  0 98  0  0	
 1  0  11032 64561328 136160 301440    0    0     0     6 3095 2525  2  0 98  0  0	
 2  0  11032 64561460 136160 301440    0    0     0     0 3061 2484  2  0 98  0  0	
 2  0  11032 64561592 136160 301440    0    0     0     0 3096 2517  2  0 98  0  0	
 2  0  11032 64561476 136160 301444    0    0     0     0 3089 2496  2  0 98  0  0	
 2  0  11032 64561600 136160 301444    0    0     0     0 3090 2525  2  0 98  0  0	
 2  0  11032 64561600 136160 301448    0    0     0     0 3093 2533  2  0 98  0  0	
 3  0  11032 64561484 136160 301448    0    0     0     0 3058 2440  2  0 98  0  0	
 1  0  11032 64561600 136160 301448    0    0     0     0 3152 2604  2  0 98  0  0	
 1  0  11032 64561476 136160 301460    0    0     0     0 3108 2566  2  0 98  0  0	
 2  0  11032 64561352 136160 301460    0    0     0     0 3080 2582  2  0 98  0  0	
 2  0  11032 64561608 136160 301460    0    0     0     0 3044 2476  2  0 98  0  0	
 1  0  11032 64561608 136160 301468    0    0     0     0 3107 2554  2  0 98  0  0	
 1  0  11032 64561484 136160 301468    0    0     0     0 3065 2465  2  0 98  0  0	
 2  0  11032 64561856 136160 301468    0    0     0     0 3056 2465  2  0 98  0  0	
 2  0  11032 64561732 136160 301476    0    0     0     0 3053 2459  2  0 98  0  0	
 1  0  11032 64561724 136160 301476    0    0     0     0 3056 2482  2  0 98  0  0	
 1  0  11032 64561856 136160 301484    0    0     0     0 3067 2483  2  0 98  0  0	
procs -----------memory---------- ---swap-- -----io---- --system-- -----cpu-----
 r  b   swpd   free   buff  cache   si   so    bi    bo   in   cs us sy id wa st
 1  0  11032 64561848 136160 301484    0    0     0     2 3077 2550  2  0 98  0  0	
 2  0  11032 64561848 136160 301488    0    0     0     0 3078 2511  2  0 98  0  0	
 1  0  11032 64561848 136160 301492    0    0     0     0 3072 2565  2  0 98  0  0	
 1  0  11032 64561716 136160 301492    0    0     0     0 3119 2586  2  0 98  0  0	
 1  0  11032 64561724 136160 301492    0    0     0     0 3091 2552  2  0 98  0  0	
 2  0  11032 64561724 136160 301496    0    0     0     0 3161 2683  2  0 98  0  0	
 2  0  11032 64561612 136160 301500    0    0     0     0 3158 2667  2  0 98  0  0	
 1  0  11032 64561736 136160 301500    0    0     0     0 3099 2559  2  0 98  0  0	
 1  0  11032 64561860 136160 301508    0    0     0     0 3104 2528  2  0 98  0  0	
 2  0  11032 64561736 136160 301508    0    0     0     0 3153 2663  2  0 98  0  0	
 2  0  11032 64561844 136160 301508    0    0     0     0 3083 2508  2  0 98  0  0	
 1  0  11032 64561604 136160 301512    0    0     0     0 3154 2651  2  0 98  0  0	
 1  0  11032 64561728 136160 301516    0    0     0     0 3100 2533  2  0 98  0  0	
