Linux 2.6.32-279.14.1.el6.x86_64 (compute-662-2.local) 	04/20/20 	_x86_64_	(48 CPU)

18:17:21          PID    %usr %system  %guest    %CPU   CPU  Command
18:17:23         5728   97.00    2.50    0.00   99.50    26  lu-mz.B.x
18:17:25         5728  100.00    0.00    0.00  100.00    26  lu-mz.B.x
18:17:27         5728   99.50    0.00    0.00   99.50    26  lu-mz.B.x
18:17:29         5728  100.00    0.00    0.00  100.00    26  lu-mz.B.x
18:17:31         5728   99.50    0.00    0.00   99.50    26  lu-mz.B.x
18:17:33         5728  100.00    0.00    0.00  100.00    26  lu-mz.B.x
18:17:35         5728   99.50    0.00    0.00   99.50    26  lu-mz.B.x
18:17:37         5728  100.00    0.00    0.00  100.00    26  lu-mz.B.x
18:17:39         5728  100.00    0.00    0.00  100.00    26  lu-mz.B.x
18:17:41         5728   99.50    0.00    0.00   99.50    26  lu-mz.B.x
18:17:43         5728  100.00    0.00    0.00  100.00    26  lu-mz.B.x
18:17:45         5728   99.50    0.00    0.00   99.50    26  lu-mz.B.x
18:17:47         5728  100.00    0.00    0.00  100.00    26  lu-mz.B.x
18:17:49         5728   99.50    0.00    0.00   99.50    26  lu-mz.B.x
18:17:51         5728  100.00    0.00    0.00  100.00    26  lu-mz.B.x
18:17:53         5728   99.50    0.00    0.00   99.50    26  lu-mz.B.x
18:17:55         5728  100.00    0.00    0.00  100.00    26  lu-mz.B.x
18:17:57         5728  100.00    0.00    0.00  100.00    26  lu-mz.B.x
18:17:59         5728   99.50    0.00    0.00   99.50    12  lu-mz.B.x
18:18:01         5728  100.00    0.00    0.00  100.00    17  lu-mz.B.x
18:18:03         5728   99.50    0.00    0.00   99.50    17  lu-mz.B.x
18:18:05         5728  100.00    0.00    0.00  100.00    17  lu-mz.B.x
18:18:07         5728  100.00    0.00    0.00  100.00    17  lu-mz.B.x
18:18:09         5728   99.50    0.00    0.00   99.50    17  lu-mz.B.x
18:18:11         5728  100.00    0.00    0.00  100.00    17  lu-mz.B.x
18:18:13         5728   99.50    0.00    0.00   99.50    17  lu-mz.B.x
18:18:15         5728  100.00    0.00    0.00  100.00    17  lu-mz.B.x
18:18:17         5728   99.50    0.00    0.00   99.50    17  lu-mz.B.x
18:18:19         5728  100.00    0.00    0.00  100.00    17  lu-mz.B.x
18:18:21         5728  100.00    0.00    0.00  100.00    17  lu-mz.B.x
18:18:23         5728   99.50    0.00    0.00   99.50    17  lu-mz.B.x
18:18:25         5728  100.00    0.00    0.00  100.00    17  lu-mz.B.x
18:18:27         5728   99.50    0.00    0.00   99.50    17  lu-mz.B.x
18:18:29         5728  100.00    0.00    0.00  100.00    17  lu-mz.B.x
18:18:31         5728  100.00    0.00    0.00  100.00    17  lu-mz.B.x
18:18:33         5728   99.50    0.00    0.00   99.50    17  lu-mz.B.x
18:18:35         5728  100.00    0.00    0.00  100.00    17  lu-mz.B.x
18:18:37         5728   99.50    0.00    0.00   99.50    17  lu-mz.B.x
18:18:39         5728  100.00    0.00    0.00  100.00    17  lu-mz.B.x
18:18:41         5728   99.50    0.00    0.00   99.50    17  lu-mz.B.x
18:18:43         5728  100.00    0.00    0.00  100.00    17  lu-mz.B.x
18:18:45         5728   99.50    0.00    0.00   99.50    17  lu-mz.B.x
18:18:47         5728   99.50    0.00    0.00   99.50    17  lu-mz.B.x
18:18:49         5728  100.00    0.00    0.00  100.00    17  lu-mz.B.x
18:18:51         5728   99.50    0.00    0.00   99.50    17  lu-mz.B.x
18:18:53         5728  100.00    0.00    0.00  100.00    17  lu-mz.B.x
18:18:55         5728   99.50    0.00    0.00   99.50    17  lu-mz.B.x
18:18:57         5728  100.00    0.00    0.00  100.00    17  lu-mz.B.x
18:18:59         5728  100.00    0.00    0.00  100.00    17  lu-mz.B.x
18:19:01         5728   99.50    0.00    0.00   99.50    17  lu-mz.B.x
18:19:03         5728  100.00    0.00    0.00  100.00    17  lu-mz.B.x
18:19:05         5728  100.00    0.00    0.00  100.00    17  lu-mz.B.x
18:19:07         5728   99.50    0.00    0.00   99.50    17  lu-mz.B.x
18:19:09         5728  100.00    0.00    0.00  100.00    17  lu-mz.B.x
18:19:11         5728   99.50    0.00    0.00   99.50    17  lu-mz.B.x
18:19:13         5728  100.00    0.00    0.00  100.00    17  lu-mz.B.x
18:19:15         5728   99.50    0.00    0.00   99.50    17  lu-mz.B.x
18:19:17         5728  100.00    0.00    0.00  100.00    17  lu-mz.B.x
18:19:19         5728  100.00    0.00    0.00  100.00    17  lu-mz.B.x
18:19:21         5728   99.50    0.00    0.00   99.50    17  lu-mz.B.x
18:19:23         5728  100.00    0.00    0.00  100.00    17  lu-mz.B.x
18:19:25         5728   99.50    0.00    0.00   99.50    17  lu-mz.B.x
18:19:27         5728  100.00    0.00    0.00  100.00    17  lu-mz.B.x
18:19:29         5728   99.50    0.00    0.00   99.50    17  lu-mz.B.x
18:19:31         5728  100.00    0.00    0.00  100.00    17  lu-mz.B.x
18:19:33         5728  100.00    0.00    0.00  100.00    17  lu-mz.B.x
18:19:35         5728   99.50    0.00    0.00   99.50    17  lu-mz.B.x
18:19:37         5728  100.00    0.00    0.00  100.00    17  lu-mz.B.x
18:19:39         5728   99.50    0.00    0.00   99.50    17  lu-mz.B.x
18:19:41         5728  100.00    0.00    0.00  100.00    17  lu-mz.B.x
18:19:43         5728  100.00    0.00    0.00  100.00    17  lu-mz.B.x
18:19:45         5728   99.50    0.00    0.00   99.50    17  lu-mz.B.x
18:19:47         5728  100.00    0.00    0.00  100.00    17  lu-mz.B.x
18:19:49         5728   99.50    0.00    0.00   99.50    17  lu-mz.B.x
18:19:51         5728  100.00    0.00    0.00  100.00    17  lu-mz.B.x
18:19:53         5728   99.50    0.00    0.00   99.50    17  lu-mz.B.x
18:19:55         5728  100.00    0.00    0.00  100.00    17  lu-mz.B.x
18:19:57         5728  100.00    0.00    0.00  100.00    17  lu-mz.B.x
18:19:59         5728   99.50    0.00    0.00   99.50    17  lu-mz.B.x
18:20:01         5728  100.00    0.00    0.00  100.00    17  lu-mz.B.x
18:20:03         5728   99.50    0.00    0.00   99.50    17  lu-mz.B.x
18:20:05         5728  100.00    0.00    0.00  100.00    17  lu-mz.B.x
18:20:07         5728  100.00    0.00    0.00  100.00    17  lu-mz.B.x
18:20:09         5728   99.50    0.00    0.00   99.50    17  lu-mz.B.x
18:20:11         5728  100.00    0.00    0.00  100.00    17  lu-mz.B.x
18:20:13         5728   99.50    0.00    0.00   99.50    17  lu-mz.B.x
18:20:15         5728  100.00    0.00    0.00  100.00    17  lu-mz.B.x
18:20:17         5728  100.00    0.00    0.00  100.00    17  lu-mz.B.x
18:20:19         5728   99.50    0.00    0.00   99.50    17  lu-mz.B.x
18:20:21         5728  100.00    0.00    0.00  100.00    17  lu-mz.B.x
18:20:23         5728   99.50    0.00    0.00   99.50    17  lu-mz.B.x
18:20:25         5728  100.00    0.00    0.00  100.00    17  lu-mz.B.x
18:20:27         5728   99.50    0.00    0.00   99.50    17  lu-mz.B.x
18:20:29         5728  100.00    0.00    0.00  100.00    17  lu-mz.B.x
18:20:31         5728  100.00    0.00    0.00  100.00    17  lu-mz.B.x
18:20:33         5728   99.50    0.00    0.00   99.50    17  lu-mz.B.x
18:20:35         5728  100.00    0.00    0.00  100.00    17  lu-mz.B.x
18:20:37         5728   99.50    0.00    0.00   99.50    17  lu-mz.B.x
18:20:39         5728  100.00    0.00    0.00  100.00    17  lu-mz.B.x
18:20:41         5728  100.00    0.00    0.00  100.00    17  lu-mz.B.x
18:20:43         5728   99.50    0.00    0.00   99.50    17  lu-mz.B.x
18:20:45         5728  100.00    0.00    0.00  100.00    17  lu-mz.B.x
18:20:47         5728   99.50    0.00    0.00   99.50    17  lu-mz.B.x
18:20:49         5728  100.00    0.00    0.00  100.00    17  lu-mz.B.x
18:20:51         5728   99.50    0.00    0.00   99.50    17  lu-mz.B.x
18:20:53         5728  100.00    0.00    0.00  100.00    17  lu-mz.B.x
18:20:55         5728  100.00    0.00    0.00  100.00    17  lu-mz.B.x
18:20:57         5728   99.50    0.00    0.00   99.50    17  lu-mz.B.x
18:20:59         5728  100.00    0.00    0.00  100.00    17  lu-mz.B.x
18:21:01         5728   99.50    0.00    0.00   99.50    17  lu-mz.B.x
18:21:03         5728  100.00    0.00    0.00  100.00    17  lu-mz.B.x
18:21:05         5728  100.00    0.00    0.00  100.00    17  lu-mz.B.x
18:21:07         5728   99.50    0.00    0.00   99.50    17  lu-mz.B.x
18:21:09         5728  100.00    0.00    0.00  100.00    17  lu-mz.B.x
18:21:11         5728   99.50    0.00    0.00   99.50    17  lu-mz.B.x
18:21:13         5728  100.00    0.00    0.00  100.00    17  lu-mz.B.x
18:21:15         5728   99.50    0.00    0.00   99.50    17  lu-mz.B.x
18:21:17         5728  100.00    0.00    0.00  100.00    17  lu-mz.B.x
18:21:19         5728  100.00    0.00    0.00  100.00    17  lu-mz.B.x
18:21:21         5728   99.50    0.00    0.00   99.50    17  lu-mz.B.x
18:21:23         5728  100.00    0.00    0.00  100.00    17  lu-mz.B.x
18:21:25         5728   99.50    0.00    0.00   99.50    17  lu-mz.B.x
18:21:27         5728  100.00    0.00    0.00  100.00    17  lu-mz.B.x
18:21:29         5728  100.00    0.00    0.00  100.00    17  lu-mz.B.x
18:21:31         5728   99.50    0.00    0.00   99.50    17  lu-mz.B.x
18:21:33         5728  100.00    0.00    0.00  100.00    17  lu-mz.B.x
18:21:35         5728   99.50    0.00    0.00   99.50    17  lu-mz.B.x
18:21:37         5728  100.00    0.00    0.00  100.00    17  lu-mz.B.x
18:21:39         5728   99.50    0.00    0.00   99.50    17  lu-mz.B.x
18:21:41         5728  100.00    0.00    0.00  100.00    17  lu-mz.B.x
18:21:43         5728  100.00    0.00    0.00  100.00    17  lu-mz.B.x
18:21:45         5728   99.50    0.00    0.00   99.50    17  lu-mz.B.x
18:21:47         5728  100.00    0.00    0.00  100.00    17  lu-mz.B.x
18:21:49         5728   99.50    0.00    0.00   99.50    17  lu-mz.B.x
18:21:51         5728  100.00    0.00    0.00  100.00    17  lu-mz.B.x
18:21:53         5728   99.50    0.00    0.00   99.50    17  lu-mz.B.x
18:21:55         5728  100.00    0.00    0.00  100.00    17  lu-mz.B.x
18:21:57         5728  100.00    0.00    0.00  100.00    17  lu-mz.B.x
18:21:59         5728   99.50    0.00    0.00   99.50    17  lu-mz.B.x
18:22:01         5728  100.00    0.00    0.00  100.00    17  lu-mz.B.x
18:22:03         5728   99.00    0.00    0.00   99.00    17  lu-mz.B.x
18:22:05         5728  100.00    0.00    0.00  100.00    17  lu-mz.B.x
18:22:07         5728  100.00    0.00    0.00  100.00    17  lu-mz.B.x
18:22:09         5728   99.50    0.00    0.00   99.50    17  lu-mz.B.x
18:22:11         5728  100.00    0.00    0.00  100.00    17  lu-mz.B.x
18:22:13         5728   99.50    0.00    0.00   99.50    17  lu-mz.B.x
18:22:15         5728  100.00    0.00    0.00  100.00    17  lu-mz.B.x
18:22:17         5728  100.00    0.00    0.00  100.00    17  lu-mz.B.x
18:22:19         5728   99.50    0.00    0.00   99.50    17  lu-mz.B.x
18:22:21         5728  100.00    0.00    0.00  100.00    17  lu-mz.B.x
18:22:23         5728   99.50    0.00    0.00   99.50    17  lu-mz.B.x
18:22:25         5728  100.00    0.00    0.00  100.00    17  lu-mz.B.x
18:22:27         5728   99.50    0.00    0.00   99.50    17  lu-mz.B.x
18:22:29         5728  100.00    0.00    0.00  100.00    17  lu-mz.B.x
18:22:31         5728  100.00    0.00    0.00  100.00    17  lu-mz.B.x
18:22:33         5728   99.50    0.00    0.00   99.50    17  lu-mz.B.x
18:22:35         5728  100.00    0.00    0.00  100.00    17  lu-mz.B.x
18:22:37         5728   99.50    0.00    0.00   99.50    17  lu-mz.B.x
18:22:39         5728  100.00    0.00    0.00  100.00    17  lu-mz.B.x
18:22:41         5728  100.00    0.00    0.00  100.00    17  lu-mz.B.x
18:22:43         5728   99.50    0.00    0.00   99.50    17  lu-mz.B.x
18:22:45         5728  100.00    0.00    0.00  100.00    17  lu-mz.B.x
18:22:47         5728   99.50    0.00    0.00   99.50    17  lu-mz.B.x
18:22:49         5728  100.00    0.00    0.00  100.00    17  lu-mz.B.x
18:22:51         5728   99.50    0.00    0.00   99.50    17  lu-mz.B.x
18:22:53         5728  100.00    0.00    0.00  100.00    17  lu-mz.B.x
18:22:55         5728  100.00    0.00    0.00  100.00    17  lu-mz.B.x
18:22:57         5728   99.50    0.00    0.00   99.50    17  lu-mz.B.x
18:22:59         5728  100.00    0.00    0.00  100.00    17  lu-mz.B.x
18:23:01         5728   99.50    0.00    0.00   99.50    17  lu-mz.B.x
18:23:03         5728  100.00    0.00    0.00  100.00    17  lu-mz.B.x
18:23:05         5728   99.50    0.00    0.00   99.50    17  lu-mz.B.x
18:23:07         5728  100.00    0.00    0.00  100.00    17  lu-mz.B.x
18:23:09         5728  100.00    0.00    0.00  100.00    17  lu-mz.B.x
18:23:11         5728   99.50    0.00    0.00   99.50    17  lu-mz.B.x
18:23:13         5728  100.00    0.00    0.00  100.00    17  lu-mz.B.x
18:23:15         5728   99.50    0.00    0.00   99.50    17  lu-mz.B.x
18:23:17         5728  100.00    0.00    0.00  100.00    17  lu-mz.B.x
18:23:19         5728  100.00    0.00    0.00  100.00    17  lu-mz.B.x
18:23:21         5728   99.50    0.00    0.00   99.50    17  lu-mz.B.x
18:23:23         5728  100.00    0.00    0.00  100.00    17  lu-mz.B.x
18:23:25         5728   99.50    0.00    0.00   99.50    17  lu-mz.B.x
18:23:27         5728  100.00    0.00    0.00  100.00    17  lu-mz.B.x
18:23:29         5728  100.00    0.00    0.00  100.00    17  lu-mz.B.x
18:23:31         5728   99.50    0.00    0.00   99.50    17  lu-mz.B.x
18:23:33         5728  100.00    0.00    0.00  100.00    17  lu-mz.B.x
18:23:35         5728   99.50    0.00    0.00   99.50    17  lu-mz.B.x
18:23:37         5728  100.00    0.00    0.00  100.00    17  lu-mz.B.x
18:23:39         5728  100.00    0.00    0.00  100.00    17  lu-mz.B.x
18:23:41         5728   99.50    0.00    0.00   99.50    17  lu-mz.B.x
18:23:43         5728  100.00    0.00    0.00  100.00    17  lu-mz.B.x
18:23:45         5728   99.50    0.00    0.00   99.50    17  lu-mz.B.x
18:23:47         5728  100.00    0.00    0.00  100.00    17  lu-mz.B.x
18:23:49         5728  100.00    0.00    0.00  100.00    17  lu-mz.B.x
18:23:51         5728   99.50    0.00    0.00   99.50    17  lu-mz.B.x
18:23:53         5728  100.00    0.00    0.00  100.00    17  lu-mz.B.x
18:23:55         5728   99.50    0.00    0.00   99.50    17  lu-mz.B.x
18:23:57         5728  100.00    0.00    0.00  100.00    17  lu-mz.B.x
18:23:59         5728   99.50    0.00    0.00   99.50    17  lu-mz.B.x
18:24:01         5728  100.00    0.00    0.00  100.00    17  lu-mz.B.x
18:24:03         5728  100.00    0.00    0.00  100.00    17  lu-mz.B.x
18:24:05         5728   99.50    0.00    0.00   99.50    17  lu-mz.B.x
18:24:07         5728  100.00    0.00    0.00  100.00    17  lu-mz.B.x
18:24:09         5728   99.50    0.00    0.00   99.50    17  lu-mz.B.x
18:24:11         5728  100.00    0.00    0.00  100.00    17  lu-mz.B.x
18:24:13         5728  100.00    0.00    0.00  100.00    17  lu-mz.B.x
