Linux 2.6.32-279.14.1.el6.x86_64 (compute-662-2.local) 	04/20/20 	_x86_64_	(48 CPU)

19:31:16     CPU    %usr   %nice    %sys %iowait    %irq   %soft  %steal  %guest   %idle
19:31:18     all    2.11    0.00    0.10    0.00    0.00    0.00    0.00    0.00   97.79
19:31:20     all    2.10    0.00    0.07    0.00    0.00    0.00    0.00    0.00   97.83
19:31:22     all    2.11    0.00    0.08    0.21    0.00    0.01    0.00    0.00   97.59
19:31:24     all    2.10    0.00    0.07    0.00    0.00    0.00    0.00    0.00   97.83
19:31:26     all    2.10    0.00    0.07    0.00    0.00    0.00    0.00    0.00   97.83
19:31:28     all    2.10    0.00    0.07    0.00    0.00    0.00    0.00    0.00   97.83
19:31:30     all    2.11    0.00    0.08    0.00    0.00    0.00    0.00    0.00   97.81
19:31:32     all    2.10    0.00    0.09    0.00    0.00    0.01    0.00    0.00   97.80
19:31:34     all    2.11    0.00    0.10    0.00    0.00    0.00    0.00    0.00   97.79
19:31:36     all    2.12    0.00    0.11    0.00    0.00    0.00    0.00    0.00   97.77
19:31:38     all    2.11    0.00    0.07    0.00    0.00    0.00    0.00    0.00   97.82
19:31:40     all    2.10    0.00    0.09    0.00    0.00    0.00    0.00    0.00   97.81
19:31:42     all    2.11    0.00    0.08    0.21    0.00    0.01    0.00    0.00   97.59
19:31:44     all    2.10    0.00    0.08    0.00    0.00    0.00    0.00    0.00   97.82
19:31:46     all    2.11    0.00    0.08    0.00    0.00    0.00    0.00    0.00   97.81
19:31:48     all    2.10    0.00    0.06    0.00    0.00    0.00    0.00    0.00   97.84
19:31:50     all    2.11    0.00    0.07    0.00    0.00    0.00    0.00    0.00   97.82
19:31:52     all    2.10    0.00    0.07    0.00    0.00    0.01    0.00    0.00   97.82
19:31:54     all    2.11    0.00    0.06    0.00    0.00    0.00    0.00    0.00   97.83
19:31:56     all    2.11    0.00    0.07    0.02    0.00    0.00    0.00    0.00   97.80
19:31:58     all    2.10    0.00    0.07    0.00    0.00    0.01    0.00    0.00   97.82
19:32:00     all    2.10    0.00    0.06    0.00    0.00    0.00    0.00    0.00   97.84
19:32:02     all    2.10    0.00    0.07    0.00    0.00    0.00    0.00    0.00   97.83
19:32:04     all    2.11    0.00    0.07    0.00    0.00    0.00    0.00    0.00   97.82
19:32:06     all    2.10    0.00    0.06    0.00    0.00    0.01    0.00    0.00   97.83
19:32:08     all    2.10    0.00    0.07    0.00    0.00    0.00    0.00    0.00   97.83
19:32:10     all    2.10    0.00    0.07    0.00    0.00    0.00    0.00    0.00   97.83
19:32:12     all    2.10    0.00    0.08    0.00    0.00    0.00    0.00    0.00   97.82
19:32:14     all    2.11    0.00    0.06    0.00    0.00    0.00    0.00    0.00   97.83
19:32:16     all    2.10    0.00    0.06    0.00    0.00    0.02    0.00    0.00   97.82
19:32:18     all    2.10    0.00    0.08    0.00    0.00    0.01    0.00    0.00   97.81
19:32:20     all    2.11    0.00    0.11    0.00    0.00    0.00    0.00    0.00   97.78
19:32:22     all    2.10    0.00    0.09    0.00    0.00    0.01    0.00    0.00   97.80
19:32:24     all    2.10    0.00    0.10    0.00    0.00    0.01    0.00    0.00   97.79
