procs -----------memory---------- ---swap-- -----io---- --system-- -----cpu-----
 r  b   swpd   free   buff  cache   si   so    bi    bo   in   cs us sy id wa st
 4  0  11032 64564528 136248 331768    0    0     0     1    0    0  5  1 94  0  0	
 5  0  11032 64053796 136248 331804    0    0     0     0 3362 3043  2  0 98  0  0	
 2  0  11032 63971560 136248 331808    0    0     0     0 3136 2598  2  0 98  0  0	
 2  0  11032 63971564 136248 331812    0    0     0     8 3079 2504  2  0 98  0  0	
 1  0  11032 63972916 136248 331812    0    0     0     0 3083 2489  2  0 98  0  0	
 1  0  11032 63973048 136248 331812    0    0     0     0 3057 2486  2  0 98  0  0	
 2  0  11032 63973204 136248 331816    0    0     0     6 3059 2486  2  0 98  0  0	
 1  0  11032 63973660 136248 331816    0    0     0     0 3062 2511  2  0 98  0  0	
 1  0  11032 63973808 136248 331816    0    0     0     0 3158 2744  2  0 98  0  0	
 1  0  11032 63974040 136248 331824    0    0     0     0 3012 2464  2  0 98  0  0	
 1  0  11032 63974164 136248 331824    0    0     0     0 3270 2956  2  0 98  0  0	
 2  0  11032 63974288 136248 331824    0    0     0     0 3082 2535  2  0 98  0  0	
 1  0  11032 63974288 136248 331828    0    0     0     0 3062 2479  2  0 98  0  0	
 1  0  11032 63974796 136248 331828    0    0     0     0 3101 2561  2  0 98  0  0	
 2  0  11032 63974668 136248 331832    0    0     0     0 3137 2664  2  0 98  0  0	
 1  0  11032 63974544 136248 331836    0    0     0     0 3062 2474  2  0 98  0  0	
 2  0  11032 63974700 136248 331836    0    0     0     0 3075 2484  2  0 98  0  0	
 1  0  11032 63974676 136248 331844    0    0     0     2 3081 2500  2  0 98  0  0	
 1  0  11032 63974568 136248 331848    0    0     0     0 3123 2578  2  0 98  0  0	
 1  0  11032 63974568 136248 331848    0    0     0     0 3089 2518  2  0 98  0  0	
 1  0  11032 63974568 136248 331852    0    0     0    14 3098 2543  2  0 98  0  0	
procs -----------memory---------- ---swap-- -----io---- --system-- -----cpu-----
 r  b   swpd   free   buff  cache   si   so    bi    bo   in   cs us sy id wa st
 1  0  11032 63974568 136248 331852    0    0     0     0 3048 2474  2  0 98  0  0	
 1  0  11032 63974692 136248 331852    0    0     0     0 3080 2542  2  0 98  0  0	
 1  0  11032 63974452 136248 331856    0    0     0     0 3065 2544  2  0 98  0  0	
 1  0  11032 63974436 136248 331860    0    0     0     0 3051 2488  2  0 98  0  0	
 1  0  11032 63974568 136248 331864    0    0     0     0 3057 2495  2  0 98  0  0	
 2  0  11032 63974568 136248 331864    0    0     0     0 3080 2540  2  0 98  0  0	
 1  0  11032 63974560 136248 331864    0    0     0     0 3069 2502  2  0 98  0  0	
 1  0  11032 63974692 136248 331868    0    0     0     0 3101 2557  2  0 98  0  0	
 1  0  11032 63974568 136248 331868    0    0     0     0 3111 2559  2  0 98  0  0	
 1  0  11032 63974700 136248 331872    0    0     0     0 3089 2527  2  0 98  0  0	
 2  0  11032 63974576 136248 331876    0    0     0     0 3133 2605  2  0 98  0  0	
 2  0  11032 63974816 136248 331880    0    0     0     0 3138 2616  2  0 98  0  0	
 1  0  11032 63974576 136248 331880    0    0     0     0 3119 2553  2  0 98  0  0	
 1  0  11032 63974312 136248 331884    0    0     0     0 3096 2524  2  0 98  0  0	
 1  0  11032 63974560 136248 331884    0    0     0     0 3076 2500  2  0 98  0  0	
 2  0  11032 63974564 136248 331888    0    0     0     6 3077 2502  2  0 98  0  0	
 1  0  11032 63974680 136248 331892    0    0     0    10 3103 2578  2  0 98  0  0	
 1  0  11032 63974440 136248 331892    0    0     0     0 3115 2590  2  0 98  0  0	
 1  0  11032 63974324 136248 331900    0    0     0     0 3135 2608  2  0 98  0  0	
 1  0  11032 63974448 136248 331900    0    0     0     0 3096 2548  2  0 98  0  0	
 2  0  11032 63974448 136248 331900    0    0     0     0 3133 2599  2  0 98  0  0	
procs -----------memory---------- ---swap-- -----io---- --system-- -----cpu-----
 r  b   swpd   free   buff  cache   si   so    bi    bo   in   cs us sy id wa st
 1  0  11032 63974572 136248 331904    0    0     0     0 3123 2605  2  0 98  0  0	
 1  0  11032 63974456 136248 331908    0    0     0     0 3078 2500  2  0 98  0  0	
 1  0  11032 63974572 136248 331908    0    0     0     0 3229 2816  2  0 98  0  0	
 1  0  11032 63974572 136248 331916    0    0     0     0 3066 2496  2  0 98  0  0	
 1  0  11032 63974572 136248 331924    0    0     0     0 3051 2480  2  0 98  0  0	
 1  0  11032 63974440 136248 331924    0    0     0     0 3060 2500  2  0 98  0  0	
 2  0  11032 63974448 136248 331924    0    0     0     0 3072 2503  2  0 98  0  0	
 1  0  11032 63974448 136248 331928    0    0     0     0 3081 2508  2  0 98  0  0	
 1  0  11032 63974572 136248 331928    0    0     0     0 3092 2550  2  0 98  0  0	
 1  0  11032 63974572 136248 331932    0    0     0     0 3070 2487  2  0 98  0  0	
 2  0  11032 63974564 136248 331932    0    0     0     0 3068 2457  2  0 98  0  0	
 2  0  11032 63974456 136248 331932    0    0     0     0 3080 2503  2  0 98  0  0	
 1  0  11032 63974456 136248 331940    0    0     0     0 3136 2608  2  0 98  0  0	
 1  0  11032 63974580 136248 331944    0    0     0     0 3070 2493  2  0 98  0  0	
 1  0  11032 63974456 136248 331944    0    0     0     0 3091 2547  2  0 98  0  0	
 1  0  11032 63974572 136248 331952    0    0     0     0 3139 2659  2  0 98  0  0	
 2  0  11032 63974580 136248 331952    0    0     0     0 3092 2532  2  0 98  0  0	
 1  0  11032 63974460 136248 331952    0    0     0     0 3088 2528  2  0 98  0  0	
 1  0  11032 63974584 136248 331960    0    0     0     0 3077 2516  2  0 98  0  0	
 1  0  11032 63974460 136248 331960    0    0     0     0 3085 2543  2  0 98  0  0	
 1  0  11032 63974576 136248 331964    0    0     0     0 3128 2611  2  0 98  0  0	
procs -----------memory---------- ---swap-- -----io---- --system-- -----cpu-----
 r  b   swpd   free   buff  cache   si   so    bi    bo   in   cs us sy id wa st
 2  0  11032 63974584 136248 331968    0    0     0     0 3111 2568  2  0 98  0  0	
 1  0  11032 63974188 136248 331972    0    0     0     0 3117 2554  2  0 98  0  0	
 1  0  11032 63974312 136248 331976    0    0     0     0 3081 2524  2  0 98  0  0	
 1  0  11032 63974312 136248 331976    0    0     0     6 3134 2630  2  0 98  0  0	
 1  0  11032 63974296 136248 331976    0    0     0     0 3108 2600  2  0 98  0  0	
 2  0  11032 63974312 136248 331980    0    0     0     0 3112 2611  2  0 98  0  0	
 1  0  11032 63974568 136248 331980    0    0     0     0 3083 2528  2  0 98  0  0	
 1  0  11032 63974452 136248 331984    0    0     0     0 3160 2666  2  0 98  0  0	
 1  0  11032 63974452 136248 331992    0    0     0     0 3066 2488  2  0 98  0  0	
 2  0  11032 63974460 136248 331992    0    0     0     0 3053 2489  2  0 98  0  0	
 2  0  11032 63974344 136248 331992    0    0     0     0 3047 2483  2  0 98  0  0	
 1  0  11032 63974460 136248 331996    0    0     0     0 3108 2588  2  0 98  0  0	
 2  0  11032 63974460 136248 332000    0    0     0     0 3092 2528  2  0 98  0  0	
 1  0  11032 63974584 136248 332004    0    0     0     0 3087 2521  2  0 98  0  0	
 1  0  11032 63974568 136248 332004    0    0     0     0 3119 2563  2  0 98  0  0	
 1  0  11032 63974576 136248 332008    0    0     0     0 3110 2539  2  0 98  0  0	
 1  0  11032 63974576 136248 332012    0    0     0     0 3089 2527  2  0 98  0  0	
 1  0  11032 63974580 136248 332012    0    0     0     0 3091 2549  2  0 98  0  0	
 1  0  11032 63974704 136248 332012    0    0     0     0 3078 2511  2  0 98  0  0	
 1  0  11032 63974584 136248 332016    0    0     0     2 3109 2561  2  0 98  0  0	
 1  0  11032 63974344 136248 332016    0    0     0     0 3083 2503  2  0 98  0  0	
procs -----------memory---------- ---swap-- -----io---- --system-- -----cpu-----
 r  b   swpd   free   buff  cache   si   so    bi    bo   in   cs us sy id wa st
 1  0  11032 63974460 136248 332016    0    0     0     0 3079 2501  2  0 98  0  0	
 2  0  11032 63974460 136248 332020    0    0     0     0 3072 2503  2  0 98  0  0	
 1  0  11032 63974584 136248 332024    0    0     0     0 3092 2553  2  0 98  0  0	
 1  0  11032 63974328 136248 332028    0    0     0     0 3073 2505  2  0 98  0  0	
 1  0  11032 63974708 136248 332032    0    0     0     0 3060 2493  2  0 98  0  0	
 1  0  11032 63974700 136248 332036    0    0     0     0 3080 2509  2  0 98  0  0	
 2  0  11032 63974708 136248 332044    0    0     0     0 3074 2502  2  0 98  0  0	
 1  0  11032 63974708 136248 332044    0    0     0     0 3075 2505  2  0 98  0  0	
 2  0  11032 63974336 136248 332048    0    0     0     0 3150 2625  2  0 98  0  0	
 1  0  11032 63974468 136248 332056    0    0     0     0 3082 2515  2  0 98  0  0	
 1  0  11032 63974320 136248 332056    0    0     0     0 3194 2690  2  0 98  0  0	
 1  0  11032 63974336 136248 332056    0    0     0     6 3101 2523  2  0 98  0  0	
 1  0  11032 63974452 136248 332060    0    0     0     0 3101 2531  2  0 98  0  0	
 2  0  11032 63974444 136248 332060    0    0     0     0 3096 2542  2  0 98  0  0	
 1  0  11032 63974576 136248 332060    0    0     0     0 3110 2570  2  0 98  0  0	
 2  0  11032 63974584 136248 332064    0    0     0     0 3126 2577  2  0 98  0  0	
 1  0  11032 63974584 136248 332068    0    0     0     0 3126 2565  2  0 98  0  0	
 1  0  11032 63974584 136248 332068    0    0     0     8 3107 2561  2  0 98  0  0	
 1  0  11032 63974460 136248 332072    0    0     0     0 3102 2555  2  0 98  0  0	
 1  0  11032 63974592 136248 332072    0    0     0     0 3100 2555  2  0 98  0  0	
 2  0  11032 63974340 136248 332072    0    0     0     0 3113 2551  2  0 98  0  0	
procs -----------memory---------- ---swap-- -----io---- --system-- -----cpu-----
 r  b   swpd   free   buff  cache   si   so    bi    bo   in   cs us sy id wa st
 1  0  11032 63973828 136248 332088    0    0     0    22 3166 2571  2  0 98  0  0	
 1  0  11032 63973712 136248 332088    0    0     0     0 3130 2595  2  0 98  0  0	
 2  0  11032 63973836 136248 332092    0    0     0     0 3120 2589  2  0 98  0  0	
 1  0  11032 63974044 136248 332096    0    0     0     0 3094 2538  2  0 98  0  0	
 2  0  11032 63974168 136248 332100    0    0     0     0 3144 2623  2  0 98  0  0	
 1  0  11032 63974168 136248 332100    0    0     0     0 3114 2590  2  0 98  0  0	
 1  0  11032 63974432 136248 332104    0    0     0     0 3113 2554  2  0 98  0  0	
 1  0  11032 63974372 136248 332104    0    0     0    14 3104 2547  2  0 98  0  0	
 1  0  11032 63974380 136248 332108    0    0     0     0 3056 2486  2  0 98  0  0	
 2  0  11032 63974256 136248 332108    0    0     0     0 3064 2506  2  0 98  0  0	
 1  0  11032 63974132 136248 332112    0    0     0     0 3077 2529  2  0 98  0  0	
 1  0  11032 63974256 136248 332120    0    0     0     0 3120 2626  2  0 98  0  0	
 1  0  11032 63974372 136248 332120    0    0     0     0 3085 2534  2  0 98  0  0	
 1  0  11032 63974264 136248 332120    0    0     0     0 3078 2510  2  0 98  0  0	
 1  0  11032 63974388 136248 332124    0    0     0     0 3084 2525  2  0 98  0  0	
 1  0  11032 63974388 136248 332128    0    0     0     0 3075 2502  2  0 98  0  0	
 1  0  11032 63974388 136248 332128    0    0     0     0 3069 2493  2  0 98  0  0	
 1  0  11032 63974380 136248 332132    0    0     0     0 3144 2617  2  0 98  0  0	
 1  0  11032 63974264 136248 332132    0    0     0     0 3107 2532  2  0 98  0  0	
 1  0  11032 63974000 136248 332140    0    0     0     0 3129 2603  2  0 98  0  0	
 1  0  11032 63973876 136248 332144    0    0     0     0 3124 2615  2  0 98  0  0	
procs -----------memory---------- ---swap-- -----io---- --system-- -----cpu-----
 r  b   swpd   free   buff  cache   si   so    bi    bo   in   cs us sy id wa st
 2  0  11032 63973872 136248 332144    0    0     0     6 3082 2541  2  0 98  0  0	
 1  0  11032 63973872 136248 332148    0    0     0     0 3063 2499  2  0 98  0  0	
 1  0  11032 63974128 136248 332148    0    0     0     0 3097 2557  2  0 98  0  0	
 1  0  11032 63974136 136248 332152    0    0     0     0 3078 2508  2  0 98  0  0	
 1  0  11032 63974136 136248 332156    0    0     0     0 3129 2615  2  0 98  0  0	
 2  0  11032 63974260 136248 332156    0    0     0     0 3111 2569  2  0 98  0  0	
 1  0  11032 63974136 136248 332160    0    0     0     0 3095 2540  2  0 98  0  0	
 2  0  11032 63974268 136248 332168    0    0     0     0 3101 2551  2  0 98  0  0	
 1  0  11032 63974136 136248 332168    0    0     0     0 3129 2612  2  0 98  0  0	
 1  0  11032 63974012 136248 332172    0    0     0     0 3081 2511  2  0 98  0  0	
 1  0  11032 63974136 136248 332176    0    0     0     0 3106 2552  2  0 98  0  0	
 1  0  11032 63974120 136248 332176    0    0     0     0 3100 2548  2  0 98  0  0	
 2  0  11032 63974252 136248 332184    0    0     0     0 3088 2523  2  0 98  0  0	
 1  0  11032 63974244 136248 332188    0    0     0     0 3113 2550  2  0 98  0  0	
 1  0  11032 63974376 136248 332188    0    0     0     0 3115 2585  2  0 98  0  0	
 1  0  11032 63974252 136248 332192    0    0     0     0 3111 2575  2  0 98  0  0	
 1  0  11032 63974252 136248 332196    0    0     0     2 3110 2579  2  0 98  0  0	
 1  0  11032 63974376 136248 332196    0    0     0     0 3077 2512  2  0 98  0  0	
 2  0  11032 63974104 136248 332196    0    0     0     0 3144 2596  2  0 98  0  0	
 1  0  11032 63973748 136248 332200    0    0     0     0 3167 2651  2  0 98  0  0	
 1  0  11032 63973616 136248 332204    0    0     0     0 3096 2576  2  0 98  0  0	
procs -----------memory---------- ---swap-- -----io---- --system-- -----cpu-----
 r  b   swpd   free   buff  cache   si   so    bi    bo   in   cs us sy id wa st
 2  0  11032 63973608 136248 332208    0    0     0     0 3092 2535  2  0 98  0  0	
 1  0  11032 63973996 136248 332208    0    0     0     0 3094 2540  2  0 98  0  0	
 1  0  11032 63973996 136248 332208    0    0     0     0 3086 2518  2  0 98  0  0	
 1  0  11032 63974120 136248 332216    0    0     0     0 3085 2526  2  0 98  0  0	
 1  0  11032 63973960 136248 332216    0    0     0     0 3101 2557  2  0 98  0  0	
 1  0  11032 63974200 136248 332216    0    0     0     0 3098 2566  2  0 98  0  0	
 1  0  11032 63974208 136248 332220    0    0     0     0 3078 2511  2  0 98  0  0	
 2  0  11032 63974316 136248 332224    0    0     0     0 3162 2613  2  0 98  0  0	
 1  0  11032 63974316 136248 332224    0    0     0     0 3092 2535  2  0 98  0  0	
 2  0  11032 63974316 136248 332228    0    0     0     6 3144 2611  2  0 98  0  0	
 1  0  11032 63974188 136248 332228    0    0     0     0 3075 2512  2  0 98  0  0	
 1  0  11032 63974196 136248 332228    0    0     0     0 3127 2610  2  0 98  0  0	
 2  0  11032 63973956 136248 332232    0    0     0     0 3128 2565  2  0 98  0  0	
 1  0  11032 63974080 136248 332236    0    0     0     0 3080 2515  2  0 98  0  0	
 2  0  11032 63974204 136248 332244    0    0     0     0 3072 2498  2  0 98  0  0	
 1  0  11032 63974276 136248 332244    0    0     0     0 3071 2507  2  0 98  0  0	
 1  0  11032 63974288 136248 332244    0    0     0     0 3079 2508  2  0 98  0  0	
 1  0  11032 63974280 136248 332248    0    0     0     0 3155 2676  2  0 98  0  0	
 1  0  11032 63974280 136248 332252    0    0     0     0 3098 2541  2  0 98  0  0	
 2  0  11032 63974280 136248 332252    0    0     0     0 3101 2542  2  0 98  0  0	
 1  0  11032 63974396 136248 332256    0    0     0     0 3145 2615  2  0 98  0  0	
procs -----------memory---------- ---swap-- -----io---- --system-- -----cpu-----
 r  b   swpd   free   buff  cache   si   so    bi    bo   in   cs us sy id wa st
 1  0  11032 63974156 136248 332256    0    0     0     0 3110 2541  2  0 98  0  0	
 1  0  11032 63974280 136248 332260    0    0     0     0 3116 2574  2  0 98  0  0	
 1  0  11032 63974156 136248 332264    0    0     0     0 3099 2561  2  0 98  0  0	
 2  0  11032 63974160 136248 332264    0    0     0     0 3075 2495  2  0 98  0  0	
 1  0  11032 63974284 136248 332268    0    0     0     2 3071 2506  2  0 98  0  0	
 1  0  11032 63974168 136248 332272    0    0     0     0 3076 2497  2  0 98  0  0	
 1  0  11032 63974292 136248 332272    0    0     0     0 3090 2519  2  0 98  0  0	
 1  0  11032 63974284 136248 332276    0    0     0     0 3072 2500  2  0 98  0  0	
 1  0  11032 63974416 136248 332276    0    0     0     0 3096 2551  2  0 98  0  0	
 1  0  11032 63974284 136248 332280    0    0     0     0 3092 2540  2  0 98  0  0	
 2  0  11032 63974292 136248 332292    0    0     0     0 3128 2587  2  0 98  0  0	
 1  0  11032 63974292 136248 332292    0    0     0     0 3100 2547  2  0 98  0  0	
 1  0  11032 63974044 136248 332296    0    0     0     0 3099 2545  2  0 98  0  0	
 1  0  11032 63974168 136248 332300    0    0     0     0 3106 2566  2  0 98  0  0	
 1  0  11032 63974036 136248 332300    0    0     0     0 3124 2608  2  0 98  0  0	
 2  0  11032 63973920 136248 332300    0    0     0     0 3121 2589  2  0 98  0  0	
 1  0  11032 63974028 136248 332312    0    0     0     0 3147 2588  2  0 98  0  0	
 2  0  11032 63973904 136248 332312    0    0     0     0 3080 2508  2  0 98  0  0	
 1  0  11032 63974152 136248 332316    0    0     0     6 3083 2507  2  0 98  0  0	
 1  0  11032 63974144 136248 332316    0    0     0     0 3068 2497  2  0 98  0  0	
 1  0  11032 63974152 136248 332316    0    0     0     0 3091 2555  2  0 98  0  0	
procs -----------memory---------- ---swap-- -----io---- --system-- -----cpu-----
 r  b   swpd   free   buff  cache   si   so    bi    bo   in   cs us sy id wa st
 1  0  11032 63974160 136248 332320    0    0     0     0 3139 2602  2  0 98  0  0	
 2  0  11032 63974044 136248 332320    0    0     0     0 3088 2501  2  0 98  0  0	
 1  0  11032 63974044 136248 332320    0    0     0     0 3073 2500  2  0 98  0  0	
 1  0  11032 63973912 136248 332328    0    0     0     0 3085 2508  2  0 98  0  0	
 1  0  11032 63974060 136248 332328    0    0     0     0 3095 2496  2  0 98  0  0	
 1  0  11032 63974168 136248 332332    0    0     0     0 3108 2569  2  0 98  0  0	
 1  0  11032 63974168 136248 332340    0    0     0     0 3111 2552  2  0 98  0  0	
 1  0  11032 63974044 136248 332344    0    0     0     0 3112 2571  2  0 98  0  0	
 2  0  11032 63974028 136248 332348    0    0     0     0 3111 2548  2  0 98  0  0	
 1  0  11032 63974036 136248 332348    0    0     0     0 3096 2538  2  0 98  0  0	
 1  0  11032 63974284 136248 332348    0    0     0     0 3106 2541  2  0 98  0  0	
 1  0  11032 63974160 136248 332356    0    0     0     0 3137 2634  2  0 98  0  0	
 1  0  11032 63974408 136248 332356    0    0     0     0 3191 2720  2  0 98  0  0	
 2  0  11032 63974408 136248 332356    0    0     0     2 3083 2513  2  0 98  0  0	
 1  0  11032 63974168 136248 332356    0    0     0     0 3088 2524  2  0 98  0  0	
 1  0  11032 63974168 136248 332360    0    0     0     0 3084 2512  2  0 98  0  0	
 1  0  11032 63974168 136248 332360    0    0     0     0 3077 2513  2  0 98  0  0	
 1  0  11032 63974168 136248 332360    0    0     0     0 3124 2602  2  0 98  0  0	
 2  0  11032 63974284 136248 332368    0    0     0     0 3095 2538  2  0 98  0  0	
 2  0  11032 63974168 136248 332368    0    0     0     0 3073 2463  2  0 98  0  0	
 1  0  11032 63974292 136248 332372    0    0     0     0 3100 2529  2  0 98  0  0	
procs -----------memory---------- ---swap-- -----io---- --system-- -----cpu-----
 r  b   swpd   free   buff  cache   si   so    bi    bo   in   cs us sy id wa st
 1  0  11032 63974292 136248 332376    0    0     0     0 3144 2631  2  0 98  0  0	
 1  0  11032 63974292 136248 332376    0    0     0     0 3080 2513  2  0 98  0  0	
 1  0  11032 63974160 136248 332380    0    0     0     0 3116 2575  2  0 98  0  0	
 1  0  11032 63974044 136248 332384    0    0     0     0 3143 2612  2  0 98  0  0	
 1  0  11032 63974028 136248 332384    0    0     0    10 3105 2522  2  0 98  0  0	
 1  0  11032 63974028 136248 332392    0    0     0     0 3089 2515  2  0 98  0  0	
 1  0  11032 63974028 136248 332392    0    0     0     0 3129 2606  2  0 98  0  0	
 1  0  11032 63974020 136248 332392    0    0     0     0 3101 2549  2  0 98  0  0	
 1  0  11032 63974028 136248 332396    0    0     0     0 3106 2580  2  0 98  0  0	
 1  0  11032 63974160 136248 332396    0    0     0     0 3109 2551  2  0 98  0  0	
 1  0  11032 63974036 136248 332396    0    0     0     0 3080 2516  2  0 98  0  0	
 2  0  11032 63974160 136248 332400    0    0     0     0 3075 2495  2  0 98  0  0	
 1  0  11032 63974160 136248 332400    0    0     0     0 3076 2507  2  0 98  0  0	
 1  0  11032 63973920 136248 332412    0    0     0     0 3083 2502  2  0 98  0  0	
 1  0  11032 63973912 136248 332416    0    0     0     0 3101 2560  2  0 98  0  0	
 1  0  11032 63973912 136248 332416    0    0     0     0 3099 2545  2  0 98  0  0	
 1  0  11032 63974036 136248 332420    0    0     0     0 3089 2529  2  0 98  0  0	
 1  0  11032 63974020 136248 332420    0    0     0     0 3112 2584  2  0 98  0  0	
 2  0  11032 63974028 136248 332420    0    0     0     0 3069 2497  2  0 98  0  0	
 1  0  11032 63973904 136248 332424    0    0     0     0 3102 2536  2  0 98  0  0	
 2  0  11032 63973904 136248 332432    0    0     0     4 3094 2554  2  0 98  0  0	
procs -----------memory---------- ---swap-- -----io---- --system-- -----cpu-----
 r  b   swpd   free   buff  cache   si   so    bi    bo   in   cs us sy id wa st
 1  0  11032 63974152 136248 332440    0    0     0     0 3068 2490  2  0 98  0  0	
 1  0  11032 63974028 136248 332444    0    0     0     0 3091 2533  2  0 98  0  0	
 1  0  11032 63974160 136248 332444    0    0     0     0 3133 2608  2  0 98  0  0	
 1  0  11032 63974152 136248 332444    0    0     0     0 3111 2546  2  0 98  0  0	
 2  0  11032 63974028 136248 332448    0    0     0     0 3096 2520  2  0 98  0  0	
 1  0  11032 63974044 136248 332448    0    0     0     0 3091 2554  2  0 98  0  0	
 2  0  11032 63974036 136248 332452    0    0     0     0 3069 2502  2  0 98  0  0	
 1  0  11032 63974044 136248 332452    0    0     0     0 3073 2500  2  0 98  0  0	
 1  0  11032 63974040 136248 332460    0    0     0     0 3083 2511  2  0 98  0  0	
 1  0  11032 63974048 136248 332464    0    0     0     0 3071 2505  2  0 98  0  0	
 1  0  11032 63973924 136248 332464    0    0     0     0 3070 2492  2  0 98  0  0	
 2  0  11032 63973544 136248 332464    0    0     0     0 3114 2568  2  0 98  0  0	
 1  0  11032 63973924 136248 332468    0    0     0     0 3073 2508  2  0 98  0  0	
 2  0  11032 63974032 136248 332468    0    0     0     0 3103 2522  2  0 98  0  0	
 1  0  11032 63974160 136248 332468    0    0     0     6 3092 2523  2  0 98  0  0	
 1  0  11032 63973912 136248 332476    0    0     0     0 3079 2504  2  0 98  0  0	
 1  0  11032 63973656 136248 332476    0    0     0     0 3112 2568  2  0 98  0  0	
 1  0  11032 63974160 136248 332480    0    0     0     0 3089 2553  2  0 98  0  0	
 1  0  11032 63973920 136248 332484    0    0     0     0 3078 2505  2  0 98  0  0	
 1  0  11032 63974168 136248 332484    0    0     0     0 3100 2540  2  0 98  0  0	
 1  0  11032 63974168 136248 332488    0    0     0     8 3079 2505  2  0 98  0  0	
procs -----------memory---------- ---swap-- -----io---- --system-- -----cpu-----
 r  b   swpd   free   buff  cache   si   so    bi    bo   in   cs us sy id wa st
 1  0  11032 63974168 136248 332488    0    0     0     0 3118 2597  2  0 98  0  0	
 1  0  11032 63974188 136248 332492    0    0     0     0 3079 2503  2  0 98  0  0	
 1  0  11032 63974180 136248 332496    0    0     0     0 3084 2545  2  0 98  0  0	
 1  0  11032 63974180 136248 332500    0    0     0     0 3060 2496  2  0 98  0  0	
 2  0  11032 63974180 136248 332500    0    0     0     0 3079 2515  2  0 98  0  0	
 1  0  11032 63974164 136248 332500    0    0     0     0 3104 2550  2  0 98  0  0	
 1  0  11032 63974296 136248 332504    0    0     0     0 3104 2528  2  0 98  0  0	
 1  0  11032 63974048 136248 332508    0    0     0     0 3106 2567  2  0 98  0  0	
 2  0  11032 63974048 136248 332512    0    0     0     0 3087 2535  2  0 98  0  0	
 1  0  11032 63974176 136248 332512    0    0     0     0 3092 2528  2  0 98  0  0	
 1  0  11032 63974052 136248 332516    0    0     0     4 3077 2507  2  0 98  0  0	
 2  0  11032 63974184 136248 332520    0    0     0     0 3080 2503  2  0 98  0  0	
 1  0  11032 63974176 136248 332520    0    0     0     0 3097 2539  2  0 98  0  0	
 1  0  11032 63974184 136248 332520    0    0     0     0 3101 2548  2  0 98  0  0	
 2  0  11032 63974184 136248 332528    0    0     0     0 3127 2607  2  0 98  0  0	
 1  0  11032 63974300 136248 332528    0    0     0     0 3091 2522  2  0 98  0  0	
 1  0  11032 63974308 136248 332532    0    0     0     0 3102 2543  2  0 98  0  0	
 1  0  11032 63974184 136248 332544    0    0     0     0 3095 2536  2  0 98  0  0	
 2  0  11032 63974308 136248 332544    0    0     0     0 3106 2546  2  0 98  0  0	
 1  0  11032 63973936 136248 332544    0    0     0     0 3080 2507  2  0 98  0  0	
 2  0  11032 63974052 136248 332548    0    0     0     0 3199 2746  2  0 98  0  0	
procs -----------memory---------- ---swap-- -----io---- --system-- -----cpu-----
 r  b   swpd   free   buff  cache   si   so    bi    bo   in   cs us sy id wa st
 1  0  11032 63974060 136248 332548    0    0     0     0 3092 2536  2  0 98  0  0	
 2  0  11032 63973920 136248 332552    0    0     0     0 3195 2710  2  0 98  0  0	
 2  0  11032 63974044 136248 332552    0    0     0     0 3137 2651  2  0 98  0  0	
 2  0  11032 63973920 136248 332556    0    0     0     6 3069 2507  2  0 98  0  0	
 1  0  11032 63974036 136248 332564    0    0     0     0 3070 2512  2  0 98  0  0	
 1  0  11032 63974044 136248 332564    0    0     0     0 3116 2581  2  0 98  0  0	
 1  0  11032 63973804 136248 332564    0    0     0     0 3093 2512  2  0 98  0  0	
 1  0  11032 63973928 136248 332568    0    0     0     0 3088 2509  2  0 98  0  0	
 2  0  11032 63973808 136248 332568    0    0     0     0 3049 2476  2  0 98  0  0	
 1  0  11032 63973808 136248 332568    0    0     0     0 3062 2486  2  0 98  0  0	
 1  0  11032 63973948 136248 332572    0    0     0     0 3071 2492  2  0 98  0  0	
 2  0  11032 63974068 136248 332580    0    0     0     0 3100 2548  2  0 98  0  0	
 2  0  11032 63973944 136248 332588    0    0     0     0 3095 2522  2  0 98  0  0	
 2  0  11032 63973944 136248 332588    0    0     0     0 3097 2531  2  0 98  0  0	
 1  0  11032 63974052 136248 332588    0    0     0     0 3100 2520  2  0 98  0  0	
 2  0  11032 63973936 136248 332596    0    0     0     0 3169 2707  2  0 98  0  0	
 1  0  11032 63973936 136248 332596    0    0     0     0 3165 2710  2  0 98  0  0	
 1  0  11032 63974060 136248 332596    0    0     0     0 3038 2507  2  0 98  0  0	
 1  0  11032 63973812 136248 332600    0    0     0     0 3164 2712  2  0 98  0  0	
 1  0  11032 63974060 136248 332604    0    0     0     2 3381 3177  2  0 98  0  0	
 3  0  11032 63974068 136248 332604    0    0     0     0 3271 2962  2  0 98  0  0	
procs -----------memory---------- ---swap-- -----io---- --system-- -----cpu-----
 r  b   swpd   free   buff  cache   si   so    bi    bo   in   cs us sy id wa st
 1  0  11032 63973936 136248 332608    0    0     0     0 3102 2547  2  0 98  0  0	
 2  0  11032 63974060 136248 332608    0    0     0     0 3050 2477  2  0 98  0  0	
 1  0  11032 63974184 136248 332612    0    0     0     0 3063 2519  2  0 98  0  0	
 2  0  11032 63974060 136248 332612    0    0     0     0 3048 2474  2  0 98  0  0	
 1  0  11032 63973820 136248 332612    0    0     0     0 3056 2496  2  0 98  0  0	
 1  0  11032 63974068 136248 332624    0    0     0     0 3057 2495  2  0 98  0  0	
 2  0  11032 63973820 136248 332624    0    0     0     0 3066 2496  2  0 98  0  0	
 1  0  11032 63973944 136248 332624    0    0     0     0 3044 2483  2  0 98  0  0	
 2  0  11032 63973936 136248 332632    0    0     0     0 3120 2602  2  0 98  0  0	
 1  0  11032 63973944 136248 332632    0    0     0     0 3078 2500  2  0 98  0  0	
 1  0  11032 63974052 136248 332632    0    0     0     0 3139 2577  2  0 98  0  0	
 1  0  11032 63974052 136248 332632    0    0     0     0 3087 2517  2  0 98  0  0	
 1  0  11032 63974052 136248 332636    0    0     0     6 3088 2499  2  0 98  0  0	
 2  0  11032 63974048 136248 332640    0    0     0     0 3113 2571  2  0 98  0  0	
 1  0  11032 63974056 136248 332640    0    0     0     0 3207 2718  2  0 98  0  0	
 2  0  11032 63974188 136248 332644    0    0     0     0 3112 2542  2  0 98  0  0	
 1  0  11032 63973816 136248 332644    0    0     0     0 3089 2522  2  0 98  0  0	
 1  0  11032 63973816 136248 332648    0    0     0     0 3082 2502  2  0 98  0  0	
 2  0  11032 63973940 136248 332648    0    0     0     0 3067 2451  2  0 98  0  0	
 1  0  11032 63973832 136248 332652    0    0     0     0 3052 2480  2  0 98  0  0	
 2  0  11032 63973948 136248 332660    0    0     0     0 3153 2648  2  0 98  0  0	
procs -----------memory---------- ---swap-- -----io---- --system-- -----cpu-----
 r  b   swpd   free   buff  cache   si   so    bi    bo   in   cs us sy id wa st
 1  0  11032 63974072 136248 332664    0    0     0     0 3112 2562  2  0 98  0  0	
 2  0  11032 63973948 136248 332664    0    0     0     0 3099 2531  2  0 98  0  0	
 1  0  11032 63974056 136248 332668    0    0     0     0 3108 2547  2  0 98  0  0	
 2  0  11032 63974188 136248 332668    0    0     0     0 3076 2497  2  0 98  0  0	
 1  0  11032 63974188 136248 332668    0    0     0     0 3091 2513  2  0 98  0  0	
 1  0  11032 63974316 136248 332676    0    0     0     0 3120 2601  2  0 98  0  0	
 2  0  11032 63974440 136248 332676    0    0     0     0 3102 2524  2  0 98  0  0	
 1  0  11032 63974068 136248 332684    0    0     0     2 3076 2496  2  0 98  0  0	
 2  0  11032 63974200 136248 332688    0    0     0     0 3057 2480  2  0 98  0  0	
 1  0  11032 63974192 136248 332692    0    0     0     0 3081 2493  2  0 98  0  0	
 1  0  11032 63974068 136248 332696    0    0     0     0 3063 2482  2  0 98  0  0	
 2  0  11032 63974192 136248 332696    0    0     0     0 3076 2524  2  0 98  0  0	
 1  0  11032 63974316 136248 332696    0    0     0     0 3077 2499  2  0 98  0  0	
 2  0  11032 63974200 136248 332700    0    0     0     0 3076 2503  2  0 98  0  0	
 1  0  11032 63973944 136248 332704    0    0     0     0 3107 2526  2  0 98  0  0	
 2  0  11032 63973944 136248 332704    0    0     0     0 3099 2508  2  0 98  0  0	
 1  0  11032 63973824 136248 332712    0    0     0     0 3075 2495  2  0 98  0  0	
 1  0  11032 63974064 136248 332712    0    0     0     0 3100 2554  2  0 98  0  0	
 2  0  11032 63974072 136248 332712    0    0     0     0 3057 2476  2  0 98  0  0	
 1  0  11032 63973960 136248 332716    0    0     0     0 3107 2510  2  0 98  0  0	
 2  0  11032 63973960 136248 332716    0    0     0     0 3067 2490  2  0 98  0  0	
procs -----------memory---------- ---swap-- -----io---- --system-- -----cpu-----
 r  b   swpd   free   buff  cache   si   so    bi    bo   in   cs us sy id wa st
 1  0  11032 63973884 136248 332716    0    0     0     6 3086 2496  2  0 98  0  0	
 1  0  11032 63973768 136248 332724    0    0     0     0 3111 2514  2  0 98  0  0	
 1  0  11032 63973768 136248 332728    0    0     0     0 3106 2572  2  0 98  0  0	
 1  0  11032 63973532 136248 332732    0    0     0     0 3096 2533  2  0 98  0  0	
 1  0  11032 63974028 136248 332732    0    0     0     0 3058 2494  2  0 98  0  0	
 1  0  11032 63974168 136248 332732    0    0     0     0 3042 2465  2  0 98  0  0	
 1  0  11032 63974168 136248 332736    0    0     0     0 3055 2474  2  0 98  0  0	
 1  0  11032 63974236 136248 332736    0    0     0     0 3073 2504  2  0 98  0  0	
 2  0  11032 63974256 136248 332740    0    0     0     0 3095 2544  2  0 98  0  0	
 1  0  11032 63974256 136248 332748    0    0     0     0 3087 2502  2  0 98  0  0	
 2  0  11032 63973884 136248 332752    0    0     0     0 3141 2616  2  0 98  0  0	
 1  0  11032 63974240 136248 332756    0    0     0     0 3095 2510  2  0 98  0  0	
 1  0  11032 63974248 136248 332756    0    0     0     0 3089 2497  2  0 98  0  0	
 1  0  11032 63974124 136248 332756    0    0     0     0 3069 2487  2  0 98  0  0	
 1  0  11032 63974248 136248 332760    0    0     0     0 3103 2551  2  0 98  0  0	
 2  0  11032 63974004 136248 332760    0    0     0     0 3079 2482  2  0 98  0  0	
 1  0  11032 63974376 136248 332760    0    0     0     2 3103 2540  2  0 98  0  0	
 1  0  11032 63974136 136248 332768    0    0     0     0 3144 2616  2  0 98  0  0	
 1  0  11032 63974128 136248 332768    0    0     0     0 3112 2552  2  0 98  0  0	
 1  0  11032 63974016 136248 332772    0    0     0     0 3098 2519  2  0 98  0  0	
 1  0  11032 63974016 136248 332772    0    0     0     0 3083 2533  2  0 98  0  0	
procs -----------memory---------- ---swap-- -----io---- --system-- -----cpu-----
 r  b   swpd   free   buff  cache   si   so    bi    bo   in   cs us sy id wa st
 1  0  11032 63974016 136248 332776    0    0     0     0 3073 2495  2  0 98  0  0	
 2  0  11032 63974016 136248 332780    0    0     0     0 3080 2497  2  0 98  0  0	
 1  0  11032 63973896 136248 332788    0    0     0     0 3076 2505  2  0 98  0  0	
 1  0  11032 63974020 136248 332792    0    0     0     0 3097 2509  2  0 98  0  0	
 1  0  11032 63973896 136248 332792    0    0     0     0 3077 2499  2  0 98  0  0	
 1  0  11032 63973640 136248 332796    0    0     0     0 3114 2567  2  0 98  0  0	
 3  0  11032 63973772 136248 332796    0    0     0     0 3065 2496  2  0 98  0  0	
 2  0  11032 63973756 136248 332796    0    0     0     0 3096 2467  2  0 98  0  0	
 2  0  11032 63973880 136248 332800    0    0     0     0 3087 2495  2  0 98  0  0	
 1  0  11032 63973756 136248 332800    0    0     0     6 3100 2538  2  0 98  0  0	
 1  0  11032 63973740 136248 332800    0    0     0     0 3132 2603  2  0 98  0  0	
 1  0  11032 63973756 136248 332808    0    0     0     0 3165 2665  2  0 98  0  0	
 1  0  11032 63973764 136248 332812    0    0     0     0 3132 2577  2  0 98  0  0	
 1  0  11032 63973764 136248 332812    0    0     0     0 3104 2525  2  0 98  0  0	
 1  0  11032 63973764 136248 332816    0    0     0     0 3147 2638  2  0 98  0  0	
 2  0  11032 63973888 136248 332816    0    0     0     0 3180 2671  2  0 98  0  0	
 1  0  11032 63973656 136248 332824    0    0     0     0 3110 2551  2  0 98  0  0	
 1  0  11032 63973772 136248 332828    0    0     0     0 3071 2540  2  0 98  0  0	
 1  0  11032 63973896 136248 332828    0    0     0     0 3008 2463  2  0 98  0  0	
 1  0  11032 63974020 136248 332832    0    0     0     0 3048 2477  2  0 98  0  0	
 2  0  11032 63974252 136248 332836    0    0     0     0 3061 2485  2  0 98  0  0	
procs -----------memory---------- ---swap-- -----io---- --system-- -----cpu-----
 r  b   swpd   free   buff  cache   si   so    bi    bo   in   cs us sy id wa st
 1  0  11032 63974136 136248 332836    0    0     0     0 3043 2455  2  0 98  0  0	
 2  0  11032 63974136 136248 332840    0    0     0     0 3058 2488  2  0 98  0  0	
 1  0  11032 63974136 136248 332840    0    0     0     0 3065 2522  2  0 98  0  0	
 1  0  11032 63974136 136248 332840    0    0     0     0 3052 2460  2  0 98  0  0	
 1  0  11032 63974136 136248 332844    0    0     0     2 3036 2482  2  0 98  0  0	
 1  0  11032 63974144 136248 332844    0    0     0     0 3095 2608  2  0 98  0  0	
 2  0  11032 63974136 136248 332852    0    0     0     0 3167 2742  2  0 98  0  0	
 1  0  11032 63974012 136248 332852    0    0     0     0 3096 2560  2  0 98  0  0	
 1  0  11032 63974140 136248 332852    0    0     0     0 3128 2620  2  0 98  0  0	
 1  0  11032 63974140 136248 332856    0    0     0     0 3131 2604  2  0 98  0  0	
 1  0  11032 63974024 136248 332856    0    0     0     0 3113 2562  2  0 98  0  0	
 1  0  11032 63974140 136248 332864    0    0     0     0 3140 2616  2  0 98  0  0	
 1  0  11032 63974024 136248 332868    0    0     0     0 3117 2584  2  0 98  0  0	
 2  0  11032 63974024 136248 332872    0    0     0     0 3101 2540  2  0 98  0  0	
 1  0  11032 63974016 136248 332876    0    0     0     0 3197 2672  2  0 98  0  0	
 2  0  11032 63974024 136248 332880    0    0     0     0 3135 2583  2  0 98  0  0	
 1  0  11032 63973892 136248 332880    0    0     0     6 3102 2530  2  0 98  0  0	
 1  0  11032 63973512 136248 332884    0    0     0     0 3118 2576  2  0 98  0  0	
 1  0  11032 63973760 136248 332884    0    0     0     0 3122 2584  2  0 98  0  0	
 1  0  11032 63973744 136248 332884    0    0     0     0 3121 2588  2  0 98  0  0	
 2  0  11032 63973760 136248 332888    0    0     0     0 3107 2544  2  0 98  0  0	
procs -----------memory---------- ---swap-- -----io---- --system-- -----cpu-----
 r  b   swpd   free   buff  cache   si   so    bi    bo   in   cs us sy id wa st
 1  0  11032 63973396 136248 332892    0    0     0     0 3091 2519  2  0 98  0  0	
 3  0  11032 63973644 136248 332892    0    0     0     0 3109 2556  2  0 98  0  0	
 1  0  11032 63973768 136248 332900    0    0     0     0 3066 2487  2  0 98  0  0	
 1  0  11032 63973644 136248 332900    0    0     0     8 3075 2505  2  0 98  0  0	
 1  0  11032 63973776 136248 332904    0    0     0     0 3080 2511  2  0 98  0  0	
 1  0  11032 63973644 136248 332912    0    0     0     0 3081 2552  2  0 98  0  0	
 1  0  11032 63972652 136248 332912    0    0     0    22 3195 2647  2  0 98  0  0	
 1  0  11032 63972536 136248 332924    0    0     0     0 3060 2482  2  0 98  0  0	
 1  0  11032 63972772 136248 332924    0    0     0     0 3087 2508  2  0 98  0  0	
 1  0  11032 63972848 136248 332932    0    0     0     0 3069 2492  2  0 98  0  0	
 2  0  11032 63972972 136248 332932    0    0     0     0 3068 2505  2  0 98  0  0	
 1  0  11032 63972848 136248 332936    0    0     0    14 3129 2618  2  0 98  0  0	
 1  0  11032 63972972 136248 332936    0    0     0     0 3059 2475  2  0 98  0  0	
 1  0  11032 63973096 136248 332936    0    0     0     0 3086 2510  2  0 98  0  0	
 1  0  11032 63973324 136248 332940    0    0     0     0 3091 2521  2  0 98  0  0	
 2  0  11032 63973316 136248 332948    0    0     0     0 3078 2503  2  0 98  0  0	
 1  0  11032 63973276 136248 332948    0    0     0     0 3120 2591  2  0 98  0  0	
 3  0  11032 63973400 136248 332952    0    0     0     0 3056 2475  2  0 98  0  0	
 1  0  11032 63973268 136248 332952    0    0     0     0 3110 2552  2  0 98  0  0	
 2  0  11032 63973276 136248 332952    0    0     0     0 3079 2508  2  0 98  0  0	
 1  0  11032 63973284 136248 332960    0    0     0     0 3114 2573  2  0 98  0  0	
procs -----------memory---------- ---swap-- -----io---- --system-- -----cpu-----
 r  b   swpd   free   buff  cache   si   so    bi    bo   in   cs us sy id wa st
 1  0  11032 63973284 136248 332960    0    0     0     0 3127 2607  2  0 98  0  0	
 2  0  11032 63973160 136248 332964    0    0     0     0 3068 2488  2  0 98  0  0	
 1  0  11032 63973152 136248 332968    0    0     0     0 3100 2559  2  0 98  0  0	
 2  0  11032 63973284 136248 332968    0    0     0     0 3080 2497  2  0 98  0  0	
 1  0  11032 63973144 136248 332972    0    0     0     0 3100 2511  2  0 98  0  0	
 2  0  11032 63973136 136248 332972    0    0     0     0 3036 2468  2  0 98  0  0	
 1  0  11032 63973260 136248 332976    0    0     0     0 3050 2460  2  0 98  0  0	
 1  0  11032 63973128 136248 332980    0    0     0     6 3054 2489  2  0 98  0  0	
 1  0  11032 63973260 136248 332980    0    0     0     0 3057 2557  2  0 98  0  0	
 1  0  11032 63973268 136248 332984    0    0     0     0 3057 2480  2  0 98  0  0	
 1  0  11032 63973144 136248 332988    0    0     0     0 3048 2470  2  0 98  0  0	
 1  0  11032 63973144 136248 332988    0    0     0     0 3049 2464  2  0 98  0  0	
 2  0  11032 63973152 136248 332988    0    0     0     0 3056 2494  2  0 98  0  0	
 1  0  11032 63973284 136248 332992    0    0     0     0 3086 2546  2  0 98  0  0	
 1  0  11032 63973284 136248 332996    0    0     0     0 3048 2515  2  0 98  0  0	
 1  0  11032 63973408 136248 333000    0    0     0     0 3041 2469  2  0 98  0  0	
 1  0  11032 63973284 136248 333000    0    0     0     0 3051 2475  2  0 98  0  0	
 1  0  11032 63973392 136248 333004    0    0     0     0 3073 2507  2  0 98  0  0	
 1  0  11032 63973400 136248 333008    0    0     0     0 3282 2950  2  0 98  0  0	
 2  0  11032 63973276 136248 333008    0    0     0     0 3272 2949  2  0 98  0  0	
 1  0  11032 63973400 136248 333008    0    0     0     0 3094 2568  2  0 98  0  0	
procs -----------memory---------- ---swap-- -----io---- --system-- -----cpu-----
 r  b   swpd   free   buff  cache   si   so    bi    bo   in   cs us sy id wa st
 2  0  11032 63973280 136248 333012    0    0     0     0 3075 2512  2  0 98  0  0	
 1  0  11032 63973280 136248 333012    0    0     0     2 3065 2516  2  0 98  0  0	
 1  0  11032 63973288 136248 333012    0    0     0     0 3064 2501  2  0 98  0  0	
 1  0  11032 63973280 136248 333020    0    0     0     0 3320 3049  2  0 98  0  0	
 1  0  11032 63973272 136248 333024    0    0     0     0 3122 2648  2  0 98  0  0	
 2  0  11032 63973280 136248 333032    0    0     0     0 3062 2507  2  0 98  0  0	
 1  0  11032 63973156 136248 333032    0    0     0     0 3046 2464  2  0 98  0  0	
 2  0  11032 63973404 136248 333032    0    0     0     0 3057 2470  2  0 98  0  0	
 1  0  11032 63973528 136248 333040    0    0     0     0 3041 2472  2  0 98  0  0	
 2  0  11032 63973404 136248 333040    0    0     0     0 3018 2457  2  0 98  0  0	
 1  0  11032 63973156 136248 333040    0    0     0     0 3060 2508  2  0 98  0  0	
 1  0  11032 63973280 136248 333044    0    0     0     0 3085 2553  2  0 98  0  0	
 1  0  11032 63973288 136248 333048    0    0     0     0 3073 2559  2  0 98  0  0	
 1  0  11032 63973280 136248 333052    0    0     0     0 3075 2496  2  0 98  0  0	
 1  0  11032 63973264 136248 333056    0    0     0     0 3047 2470  2  0 98  0  0	
 1  0  11032 63973272 136248 333056    0    0     0     0 3054 2470  2  0 98  0  0	
 2  0  11032 63973272 136248 333056    0    0     0     6 3049 2483  2  0 98  0  0	
 1  0  11032 63973272 136248 333060    0    0     0     0 3094 2550  2  0 98  0  0	
 1  0  11032 63973404 136248 333064    0    0     0     0 3023 2470  2  0 98  0  0	
 1  0  11032 63973528 136248 333068    0    0     0     0 3030 2464  2  0 98  0  0	
 1  0  11032 63973404 136248 333076    0    0     0     0 3055 2472  2  0 98  0  0	
procs -----------memory---------- ---swap-- -----io---- --system-- -----cpu-----
 r  b   swpd   free   buff  cache   si   so    bi    bo   in   cs us sy id wa st
 1  0  11032 63973280 136248 333080    0    0     0     0 3047 2465  2  0 98  0  0	
 1  0  11032 63973288 136248 333080    0    0     0     0 3051 2477  2  0 98  0  0	
 1  0  11032 63973408 136248 333088    0    0     0     0 3170 2795  2  0 98  0  0	
 1  0  11032 63973400 136248 333088    0    0     0     0 3292 3008  2  0 98  0  0	
 2  0  11032 63973540 136248 333088    0    0     0     0 3056 2498  2  0 98  0  0	
 1  0  11032 63973656 136248 333092    0    0     0     0 3054 2491  2  0 98  0  0	
 3  0  11032 63973400 136248 333096    0    0     0     0 3049 2428  2  0 98  0  0	
 1  0  11032 63973152 136248 333096    0    0     0     0 3277 2915  2  0 98  0  0	
 1  0  11032 63973144 136248 333100    0    0     0     0 3113 2595  2  0 98  0  0	
 1  0  11032 63973268 136248 333100    0    0     0     0 2996 2445  2  0 98  0  0	
 1  0  11032 63973392 136248 333104    0    0     0     2 3055 2484  2  0 98  0  0	
 2  0  11032 63973152 136248 333104    0    0     0     0 3048 2459  2  0 98  0  0	
 1  0  11032 63973340 136248 333104    0    0     0     0 3061 2485  2  0 98  0  0	
 2  0  11032 63973332 136248 333112    0    0     0     0 3036 2483  2  0 98  0  0	
 1  0  11032 63973244 136248 333112    0    0     0     0 3039 2499  2  0 98  0  0	
 1  0  11032 63973368 136248 333112    0    0     0     0 3067 2518  2  0 98  0  0	
 1  0  11032 63973120 136248 333116    0    0     0     0 3073 2513  2  0 98  0  0	
 1  0  11032 63973244 136248 333124    0    0     0     0 3051 2466  2  0 98  0  0	
 1  0  11032 63973120 136248 333124    0    0     0     0 3051 2480  2  0 98  0  0	
 1  0  11032 63973244 136248 333128    0    0     0     0 3049 2487  2  0 98  0  0	
 2  0  11032 63973368 136248 333128    0    0     0     0 3108 2562  2  0 98  0  0	
procs -----------memory---------- ---swap-- -----io---- --system-- -----cpu-----
 r  b   swpd   free   buff  cache   si   so    bi    bo   in   cs us sy id wa st
 1  0  11032 63973252 136248 333136    0    0     0     0 3105 2567  2  0 98  0  0	
 1  0  11032 63973244 136248 333136    0    0     0     0 3154 2628  2  0 98  0  0	
 1  0  11032 63973228 136248 333136    0    0     0     0 3113 2598  2  0 98  0  0	
 1  0  11032 63973236 136248 333140    0    0     0     0 3024 2451  2  0 98  0  0	
 1  0  11032 63973236 136248 333140    0    0     0     6 3105 2594  2  0 98  0  0	
 1  0  11032 63973240 136248 333140    0    0     0     0 3074 2519  2  0 98  0  0	
 1  0  11032 63973124 136248 333144    0    0     0     0 3061 2488  2  0 98  0  0	
 1  0  11032 63973124 136248 333148    0    0     0     0 3100 2554  2  0 98  0  0	
 2  0  11032 63973248 136248 333152    0    0     0     0 3407 3231  2  0 98  0  0	
 1  0  11032 63973256 136248 333156    0    0     0     0 3482 3368  2  0 98  0  0	
 2  0  11032 63973132 136248 333156    0    0     0     0 3054 2482  2  0 98  0  0	
 1  0  11032 63973132 136248 333164    0    0     0     0 3063 2504  2  0 98  0  0	
 1  0  11032 63972744 136248 333164    0    0     0     0 3053 2470  2  0 98  0  0	
 1  0  11032 63972884 136248 333164    0    0     0     0 3024 2462  2  0 98  0  0	
 1  0  11032 63972876 136248 333172    0    0     0     0 3017 2460  2  0 98  0  0	
 2  0  11032 63973000 136248 333176    0    0     0     0 3052 2472  2  0 98  0  0	
 1  0  11032 63973000 136248 333176    0    0     0     0 3071 2501  2  0 98  0  0	
 2  0  11032 63972876 136248 333180    0    0     0     0 3119 2619  2  0 98  0  0	
 1  0  11032 63972876 136248 333180    0    0     0     0 3112 2568  2  0 98  0  0	
 2  0  11032 63973328 136248 333180    0    0     0     2 3098 2556  2  0 98  0  0	
 1  0  11032 63973212 136248 333184    0    0     0     0 3103 2561  2  0 98  0  0	
procs -----------memory---------- ---swap-- -----io---- --system-- -----cpu-----
 r  b   swpd   free   buff  cache   si   so    bi    bo   in   cs us sy id wa st
 1  0  11032 63973336 136248 333184    0    0     0     0 3080 2534  2  0 98  0  0	
 1  0  11032 63973196 136248 333188    0    0     0     0 3099 2560  2  0 98  0  0	
 1  0  11032 63973204 136248 333192    0    0     0     0 3058 2499  2  0 98  0  0	
 1  0  11032 63972832 136248 333196    0    0     0     0 3058 2489  2  0 98  0  0	
 2  0  11032 63973080 136248 333204    0    0     0     0 3120 2570  2  0 98  0  0	
 2  0  11032 63972836 136248 333204    0    0     0     0 3086 2503  2  0 98  0  0	
 1  0  11032 63972844 136248 333204    0    0     0     0 3068 2487  2  0 98  0  0	
 2  0  11032 63972844 136248 333204    0    0     0     0 3085 2508  2  0 98  0  0	
 1  0  11032 63972968 136248 333208    0    0     0     0 3119 2614  2  0 98  0  0	
 2  0  11032 63972852 136248 333208    0    0     0     0 3158 2660  2  0 98  0  0	
 1  0  11032 63972844 136248 333212    0    0     0     8 3186 2675  2  0 98  0  0	
 1  0  11032 63972952 136248 333220    0    0     0     0 3137 2612  2  0 98  0  0	
 1  0  11032 63972836 136248 333220    0    0     0     0 3086 2503  2  0 98  0  0	
 1  0  11032 63972960 136248 333220    0    0     0     6 3084 2517  2  0 98  0  0	
 2  0  11032 63972836 136248 333224    0    0     0     0 3081 2520  2  0 98  0  0	
 1  0  11032 63972720 136248 333232    0    0     0     0 3063 2480  2  0 98  0  0	
 3  0  11032 63972720 136248 333236    0    0     0     0 3048 2427  2  0 98  0  0	
 1  0  11032 63972720 136248 333240    0    0     0     0 3074 2477  2  0 98  0  0	
 2  0  11032 63972720 136248 333240    0    0     0     0 3060 2483  2  0 98  0  0	
 1  0  11032 63972728 136248 333248    0    0     0     0 3082 2507  2  0 98  0  0	
 1  0  11032 63972844 136248 333248    0    0     0     0 3102 2566  2  0 98  0  0	
procs -----------memory---------- ---swap-- -----io---- --system-- -----cpu-----
 r  b   swpd   free   buff  cache   si   so    bi    bo   in   cs us sy id wa st
 1  0  11032 63972712 136248 333248    0    0     0     0 3065 2477  2  0 98  0  0	
 1  0  11032 63972720 136248 333252    0    0     0     0 3059 2489  2  0 98  0  0	
 1  0  11032 63972960 136248 333252    0    0     0     0 3095 2547  2  0 98  0  0	
 1  0  11032 63972836 136248 333252    0    0     0     0 3200 2721  2  0 98  0  0	
 2  0  11032 63972836 136248 333260    0    0     0     0 3095 2528  2  0 98  0  0	
 1  0  11032 63972712 136248 333260    0    0     0     4 3083 2522  2  0 98  0  0	
 2  0  11032 63972588 136248 333260    0    0     0     0 3071 2479  2  0 98  0  0	
 1  0  11032 63972712 136248 333268    0    0     0     0 3075 2489  2  0 98  0  0	
 2  0  11032 63972844 136248 333268    0    0     0     0 3089 2490  2  0 98  0  0	
 1  0  11032 63972712 136248 333272    0    0     0     0 3074 2495  2  0 98  0  0	
 1  0  11032 63972704 136248 333272    0    0     0     0 3047 2496  2  0 98  0  0	
 1  0  11032 63972836 136248 333280    0    0     0     0 3054 2522  2  0 98  0  0	
 1  0  11032 63972712 136248 333284    0    0     0     0 3048 2473  2  0 98  0  0	
 1  0  11032 63972836 136248 333288    0    0     0     0 3055 2467  2  0 98  0  0	
 1  0  11032 63972960 136248 333288    0    0     0     0 3028 2466  2  0 98  0  0	
 1  0  11032 63972588 136248 333292    0    0     0     0 3033 2469  2  0 98  0  0	
 2  0  11032 63972712 136248 333292    0    0     0     0 3049 2487  2  0 98  0  0	
 2  0  11032 63972836 136248 333292    0    0     0     0 3087 2541  2  0 98  0  0	
 1  0  11032 63972720 136248 333296    0    0     0     0 3049 2475  2  0 98  0  0	
 1  0  11032 63972836 136248 333300    0    0     0     0 3063 2490  2  0 98  0  0	
 1  0  11032 63972820 136248 333304    0    0     0     6 3015 2476  2  0 98  0  0	
procs -----------memory---------- ---swap-- -----io---- --system-- -----cpu-----
 r  b   swpd   free   buff  cache   si   so    bi    bo   in   cs us sy id wa st
 1  0  11032 63972828 136248 333304    0    0     0     0 3025 2465  2  0 98  0  0	
 1  0  11032 63972828 136248 333304    0    0     0     0 3064 2501  2  0 98  0  0	
 1  0  11032 63972952 136248 333308    0    0     0     0 3061 2513  2  0 98  0  0	
 1  0  11032 63972836 136248 333308    0    0     0     0 3171 2717  2  0 98  0  0	
 1  0  11032 63972596 136248 333312    0    0     0     0 3052 2512  2  0 98  0  0	
 1  0  11032 63972844 136248 333316    0    0     0     8 3133 2587  2  0 98  0  0	
 1  0  11032 63972720 136248 333324    0    0     0     0 3061 2482  2  0 98  0  0	
 2  0  11032 63972852 136248 333328    0    0     0     0 3085 2535  2  0 98  0  0	
 1  0  11032 63972844 136248 333332    0    0     0     0 3118 2623  2  0 98  0  0	
 1  0  11032 63972588 136248 333332    0    0     0     0 3035 2493  2  0 98  0  0	
 1  0  11032 63972844 136248 333336    0    0     0     0 3095 2572  2  0 98  0  0	
 1  0  11032 63972712 136248 333336    0    0     0     0 3075 2541  2  0 98  0  0	
 2  0  11032 63972712 136248 333336    0    0     0     0 3110 2597  2  0 98  0  0	
 1  0  11032 63972588 136248 333340    0    0     0     0 3091 2566  2  0 98  0  0	
 1  0  11032 63972464 136248 333344    0    0     0     0 3079 2612  2  0 98  0  0	
 1  0  11032 63972464 136248 333344    0    0     0     0 3115 2652  2  0 98  0  0	
 2  0  11032 63972824 136248 333344    0    0     0     4 3050 2518  2  0 98  0  0	
 1  0  11032 63972832 136248 333348    0    0     0     0 3161 2662  2  0 98  0  0	
 1  0  11032 63972824 136248 333348    0    0     0     0 3077 2527  2  0 98  0  0	
 1  0  11032 63972816 136248 333348    0    0     0     0 3077 2537  2  0 98  0  0	
 1  0  11032 63972824 136248 333352    0    0     0     0 3107 2604  2  0 98  0  0	
procs -----------memory---------- ---swap-- -----io---- --system-- -----cpu-----
 r  b   swpd   free   buff  cache   si   so    bi    bo   in   cs us sy id wa st
 1  0  11032 63972948 136248 333352    0    0     0     0 3086 2558  2  0 98  0  0	
 1  0  11032 63972824 136248 333364    0    0     0     0 3097 2554  2  0 98  0  0	
 1  0  11032 63972824 136248 333368    0    0     0     0 3076 2521  2  0 98  0  0	
 1  0  11032 63972824 136248 333368    0    0     0     0 3118 2607  2  0 98  0  0	
 2  0  11032 63972700 136248 333372    0    0     0     0 3090 2555  2  0 98  0  0	
 2  0  11032 63972940 136248 333372    0    0     0     0 3072 2475  2  0 98  0  0	
 2  0  11032 63972824 136248 333372    0    0     0     0 3065 2470  2  0 98  0  0	
 1  0  11032 63972444 136248 333376    0    0     0     0 3075 2492  2  0 98  0  0	
 1  0  11032 63972552 136248 333376    0    0     0     0 3019 2465  2  0 98  0  0	
 1  0  11032 63972436 136248 333384    0    0     0     0 3077 2512  2  0 98  0  0	
 1  0  11032 63972564 136248 333388    0    0     0     6 3079 2530  2  0 98  0  0	
 1  0  11032 63972688 136248 333388    0    0     0     0 3067 2515  2  0 98  0  0	
 1  0  11032 63972572 136248 333388    0    0     0     0 3046 2466  2  0 98  0  0	
 1  0  11032 63972704 136248 333396    0    0     0     0 3055 2480  2  0 98  0  0	
 2  0  11032 63972704 136248 333396    0    0     0     0 3055 2474  2  0 98  0  0	
 2  0  11032 63972704 136248 333400    0    0     0     0 3055 2471  2  0 98  0  0	
 1  0  11032 63972836 136248 333408    0    0     0     0 3059 2480  2  0 98  0  0	
 2  0  11032 63972712 136248 333412    0    0     0     0 3074 2510  2  0 98  0  0	
 1  0  11032 63972704 136248 333416    0    0     0     0 3063 2478  2  0 98  0  0	
 1  0  11032 63972588 136248 333420    0    0     0     0 3052 2474  2  0 98  0  0	
 1  0  11032 63972580 136248 333420    0    0     0     0 3031 2477  2  0 98  0  0	
procs -----------memory---------- ---swap-- -----io---- --system-- -----cpu-----
 r  b   swpd   free   buff  cache   si   so    bi    bo   in   cs us sy id wa st
 1  0  11032 63972580 136248 333424    0    0     0     0 3039 2468  2  0 98  0  0	
 1  0  11032 63972580 136248 333424    0    0     0     0 3079 2537  2  0 98  0  0	
 1  0  11032 63972580 136248 333424    0    0     0     0 3074 2534  2  0 98  0  0	
 2  0  11032 63972580 136248 333432    0    0     0     0 3429 3247  2  0 98  0  0	
 1  0  11032 63972580 136248 333432    0    0     0     2 3371 3171  2  0 98  0  0	
 2  0  11032 63972588 136248 333436    0    0     0     0 3099 2560  2  0 98  0  0	
 1  0  11032 63972828 136248 333436    0    0     0     0 3082 2500  2  0 98  0  0	
 2  0  11032 63972696 136248 333436    0    0     0     0 3173 2713  2  0 98  0  0	
 1  0  11032 63972704 136248 333440    0    0     0     0 3055 2504  2  0 98  0  0	
 2  0  11032 63972704 136248 333440    0    0     0     0 3029 2468  2  0 98  0  0	
 1  0  11032 63972460 136248 333448    0    0     0     0 3000 2456  2  0 98  0  0	
 1  0  11032 63972708 136248 333456    0    0     0     0 3055 2467  2  0 98  0  0	
 1  0  11032 63972708 136248 333456    0    0     0     0 3047 2469  2  0 98  0  0	
 1  0  11032 63972708 136248 333456    0    0     0     0 3052 2486  2  0 98  0  0	
 2  0  11032 63972708 136248 333460    0    0     0     0 3083 2522  2  0 98  0  0	
 1  0  11032 63972468 136248 333464    0    0     0     0 3043 2466  2  0 98  0  0	
 2  0  11032 63972708 136248 333464    0    0     0     0 3075 2495  2  0 98  0  0	
 2  0  11032 63972692 136248 333468    0    0     0     0 3049 2468  2  0 98  0  0	
 2  0  11032 63972700 136248 333472    0    0     0     0 3073 2501  2  0 98  0  0	
 1  0  11032 63972700 136248 333476    0    0     0     6 3084 2535  2  0 98  0  0	
 1  0  11032 63972700 136248 333476    0    0     0     0 3106 2569  2  0 98  0  0	
procs -----------memory---------- ---swap-- -----io---- --system-- -----cpu-----
 r  b   swpd   free   buff  cache   si   so    bi    bo   in   cs us sy id wa st
 1  0  11032 63972708 136248 333476    0    0     0     0 3050 2475  2  0 98  0  0	
 1  0  11032 63972708 136248 333480    0    0     0     0 3046 2474  2  0 98  0  0	
 1  0  11032 63972584 136248 333480    0    0     0     0 3051 2474  2  0 98  0  0	
 1  0  11032 63972584 136248 333480    0    0     0     0 3061 2486  2  0 98  0  0	
 2  0  11032 63972592 136248 333484    0    0     0     0 3052 2485  2  0 98  0  0	
 1  0  11032 63972460 136248 333492    0    0     0     0 3077 2513  2  0 98  0  0	
 2  0  11032 63972452 136248 333492    0    0     0     0 3052 2479  2  0 98  0  0	
 1  0  11032 63972460 136248 333492    0    0     0     0 3045 2463  2  0 98  0  0	
 2  0  11032 63972468 136248 333496    0    0     0     0 3090 2507  2  0 98  0  0	
 1  0  11032 63972336 136248 333496    0    0     0     0 3063 2473  2  0 98  0  0	
 1  0  11032 63972460 136248 333500    0    0     0     0 3016 2487  2  0 98  0  0	
 1  0  11032 63972568 136248 333500    0    0     0     0 3053 2510  2  0 98  0  0	
 1  0  11032 63972568 136248 333504    0    0     0     0 3051 2471  2  0 98  0  0	
 1  0  11032 63972568 136248 333512    0    0     0     2 3121 2604  2  0 98  0  0	
 1  0  11032 63972576 136248 333512    0    0     0     0 3157 2655  2  0 98  0  0	
 3  0  11032 63972692 136248 333512    0    0     0     0 3152 2647  2  0 98  0  0	
 1  0  11032 63972684 136248 333520    0    0     0     0 3201 2843  2  0 98  0  0	
 2  0  11032 63972444 136248 333520    0    0     0     0 3276 2959  2  0 98  0  0	
 1  0  11032 63972568 136248 333520    0    0     0     0 3086 2562  2  0 98  0  0	
 2  0  11032 63972444 136248 333528    0    0     0     0 3131 2593  2  0 98  0  0	
 1  0  11032 63972568 136248 333532    0    0     0     0 3063 2483  2  0 98  0  0	
procs -----------memory---------- ---swap-- -----io---- --system-- -----cpu-----
 r  b   swpd   free   buff  cache   si   so    bi    bo   in   cs us sy id wa st
 2  0  11032 63972692 136248 333532    0    0     0     0 3048 2465  2  0 98  0  0	
 1  0  11032 63972568 136248 333536    0    0     0     0 3045 2472  2  0 98  0  0	
 1  0  11032 63972568 136248 333536    0    0     0     0 3053 2511  2  0 98  0  0	
 1  0  11032 63972576 136248 333540    0    0     0     0 3150 2731  2  0 98  0  0	
 1  0  11032 63972568 136248 333544    0    0     0     0 3046 2480  2  0 98  0  0	
 1  0  11032 63972552 136248 333544    0    0     0     0 3034 2461  2  0 98  0  0	
 1  0  11032 63972684 136248 333548    0    0     0     0 3045 2474  2  0 98  0  0	
 1  0  11032 63972436 136248 333552    0    0     0     6 3106 2575  2  0 98  0  0	
 1  0  11032 63972560 136248 333552    0    0     0     0 3509 3450  2  0 98  0  0	
 2  0  11032 63972568 136248 333560    0    0     0     0 3185 2800  2  0 98  0  0	
 1  0  11032 63972568 136248 333560    0    0     0     0 3010 2461  2  0 98  0  0	
 2  0  11032 63972692 136248 333560    0    0     0     0 3061 2531  2  0 98  0  0	
 1  0  11032 63972568 136248 333564    0    0     0     0 3080 2529  2  0 98  0  0	
 2  0  11032 63972576 136248 333568    0    0     0     0 3141 2615  2  0 98  0  0	
 1  0  11032 63972572 136248 333576    0    0     0     0 3132 2615  2  0 98  0  0	
 1  0  11032 63972564 136248 333580    0    0     0     0 3174 2664  2  0 98  0  0	
 1  0  11032 63972696 136248 333580    0    0     0     0 3101 2540  2  0 98  0  0	
 1  0  11032 63972572 136248 333584    0    0     0     0 3152 2624  2  0 98  0  0	
 2  0  11032 63972696 136248 333584    0    0     0     0 3127 2593  2  0 98  0  0	
 1  0  11032 63972696 136248 333588    0    0     0     0 3153 2663  2  0 98  0  0	
 2  0  11032 63972572 136248 333592    0    0     0     0 3162 2679  2  0 98  0  0	
procs -----------memory---------- ---swap-- -----io---- --system-- -----cpu-----
 r  b   swpd   free   buff  cache   si   so    bi    bo   in   cs us sy id wa st
 1  0  11032 63972448 136248 333592    0    0     0     0 3090 2517  2  0 98  0  0	
 2  0  11032 63972688 136248 333592    0    0     0     2 3091 2515  2  0 98  0  0	
 1  0  11032 63972456 136248 333600    0    0     0     0 3080 2498  2  0 98  0  0	
 2  0  11032 63972572 136248 333600    0    0     0     0 3124 2607  2  0 98  0  0	
 1  0  11032 63972564 136248 333604    0    0     0     0 3104 2577  2  0 98  0  0	
 2  0  11032 63972456 136248 333604    0    0     0     0 3113 2570  2  0 98  0  0	
 1  0  11032 63972580 136248 333608    0    0     0     0 3070 2492  2  0 98  0  0	
 1  0  11032 63972704 136248 333616    0    0     0     0 3089 2524  2  0 98  0  0	
 1  0  11032 63972332 136248 333616    0    0     0     0 3126 2593  2  0 98  0  0	
 1  0  11032 63972580 136248 333620    0    0     0     0 3140 2626  2  0 98  0  0	
 1  0  11032 63972580 136248 333624    0    0     0     0 3116 2576  2  0 98  0  0	
 1  0  11032 63972572 136248 333624    0    0     0     0 3084 2531  2  0 98  0  0	
 1  0  11032 63972332 136248 333624    0    0     0     0 3062 2471  2  0 98  0  0	
 1  0  11032 63972572 136248 333624    0    0     0     0 3065 2483  2  0 98  0  0	
 1  0  11032 63972556 136248 333628    0    0     0     0 3081 2530  2  0 98  0  0	
 1  0  11032 63972568 136248 333628    0    0     0     0 3001 2451  2  0 98  0  0	
 2  0  11032 63972692 136248 333628    0    0     0     6 3028 2497  2  0 98  0  0	
 1  0  11032 63972692 136248 333636    0    0     0     0 3054 2504  2  0 98  0  0	
 2  0  11032 63972700 136248 333636    0    0     0     0 3053 2476  2  0 98  0  0	
 1  0  11032 63972700 136248 333644    0    0     0     0 3049 2484  2  0 98  0  0	
