Linux 2.6.32-279.14.1.el6.x86_64 (compute-662-2.local) 	04/20/20 	_x86_64_	(48 CPU)

14:48:21     CPU    %usr   %nice    %sys %iowait    %irq   %soft  %steal  %guest   %idle
14:48:23     all    2.11    0.00    0.09    0.00    0.00    0.01    0.00    0.00   97.79
14:48:25     all    2.10    0.00    0.06    0.01    0.00    0.00    0.00    0.00   97.83
14:48:27     all    2.10    0.00    0.08    0.20    0.00    0.00    0.00    0.00   97.62
14:48:29     all    2.10    0.00    0.06    0.00    0.00    0.00    0.00    0.00   97.84
14:48:31     all    2.09    0.00    0.08    0.01    0.00    0.00    0.00    0.00   97.81
14:48:33     all    2.10    0.00    0.07    0.00    0.00    0.00    0.00    0.00   97.83
14:48:35     all    2.10    0.00    0.07    0.00    0.00    0.01    0.00    0.00   97.82
14:48:37     all    2.10    0.00    0.06    0.00    0.00    0.01    0.00    0.00   97.83
14:48:39     all    2.11    0.00    0.06    0.00    0.00    0.00    0.00    0.00   97.83
14:48:41     all    2.10    0.00    0.07    0.00    0.00    0.00    0.00    0.00   97.83
14:48:43     all    2.10    0.00    0.07    0.00    0.00    0.00    0.00    0.00   97.83
