Linux 2.6.32-279.14.1.el6.x86_64 (compute-662-2.local) 	04/20/20 	_x86_64_	(48 CPU)

19:32:26     CPU    %usr   %nice    %sys %iowait    %irq   %soft  %steal  %guest   %idle
19:32:28     all    2.09    0.00    0.11    0.00    0.00    0.00    0.00    0.00   97.79
19:32:30     all    2.10    0.00    0.08    0.00    0.00    0.01    0.00    0.00   97.81
19:32:32     all    2.10    0.00    0.08    0.02    0.00    0.00    0.00    0.00   97.80
19:32:34     all    2.10    0.00    0.07    0.00    0.00    0.00    0.00    0.00   97.83
19:32:36     all    2.11    0.00    0.08    0.00    0.00    0.00    0.00    0.00   97.81
19:32:38     all    2.10    0.00    0.06    0.00    0.00    0.00    0.00    0.00   97.84
19:32:40     all    2.11    0.00    0.07    0.00    0.00    0.00    0.00    0.00   97.82
19:32:42     all    2.10    0.00    0.08    0.21    0.00    0.00    0.00    0.00   97.61
19:32:44     all    2.10    0.00    0.07    0.00    0.00    0.00    0.00    0.00   97.83
19:32:46     all    2.10    0.00    0.07    0.00    0.00    0.01    0.00    0.00   97.82
19:32:48     all    2.10    0.00    0.08    0.00    0.00    0.00    0.00    0.00   97.82
19:32:50     all    2.11    0.00    0.09    0.00    0.00    0.01    0.00    0.00   97.79
19:32:52     all    2.10    0.00    0.07    0.00    0.00    0.00    0.00    0.00   97.83
19:32:54     all    2.11    0.00    0.08    0.00    0.00    0.00    0.00    0.00   97.81
19:32:56     all    2.11    0.00    0.09    0.00    0.00    0.00    0.00    0.00   97.80
19:32:58     all    2.10    0.00    0.08    0.00    0.00    0.00    0.00    0.00   97.82
19:33:00     all    2.10    0.00    0.08    0.01    0.00    0.00    0.00    0.00   97.81
19:33:02     all    2.11    0.00    0.08    0.00    0.00    0.00    0.00    0.00   97.81
19:33:04     all    2.10    0.00    0.07    0.00    0.00    0.00    0.00    0.00   97.83
19:33:06     all    2.11    0.00    0.10    0.01    0.00    0.01    0.00    0.00   97.77
19:33:08     all    2.11    0.00    0.08    0.00    0.00    0.00    0.00    0.00   97.81
19:33:10     all    2.10    0.00    0.08    0.01    0.00    0.00    0.00    0.00   97.81
19:33:12     all    2.10    0.00    0.07    0.00    0.00    0.00    0.00    0.00   97.83
19:33:14     all    2.10    0.00    0.08    0.00    0.00    0.00    0.00    0.00   97.82
19:33:16     all    2.11    0.00    0.08    0.00    0.00    0.00    0.00    0.00   97.81
19:33:18     all    2.10    0.00    0.09    0.00    0.00    0.00    0.00    0.00   97.81
19:33:20     all    2.10    0.00    0.08    0.00    0.00    0.01    0.00    0.00   97.81
19:33:22     all    2.09    0.00    0.08    0.00    0.00    0.00    0.00    0.00   97.83
19:33:24     all    2.11    0.00    0.07    0.00    0.00    0.00    0.00    0.00   97.82
19:33:26     all    2.10    0.00    0.08    0.00    0.00    0.00    0.00    0.00   97.82
19:33:28     all    2.11    0.00    0.09    0.00    0.00    0.00    0.00    0.00   97.80
19:33:30     all    2.10    0.00    0.09    0.00    0.00    0.00    0.00    0.00   97.81
19:33:32     all    2.10    0.00    0.08    0.00    0.00    0.00    0.00    0.00   97.82
19:33:34     all    2.11    0.00    0.07    0.00    0.00    0.00    0.00    0.00   97.82
19:33:36     all    2.10    0.00    0.08    0.00    0.00    0.00    0.00    0.00   97.82
19:33:38     all    2.10    0.00    0.07    0.00    0.00    0.00    0.00    0.00   97.83
19:33:40     all    2.10    0.00    0.08    0.21    0.00    0.00    0.00    0.00   97.61
19:33:42     all    2.11    0.00    0.08    0.00    0.00    0.00    0.00    0.00   97.81
19:33:44     all    2.10    0.00    0.07    0.00    0.00    0.01    0.00    0.00   97.82
19:33:46     all    2.11    0.00    0.08    0.00    0.00    0.00    0.00    0.00   97.81
19:33:48     all    2.10    0.00    0.08    0.00    0.00    0.00    0.00    0.00   97.82
19:33:50     all    2.12    0.00    0.09    0.00    0.00    0.00    0.00    0.00   97.79
19:33:52     all    2.10    0.00    0.08    0.00    0.00    0.00    0.00    0.00   97.82
19:33:54     all    2.11    0.00    0.08    0.00    0.00    0.00    0.00    0.00   97.81
19:33:56     all    2.10    0.00    0.08    0.00    0.00    0.00    0.00    0.00   97.82
19:33:58     all    2.10    0.00    0.07    0.00    0.00    0.00    0.00    0.00   97.83
