procs -----------memory---------- ---swap-- -----io---- --system-- -----cpu-----
 r  b   swpd   free   buff  cache   si   so    bi    bo   in   cs us sy id wa st
 4  0  11032 64571632 136248 326728    0    0     0     1    0    0  5  1 94  0  0	
 3  0  11032 64533616 136248 326760    0    0     0     0 3190 2661  2  0 98  0  0	
 2  0  11032 64533052 136248 326768    0    0     0     0 3390 3025  2  0 98  0  0	
 1  0  11032 64533168 136248 326772    0    0     0    10 3137 2626  2  0 98  0  0	
 1  0  11032 64533788 136248 326772    0    0     0     0 3098 2501  2  0 98  0  0	
 1  0  11032 64533992 136248 326772    0    0     0     0 3082 2500  2  0 98  0  0	
 1  0  11032 64534364 136248 326776    0    0     0     6 3076 2498  2  0 98  0  0	
 1  0  11032 64534884 136248 326776    0    0     0     0 3075 2489  2  0 98  0  0	
 3  0  11032 64535216 136248 326780    0    0     0     0 3082 2515  2  0 98  0  0	
 3  0  11032 64535240 136248 326784    0    0     0     0 3175 2723  2  0 98  0  0	
 1  0  11032 64535332 136248 326784    0    0     0     0 3074 2484  2  0 98  0  0	
 1  0  11032 64535208 136248 326784    0    0     0     0 3074 2499  2  0 98  0  0	
 1  0  11032 64535580 136248 326788    0    0     0     0 3095 2496  2  0 98  0  0	
 3  0  11032 64535720 136248 326788    0    0     0     8 3069 2501  2  0 98  0  0	
 3  0  11032 64535596 136248 326796    0    0     0     0 3070 2498  2  0 98  0  0	
 1  0  11032 64535720 136248 326796    0    0     0     0 3092 2552  2  0 98  0  0	
 1  0  11032 64535728 136248 326800    0    0     0    28 3175 2565  2  0 98  0  0	
 1  0  11032 64535480 136248 326812    0    0     0     0 3084 2498  2  0 98  0  0	
 4  0  11032 64535480 136248 326816    0    0     0     0 3073 2501  2  0 98  0  0	
 1  0  11032 64535720 136248 326816    0    0     0    18 3086 2506  2  0 98  0  0	
 1  0  11032 64535844 136248 326820    0    0     0     0 3051 2485  2  0 98  0  0	
procs -----------memory---------- ---swap-- -----io---- --system-- -----cpu-----
 r  b   swpd   free   buff  cache   si   so    bi    bo   in   cs us sy id wa st
 1  0  11032 64535868 136248 326820    0    0     0     0 3105 2595  2  0 98  0  0	
 3  0  11032 64536292 136248 326820    0    0     0     0 3038 2461  2  0 98  0  0	
 3  0  11032 64536184 136248 326828    0    0     0     0 3040 2475  2  0 98  0  0	
 1  0  11032 64536184 136248 326828    0    0     0     0 3050 2461  2  0 98  0  0	
 1  0  11032 64536060 136248 326828    0    0     0     0 3025 2457  2  0 98  0  0	
 3  0  11032 64536184 136248 326832    0    0     0     0 3056 2478  2  0 98  0  0	
 3  0  11032 64536068 136248 326832    0    0     0     0 3081 2547  2  0 98  0  0	
 1  0  11032 64536192 136248 326836    0    0     0     0 3072 2496  2  0 98  0  0	
 2  0  11032 64536200 136248 326840    0    0     0     0 3074 2508  2  0 98  0  0	
 1  0  11032 64536076 136248 326840    0    0     0     0 3075 2500  2  0 98  0  0	
 3  0  11032 64536192 136248 326848    0    0     0     0 3107 2527  2  0 98  0  0	
 1  0  11032 64535944 136248 326848    0    0     0     0 3109 2541  2  0 98  0  0	
 1  0  11032 64536060 136248 326848    0    0     0     0 3149 2595  2  0 98  0  0	
 1  0  11032 64536184 136248 326852    0    0     0     0 3142 2583  2  0 98  0  0	
 3  0  11032 64535936 136248 326852    0    0     0     0 3118 2554  2  0 98  0  0	
 1  0  11032 64535812 136248 326856    0    0     0     0 3128 2590  2  0 98  0  0	
