Linux 2.6.32-279.14.1.el6.x86_64 (compute-662-2.local) 	04/20/20 	_x86_64_	(48 CPU)

14:47:02     CPU    %usr   %nice    %sys %iowait    %irq   %soft  %steal  %guest   %idle
14:47:04     all    2.11    0.00    0.11    0.00    0.00    0.00    0.00    0.00   97.78
14:47:06     all    2.10    0.00    0.09    0.00    0.00    0.00    0.00    0.00   97.81
14:47:08     all    2.10    0.00    0.07    0.21    0.00    0.01    0.00    0.00   97.61
14:47:10     all    2.11    0.00    0.07    0.00    0.00    0.00    0.00    0.00   97.82
14:47:12     all    2.10    0.00    0.07    0.00    0.00    0.00    0.00    0.00   97.83
14:47:14     all    2.09    0.00    0.07    0.00    0.00    0.00    0.00    0.00   97.83
14:47:16     all    2.09    0.00    0.06    0.00    0.00    0.00    0.00    0.00   97.84
14:47:18     all    2.09    0.00    0.06    0.01    0.00    0.00    0.00    0.00   97.83
14:47:20     all    2.09    0.00    0.08    0.01    0.00    0.00    0.00    0.00   97.81
14:47:22     all    2.10    0.00    0.08    0.00    0.00    0.00    0.00    0.00   97.82
