procs -----------memory---------- ---swap-- -----io---- --system-- -----cpu-----
 r  b   swpd   free   buff  cache   si   so    bi    bo   in   cs us sy id wa st
 6  0  11032 64580420 136224 317940    0    0     0     1    0    0  5  1 94  0  0	
 3  0  11032 64542940 136224 317972    0    0     0     6 3215 2737  2  0 98  0  0	
 5  0  11032 64542676 136224 317980    0    0     0     0 3116 2556  2  0 98  0  0	
 1  0  11032 64542680 136224 317984    0    0     0     8 3081 2492  2  0 98  0  0	
 1  0  11032 64543536 136224 317984    0    0     0     0 3058 2466  2  0 98  0  0	
 1  0  11032 64543412 136224 317984    0    0     0     0 3045 2459  2  0 98  0  0	
 1  0  11032 64543708 136224 317988    0    0     0    10 3063 2530  2  0 98  0  0	
 1  0  11032 64544248 136224 317988    0    0     0     0 3012 2457  2  0 98  0  0	
 1  0  11032 64544412 136224 317992    0    0     0     0 3050 2475  2  0 98  0  0	
 1  0  11032 64544808 136224 317996    0    0     0     0 3037 2467  2  0 98  0  0	
 1  0  11032 64545012 136224 317996    0    0     0     0 3045 2467  2  0 98  0  0	
 1  0  11032 64545048 136224 317996    0    0     0     0 3045 2472  2  0 98  0  0	
 1  0  11032 64545296 136224 318000    0    0     0     0 3048 2515  2  0 98  0  0	
 1  0  11032 64545236 136224 318000    0    0     0     0 3129 2620  2  0 98  0  0	
 1  0  11032 64545376 136224 318004    0    0     0     0 3074 2508  2  0 98  0  0	
 1  0  11032 64545284 136224 318008    0    0     0     0 3051 2468  2  0 98  0  0	
 2  0  11032 64545040 136224 318012    0    0     0     2 3053 2482  2  0 98  0  0	
 2  0  11032 64545172 136224 318016    0    0     0     0 3091 2542  2  0 98  0  0	
 1  0  11032 64545172 136224 318020    0    0     0     0 3144 2640  2  0 98  0  0	
 1  0  11032 64545040 136224 318020    0    0     0    16 3090 2501  2  0 98  0  0	
 1  0  11032 64545164 136224 318024    0    0     0     0 3069 2477  2  0 98  0  0	
procs -----------memory---------- ---swap-- -----io---- --system-- -----cpu-----
 r  b   swpd   free   buff  cache   si   so    bi    bo   in   cs us sy id wa st
 1  0  11032 64545164 136224 318024    0    0     0     0 3069 2490  2  0 98  0  0	
 1  0  11032 64545164 136224 318024    0    0     0     0 3072 2499  2  0 98  0  0	
 1  0  11032 64545172 136224 318032    0    0     0     0 3085 2506  2  0 98  0  0	
 1  0  11032 64545288 136224 318032    0    0     0     0 3099 2564  2  0 98  0  0	
 1  0  11032 64545288 136224 318032    0    0     0     0 3091 2488  2  0 98  0  0	
 1  0  11032 64545040 136224 318036    0    0     0     0 3089 2505  2  0 98  0  0	
 1  0  11032 64545172 136224 318036    0    0     0     0 3075 2490  2  0 98  0  0	
 1  0  11032 64545172 136224 318040    0    0     0     0 3076 2490  2  0 98  0  0	
 1  0  11032 64545040 136224 318040    0    0     0     0 3070 2487  2  0 98  0  0	
 1  0  11032 64545172 136224 318044    0    0     0     0 3089 2539  2  0 98  0  0	
 1  0  11032 64545040 136224 318052    0    0     0     0 3083 2507  2  0 98  0  0	
 1  0  11032 64545164 136224 318052    0    0     0     0 3063 2479  2  0 98  0  0	
 1  0  11032 64545536 136224 318052    0    0     0     0 3108 2519  2  0 98  0  0	
 1  0  11032 64545412 136224 318056    0    0     0     0 3070 2485  2  0 98  0  0	
 1  0  11032 64545536 136224 318056    0    0     0     0 3082 2490  2  0 98  0  0	
