procs -----------memory---------- ---swap-- -----io---- --system-- -----cpu-----
 r  b   swpd   free   buff  cache   si   so    bi    bo   in   cs us sy id wa st
 4  0  11032 64556152 136292 339348    0    0     0     1    0    0  5  1 94  0  0	
 5  0  11032 64406196 136292 339392    0    0     0     0 3150 2639  2  0 98  0  0	
 1  0  11032 64406072 136292 339392    0    0     0     0 3084 2511  2  0 98  0  0	
 2  0  11032 64406436 136292 339396    0    0     0     8 3116 2572  2  0 98  0  0	
 1  0  11032 64407272 136292 339396    0    0     0     0 3138 2635  2  0 98  0  0	
 1  0  11032 64407912 136292 339396    0    0     0     0 3076 2507  2  0 98  0  0	
 1  0  11032 64407808 136292 339400    0    0     0     0 3084 2512  2  0 98  0  0	
 1  0  11032 64408328 136292 339400    0    0     0     0 3109 2557  2  0 98  0  0	
 1  0  11032 64408324 136292 339400    0    0     0     0 3118 2550  2  0 98  0  0	
 1  0  11032 64408084 136292 339408    0    0     0     0 3115 2564  2  0 98  0  0	
 3  0  11032 64409076 136292 339408    0    0     0     0 3253 2837  2  0 98  0  0	
 1  0  11032 64408936 136292 339408    0    0     0     6 3118 2551  2  0 98  0  0	
 1  0  11032 64409168 136292 339412    0    0     0     0 3094 2504  2  0 98  0  0	
 1  0  11032 64408912 136292 339412    0    0     0     0 3097 2538  2  0 98  0  0	
 1  0  11032 64408844 136292 339416    0    0     0     0 3109 2544  2  0 98  0  0	
 1  0  11032 64409116 136292 339420    0    0     0     0 3170 2663  2  0 98  0  0	
 1  0  11032 64409232 136292 339424    0    0     0     0 3146 2643  2  0 98  0  0	
 3  0  11032 64409480 136292 339428    0    0     0     2 3082 2504  2  0 98  0  0	
 1  0  11032 64409412 136292 339432    0    0     0     0 3135 2611  2  0 98  0  0	
 1  0  11032 64409288 136292 339432    0    0     0     0 3128 2577  2  0 98  0  0	
 1  0  11032 64409196 136292 339436    0    0     0    14 3144 2611  2  0 98  0  0	
procs -----------memory---------- ---swap-- -----io---- --system-- -----cpu-----
 r  b   swpd   free   buff  cache   si   so    bi    bo   in   cs us sy id wa st
 1  0  11032 64409072 136292 339436    0    0     0     0 3081 2509  2  0 98  0  0	
 1  0  11032 64409200 136292 339436    0    0     0     0 3102 2564  2  0 98  0  0	
 1  0  11032 64408956 136292 339444    0    0     0     0 3080 2505  2  0 98  0  0	
 3  0  11032 64409088 136292 339444    0    0     0     0 3075 2500  2  0 98  0  0	
 1  0  11032 64409096 136292 339448    0    0     0     0 3082 2508  2  0 98  0  0	
 1  0  11032 64409092 136292 339448    0    0     0     0 3105 2524  2  0 98  0  0	
 1  0  11032 64409100 136292 339448    0    0     0     0 3087 2508  2  0 98  0  0	
 1  0  11032 64409340 136292 339448    0    0     0     0 3089 2544  2  0 98  0  0	
 3  0  11032 64409596 136292 339452    0    0     0     0 3075 2504  2  0 98  0  0	
 1  0  11032 64409720 136292 339456    0    0     0     0 3080 2509  2  0 98  0  0	
 1  0  11032 64409596 136292 339460    0    0     0     0 3101 2533  2  0 98  0  0	
 1  0  11032 64409704 136292 339464    0    0     0     0 3071 2496  2  0 98  0  0	
 3  0  11032 64409332 136292 339464    0    0     0     0 3106 2542  2  0 98  0  0	
 3  0  11032 64409456 136292 339464    0    0     0     0 3248 2801  2  0 98  0  0	
 1  0  11032 64409712 136292 339468    0    0     0     0 3100 2540  2  0 98  0  0	
 3  0  11032 64409704 136292 339472    0    0     0     0 3099 2547  2  0 98  0  0	
 1  0  11032 64409828 136292 339472    0    0     0     8 3091 2526  2  0 98  0  0	
 1  0  11032 64409456 136292 339476    0    0     0     0 3099 2516  2  0 98  0  0	
 1  0  11032 64409828 136292 339480    0    0     0     0 3092 2505  2  0 98  0  0	
 1  0  11032 64409828 136292 339484    0    0     0     0 3089 2551  2  0 98  0  0	
 3  0  11032 64409720 136292 339484    0    0     0     6 3105 2529  2  0 98  0  0	
procs -----------memory---------- ---swap-- -----io---- --system-- -----cpu-----
 r  b   swpd   free   buff  cache   si   so    bi    bo   in   cs us sy id wa st
 1  0  11032 64409596 136292 339484    0    0     0     0 3090 2511  2  0 98  0  0	
 1  0  11032 64409720 136292 339492    0    0     0     0 3100 2533  2  0 98  0  0	
 1  0  11032 64409720 136292 339492    0    0     0     0 3105 2543  2  0 98  0  0	
 1  0  11032 64409480 136292 339496    0    0     0     0 3103 2549  2  0 98  0  0	
 3  0  11032 64409588 136292 339508    0    0     0     0 3177 2666  2  0 98  0  0	
 1  0  11032 64409844 136292 339508    0    0     0     0 3094 2531  2  0 98  0  0	
 1  0  11032 64409712 136292 339508    0    0     0     0 3122 2590  2  0 98  0  0	
 1  0  11032 64409712 136292 339512    0    0     0     0 3108 2564  2  0 98  0  0	
 1  0  11032 64409712 136292 339512    0    0     0     0 3102 2561  2  0 98  0  0	
 3  0  11032 64409836 136292 339516    0    0     0     0 3098 2513  2  0 98  0  0	
 2  0  11032 64409588 136292 339516    0    0     0     0 3126 2580  2  0 98  0  0	
 1  0  11032 64409464 136292 339516    0    0     0     0 3099 2513  2  0 98  0  0	
 3  0  11032 64409108 136292 339528    0    0     0     0 3077 2509  2  0 98  0  0	
 1  0  11032 64409116 136292 339528    0    0     0     0 3075 2501  2  0 98  0  0	
 1  0  11032 64409232 136292 339528    0    0     0     0 3072 2497  2  0 98  0  0	
 1  0  11032 64409232 136292 339536    0    0     0     2 3077 2513  2  0 98  0  0	
 1  0  11032 64409356 136292 339536    0    0     0     0 3119 2607  2  0 98  0  0	
 1  0  11032 64409232 136292 339536    0    0     0     0 3070 2496  2  0 98  0  0	
 1  0  11032 64409232 136292 339544    0    0     0     0 3073 2498  2  0 98  0  0	
 1  0  11032 64409348 136292 339544    0    0     0     0 3090 2516  2  0 98  0  0	
 2  0  11032 64409224 136292 339548    0    0     0     0 3089 2507  2  0 98  0  0	
procs -----------memory---------- ---swap-- -----io---- --system-- -----cpu-----
 r  b   swpd   free   buff  cache   si   so    bi    bo   in   cs us sy id wa st
 1  0  11032 64409100 136292 339552    0    0     0     0 3073 2497  2  0 98  0  0	
 1  0  11032 64409224 136292 339556    0    0     0     0 3106 2566  2  0 98  0  0	
 2  0  11032 64409360 136292 339560    0    0     0     0 3091 2510  2  0 98  0  0	
 1  0  11032 64409104 136292 339560    0    0     0     0 3076 2510  2  0 98  0  0	
 1  0  11032 64409104 136292 339560    0    0     0     0 3072 2510  2  0 98  0  0	
 1  0  11032 64409104 136292 339564    0    0     0     0 3086 2508  2  0 98  0  0	
 1  0  11032 64408980 136292 339564    0    0     0     0 3080 2509  2  0 98  0  0	
 1  0  11032 64409104 136292 339568    0    0     0     0 3129 2641  2  0 98  0  0	
 1  0  11032 64409360 136292 339576    0    0     0     6 3089 2543  2  0 98  0  0	
 1  0  11032 64409112 136292 339576    0    0     0     0 3074 2504  2  0 98  0  0	
 1  0  11032 64409236 136292 339576    0    0     0     0 3076 2499  2  0 98  0  0	
 1  0  11032 64409236 136292 339580    0    0     0     0 3130 2609  2  0 98  0  0	
 2  0  11032 64409120 136292 339584    0    0     0     0 3078 2492  2  0 98  0  0	
 3  0  11032 64409096 136292 339588    0    0     0     0 3115 2569  2  0 98  0  0	
 1  0  11032 64409344 136292 339588    0    0     0     0 3098 2537  2  0 98  0  0	
 1  0  11032 64409096 136292 339592    0    0     0     0 3110 2551  2  0 98  0  0	
 3  0  11032 64409220 136292 339596    0    0     0     0 3127 2603  2  0 98  0  0	
 1  0  11032 64409592 136292 339596    0    0     0     0 3089 2523  2  0 98  0  0	
 1  0  11032 64409592 136292 339596    0    0     0     0 3149 2641  2  0 98  0  0	
 1  0  11032 64409592 136292 339596    0    0     0     0 3114 2595  2  0 98  0  0	
 1  0  11032 64409832 136292 339600    0    0     0     0 3113 2548  2  0 98  0  0	
procs -----------memory---------- ---swap-- -----io---- --system-- -----cpu-----
 r  b   swpd   free   buff  cache   si   so    bi    bo   in   cs us sy id wa st
 1  0  11032 64409716 136292 339600    0    0     0     0 3098 2534  2  0 98  0  0	
 1  0  11032 64409740 136292 339600    0    0     0     0 3183 2712  2  0 98  0  0	
 1  0  11032 64409608 136292 339608    0    0     0     0 3121 2554  2  0 98  0  0	
 2  0  11032 64409608 136292 339608    0    0     0     2 3130 2578  2  0 98  0  0	
 1  0  11032 64409608 136292 339616    0    0     0     0 3153 2668  2  0 98  0  0	
 1  0  11032 64409360 136292 339620    0    0     0     0 3136 2630  2  0 98  0  0	
 3  0  11032 64409608 136292 339624    0    0     0     0 3104 2557  2  0 98  0  0	
 1  0  11032 64409728 136292 339628    0    0     0     0 3164 2648  2  0 98  0  0	
 1  0  11032 64409852 136292 339632    0    0     0     0 3105 2536  2  0 98  0  0	
 1  0  11032 64409852 136292 339636    0    0     0     0 3104 2542  2  0 98  0  0	
 1  0  11032 64409480 136292 339640    0    0     0     0 3124 2588  2  0 98  0  0	
 3  0  11032 64409736 136292 339640    0    0     0     0 3076 2505  2  0 98  0  0	
 1  0  11032 64409728 136292 339640    0    0     0     0 3079 2507  2  0 98  0  0	
 1  0  11032 64409356 136292 339644    0    0     0     6 3077 2513  2  0 98  0  0	
 3  0  11032 64409480 136292 339644    0    0     0     0 3102 2520  2  0 98  0  0	
 1  0  11032 64409744 136292 339648    0    0     0     0 3089 2516  2  0 98  0  0	
 2  0  11032 64409736 136292 339652    0    0     0     0 3091 2549  2  0 98  0  0	
 2  0  11032 64409612 136292 339652    0    0     0    10 3087 2513  2  0 98  0  0	
 1  0  11032 64409860 136292 339656    0    0     0     0 3069 2492  2  0 98  0  0	
 2  0  11032 64409604 136292 339656    0    0     0     0 3068 2459  2  0 98  0  0	
 1  0  11032 64409488 136292 339656    0    0     0     0 3072 2497  2  0 98  0  0	
procs -----------memory---------- ---swap-- -----io---- --system-- -----cpu-----
 r  b   swpd   free   buff  cache   si   so    bi    bo   in   cs us sy id wa st
 1  0  11032 64409496 136292 339664    0    0     0     0 3075 2507  2  0 98  0  0	
 1  0  11032 64409356 136292 339664    0    0     0     0 3113 2567  2  0 98  0  0	
 1  0  11032 64409100 136292 339668    0    0     0    22 3144 2540  2  0 98  0  0	
 1  0  11032 64408968 136292 339684    0    0     0     0 3086 2507  2  0 98  0  0	
 3  0  11032 64409224 136292 339684    0    0     0     0 3093 2513  2  0 98  0  0	
 1  0  11032 64409348 136292 339684    0    0     0     0 3089 2506  2  0 98  0  0	
 1  0  11032 64409432 136292 339688    0    0     0     0 3078 2503  2  0 98  0  0	
 4  0  11032 64409496 136292 339688    0    0     0     0 3094 2552  2  0 98  0  0	
 1  0  11032 64409512 136292 339692    0    0     0     0 3074 2497  2  0 98  0  0	
 1  0  11032 64409276 136292 339692    0    0     0    14 3082 2505  2  0 98  0  0	
 3  0  11032 64409284 136292 339696    0    0     0     0 3081 2502  2  0 98  0  0	
 1  0  11032 64409152 136292 339704    0    0     0     0 3083 2509  2  0 98  0  0	
 1  0  11032 64409160 136292 339704    0    0     0     0 3080 2503  2  0 98  0  0	
 1  0  11032 64409408 136292 339704    0    0     0     0 3106 2573  2  0 98  0  0	
 1  0  11032 64409284 136292 339708    0    0     0     0 3074 2497  2  0 98  0  0	
 1  0  11032 64409408 136292 339712    0    0     0     0 3086 2522  2  0 98  0  0	
 1  0  11032 64409400 136292 339712    0    0     0     0 3095 2523  2  0 98  0  0	
 2  0  11032 64409276 136292 339716    0    0     0     0 3164 2684  2  0 98  0  0	
 2  0  11032 64409524 136292 339716    0    0     0     0 3135 2580  2  0 98  0  0	
 1  0  11032 64409400 136292 339724    0    0     0     0 3092 2559  2  0 98  0  0	
 1  0  11032 64409780 136292 339728    0    0     0     0 3093 2544  2  0 98  0  0	
procs -----------memory---------- ---swap-- -----io---- --system-- -----cpu-----
 r  b   swpd   free   buff  cache   si   so    bi    bo   in   cs us sy id wa st
 1  0  11032 64409524 136292 339728    0    0     0     0 3116 2561  2  0 98  0  0	
 1  0  11032 64409400 136292 339732    0    0     0     0 3095 2532  2  0 98  0  0	
 1  0  11032 64409648 136292 339732    0    0     0     0 3131 2579  2  0 98  0  0	
 1  0  11032 64409408 136292 339736    0    0     0     0 3121 2584  2  0 98  0  0	
 1  0  11032 64409532 136292 339740    0    0     0     0 3176 2701  2  0 98  0  0	
 3  0  11032 64409780 136292 339740    0    0     0     6 3128 2586  2  0 98  0  0	
 1  0  11032 64409660 136292 339744    0    0     0     0 3111 2531  2  0 98  0  0	
 1  0  11032 64409660 136292 339748    0    0     0     0 3085 2506  2  0 98  0  0	
 1  0  11032 64409784 136292 339752    0    0     0     0 3104 2566  2  0 98  0  0	
 1  0  11032 64409668 136292 339756    0    0     0     0 3059 2484  2  0 98  0  0	
 3  0  11032 64409644 136292 339756    0    0     0     0 3092 2561  2  0 98  0  0	
 1  0  11032 64408744 136292 339760    0    0     0     2 3336 2672  2  0 98  0  0	
 3  0  11032 64407784 136292 339764    0    0     0     0 3066 2492  2  0 98  0  0	
 1  0  11032 64407908 136292 339772    0    0     0     0 3071 2509  2  0 98  0  0	
 3  0  11032 64408032 136292 339772    0    0     0    22 3070 2496  2  0 98  0  0	
 1  0  11032 64408404 136292 339772    0    0     0     0 3086 2508  2  0 98  0  0	
 1  0  11032 64408528 136292 339780    0    0     0     0 3090 2550  2  0 98  0  0	
 1  0  11032 64408520 136292 339780    0    0     0     0 3088 2503  2  0 98  0  0	
 1  0  11032 64409064 136292 339780    0    0     0     0 3083 2513  2  0 98  0  0	
 3  0  11032 64408956 136292 339784    0    0     0     0 3089 2500  2  0 98  0  0	
 1  0  11032 64408948 136292 339784    0    0     0     0 3094 2517  2  0 98  0  0	
procs -----------memory---------- ---swap-- -----io---- --system-- -----cpu-----
 r  b   swpd   free   buff  cache   si   so    bi    bo   in   cs us sy id wa st
 1  0  11032 64409208 136292 339788    0    0     0    18 3082 2509  2  0 98  0  0	
 1  0  11032 64409208 136292 339792    0    0     0     0 3096 2553  2  0 98  0  0	
 1  0  11032 64409088 136292 339792    0    0     0     0 3073 2502  2  0 98  0  0	
 1  0  11032 64409212 136292 339800    0    0     0     0 3068 2494  2  0 98  0  0	
 1  0  11032 64408956 136292 339800    0    0     0     0 3091 2525  2  0 98  0  0	
 1  0  11032 64409328 136292 339800    0    0     0     0 3074 2504  2  0 98  0  0	
 2  0  11032 64409328 136292 339804    0    0     0     0 3089 2511  2  0 98  0  0	
 1  0  11032 64409204 136292 339808    0    0     0     0 3143 2617  2  0 98  0  0	
 2  0  11032 64409088 136292 339808    0    0     0     0 3085 2474  2  0 98  0  0	
 2  0  11032 64408956 136292 339812    0    0     0     0 3120 2572  2  0 98  0  0	
 1  0  11032 64408832 136292 339812    0    0     0     0 3078 2504  2  0 98  0  0	
