Linux 2.6.32-279.14.1.el6.x86_64 (compute-662-2.local) 	04/20/20 	_x86_64_	(48 CPU)

16:55:38     CPU    %usr   %nice    %sys %iowait    %irq   %soft  %steal  %guest   %idle
16:55:40     all    2.07    0.00    0.16    0.00    0.00    0.01    0.00    0.00   97.76
16:55:42     all    2.10    0.00    0.06    0.00    0.00    0.00    0.00    0.00   97.84
16:55:44     all    2.10    0.00    0.06    0.21    0.00    0.00    0.00    0.00   97.63
16:55:46     all    2.10    0.00    0.08    0.00    0.00    0.00    0.00    0.00   97.82
16:55:48     all    2.10    0.00    0.07    0.00    0.00    0.00    0.00    0.00   97.83
16:55:50     all    2.10    0.00    0.07    0.00    0.00    0.00    0.00    0.00   97.83
16:55:52     all    2.11    0.00    0.07    0.00    0.00    0.00    0.00    0.00   97.82
16:55:54     all    2.11    0.00    0.05    0.00    0.00    0.00    0.00    0.00   97.84
16:55:56     all    2.10    0.00    0.07    0.01    0.00    0.00    0.00    0.00   97.82
16:55:58     all    2.10    0.00    0.07    0.00    0.00    0.01    0.00    0.00   97.82
16:56:00     all    2.10    0.00    0.07    0.00    0.00    0.00    0.00    0.00   97.83
16:56:02     all    2.10    0.00    0.08    0.00    0.00    0.00    0.00    0.00   97.82
16:56:04     all    2.11    0.00    0.07    0.00    0.00    0.01    0.00    0.00   97.81
16:56:06     all    2.09    0.00    0.07    0.00    0.00    0.01    0.00    0.00   97.83
16:56:08     all    2.11    0.00    0.06    0.00    0.00    0.00    0.00    0.00   97.83
16:56:10     all    2.11    0.00    0.07    0.00    0.00    0.01    0.00    0.00   97.81
16:56:12     all    2.10    0.00    0.07    0.00    0.00    0.01    0.00    0.00   97.82
16:56:14     all    2.10    0.00    0.07    0.00    0.00    0.00    0.00    0.00   97.83
16:56:16     all    2.10    0.00    0.06    0.00    0.00    0.00    0.00    0.00   97.84
16:56:18     all    2.11    0.00    0.06    0.00    0.00    0.01    0.00    0.00   97.82
16:56:20     all    2.12    0.00    0.10    0.01    0.00    0.01    0.00    0.00   97.76
16:56:22     all    2.10    0.00    0.08    0.00    0.00    0.01    0.00    0.00   97.81
16:56:24     all    2.10    0.00    0.08    0.00    0.00    0.00    0.00    0.00   97.82
16:56:26     all    2.10    0.00    0.07    0.00    0.00    0.01    0.00    0.00   97.82
16:56:28     all    2.10    0.00    0.06    0.00    0.00    0.01    0.00    0.00   97.83
16:56:30     all    2.10    0.00    0.08    0.00    0.00    0.01    0.00    0.00   97.81
16:56:32     all    2.10    0.00    0.07    0.00    0.00    0.02    0.00    0.00   97.81
16:56:34     all    2.11    0.00    0.07    0.20    0.00    0.00    0.00    0.00   97.62
16:56:36     all    2.09    0.00    0.07    0.00    0.00    0.01    0.00    0.00   97.83
16:56:38     all    2.11    0.00    0.07    0.00    0.00    0.00    0.00    0.00   97.82
16:56:40     all    2.11    0.00    0.08    0.00    0.00    0.01    0.00    0.00   97.80
16:56:42     all    2.11    0.00    0.05    0.00    0.00    0.01    0.00    0.00   97.83
16:56:44     all    2.10    0.00    0.07    0.00    0.00    0.00    0.00    0.00   97.83
16:56:46     all    2.10    0.00    0.07    0.00    0.00    0.00    0.00    0.00   97.83
16:56:48     all    2.10    0.00    0.07    0.00    0.00    0.00    0.00    0.00   97.83
16:56:50     all    2.11    0.00    0.07    0.00    0.00    0.01    0.00    0.00   97.81
16:56:52     all    2.10    0.00    0.07    0.00    0.00    0.00    0.00    0.00   97.83
16:56:54     all    2.10    0.00    0.08    0.00    0.00    0.01    0.00    0.00   97.81
16:56:56     all    2.10    0.00    0.09    0.00    0.00    0.00    0.00    0.00   97.81
16:56:58     all    2.11    0.00    0.09    0.00    0.00    0.01    0.00    0.00   97.79
16:57:00     all    2.10    0.00    0.07    0.00    0.00    0.01    0.00    0.00   97.82
16:57:02     all    2.11    0.00    0.07    0.01    0.00    0.00    0.00    0.00   97.81
16:57:04     all    2.11    0.00    0.08    0.00    0.00    0.00    0.00    0.00   97.81
16:57:06     all    2.10    0.00    0.08    0.00    0.00    0.00    0.00    0.00   97.82
16:57:08     all    2.11    0.00    0.06    0.00    0.00    0.00    0.00    0.00   97.83
16:57:10     all    2.10    0.00    0.08    0.00    0.00    0.01    0.00    0.00   97.81
16:57:12     all    2.11    0.00    0.06    0.00    0.00    0.01    0.00    0.00   97.82
16:57:14     all    2.10    0.00    0.06    0.00    0.00    0.01    0.00    0.00   97.83
16:57:16     all    2.10    0.00    0.06    0.00    0.00    0.00    0.00    0.00   97.84
16:57:18     all    2.10    0.00    0.05    0.00    0.00    0.00    0.00    0.00   97.85
16:57:20     all    2.10    0.00    0.05    0.00    0.00    0.00    0.00    0.00   97.85
16:57:22     all    2.10    0.00    0.07    0.00    0.00    0.00    0.00    0.00   97.83
16:57:24     all    2.10    0.00    0.08    0.00    0.00    0.01    0.00    0.00   97.81
16:57:26     all    2.10    0.00    0.06    0.00    0.00    0.00    0.00    0.00   97.84
16:57:28     all    2.11    0.00    0.06    0.00    0.00    0.01    0.00    0.00   97.82
16:57:30     all    2.10    0.00    0.07    0.00    0.00    0.01    0.00    0.00   97.82
16:57:32     all    2.10    0.00    0.08    0.00    0.00    0.00    0.00    0.00   97.82
16:57:34     all    2.11    0.00    0.07    0.20    0.00    0.01    0.00    0.00   97.61
16:57:36     all    2.11    0.00    0.08    0.00    0.00    0.00    0.00    0.00   97.81
16:57:38     all    2.10    0.00    0.07    0.00    0.00    0.00    0.00    0.00   97.83
16:57:40     all    2.10    0.00    0.07    0.00    0.00    0.01    0.00    0.00   97.82
16:57:42     all    2.10    0.00    0.08    0.00    0.00    0.00    0.00    0.00   97.82
16:57:44     all    2.11    0.00    0.07    0.00    0.00    0.01    0.00    0.00   97.81
16:57:46     all    2.10    0.00    0.06    0.00    0.00    0.01    0.00    0.00   97.83
16:57:48     all    2.10    0.00    0.07    0.00    0.00    0.00    0.00    0.00   97.83
16:57:50     all    2.12    0.00    0.10    0.00    0.00    0.00    0.00    0.00   97.78
16:57:52     all    2.09    0.00    0.06    0.00    0.00    0.00    0.00    0.00   97.85
16:57:54     all    2.11    0.00    0.06    0.00    0.00    0.01    0.00    0.00   97.82
16:57:56     all    2.10    0.00    0.06    0.00    0.00    0.00    0.00    0.00   97.84
16:57:58     all    2.11    0.00    0.06    0.00    0.00    0.00    0.00    0.00   97.83
16:58:00     all    2.10    0.00    0.07    0.00    0.00    0.00    0.00    0.00   97.83
16:58:02     all    2.10    0.00    0.07    0.00    0.00    0.00    0.00    0.00   97.83
16:58:04     all    2.10    0.00    0.07    0.00    0.00    0.00    0.00    0.00   97.83
16:58:06     all    2.11    0.00    0.06    0.00    0.00    0.00    0.00    0.00   97.83
16:58:08     all    2.10    0.00    0.07    0.00    0.00    0.00    0.00    0.00   97.83
16:58:10     all    2.10    0.00    0.07    0.00    0.00    0.00    0.00    0.00   97.83
16:58:12     all    2.11    0.00    0.06    0.00    0.00    0.02    0.00    0.00   97.81
16:58:14     all    2.10    0.00    0.07    0.00    0.00    0.00    0.00    0.00   97.83
16:58:16     all    2.10    0.00    0.06    0.00    0.00    0.01    0.00    0.00   97.83
16:58:18     all    2.11    0.00    0.07    0.00    0.00    0.01    0.00    0.00   97.81
16:58:20     all    2.10    0.00    0.08    0.00    0.00    0.01    0.00    0.00   97.81
16:58:22     all    2.11    0.00    0.06    0.00    0.00    0.01    0.00    0.00   97.82
16:58:24     all    2.10    0.00    0.07    0.00    0.00    0.01    0.00    0.00   97.82
16:58:26     all    2.11    0.00    0.07    0.00    0.00    0.01    0.00    0.00   97.81
16:58:28     all    2.10    0.00    0.06    0.00    0.00    0.01    0.00    0.00   97.83
16:58:30     all    2.10    0.00    0.07    0.00    0.00    0.01    0.00    0.00   97.82
16:58:32     all    2.10    0.00    0.08    0.00    0.00    0.00    0.00    0.00   97.82
16:58:34     all    2.10    0.00    0.10    0.21    0.00    0.00    0.00    0.00   97.59
16:58:36     all    2.11    0.00    0.09    0.00    0.00    0.01    0.00    0.00   97.79
16:58:38     all    2.10    0.00    0.08    0.00    0.00    0.01    0.00    0.00   97.81
16:58:40     all    2.10    0.00    0.07    0.00    0.00    0.02    0.00    0.00   97.81
16:58:42     all    2.10    0.00    0.09    0.00    0.00    0.02    0.00    0.00   97.79
16:58:44     all    2.10    0.00    0.09    0.00    0.00    0.02    0.00    0.00   97.79
16:58:46     all    2.10    0.00    0.09    0.00    0.00    0.00    0.00    0.00   97.81
16:58:48     all    2.11    0.00    0.09    0.00    0.00    0.00    0.00    0.00   97.80
16:58:50     all    2.10    0.00    0.09    0.00    0.00    0.01    0.00    0.00   97.80
16:58:52     all    2.10    0.00    0.09    0.00    0.00    0.00    0.00    0.00   97.81
16:58:54     all    2.11    0.00    0.09    0.00    0.00    0.00    0.00    0.00   97.80
16:58:56     all    2.10    0.00    0.09    0.00    0.00    0.00    0.00    0.00   97.81
16:58:58     all    2.10    0.00    0.08    0.00    0.00    0.00    0.00    0.00   97.82
16:59:00     all    2.10    0.00    0.08    0.00    0.00    0.01    0.00    0.00   97.81
16:59:02     all    2.10    0.00    0.07    0.00    0.00    0.00    0.00    0.00   97.83
16:59:04     all    2.11    0.00    0.08    0.00    0.00    0.00    0.00    0.00   97.81
16:59:06     all    2.10    0.00    0.08    0.00    0.00    0.00    0.00    0.00   97.82
16:59:08     all    2.10    0.00    0.10    0.00    0.00    0.00    0.00    0.00   97.80
16:59:10     all    2.11    0.00    0.08    0.00    0.00    0.00    0.00    0.00   97.81
16:59:12     all    2.11    0.00    0.07    0.00    0.00    0.00    0.00    0.00   97.82
16:59:14     all    2.10    0.00    0.07    0.00    0.00    0.00    0.00    0.00   97.83
16:59:16     all    2.10    0.00    0.07    0.00    0.00    0.01    0.00    0.00   97.82
16:59:18     all    2.10    0.00    0.09    0.00    0.00    0.00    0.00    0.00   97.81
16:59:20     all    2.12    0.00    0.09    0.00    0.00    0.00    0.00    0.00   97.79
16:59:22     all    2.10    0.00    0.10    0.00    0.00    0.00    0.00    0.00   97.80
16:59:24     all    2.11    0.00    0.09    0.00    0.00    0.00    0.00    0.00   97.80
16:59:26     all    2.11    0.00    0.09    0.00    0.00    0.01    0.00    0.00   97.79
16:59:28     all    2.11    0.00    0.09    0.00    0.00    0.01    0.00    0.00   97.79
16:59:30     all    2.10    0.00    0.10    0.01    0.00    0.01    0.00    0.00   97.78
16:59:32     all    2.11    0.00    0.10    0.00    0.00    0.01    0.00    0.00   97.78
16:59:34     all    2.11    0.00    0.10    0.20    0.00    0.02    0.00    0.00   97.57
16:59:36     all    2.11    0.00    0.08    0.00    0.00    0.03    0.00    0.00   97.78
16:59:38     all    2.10    0.00    0.08    0.00    0.00    0.03    0.00    0.00   97.79
16:59:40     all    2.10    0.00    0.08    0.17    0.00    0.00    0.00    0.00   97.65
16:59:42     all    2.11    0.00    0.07    0.04    0.00    0.00    0.00    0.00   97.78
16:59:44     all    2.10    0.00    0.08    0.00    0.00    0.00    0.00    0.00   97.82
16:59:46     all    2.10    0.00    0.08    0.00    0.00    0.00    0.00    0.00   97.82
16:59:48     all    2.10    0.00    0.09    0.00    0.00    0.00    0.00    0.00   97.81
16:59:50     all    2.10    0.00    0.10    0.00    0.00    0.00    0.00    0.00   97.80
16:59:52     all    2.10    0.00    0.10    0.00    0.00    0.02    0.00    0.00   97.78
16:59:54     all    2.11    0.00    0.10    0.21    0.00    0.00    0.00    0.00   97.58
16:59:56     all    2.11    0.00    0.09    0.00    0.00    0.02    0.00    0.00   97.78
16:59:58     all    2.11    0.00    0.10    0.00    0.00    0.01    0.00    0.00   97.78
17:00:00     all    2.11    0.00    0.09    0.00    0.00    0.02    0.00    0.00   97.78
17:00:02     all    2.11    0.00    0.13    0.11    0.00    0.00    0.00    0.00   97.65
17:00:04     all    2.11    0.00    0.13    0.00    0.00    0.01    0.00    0.00   97.76
17:00:06     all    2.10    0.00    0.09    0.00    0.00    0.00    0.00    0.00   97.81
17:00:08     all    2.11    0.00    0.08    0.00    0.00    0.00    0.00    0.00   97.81
17:00:10     all    2.11    0.00    0.09    0.00    0.00    0.01    0.00    0.00   97.79
17:00:12     all    2.10    0.00    0.07    0.00    0.00    0.00    0.00    0.00   97.83
17:00:14     all    2.09    0.00    0.08    0.00    0.00    0.01    0.00    0.00   97.82
17:00:16     all    2.11    0.00    0.08    0.00    0.00    0.02    0.00    0.00   97.79
17:00:18     all    2.11    0.00    0.09    0.00    0.00    0.01    0.00    0.00   97.79
17:00:20     all    2.10    0.00    0.10    0.00    0.00    0.01    0.00    0.00   97.79
17:00:22     all    2.12    0.00    0.11    0.00    0.00    0.00    0.00    0.00   97.77
17:00:24     all    2.11    0.00    0.09    0.00    0.00    0.00    0.00    0.00   97.80
17:00:26     all    2.10    0.00    0.08    0.00    0.00    0.00    0.00    0.00   97.82
17:00:28     all    2.10    0.00    0.09    0.00    0.00    0.01    0.00    0.00   97.80
17:00:30     all    2.11    0.00    0.08    0.00    0.00    0.00    0.00    0.00   97.81
17:00:32     all    2.11    0.00    0.09    0.00    0.00    0.00    0.00    0.00   97.80
17:00:34     all    2.10    0.00    0.09    0.22    0.00    0.00    0.00    0.00   97.59
17:00:36     all    2.11    0.00    0.07    0.00    0.00    0.00    0.00    0.00   97.82
17:00:38     all    2.10    0.00    0.07    0.00    0.00    0.00    0.00    0.00   97.83
17:00:40     all    2.10    0.00    0.11    0.00    0.00    0.00    0.00    0.00   97.79
17:00:42     all    2.10    0.00    0.06    0.00    0.00    0.00    0.00    0.00   97.84
17:00:44     all    2.09    0.00    0.06    0.00    0.00    0.00    0.00    0.00   97.85
17:00:46     all    2.11    0.00    0.07    0.00    0.00    0.01    0.00    0.00   97.81
17:00:48     all    2.11    0.00    0.09    0.00    0.00    0.00    0.00    0.00   97.80
17:00:50     all    2.11    0.00    0.11    0.00    0.00    0.01    0.00    0.00   97.77
17:00:52     all    2.11    0.00    0.09    0.00    0.00    0.01    0.00    0.00   97.79
17:00:54     all    2.11    0.00    0.09    0.00    0.00    0.01    0.00    0.00   97.79
17:00:56     all    2.10    0.00    0.09    0.01    0.00    0.01    0.00    0.00   97.79
17:00:58     all    2.11    0.00    0.09    0.00    0.00    0.00    0.00    0.00   97.80
17:01:00     all    2.10    0.00    0.10    0.00    0.00    0.00    0.00    0.00   97.80
17:01:02     all    2.13    0.00    0.14    0.00    0.00    0.01    0.00    0.00   97.73
17:01:04     all    2.11    0.00    0.10    0.00    0.00    0.01    0.00    0.00   97.78
17:01:06     all    2.10    0.00    0.10    0.00    0.00    0.01    0.00    0.00   97.79
17:01:08     all    2.12    0.00    0.08    0.04    0.00    0.02    0.00    0.00   97.74
17:01:10     all    2.11    0.00    0.10    0.00    0.00    0.01    0.00    0.00   97.78
17:01:12     all    2.10    0.00    0.09    0.00    0.00    0.00    0.00    0.00   97.81
17:01:14     all    2.10    0.00    0.09    0.00    0.00    0.00    0.00    0.00   97.81
17:01:16     all    2.11    0.00    0.08    0.00    0.00    0.00    0.00    0.00   97.81
17:01:18     all    2.10    0.00    0.08    0.00    0.00    0.00    0.00    0.00   97.82
17:01:20     all    2.11    0.00    0.08    0.00    0.00    0.00    0.00    0.00   97.81
17:01:22     all    2.10    0.00    0.09    0.00    0.00    0.01    0.00    0.00   97.80
17:01:24     all    2.11    0.00    0.08    0.00    0.00    0.00    0.00    0.00   97.81
17:01:26     all    2.10    0.00    0.08    0.00    0.00    0.01    0.00    0.00   97.81
17:01:28     all    2.11    0.00    0.08    0.00    0.00    0.01    0.00    0.00   97.80
17:01:30     all    2.10    0.00    0.08    0.00    0.00    0.00    0.00    0.00   97.82
17:01:32     all    2.12    0.00    0.07    0.00    0.00    0.00    0.00    0.00   97.81
17:01:34     all    2.10    0.00    0.09    0.14    0.00    0.00    0.00    0.00   97.68
17:01:36     all    2.11    0.00    0.10    0.00    0.00    0.00    0.00    0.00   97.79
17:01:38     all    2.10    0.00    0.08    0.00    0.00    0.00    0.00    0.00   97.82
17:01:40     all    2.11    0.00    0.08    0.00    0.00    0.01    0.00    0.00   97.80
17:01:42     all    2.11    0.00    0.08    0.00    0.00    0.00    0.00    0.00   97.81
17:01:44     all    2.10    0.00    0.09    0.00    0.00    0.00    0.00    0.00   97.81
17:01:46     all    2.10    0.00    0.09    0.00    0.00    0.00    0.00    0.00   97.81
17:01:48     all    2.11    0.00    0.06    0.00    0.00    0.00    0.00    0.00   97.83
17:01:50     all    2.10    0.00    0.08    0.00    0.00    0.00    0.00    0.00   97.82
17:01:52     all    2.11    0.00    0.08    0.00    0.00    0.01    0.00    0.00   97.80
17:01:54     all    2.11    0.00    0.08    0.00    0.00    0.00    0.00    0.00   97.81
17:01:56     all    2.11    0.00    0.08    0.00    0.00    0.00    0.00    0.00   97.81
17:01:58     all    2.10    0.00    0.09    0.00    0.00    0.00    0.00    0.00   97.81
17:02:00     all    2.11    0.00    0.08    0.00    0.00    0.00    0.00    0.00   97.81
17:02:02     all    2.11    0.00    0.08    0.00    0.00    0.00    0.00    0.00   97.81
17:02:04     all    2.11    0.00    0.08    0.00    0.00    0.00    0.00    0.00   97.81
17:02:06     all    2.11    0.00    0.08    0.00    0.00    0.00    0.00    0.00   97.81
17:02:08     all    2.10    0.00    0.09    0.01    0.00    0.00    0.00    0.00   97.80
17:02:10     all    2.11    0.00    0.08    0.00    0.00    0.01    0.00    0.00   97.80
17:02:12     all    2.10    0.00    0.10    0.00    0.00    0.00    0.00    0.00   97.80
17:02:14     all    2.10    0.00    0.07    0.00    0.00    0.00    0.00    0.00   97.83
17:02:16     all    2.12    0.00    0.08    0.00    0.00    0.00    0.00    0.00   97.80
17:02:18     all    2.11    0.00    0.09    0.00    0.00    0.00    0.00    0.00   97.80
17:02:20     all    2.13    0.00    0.10    0.00    0.00    0.00    0.00    0.00   97.77
17:02:22     all    2.11    0.00    0.09    0.00    0.00    0.00    0.00    0.00   97.80
17:02:24     all    2.10    0.00    0.10    0.00    0.00    0.00    0.00    0.00   97.80
17:02:26     all    2.10    0.00    0.05    0.00    0.00    0.01    0.00    0.00   97.84
17:02:28     all    2.11    0.00    0.08    0.00    0.00    0.00    0.00    0.00   97.81
17:02:30     all    2.10    0.00    0.08    0.00    0.00    0.00    0.00    0.00   97.82
17:02:32     all    2.11    0.00    0.08    0.00    0.00    0.00    0.00    0.00   97.81
17:02:34     all    2.10    0.00    0.09    0.20    0.00    0.00    0.00    0.00   97.61
17:02:36     all    2.11    0.00    0.10    0.00    0.00    0.00    0.00    0.00   97.79
17:02:38     all    2.11    0.00    0.08    0.00    0.00    0.01    0.00    0.00   97.80
17:02:40     all    2.11    0.00    0.09    0.00    0.00    0.00    0.00    0.00   97.80
17:02:42     all    2.10    0.00    0.09    0.00    0.00    0.00    0.00    0.00   97.81
17:02:44     all    2.11    0.00    0.07    0.00    0.00    0.00    0.00    0.00   97.82
17:02:46     all    2.10    0.00    0.07    0.00    0.00    0.00    0.00    0.00   97.83
17:02:48     all    2.10    0.00    0.07    0.00    0.00    0.01    0.00    0.00   97.82
17:02:50     all    2.11    0.00    0.08    0.00    0.00    0.02    0.00    0.00   97.79
17:02:52     all    2.10    0.00    0.07    0.00    0.00    0.00    0.00    0.00   97.83
17:02:54     all    2.10    0.00    0.09    0.00    0.00    0.00    0.00    0.00   97.81
17:02:56     all    2.11    0.00    0.09    0.00    0.00    0.01    0.00    0.00   97.79
17:02:58     all    2.11    0.00    0.09    0.00    0.00    0.02    0.00    0.00   97.78
17:03:00     all    2.11    0.00    0.09    0.00    0.00    0.01    0.00    0.00   97.79
17:03:02     all    2.12    0.00    0.09    0.01    0.00    0.00    0.00    0.00   97.78
17:03:04     all    2.12    0.00    0.11    0.00    0.00    0.00    0.00    0.00   97.77
17:03:06     all    2.11    0.00    0.09    0.00    0.00    0.01    0.00    0.00   97.79
17:03:08     all    2.10    0.00    0.09    0.00    0.00    0.00    0.00    0.00   97.81
17:03:10     all    2.11    0.00    0.09    0.00    0.00    0.00    0.00    0.00   97.80
17:03:12     all    2.10    0.00    0.09    0.00    0.00    0.00    0.00    0.00   97.81
17:03:14     all    2.11    0.00    0.07    0.00    0.00    0.00    0.00    0.00   97.82
17:03:16     all    2.10    0.00    0.08    0.00    0.00    0.00    0.00    0.00   97.82
17:03:18     all    2.11    0.00    0.07    0.00    0.00    0.00    0.00    0.00   97.82
17:03:20     all    2.10    0.00    0.07    0.00    0.00    0.00    0.00    0.00   97.83
17:03:22     all    2.10    0.00    0.08    0.00    0.00    0.00    0.00    0.00   97.82
17:03:24     all    2.11    0.00    0.08    0.00    0.00    0.01    0.00    0.00   97.80
17:03:26     all    2.11    0.00    0.09    0.00    0.00    0.00    0.00    0.00   97.80
17:03:28     all    2.10    0.00    0.08    0.00    0.00    0.00    0.00    0.00   97.82
17:03:30     all    2.11    0.00    0.07    0.00    0.00    0.00    0.00    0.00   97.82
17:03:32     all    2.11    0.00    0.06    0.00    0.00    0.00    0.00    0.00   97.83
17:03:34     all    2.10    0.00    0.08    0.20    0.00    0.00    0.00    0.00   97.62
17:03:36     all    2.10    0.00    0.06    0.00    0.00    0.00    0.00    0.00   97.84
17:03:38     all    2.11    0.00    0.07    0.00    0.00    0.00    0.00    0.00   97.82
17:03:40     all    2.10    0.00    0.07    0.21    0.00    0.01    0.00    0.00   97.61
17:03:42     all    2.11    0.00    0.06    0.00    0.00    0.00    0.00    0.00   97.83
17:03:44     all    2.10    0.00    0.06    0.00    0.00    0.00    0.00    0.00   97.84
17:03:46     all    2.10    0.00    0.06    0.00    0.00    0.00    0.00    0.00   97.84
17:03:48     all    2.10    0.00    0.07    0.00    0.00    0.00    0.00    0.00   97.83
17:03:50     all    2.11    0.00    0.10    0.00    0.00    0.00    0.00    0.00   97.79
17:03:52     all    2.11    0.00    0.06    0.00    0.00    0.02    0.00    0.00   97.81
17:03:54     all    2.11    0.00    0.08    0.00    0.00    0.02    0.00    0.00   97.79
17:03:56     all    2.10    0.00    0.09    0.00    0.00    0.00    0.00    0.00   97.81
17:03:58     all    2.11    0.00    0.07    0.00    0.00    0.00    0.00    0.00   97.82
17:04:00     all    2.10    0.00    0.08    0.00    0.00    0.00    0.00    0.00   97.82
17:04:02     all    2.11    0.00    0.10    0.00    0.00    0.02    0.00    0.00   97.77
17:04:04     all    2.11    0.00    0.08    0.00    0.00    0.01    0.00    0.00   97.80
17:04:06     all    2.11    0.00    0.08    0.00    0.00    0.00    0.00    0.00   97.81
17:04:08     all    2.10    0.00    0.08    0.00    0.00    0.00    0.00    0.00   97.82
17:04:10     all    2.10    0.00    0.06    0.00    0.00    0.00    0.00    0.00   97.84
17:04:12     all    2.11    0.00    0.11    0.00    0.00    0.00    0.00    0.00   97.78
17:04:14     all    2.11    0.00    0.08    0.00    0.00    0.01    0.00    0.00   97.80
17:04:16     all    2.10    0.00    0.08    0.00    0.00    0.00    0.00    0.00   97.82
17:04:18     all    2.10    0.00    0.08    0.00    0.00    0.00    0.00    0.00   97.82
17:04:20     all    2.11    0.00    0.06    0.00    0.00    0.00    0.00    0.00   97.83
17:04:22     all    2.11    0.00    0.07    0.00    0.00    0.00    0.00    0.00   97.82
17:04:24     all    2.10    0.00    0.07    0.00    0.00    0.00    0.00    0.00   97.83
17:04:26     all    2.11    0.00    0.06    0.00    0.00    0.00    0.00    0.00   97.83
17:04:28     all    2.10    0.00    0.09    0.00    0.00    0.00    0.00    0.00   97.81
17:04:30     all    2.11    0.00    0.08    0.00    0.00    0.00    0.00    0.00   97.81
17:04:32     all    2.10    0.00    0.10    0.00    0.00    0.01    0.00    0.00   97.79
17:04:34     all    2.12    0.00    0.10    0.21    0.00    0.00    0.00    0.00   97.57
17:04:36     all    2.10    0.00    0.10    0.00    0.00    0.00    0.00    0.00   97.80
17:04:38     all    2.12    0.00    0.08    0.00    0.00    0.00    0.00    0.00   97.80
17:04:40     all    2.11    0.00    0.08    0.20    0.00    0.00    0.00    0.00   97.61
17:04:42     all    2.10    0.00    0.09    0.00    0.00    0.00    0.00    0.00   97.81
17:04:44     all    2.11    0.00    0.07    0.00    0.00    0.01    0.00    0.00   97.81
17:04:46     all    2.10    0.00    0.09    0.00    0.00    0.00    0.00    0.00   97.81
17:04:48     all    2.10    0.00    0.09    0.00    0.00    0.02    0.00    0.00   97.79
17:04:50     all    2.11    0.00    0.07    0.00    0.00    0.01    0.00    0.00   97.81
17:04:52     all    2.10    0.00    0.07    0.00    0.00    0.00    0.00    0.00   97.83
17:04:54     all    2.10    0.00    0.07    0.21    0.00    0.00    0.00    0.00   97.62
17:04:56     all    2.10    0.00    0.07    0.00    0.00    0.00    0.00    0.00   97.83
17:04:58     all    2.11    0.00    0.07    0.00    0.00    0.00    0.00    0.00   97.82
17:05:00     all    2.11    0.00    0.09    0.00    0.00    0.00    0.00    0.00   97.80
17:05:02     all    2.10    0.00    0.07    0.00    0.00    0.00    0.00    0.00   97.83
17:05:04     all    2.10    0.00    0.07    0.00    0.00    0.00    0.00    0.00   97.83
17:05:06     all    2.11    0.00    0.07    0.00    0.00    0.00    0.00    0.00   97.82
17:05:08     all    2.10    0.00    0.07    0.00    0.00    0.00    0.00    0.00   97.83
17:05:10     all    2.11    0.00    0.07    0.00    0.00    0.01    0.00    0.00   97.81
17:05:12     all    2.10    0.00    0.08    0.00    0.00    0.00    0.00    0.00   97.82
17:05:14     all    2.12    0.00    0.10    0.00    0.00    0.01    0.00    0.00   97.77
17:05:16     all    2.10    0.00    0.09    0.01    0.00    0.00    0.00    0.00   97.80
17:05:18     all    2.11    0.00    0.09    0.00    0.00    0.01    0.00    0.00   97.79
17:05:20     all    2.11    0.00    0.11    0.00    0.00    0.01    0.00    0.00   97.77
17:05:22     all    2.11    0.00    0.08    0.00    0.00    0.01    0.00    0.00   97.80
17:05:24     all    2.10    0.00    0.08    0.00    0.00    0.00    0.00    0.00   97.82
17:05:26     all    2.11    0.00    0.07    0.00    0.00    0.00    0.00    0.00   97.82
17:05:28     all    2.10    0.00    0.08    0.00    0.00    0.00    0.00    0.00   97.82
17:05:30     all    2.11    0.00    0.09    0.00    0.00    0.00    0.00    0.00   97.80
17:05:32     all    2.11    0.00    0.09    0.00    0.00    0.02    0.00    0.00   97.78
17:05:34     all    2.11    0.00    0.08    0.20    0.00    0.01    0.00    0.00   97.60
17:05:36     all    2.11    0.00    0.07    0.00    0.00    0.00    0.00    0.00   97.82
17:05:38     all    2.11    0.00    0.09    0.00    0.00    0.00    0.00    0.00   97.80
17:05:40     all    2.10    0.00    0.08    0.00    0.00    0.00    0.00    0.00   97.82
17:05:42     all    2.11    0.00    0.09    0.00    0.00    0.01    0.00    0.00   97.79
17:05:44     all    2.11    0.00    0.08    0.00    0.00    0.00    0.00    0.00   97.81
17:05:46     all    2.10    0.00    0.09    0.00    0.00    0.01    0.00    0.00   97.80
17:05:48     all    2.11    0.00    0.10    0.00    0.00    0.00    0.00    0.00   97.79
17:05:50     all    2.10    0.00    0.08    0.00    0.00    0.01    0.00    0.00   97.81
17:05:52     all    2.11    0.00    0.06    0.00    0.00    0.02    0.00    0.00   97.81
17:05:54     all    2.10    0.00    0.08    0.00    0.00    0.00    0.00    0.00   97.82
17:05:56     all    2.10    0.00    0.07    0.00    0.00    0.01    0.00    0.00   97.82
17:05:58     all    2.10    0.00    0.09    0.00    0.00    0.02    0.00    0.00   97.79
17:06:00     all    2.11    0.00    0.09    0.00    0.00    0.02    0.00    0.00   97.78
17:06:02     all    2.12    0.00    0.09    0.00    0.00    0.00    0.00    0.00   97.79
17:06:04     all    2.10    0.00    0.11    0.00    0.00    0.00    0.00    0.00   97.79
17:06:06     all    2.11    0.00    0.10    0.00    0.00    0.01    0.00    0.00   97.78
17:06:08     all    2.10    0.00    0.10    0.00    0.00    0.02    0.00    0.00   97.78
17:06:10     all    2.11    0.00    0.09    0.00    0.00    0.01    0.00    0.00   97.79
17:06:12     all    2.11    0.00    0.09    0.00    0.00    0.01    0.00    0.00   97.79
17:06:14     all    2.11    0.00    0.09    0.00    0.00    0.01    0.00    0.00   97.79
17:06:16     all    2.11    0.00    0.10    0.01    0.00    0.01    0.00    0.00   97.77
17:06:18     all    2.11    0.00    0.09    0.00    0.00    0.01    0.00    0.00   97.79
17:06:20     all    2.11    0.00    0.10    0.00    0.00    0.01    0.00    0.00   97.78
17:06:22     all    2.10    0.00    0.09    0.00    0.00    0.01    0.00    0.00   97.80
17:06:24     all    2.10    0.00    0.08    0.00    0.00    0.01    0.00    0.00   97.81
17:06:26     all    2.11    0.00    0.07    0.00    0.00    0.01    0.00    0.00   97.81
17:06:28     all    2.09    0.00    0.08    0.00    0.00    0.01    0.00    0.00   97.82
17:06:30     all    2.12    0.00    0.09    0.00    0.00    0.01    0.00    0.00   97.78
17:06:32     all    2.10    0.00    0.10    0.00    0.00    0.01    0.00    0.00   97.79
