procs -----------memory---------- ---swap-- -----io---- --system-- -----cpu-----
 r  b   swpd   free   buff  cache   si   so    bi    bo   in   cs us sy id wa st
 4  0  11032 64562296 136288 334628    0    0     0     1    0    0  5  1 94  0  0	
 1  0  11032 64525528 136288 334664    0    0     0     0 3231 2781  2  0 98  0  0	
 1  0  11032 64525404 136288 334668    0    0     0     0 3117 2571  2  0 98  0  0	
 2  0  11032 64525408 136288 334672    0    0     0     8 3075 2489  2  0 98  0  0	
 3  0  11032 64526464 136288 334672    0    0     0     0 3060 2472  2  0 98  0  0	
 1  0  11032 64526224 136288 334672    0    0     0     0 3098 2527  2  0 98  0  0	
 1  0  11032 64526348 136288 334676    0    0     0     6 3091 2496  2  0 98  0  0	
 2  0  11032 64527076 136288 334676    0    0     0     0 3070 2472  2  0 98  0  0	
 2  0  11032 64527208 136288 334680    0    0     0     0 3084 2492  2  0 98  0  0	
 2  0  11032 64527116 136288 334684    0    0     0     0 3115 2548  2  0 98  0  0	
 1  0  11032 64527380 136288 334684    0    0     0     0 3107 2549  2  0 98  0  0	
 1  0  11032 64527700 136288 334684    0    0     0     0 3108 2549  2  0 98  0  0	
 2  0  11032 64527748 136288 334688    0    0     0     0 3095 2545  2  0 98  0  0	
 1  0  11032 64528000 136288 334688    0    0     0     0 3078 2499  2  0 98  0  0	
 1  0  11032 64527620 136288 334692    0    0     0     0 3094 2538  2  0 98  0  0	
 1  0  11032 64527496 136288 334696    0    0     0     0 3081 2495  2  0 98  0  0	
 2  0  11032 64527496 136288 334700    0    0     0     2 3050 2486  2  0 98  0  0	
 1  0  11032 64527496 136288 334704    0    0     0     0 3068 2522  2  0 98  0  0	
 1  0  11032 64527612 136288 334708    0    0     0    14 3129 2573  2  0 98  0  0	
 2  0  11032 64527744 136288 334708    0    0     0     0 3084 2503  2  0 98  0  0	
 2  0  11032 64527612 136288 334712    0    0     0     0 3088 2515  2  0 98  0  0	
procs -----------memory---------- ---swap-- -----io---- --system-- -----cpu-----
 r  b   swpd   free   buff  cache   si   so    bi    bo   in   cs us sy id wa st
 2  0  11032 64527692 136288 334712    0    0     0     0 3086 2497  2  0 98  0  0	
 1  0  11032 64527708 136288 334712    0    0     0     0 3080 2504  2  0 98  0  0	
 1  0  11032 64527840 136288 334720    0    0     0     6 3108 2560  2  0 98  0  0	
 2  0  11032 64527832 136288 334720    0    0     0     0 3091 2532  2  0 98  0  0	
 1  0  11032 64527840 136288 334728    0    0     0     0 3112 2568  2  0 98  0  0	
 1  0  11032 64527840 136288 334728    0    0     0     0 3074 2507  2  0 98  0  0	
 1  0  11032 64527716 136288 334728    0    0     0     8 3079 2508  2  0 98  0  0	
 2  0  11032 64527840 136288 334732    0    0     0     0 3123 2581  2  0 98  0  0	
 1  0  11032 64527724 136288 334732    0    0     0     0 3137 2620  2  0 98  0  0	
 1  0  11032 64527452 136288 334736    0    0     0     0 3106 2544  2  0 98  0  0	
 1  0  11032 64527212 136288 334744    0    0     0     0 3131 2562  2  0 98  0  0	
 2  0  11032 64527460 136288 334744    0    0     0     0 3071 2496  2  0 98  0  0	
 2  0  11032 64527452 136288 334744    0    0     0     0 3099 2529  2  0 98  0  0	
 1  0  11032 64527700 136288 334748    0    0     0     0 3079 2493  2  0 98  0  0	
