Linux 2.6.32-279.14.1.el6.x86_64 (compute-662-2.local) 	04/20/20 	_x86_64_	(48 CPU)

19:05:56     CPU    %usr   %nice    %sys %iowait    %irq   %soft  %steal  %guest   %idle
19:05:58     all    2.01    0.00    0.22    0.00    0.00    0.00    0.00    0.00   97.77
19:06:00     all    2.02    0.00    0.13    0.00    0.00    0.00    0.00    0.00   97.85
19:06:02     all    2.11    0.00    0.09    0.21    0.00    0.01    0.00    0.00   97.58
19:06:04     all    2.10    0.00    0.07    0.00    0.00    0.01    0.00    0.00   97.82
19:06:06     all    2.13    0.00    0.08    0.00    0.00    0.01    0.00    0.00   97.78
19:06:08     all    2.10    0.00    0.07    0.00    0.00    0.01    0.00    0.00   97.82
19:06:10     all    2.10    0.00    0.08    0.00    0.00    0.00    0.00    0.00   97.82
19:06:12     all    2.10    0.00    0.06    0.00    0.00    0.01    0.00    0.00   97.83
19:06:14     all    2.10    0.00    0.07    0.00    0.00    0.00    0.00    0.00   97.83
19:06:16     all    2.11    0.00    0.06    0.00    0.00    0.00    0.00    0.00   97.83
19:06:18     all    2.10    0.00    0.07    0.00    0.00    0.00    0.00    0.00   97.83
19:06:20     all    2.11    0.00    0.07    0.00    0.00    0.00    0.00    0.00   97.82
19:06:22     all    2.10    0.00    0.07    0.00    0.00    0.00    0.00    0.00   97.83
19:06:24     all    2.10    0.00    0.06    0.00    0.00    0.00    0.00    0.00   97.84
19:06:26     all    2.10    0.00    0.07    0.00    0.00    0.00    0.00    0.00   97.83
19:06:28     all    2.10    0.00    0.07    0.00    0.00    0.01    0.00    0.00   97.82
19:06:30     all    2.10    0.00    0.07    0.00    0.00    0.00    0.00    0.00   97.83
19:06:32     all    2.11    0.00    0.06    0.00    0.00    0.00    0.00    0.00   97.83
19:06:34     all    2.10    0.00    0.07    0.00    0.00    0.00    0.00    0.00   97.83
19:06:36     all    2.10    0.00    0.08    0.00    0.00    0.01    0.00    0.00   97.81
19:06:38     all    2.11    0.00    0.07    0.21    0.00    0.00    0.00    0.00   97.61
19:06:40     all    2.10    0.00    0.07    0.00    0.00    0.00    0.00    0.00   97.83
19:06:42     all    2.10    0.00    0.07    0.00    0.00    0.02    0.00    0.00   97.81
19:06:44     all    2.11    0.00    0.06    0.00    0.00    0.01    0.00    0.00   97.82
19:06:46     all    2.10    0.00    0.05    0.00    0.00    0.00    0.00    0.00   97.85
19:06:48     all    2.10    0.00    0.07    0.00    0.00    0.00    0.00    0.00   97.83
19:06:50     all    2.12    0.00    0.07    0.00    0.00    0.02    0.00    0.00   97.79
19:06:52     all    2.10    0.00    0.07    0.00    0.00    0.00    0.00    0.00   97.83
19:06:54     all    2.10    0.00    0.05    0.00    0.00    0.00    0.00    0.00   97.85
19:06:56     all    2.10    0.00    0.07    0.00    0.00    0.00    0.00    0.00   97.83
19:06:58     all    2.11    0.00    0.06    0.00    0.00    0.02    0.00    0.00   97.81
19:07:00     all    2.10    0.00    0.07    0.00    0.00    0.01    0.00    0.00   97.82
19:07:02     all    2.11    0.00    0.05    0.00    0.00    0.00    0.00    0.00   97.84
19:07:04     all    2.10    0.00    0.07    0.00    0.00    0.01    0.00    0.00   97.82
19:07:06     all    2.10    0.00    0.07    0.00    0.00    0.00    0.00    0.00   97.83
19:07:08     all    2.11    0.00    0.06    0.00    0.00    0.00    0.00    0.00   97.83
19:07:10     all    2.10    0.00    0.08    0.00    0.00    0.00    0.00    0.00   97.82
19:07:12     all    2.10    0.00    0.06    0.00    0.00    0.01    0.00    0.00   97.83
19:07:14     all    2.11    0.00    0.07    0.00    0.00    0.00    0.00    0.00   97.82
19:07:16     all    2.10    0.00    0.06    0.00    0.00    0.00    0.00    0.00   97.84
19:07:18     all    2.11    0.00    0.06    0.00    0.00    0.00    0.00    0.00   97.83
19:07:20     all    2.10    0.00    0.07    0.01    0.00    0.00    0.00    0.00   97.82
19:07:22     all    2.11    0.00    0.06    0.00    0.00    0.00    0.00    0.00   97.83
19:07:24     all    2.10    0.00    0.07    0.00    0.00    0.00    0.00    0.00   97.83
19:07:26     all    2.11    0.00    0.06    0.00    0.00    0.00    0.00    0.00   97.83
19:07:28     all    2.10    0.00    0.06    0.00    0.00    0.00    0.00    0.00   97.84
19:07:30     all    2.10    0.00    0.07    0.00    0.00    0.01    0.00    0.00   97.82
19:07:32     all    2.10    0.00    0.07    0.00    0.00    0.00    0.00    0.00   97.83
19:07:34     all    2.10    0.00    0.07    0.00    0.00    0.00    0.00    0.00   97.83
19:07:36     all    2.12    0.00    0.07    0.00    0.00    0.01    0.00    0.00   97.80
19:07:38     all    2.09    0.00    0.07    0.00    0.00    0.00    0.00    0.00   97.84
19:07:40     all    2.10    0.00    0.05    0.20    0.00    0.00    0.00    0.00   97.65
19:07:42     all    2.10    0.00    0.07    0.00    0.00    0.00    0.00    0.00   97.83
19:07:44     all    2.11    0.00    0.07    0.00    0.00    0.01    0.00    0.00   97.81
19:07:46     all    2.10    0.00    0.07    0.00    0.00    0.00    0.00    0.00   97.83
19:07:48     all    2.10    0.00    0.07    0.00    0.00    0.01    0.00    0.00   97.82
19:07:50     all    2.10    0.00    0.07    0.00    0.00    0.01    0.00    0.00   97.82
19:07:52     all    2.10    0.00    0.06    0.00    0.00    0.01    0.00    0.00   97.83
19:07:54     all    2.10    0.00    0.07    0.00    0.00    0.00    0.00    0.00   97.83
19:07:56     all    2.11    0.00    0.07    0.01    0.00    0.01    0.00    0.00   97.80
19:07:58     all    2.10    0.00    0.06    0.00    0.00    0.01    0.00    0.00   97.83
19:08:00     all    2.11    0.00    0.06    0.00    0.00    0.01    0.00    0.00   97.82
19:08:02     all    2.10    0.00    0.06    0.00    0.00    0.00    0.00    0.00   97.84
19:08:04     all    2.11    0.00    0.07    0.00    0.00    0.01    0.00    0.00   97.81
19:08:06     all    2.11    0.00    0.06    0.00    0.00    0.00    0.00    0.00   97.83
19:08:08     all    2.11    0.00    0.06    0.00    0.00    0.00    0.00    0.00   97.83
19:08:10     all    2.10    0.00    0.07    0.00    0.00    0.00    0.00    0.00   97.83
19:08:12     all    2.11    0.00    0.06    0.00    0.00    0.00    0.00    0.00   97.83
19:08:14     all    2.10    0.00    0.07    0.00    0.00    0.00    0.00    0.00   97.83
19:08:16     all    2.10    0.00    0.06    0.00    0.00    0.00    0.00    0.00   97.84
19:08:18     all    2.11    0.00    0.06    0.00    0.00    0.00    0.00    0.00   97.83
19:08:20     all    2.11    0.00    0.08    0.00    0.00    0.00    0.00    0.00   97.81
19:08:22     all    2.11    0.00    0.07    0.00    0.00    0.01    0.00    0.00   97.81
19:08:24     all    2.10    0.00    0.06    0.00    0.00    0.00    0.00    0.00   97.84
19:08:26     all    2.10    0.00    0.07    0.00    0.00    0.00    0.00    0.00   97.83
19:08:28     all    2.10    0.00    0.06    0.00    0.00    0.00    0.00    0.00   97.84
19:08:30     all    2.10    0.00    0.07    0.00    0.00    0.00    0.00    0.00   97.83
19:08:32     all    2.11    0.00    0.07    0.00    0.00    0.00    0.00    0.00   97.82
19:08:34     all    2.10    0.00    0.06    0.00    0.00    0.00    0.00    0.00   97.84
19:08:36     all    2.11    0.00    0.07    0.00    0.00    0.01    0.00    0.00   97.81
19:08:38     all    2.11    0.00    0.06    0.00    0.00    0.01    0.00    0.00   97.82
19:08:40     all    2.10    0.00    0.06    0.00    0.00    0.01    0.00    0.00   97.83
19:08:42     all    2.11    0.00    0.06    0.21    0.00    0.02    0.00    0.00   97.60
19:08:44     all    2.10    0.00    0.07    0.00    0.00    0.00    0.00    0.00   97.83
19:08:46     all    2.10    0.00    0.07    0.00    0.00    0.00    0.00    0.00   97.83
19:08:48     all    2.10    0.00    0.07    0.00    0.00    0.01    0.00    0.00   97.82
19:08:50     all    2.11    0.00    0.08    0.00    0.00    0.00    0.00    0.00   97.81
19:08:52     all    2.10    0.00    0.06    0.00    0.00    0.00    0.00    0.00   97.84
19:08:54     all    2.10    0.00    0.06    0.00    0.00    0.00    0.00    0.00   97.84
19:08:56     all    2.10    0.00    0.06    0.00    0.00    0.01    0.00    0.00   97.83
19:08:58     all    2.10    0.00    0.07    0.00    0.00    0.00    0.00    0.00   97.83
19:09:00     all    2.10    0.00    0.07    0.00    0.00    0.01    0.00    0.00   97.82
19:09:02     all    2.10    0.00    0.06    0.00    0.00    0.00    0.00    0.00   97.84
19:09:04     all    2.11    0.00    0.07    0.00    0.00    0.01    0.00    0.00   97.81
19:09:06     all    2.10    0.00    0.09    0.00    0.00    0.00    0.00    0.00   97.81
19:09:08     all    2.11    0.00    0.07    0.00    0.00    0.00    0.00    0.00   97.82
19:09:10     all    2.10    0.00    0.06    0.00    0.00    0.01    0.00    0.00   97.83
19:09:12     all    2.10    0.00    0.06    0.00    0.00    0.00    0.00    0.00   97.84
19:09:14     all    2.10    0.00    0.07    0.00    0.00    0.00    0.00    0.00   97.83
19:09:16     all    2.10    0.00    0.07    0.00    0.00    0.00    0.00    0.00   97.83
19:09:18     all    2.10    0.00    0.07    0.00    0.00    0.01    0.00    0.00   97.82
19:09:20     all    2.10    0.00    0.06    0.00    0.00    0.00    0.00    0.00   97.84
19:09:22     all    2.09    0.00    0.04    0.01    0.00    0.01    0.00    0.00   97.84
19:09:24     all    2.10    0.00    0.06    0.00    0.00    0.00    0.00    0.00   97.84
19:09:26     all    2.10    0.00    0.07    0.00    0.00    0.00    0.00    0.00   97.83
19:09:28     all    2.11    0.00    0.07    0.00    0.00    0.00    0.00    0.00   97.82
19:09:30     all    2.10    0.00    0.07    0.00    0.00    0.00    0.00    0.00   97.83
19:09:32     all    2.10    0.00    0.07    0.00    0.00    0.00    0.00    0.00   97.83
19:09:34     all    2.11    0.00    0.06    0.00    0.00    0.01    0.00    0.00   97.82
19:09:36     all    2.10    0.00    0.06    0.00    0.00    0.00    0.00    0.00   97.84
19:09:38     all    2.10    0.00    0.07    0.00    0.00    0.00    0.00    0.00   97.83
19:09:40     all    2.10    0.00    0.07    0.00    0.00    0.00    0.00    0.00   97.83
19:09:42     all    2.10    0.00    0.06    0.21    0.00    0.00    0.00    0.00   97.63
19:09:44     all    2.10    0.00    0.07    0.00    0.00    0.01    0.00    0.00   97.82
19:09:46     all    2.10    0.00    0.07    0.00    0.00    0.00    0.00    0.00   97.83
19:09:48     all    2.10    0.00    0.06    0.00    0.00    0.01    0.00    0.00   97.83
19:09:50     all    2.11    0.00    0.08    0.00    0.00    0.01    0.00    0.00   97.80
19:09:52     all    2.10    0.00    0.07    0.00    0.00    0.01    0.00    0.00   97.82
19:09:54     all    2.10    0.00    0.07    0.00    0.00    0.00    0.00    0.00   97.83
19:09:56     all    2.10    0.00    0.06    0.13    0.00    0.01    0.00    0.00   97.71
19:09:58     all    2.11    0.00    0.06    0.00    0.00    0.01    0.00    0.00   97.82
19:10:00     all    2.10    0.00    0.07    0.00    0.00    0.01    0.00    0.00   97.82
19:10:02     all    2.11    0.00    0.07    0.14    0.00    0.00    0.00    0.00   97.69
19:10:04     all    2.11    0.00    0.06    0.00    0.00    0.01    0.00    0.00   97.82
19:10:06     all    2.09    0.00    0.07    0.00    0.00    0.00    0.00    0.00   97.84
19:10:08     all    2.11    0.00    0.06    0.00    0.00    0.00    0.00    0.00   97.83
19:10:10     all    2.10    0.00    0.06    0.00    0.00    0.00    0.00    0.00   97.84
19:10:12     all    2.10    0.00    0.06    0.00    0.00    0.00    0.00    0.00   97.84
19:10:14     all    2.10    0.00    0.07    0.00    0.00    0.01    0.00    0.00   97.82
19:10:16     all    2.11    0.00    0.07    0.00    0.00    0.00    0.00    0.00   97.82
19:10:18     all    2.10    0.00    0.07    0.00    0.00    0.01    0.00    0.00   97.82
19:10:20     all    2.10    0.00    0.07    0.00    0.00    0.00    0.00    0.00   97.83
19:10:22     all    2.11    0.00    0.06    0.00    0.00    0.01    0.00    0.00   97.82
19:10:24     all    2.11    0.00    0.06    0.00    0.00    0.01    0.00    0.00   97.82
19:10:26     all    2.10    0.00    0.07    0.00    0.00    0.01    0.00    0.00   97.82
19:10:28     all    2.09    0.00    0.07    0.00    0.00    0.01    0.00    0.00   97.83
19:10:30     all    2.11    0.00    0.07    0.01    0.00    0.00    0.00    0.00   97.81
19:10:32     all    2.10    0.00    0.06    0.00    0.00    0.01    0.00    0.00   97.83
19:10:34     all    2.11    0.00    0.06    0.00    0.00    0.01    0.00    0.00   97.82
19:10:36     all    2.10    0.00    0.08    0.00    0.00    0.00    0.00    0.00   97.82
19:10:38     all    2.11    0.00    0.07    0.00    0.00    0.00    0.00    0.00   97.82
19:10:40     all    2.10    0.00    0.07    0.00    0.00    0.00    0.00    0.00   97.83
19:10:42     all    2.10    0.00    0.06    0.21    0.00    0.00    0.00    0.00   97.63
19:10:44     all    2.10    0.00    0.07    0.00    0.00    0.00    0.00    0.00   97.83
19:10:46     all    2.10    0.00    0.06    0.00    0.00    0.00    0.00    0.00   97.84
19:10:48     all    2.09    0.00    0.07    0.00    0.00    0.00    0.00    0.00   97.84
19:10:50     all    2.10    0.00    0.07    0.00    0.00    0.00    0.00    0.00   97.83
19:10:52     all    2.11    0.00    0.07    0.00    0.00    0.00    0.00    0.00   97.82
19:10:54     all    2.10    0.00    0.06    0.00    0.00    0.01    0.00    0.00   97.83
19:10:56     all    2.11    0.00    0.05    0.00    0.00    0.00    0.00    0.00   97.84
19:10:58     all    2.10    0.00    0.07    0.00    0.00    0.00    0.00    0.00   97.83
19:11:00     all    2.10    0.00    0.06    0.00    0.00    0.00    0.00    0.00   97.84
19:11:02     all    2.10    0.00    0.07    0.00    0.00    0.00    0.00    0.00   97.83
19:11:04     all    2.09    0.00    0.03    0.00    0.00    0.00    0.00    0.00   97.88
19:11:06     all    2.10    0.00    0.06    0.00    0.00    0.00    0.00    0.00   97.84
19:11:08     all    2.10    0.00    0.06    0.00    0.00    0.00    0.00    0.00   97.84
19:11:10     all    2.10    0.00    0.07    0.00    0.00    0.00    0.00    0.00   97.83
19:11:12     all    2.10    0.00    0.05    0.00    0.00    0.01    0.00    0.00   97.84
19:11:14     all    2.10    0.00    0.07    0.00    0.00    0.00    0.00    0.00   97.83
19:11:16     all    2.10    0.00    0.06    0.00    0.00    0.00    0.00    0.00   97.84
19:11:18     all    2.10    0.00    0.06    0.00    0.00    0.00    0.00    0.00   97.84
19:11:20     all    2.11    0.00    0.09    0.00    0.00    0.00    0.00    0.00   97.80
19:11:22     all    2.10    0.00    0.06    0.00    0.00    0.00    0.00    0.00   97.84
19:11:24     all    2.10    0.00    0.07    0.00    0.00    0.00    0.00    0.00   97.83
19:11:26     all    2.11    0.00    0.06    0.00    0.00    0.00    0.00    0.00   97.83
19:11:28     all    2.09    0.00    0.07    0.00    0.00    0.00    0.00    0.00   97.84
19:11:30     all    2.10    0.00    0.07    0.00    0.00    0.01    0.00    0.00   97.82
19:11:32     all    2.10    0.00    0.07    0.00    0.00    0.00    0.00    0.00   97.83
19:11:34     all    2.10    0.00    0.07    0.00    0.00    0.00    0.00    0.00   97.83
19:11:36     all    2.10    0.00    0.06    0.00    0.00    0.00    0.00    0.00   97.84
19:11:38     all    2.10    0.00    0.06    0.00    0.00    0.00    0.00    0.00   97.84
19:11:40     all    2.10    0.00    0.07    0.00    0.00    0.00    0.00    0.00   97.83
19:11:42     all    2.10    0.00    0.07    0.21    0.00    0.00    0.00    0.00   97.62
19:11:44     all    2.11    0.00    0.06    0.00    0.00    0.00    0.00    0.00   97.83
19:11:46     all    2.10    0.00    0.06    0.00    0.00    0.00    0.00    0.00   97.84
19:11:48     all    2.10    0.00    0.06    0.00    0.00    0.01    0.00    0.00   97.83
19:11:50     all    2.10    0.00    0.07    0.00    0.00    0.00    0.00    0.00   97.83
19:11:52     all    2.11    0.00    0.05    0.00    0.00    0.00    0.00    0.00   97.84
19:11:54     all    2.10    0.00    0.06    0.00    0.00    0.00    0.00    0.00   97.84
19:11:56     all    2.11    0.00    0.07    0.01    0.00    0.00    0.00    0.00   97.81
19:11:58     all    2.09    0.00    0.07    0.00    0.00    0.00    0.00    0.00   97.84
19:12:00     all    2.10    0.00    0.07    0.00    0.00    0.00    0.00    0.00   97.83
19:12:02     all    2.10    0.00    0.07    0.00    0.00    0.00    0.00    0.00   97.83
19:12:04     all    2.10    0.00    0.07    0.00    0.00    0.00    0.00    0.00   97.83
19:12:06     all    2.11    0.00    0.08    0.00    0.00    0.01    0.00    0.00   97.80
19:12:08     all    2.09    0.00    0.07    0.00    0.00    0.00    0.00    0.00   97.84
19:12:10     all    2.11    0.00    0.07    0.00    0.00    0.00    0.00    0.00   97.82
19:12:12     all    2.10    0.00    0.07    0.00    0.00    0.00    0.00    0.00   97.83
19:12:14     all    2.10    0.00    0.08    0.00    0.00    0.00    0.00    0.00   97.82
19:12:16     all    2.10    0.00    0.08    0.00    0.00    0.00    0.00    0.00   97.82
19:12:18     all    2.11    0.00    0.07    0.00    0.00    0.00    0.00    0.00   97.82
19:12:20     all    2.11    0.00    0.06    0.00    0.00    0.00    0.00    0.00   97.83
19:12:22     all    2.11    0.00    0.07    0.00    0.00    0.01    0.00    0.00   97.81
19:12:24     all    2.10    0.00    0.07    0.00    0.00    0.01    0.00    0.00   97.82
19:12:26     all    2.11    0.00    0.07    0.00    0.00    0.00    0.00    0.00   97.82
19:12:28     all    2.10    0.00    0.08    0.00    0.00    0.02    0.00    0.00   97.80
19:12:30     all    2.10    0.00    0.07    0.00    0.00    0.00    0.00    0.00   97.83
19:12:32     all    2.10    0.00    0.07    0.00    0.00    0.00    0.00    0.00   97.83
19:12:34     all    2.10    0.00    0.07    0.00    0.00    0.00    0.00    0.00   97.83
19:12:36     all    2.10    0.00    0.07    0.00    0.00    0.00    0.00    0.00   97.83
19:12:38     all    2.11    0.00    0.06    0.00    0.00    0.00    0.00    0.00   97.83
19:12:40     all    2.11    0.00    0.06    0.00    0.00    0.00    0.00    0.00   97.83
19:12:42     all    2.10    0.00    0.07    0.21    0.00    0.00    0.00    0.00   97.62
19:12:44     all    2.10    0.00    0.07    0.00    0.00    0.00    0.00    0.00   97.83
19:12:46     all    2.10    0.00    0.05    0.00    0.00    0.01    0.00    0.00   97.84
19:12:48     all    2.09    0.00    0.06    0.00    0.00    0.00    0.00    0.00   97.85
19:12:50     all    2.12    0.00    0.08    0.00    0.00    0.01    0.00    0.00   97.79
19:12:52     all    2.10    0.00    0.07    0.00    0.00    0.01    0.00    0.00   97.82
19:12:54     all    2.11    0.00    0.06    0.00    0.00    0.01    0.00    0.00   97.82
19:12:56     all    2.10    0.00    0.06    0.00    0.00    0.01    0.00    0.00   97.83
19:12:58     all    2.10    0.00    0.07    0.00    0.00    0.00    0.00    0.00   97.83
19:13:00     all    2.11    0.00    0.06    0.00    0.00    0.00    0.00    0.00   97.83
19:13:02     all    2.10    0.00    0.06    0.00    0.00    0.01    0.00    0.00   97.83
19:13:04     all    2.10    0.00    0.07    0.00    0.00    0.02    0.00    0.00   97.81
19:13:06     all    2.10    0.00    0.07    0.00    0.00    0.00    0.00    0.00   97.83
19:13:08     all    2.11    0.00    0.06    0.00    0.00    0.01    0.00    0.00   97.82
19:13:10     all    2.10    0.00    0.07    0.00    0.00    0.00    0.00    0.00   97.83
19:13:12     all    2.11    0.00    0.06    0.00    0.00    0.01    0.00    0.00   97.82
19:13:14     all    2.10    0.00    0.07    0.00    0.00    0.00    0.00    0.00   97.83
19:13:16     all    2.10    0.00    0.06    0.00    0.00    0.00    0.00    0.00   97.84
19:13:18     all    2.10    0.00    0.07    0.00    0.00    0.01    0.00    0.00   97.82
19:13:20     all    2.10    0.00    0.06    0.00    0.00    0.00    0.00    0.00   97.84
19:13:22     all    2.10    0.00    0.07    0.00    0.00    0.00    0.00    0.00   97.83
19:13:24     all    2.11    0.00    0.06    0.00    0.00    0.00    0.00    0.00   97.83
19:13:26     all    2.10    0.00    0.06    0.01    0.00    0.01    0.00    0.00   97.82
19:13:28     all    2.09    0.00    0.07    0.00    0.00    0.00    0.00    0.00   97.84
19:13:30     all    2.11    0.00    0.09    0.00    0.00    0.01    0.00    0.00   97.79
19:13:32     all    2.10    0.00    0.07    0.00    0.00    0.00    0.00    0.00   97.83
19:13:34     all    2.10    0.00    0.07    0.00    0.00    0.02    0.00    0.00   97.81
19:13:36     all    2.11    0.00    0.07    0.00    0.00    0.00    0.00    0.00   97.82
19:13:38     all    2.10    0.00    0.07    0.00    0.00    0.01    0.00    0.00   97.82
19:13:40     all    2.11    0.00    0.06    0.20    0.00    0.01    0.00    0.00   97.62
19:13:42     all    2.10    0.00    0.07    0.00    0.00    0.00    0.00    0.00   97.83
19:13:44     all    2.10    0.00    0.07    0.00    0.00    0.00    0.00    0.00   97.83
19:13:46     all    2.10    0.00    0.06    0.00    0.00    0.00    0.00    0.00   97.84
19:13:48     all    2.11    0.00    0.07    0.00    0.00    0.00    0.00    0.00   97.82
19:13:50     all    2.10    0.00    0.07    0.00    0.00    0.01    0.00    0.00   97.82
19:13:52     all    2.10    0.00    0.07    0.00    0.00    0.00    0.00    0.00   97.83
19:13:54     all    2.10    0.00    0.06    0.01    0.00    0.01    0.00    0.00   97.82
19:13:56     all    2.10    0.00    0.05    0.00    0.00    0.00    0.00    0.00   97.85
19:13:58     all    2.10    0.00    0.07    0.00    0.00    0.00    0.00    0.00   97.83
19:14:00     all    2.10    0.00    0.06    0.00    0.00    0.00    0.00    0.00   97.84
19:14:02     all    2.11    0.00    0.07    0.00    0.00    0.01    0.00    0.00   97.81
19:14:04     all    2.10    0.00    0.06    0.00    0.00    0.00    0.00    0.00   97.84
19:14:06     all    2.10    0.00    0.06    0.00    0.00    0.00    0.00    0.00   97.84
19:14:08     all    2.10    0.00    0.07    0.00    0.00    0.00    0.00    0.00   97.83
19:14:10     all    2.10    0.00    0.07    0.00    0.00    0.02    0.00    0.00   97.81
19:14:12     all    2.11    0.00    0.07    0.00    0.00    0.00    0.00    0.00   97.82
19:14:14     all    2.10    0.00    0.06    0.00    0.00    0.00    0.00    0.00   97.84
19:14:16     all    2.10    0.00    0.07    0.00    0.00    0.01    0.00    0.00   97.82
19:14:18     all    2.10    0.00    0.07    0.00    0.00    0.01    0.00    0.00   97.82
19:14:20     all    2.11    0.00    0.09    0.00    0.00    0.00    0.00    0.00   97.80
19:14:22     all    2.10    0.00    0.07    0.00    0.00    0.00    0.00    0.00   97.83
19:14:24     all    2.11    0.00    0.08    0.00    0.00    0.00    0.00    0.00   97.81
19:14:26     all    2.10    0.00    0.08    0.00    0.00    0.01    0.00    0.00   97.81
19:14:28     all    2.11    0.00    0.07    0.00    0.00    0.00    0.00    0.00   97.82
19:14:30     all    2.09    0.00    0.05    0.00    0.00    0.00    0.00    0.00   97.86
19:14:32     all    2.11    0.00    0.07    0.00    0.00    0.01    0.00    0.00   97.81
19:14:34     all    2.09    0.00    0.07    0.00    0.00    0.00    0.00    0.00   97.84
19:14:36     all    2.11    0.00    0.06    0.00    0.00    0.00    0.00    0.00   97.83
19:14:38     all    2.11    0.00    0.07    0.00    0.00    0.00    0.00    0.00   97.82
19:14:40     all    2.10    0.00    0.08    0.00    0.00    0.01    0.00    0.00   97.81
19:14:42     all    2.10    0.00    0.06    0.21    0.00    0.00    0.00    0.00   97.63
19:14:44     all    2.10    0.00    0.08    0.00    0.00    0.00    0.00    0.00   97.82
19:14:46     all    2.11    0.00    0.06    0.00    0.00    0.00    0.00    0.00   97.83
19:14:48     all    2.10    0.00    0.06    0.00    0.00    0.00    0.00    0.00   97.84
19:14:50     all    2.11    0.00    0.08    0.00    0.00    0.00    0.00    0.00   97.81
19:14:52     all    2.10    0.00    0.08    0.00    0.00    0.01    0.00    0.00   97.81
19:14:54     all    2.10    0.00    0.07    0.00    0.00    0.01    0.00    0.00   97.82
19:14:56     all    2.10    0.00    0.08    0.21    0.00    0.00    0.00    0.00   97.61
19:14:58     all    2.10    0.00    0.07    0.00    0.00    0.01    0.00    0.00   97.82
19:15:00     all    2.10    0.00    0.07    0.00    0.00    0.00    0.00    0.00   97.83
19:15:02     all    2.10    0.00    0.07    0.00    0.00    0.00    0.00    0.00   97.83
19:15:04     all    2.09    0.00    0.08    0.00    0.00    0.01    0.00    0.00   97.82
19:15:06     all    2.11    0.00    0.08    0.00    0.00    0.00    0.00    0.00   97.81
19:15:08     all    2.11    0.00    0.07    0.00    0.00    0.00    0.00    0.00   97.82
19:15:10     all    2.10    0.00    0.07    0.00    0.00    0.00    0.00    0.00   97.83
19:15:12     all    2.10    0.00    0.06    0.00    0.00    0.00    0.00    0.00   97.84
19:15:14     all    2.10    0.00    0.07    0.00    0.00    0.01    0.00    0.00   97.82
19:15:16     all    2.11    0.00    0.07    0.00    0.00    0.00    0.00    0.00   97.82
19:15:18     all    2.10    0.00    0.07    0.00    0.00    0.01    0.00    0.00   97.82
19:15:20     all    2.11    0.00    0.08    0.00    0.00    0.01    0.00    0.00   97.80
19:15:22     all    2.10    0.00    0.09    0.00    0.00    0.00    0.00    0.00   97.81
19:15:24     all    2.10    0.00    0.08    0.00    0.00    0.00    0.00    0.00   97.82
19:15:26     all    2.10    0.00    0.07    0.00    0.00    0.01    0.00    0.00   97.82
19:15:28     all    2.11    0.00    0.07    0.00    0.00    0.00    0.00    0.00   97.82
19:15:30     all    2.11    0.00    0.08    0.01    0.00    0.00    0.00    0.00   97.80
19:15:32     all    2.10    0.00    0.08    0.00    0.00    0.00    0.00    0.00   97.82
19:15:34     all    2.10    0.00    0.07    0.00    0.00    0.00    0.00    0.00   97.83
19:15:36     all    2.11    0.00    0.07    0.00    0.00    0.01    0.00    0.00   97.81
19:15:38     all    2.10    0.00    0.08    0.00    0.00    0.00    0.00    0.00   97.82
19:15:40     all    2.10    0.00    0.09    0.00    0.00    0.00    0.00    0.00   97.81
19:15:42     all    2.11    0.00    0.07    0.21    0.00    0.00    0.00    0.00   97.61
19:15:44     all    2.11    0.00    0.06    0.00    0.00    0.00    0.00    0.00   97.83
19:15:46     all    2.10    0.00    0.08    0.00    0.00    0.00    0.00    0.00   97.82
19:15:48     all    2.11    0.00    0.09    0.00    0.00    0.00    0.00    0.00   97.80
19:15:50     all    2.12    0.00    0.11    0.00    0.00    0.00    0.00    0.00   97.77
19:15:52     all    2.10    0.00    0.08    0.00    0.00    0.01    0.00    0.00   97.81
19:15:54     all    2.10    0.00    0.09    0.00    0.00    0.01    0.00    0.00   97.80
19:15:56     all    2.11    0.00    0.09    0.00    0.00    0.00    0.00    0.00   97.80
19:15:58     all    2.11    0.00    0.07    0.00    0.00    0.01    0.00    0.00   97.81
19:16:00     all    2.10    0.00    0.08    0.00    0.00    0.01    0.00    0.00   97.81
19:16:02     all    2.10    0.00    0.08    0.00    0.00    0.00    0.00    0.00   97.82
19:16:04     all    2.11    0.00    0.06    0.00    0.00    0.00    0.00    0.00   97.83
19:16:06     all    2.10    0.00    0.08    0.00    0.00    0.02    0.00    0.00   97.80
19:16:08     all    2.10    0.00    0.07    0.00    0.00    0.00    0.00    0.00   97.83
19:16:10     all    2.10    0.00    0.09    0.00    0.00    0.00    0.00    0.00   97.81
19:16:12     all    2.10    0.00    0.06    0.00    0.00    0.00    0.00    0.00   97.84
19:16:14     all    2.09    0.00    0.07    0.00    0.00    0.00    0.00    0.00   97.84
19:16:16     all    2.11    0.00    0.07    0.00    0.00    0.00    0.00    0.00   97.82
19:16:18     all    2.11    0.00    0.09    0.00    0.00    0.01    0.00    0.00   97.79
19:16:20     all    2.11    0.00    0.08    0.00    0.00    0.01    0.00    0.00   97.80
19:16:22     all    2.10    0.00    0.10    0.00    0.00    0.01    0.00    0.00   97.79
19:16:24     all    2.10    0.00    0.10    0.00    0.00    0.01    0.00    0.00   97.79
19:16:26     all    2.11    0.00    0.08    0.00    0.00    0.00    0.00    0.00   97.81
19:16:28     all    2.10    0.00    0.08    0.00    0.00    0.01    0.00    0.00   97.81
19:16:30     all    2.11    0.00    0.08    0.00    0.00    0.00    0.00    0.00   97.81
19:16:32     all    2.10    0.00    0.09    0.00    0.00    0.01    0.00    0.00   97.80
19:16:34     all    2.11    0.00    0.08    0.00    0.00    0.01    0.00    0.00   97.80
19:16:36     all    2.12    0.00    0.09    0.00    0.00    0.01    0.00    0.00   97.78
19:16:38     all    2.10    0.00    0.09    0.00    0.00    0.00    0.00    0.00   97.81
19:16:40     all    2.10    0.00    0.08    0.00    0.00    0.00    0.00    0.00   97.82
19:16:42     all    2.11    0.00    0.07    0.21    0.00    0.00    0.00    0.00   97.61
19:16:44     all    2.11    0.00    0.08    0.00    0.00    0.00    0.00    0.00   97.81
19:16:46     all    2.10    0.00    0.08    0.00    0.00    0.00    0.00    0.00   97.82
19:16:48     all    2.10    0.00    0.08    0.00    0.00    0.00    0.00    0.00   97.82
19:16:50     all    2.11    0.00    0.09    0.00    0.00    0.00    0.00    0.00   97.80
19:16:52     all    2.11    0.00    0.07    0.00    0.00    0.01    0.00    0.00   97.81
19:16:54     all    2.10    0.00    0.07    0.00    0.00    0.00    0.00    0.00   97.83
19:16:56     all    2.10    0.00    0.06    0.00    0.00    0.00    0.00    0.00   97.84
19:16:58     all    2.10    0.00    0.07    0.00    0.00    0.00    0.00    0.00   97.83
19:17:00     all    2.11    0.00    0.05    0.00    0.00    0.00    0.00    0.00   97.84
19:17:02     all    2.10    0.00    0.07    0.00    0.00    0.00    0.00    0.00   97.83
19:17:04     all    2.09    0.00    0.07    0.01    0.00    0.00    0.00    0.00   97.83
19:17:06     all    2.10    0.00    0.07    0.00    0.00    0.00    0.00    0.00   97.83
19:17:08     all    2.11    0.00    0.06    0.00    0.00    0.00    0.00    0.00   97.83
19:17:10     all    2.10    0.00    0.07    0.00    0.00    0.01    0.00    0.00   97.82
19:17:12     all    2.11    0.00    0.06    0.00    0.00    0.00    0.00    0.00   97.83
19:17:14     all    2.10    0.00    0.07    0.00    0.00    0.00    0.00    0.00   97.83
19:17:16     all    2.10    0.00    0.06    0.00    0.00    0.00    0.00    0.00   97.84
19:17:18     all    2.10    0.00    0.07    0.00    0.00    0.00    0.00    0.00   97.83
19:17:20     all    2.12    0.00    0.09    0.00    0.00    0.00    0.00    0.00   97.79
19:17:22     all    2.10    0.00    0.07    0.00    0.00    0.00    0.00    0.00   97.83
19:17:24     all    2.10    0.00    0.06    0.00    0.00    0.01    0.00    0.00   97.83
19:17:26     all    2.11    0.00    0.07    0.00    0.00    0.01    0.00    0.00   97.81
19:17:28     all    2.10    0.00    0.07    0.00    0.00    0.00    0.00    0.00   97.83
19:17:30     all    2.11    0.00    0.07    0.00    0.00    0.01    0.00    0.00   97.81
19:17:32     all    2.10    0.00    0.07    0.00    0.00    0.00    0.00    0.00   97.83
19:17:34     all    2.10    0.00    0.07    0.00    0.00    0.00    0.00    0.00   97.83
19:17:36     all    2.11    0.00    0.07    0.00    0.00    0.00    0.00    0.00   97.82
19:17:38     all    2.11    0.00    0.06    0.00    0.00    0.00    0.00    0.00   97.83
19:17:40     all    2.10    0.00    0.07    0.00    0.00    0.01    0.00    0.00   97.82
19:17:42     all    2.11    0.00    0.07    0.21    0.00    0.00    0.00    0.00   97.61
19:17:44     all    2.09    0.00    0.07    0.00    0.00    0.01    0.00    0.00   97.83
19:17:46     all    2.10    0.00    0.07    0.00    0.00    0.02    0.00    0.00   97.81
19:17:48     all    2.11    0.00    0.06    0.00    0.00    0.01    0.00    0.00   97.82
19:17:50     all    2.11    0.00    0.07    0.00    0.00    0.00    0.00    0.00   97.82
19:17:52     all    2.10    0.00    0.06    0.00    0.00    0.00    0.00    0.00   97.84
19:17:54     all    2.10    0.00    0.06    0.00    0.00    0.00    0.00    0.00   97.84
19:17:56     all    2.08    0.00    0.06    0.00    0.00    0.01    0.00    0.00   97.84
19:17:58     all    2.10    0.00    0.08    0.00    0.00    0.00    0.00    0.00   97.82
19:18:00     all    2.11    0.00    0.10    0.00    0.00    0.00    0.00    0.00   97.79
19:18:02     all    2.11    0.00    0.08    0.00    0.00    0.00    0.00    0.00   97.81
19:18:04     all    2.11    0.00    0.07    0.00    0.00    0.00    0.00    0.00   97.82
19:18:06     all    2.12    0.00    0.10    0.00    0.00    0.00    0.00    0.00   97.78
19:18:08     all    2.11    0.00    0.07    0.00    0.00    0.01    0.00    0.00   97.81
19:18:10     all    2.11    0.00    0.09    0.00    0.00    0.01    0.00    0.00   97.79
19:18:12     all    2.10    0.00    0.08    0.00    0.00    0.00    0.00    0.00   97.82
19:18:14     all    2.11    0.00    0.08    0.00    0.00    0.00    0.00    0.00   97.81
19:18:16     all    2.11    0.00    0.08    0.00    0.00    0.00    0.00    0.00   97.81
19:18:18     all    2.11    0.00    0.07    0.00    0.00    0.00    0.00    0.00   97.82
19:18:20     all    2.10    0.00    0.07    0.00    0.00    0.01    0.00    0.00   97.82
19:18:22     all    2.11    0.00    0.08    0.00    0.00    0.00    0.00    0.00   97.81
19:18:24     all    2.10    0.00    0.08    0.00    0.00    0.00    0.00    0.00   97.82
19:18:26     all    2.10    0.00    0.08    0.00    0.00    0.00    0.00    0.00   97.82
19:18:28     all    2.10    0.00    0.10    0.00    0.00    0.00    0.00    0.00   97.80
19:18:30     all    2.10    0.00    0.08    0.00    0.00    0.00    0.00    0.00   97.82
19:18:32     all    2.11    0.00    0.08    0.00    0.00    0.00    0.00    0.00   97.81
19:18:34     all    2.10    0.00    0.09    0.00    0.00    0.00    0.00    0.00   97.81
19:18:36     all    2.11    0.00    0.08    0.00    0.00    0.01    0.00    0.00   97.80
19:18:38     all    2.10    0.00    0.10    0.00    0.00    0.01    0.00    0.00   97.79
19:18:40     all    2.11    0.00    0.08    0.00    0.00    0.01    0.00    0.00   97.80
19:18:42     all    2.10    0.00    0.09    0.21    0.00    0.01    0.00    0.00   97.59
19:18:44     all    2.10    0.00    0.08    0.00    0.00    0.00    0.00    0.00   97.82
19:18:46     all    2.11    0.00    0.09    0.00    0.00    0.01    0.00    0.00   97.79
19:18:48     all    2.10    0.00    0.08    0.00    0.00    0.00    0.00    0.00   97.82
19:18:50     all    2.12    0.00    0.10    0.00    0.00    0.00    0.00    0.00   97.78
19:18:52     all    2.10    0.00    0.09    0.00    0.00    0.01    0.00    0.00   97.80
19:18:54     all    2.11    0.00    0.09    0.00    0.00    0.00    0.00    0.00   97.80
19:18:56     all    2.10    0.00    0.08    0.00    0.00    0.00    0.00    0.00   97.82
19:18:58     all    2.11    0.00    0.07    0.00    0.00    0.00    0.00    0.00   97.82
19:19:00     all    2.11    0.00    0.09    0.00    0.00    0.00    0.00    0.00   97.80
19:19:02     all    2.10    0.00    0.09    0.00    0.00    0.01    0.00    0.00   97.80
19:19:04     all    2.11    0.00    0.07    0.00    0.00    0.00    0.00    0.00   97.82
19:19:06     all    2.10    0.00    0.08    0.00    0.00    0.00    0.00    0.00   97.82
19:19:08     all    2.10    0.00    0.08    0.00    0.00    0.00    0.00    0.00   97.82
19:19:10     all    2.11    0.00    0.08    0.00    0.00    0.01    0.00    0.00   97.80
19:19:12     all    2.11    0.00    0.07    0.00    0.00    0.00    0.00    0.00   97.82
19:19:14     all    2.10    0.00    0.10    0.00    0.00    0.01    0.00    0.00   97.79
19:19:16     all    2.10    0.00    0.08    0.00    0.00    0.01    0.00    0.00   97.81
19:19:18     all    2.11    0.00    0.09    0.00    0.00    0.01    0.00    0.00   97.79
19:19:20     all    2.10    0.00    0.08    0.00    0.00    0.00    0.00    0.00   97.82
19:19:22     all    2.11    0.00    0.09    0.01    0.00    0.00    0.00    0.00   97.79
19:19:24     all    2.10    0.00    0.09    0.00    0.00    0.01    0.00    0.00   97.80
19:19:26     all    2.10    0.00    0.07    0.00    0.00    0.00    0.00    0.00   97.83
19:19:28     all    2.10    0.00    0.09    0.00    0.00    0.01    0.00    0.00   97.80
19:19:30     all    2.11    0.00    0.09    0.00    0.00    0.00    0.00    0.00   97.80
19:19:32     all    2.10    0.00    0.08    0.00    0.00    0.00    0.00    0.00   97.82
19:19:34     all    2.11    0.00    0.08    0.00    0.00    0.00    0.00    0.00   97.81
19:19:36     all    2.12    0.00    0.10    0.00    0.00    0.00    0.00    0.00   97.78
19:19:38     all    2.11    0.00    0.06    0.00    0.00    0.01    0.00    0.00   97.82
19:19:40     all    2.11    0.00    0.08    0.21    0.00    0.00    0.00    0.00   97.60
19:19:42     all    2.10    0.00    0.08    0.00    0.00    0.00    0.00    0.00   97.82
19:19:44     all    2.11    0.00    0.08    0.00    0.00    0.00    0.00    0.00   97.81
19:19:46     all    2.10    0.00    0.09    0.00    0.00    0.00    0.00    0.00   97.81
19:19:48     all    2.10    0.00    0.10    0.00    0.00    0.00    0.00    0.00   97.80
19:19:50     all    2.11    0.00    0.08    0.00    0.00    0.00    0.00    0.00   97.81
19:19:52     all    2.11    0.00    0.08    0.00    0.00    0.00    0.00    0.00   97.81
19:19:54     all    2.11    0.00    0.07    0.00    0.00    0.00    0.00    0.00   97.82
19:19:56     all    2.10    0.00    0.09    0.21    0.00    0.01    0.00    0.00   97.59
19:19:58     all    2.10    0.00    0.09    0.00    0.00    0.00    0.00    0.00   97.81
19:20:00     all    2.11    0.00    0.09    0.00    0.00    0.00    0.00    0.00   97.80
19:20:02     all    2.11    0.00    0.09    0.16    0.00    0.01    0.00    0.00   97.63
19:20:04     all    2.11    0.00    0.10    0.00    0.00    0.00    0.00    0.00   97.79
19:20:06     all    2.10    0.00    0.09    0.00    0.00    0.00    0.00    0.00   97.81
19:20:08     all    2.11    0.00    0.08    0.00    0.00    0.00    0.00    0.00   97.81
19:20:10     all    2.11    0.00    0.09    0.00    0.00    0.00    0.00    0.00   97.80
19:20:12     all    2.10    0.00    0.07    0.00    0.00    0.00    0.00    0.00   97.83
19:20:14     all    2.09    0.00    0.09    0.01    0.00    0.01    0.00    0.00   97.80
19:20:16     all    2.11    0.00    0.09    0.00    0.00    0.00    0.00    0.00   97.80
19:20:18     all    2.11    0.00    0.09    0.00    0.00    0.00    0.00    0.00   97.80
19:20:20     all    2.11    0.00    0.10    0.00    0.00    0.00    0.00    0.00   97.79
19:20:22     all    2.10    0.00    0.09    0.00    0.00    0.00    0.00    0.00   97.81
19:20:24     all    2.11    0.00    0.09    0.00    0.00    0.00    0.00    0.00   97.80
19:20:26     all    2.10    0.00    0.09    0.00    0.00    0.00    0.00    0.00   97.81
19:20:28     all    2.11    0.00    0.09    0.00    0.00    0.00    0.00    0.00   97.80
19:20:30     all    2.10    0.00    0.08    0.00    0.00    0.00    0.00    0.00   97.82
19:20:32     all    2.11    0.00    0.08    0.00    0.00    0.00    0.00    0.00   97.81
19:20:34     all    2.10    0.00    0.08    0.00    0.00    0.01    0.00    0.00   97.81
19:20:36     all    2.11    0.00    0.09    0.00    0.00    0.00    0.00    0.00   97.80
19:20:38     all    2.10    0.00    0.09    0.00    0.00    0.00    0.00    0.00   97.81
19:20:40     all    2.11    0.00    0.10    0.00    0.00    0.00    0.00    0.00   97.79
19:20:42     all    2.11    0.00    0.08    0.22    0.00    0.00    0.00    0.00   97.59
19:20:44     all    2.10    0.00    0.09    0.00    0.00    0.00    0.00    0.00   97.81
19:20:46     all    2.10    0.00    0.08    0.00    0.00    0.01    0.00    0.00   97.81
19:20:48     all    2.11    0.00    0.10    0.00    0.00    0.01    0.00    0.00   97.78
19:20:50     all    2.10    0.00    0.08    0.00    0.00    0.00    0.00    0.00   97.82
19:20:52     all    2.11    0.00    0.09    0.00    0.00    0.00    0.00    0.00   97.80
19:20:54     all    2.10    0.00    0.08    0.00    0.00    0.00    0.00    0.00   97.82
19:20:56     all    2.11    0.00    0.08    0.00    0.00    0.00    0.00    0.00   97.81
19:20:58     all    2.10    0.00    0.08    0.00    0.00    0.00    0.00    0.00   97.82
19:21:00     all    2.11    0.00    0.09    0.00    0.00    0.00    0.00    0.00   97.80
19:21:02     all    2.11    0.00    0.09    0.00    0.00    0.00    0.00    0.00   97.80
19:21:04     all    2.10    0.00    0.10    0.00    0.00    0.00    0.00    0.00   97.80
19:21:06     all    2.12    0.00    0.10    0.00    0.00    0.00    0.00    0.00   97.78
19:21:08     all    2.11    0.00    0.08    0.00    0.00    0.01    0.00    0.00   97.80
19:21:10     all    2.10    0.00    0.10    0.00    0.00    0.00    0.00    0.00   97.80
19:21:12     all    2.10    0.00    0.07    0.00    0.00    0.00    0.00    0.00   97.83
19:21:14     all    2.11    0.00    0.09    0.00    0.00    0.00    0.00    0.00   97.80
19:21:16     all    2.10    0.00    0.08    0.00    0.00    0.00    0.00    0.00   97.82
19:21:18     all    2.10    0.00    0.09    0.00    0.00    0.01    0.00    0.00   97.80
19:21:20     all    2.10    0.00    0.06    0.00    0.00    0.00    0.00    0.00   97.84
19:21:22     all    2.10    0.00    0.07    0.00    0.00    0.00    0.00    0.00   97.83
19:21:24     all    2.10    0.00    0.06    0.00    0.00    0.00    0.00    0.00   97.84
19:21:26     all    2.09    0.00    0.07    0.00    0.00    0.00    0.00    0.00   97.84
19:21:28     all    2.11    0.00    0.07    0.00    0.00    0.01    0.00    0.00   97.81
19:21:30     all    2.11    0.00    0.07    0.00    0.00    0.01    0.00    0.00   97.81
19:21:32     all    2.11    0.00    0.10    0.00    0.00    0.01    0.00    0.00   97.78
19:21:34     all    2.10    0.00    0.11    0.00    0.00    0.01    0.00    0.00   97.78
19:21:36     all    2.11    0.00    0.09    0.00    0.00    0.00    0.00    0.00   97.80
19:21:38     all    2.11    0.00    0.06    0.00    0.00    0.00    0.00    0.00   97.83
19:21:40     all    2.10    0.00    0.07    0.00    0.00    0.00    0.00    0.00   97.83
19:21:42     all    2.11    0.00    0.08    0.21    0.00    0.00    0.00    0.00   97.60
19:21:44     all    2.10    0.00    0.08    0.00    0.00    0.01    0.00    0.00   97.81
19:21:46     all    2.10    0.00    0.08    0.00    0.00    0.01    0.00    0.00   97.81
19:21:48     all    2.10    0.00    0.08    0.00    0.00    0.00    0.00    0.00   97.82
19:21:50     all    2.11    0.00    0.09    0.00    0.00    0.01    0.00    0.00   97.79
19:21:52     all    2.10    0.00    0.08    0.00    0.00    0.00    0.00    0.00   97.82
19:21:54     all    2.10    0.00    0.08    0.00    0.00    0.00    0.00    0.00   97.82
19:21:56     all    2.11    0.00    0.07    0.00    0.00    0.00    0.00    0.00   97.82
19:21:58     all    2.10    0.00    0.08    0.01    0.00    0.00    0.00    0.00   97.81
19:22:00     all    2.10    0.00    0.07    0.00    0.00    0.00    0.00    0.00   97.83
19:22:02     all    2.11    0.00    0.08    0.00    0.00    0.00    0.00    0.00   97.81
19:22:04     all    2.10    0.00    0.08    0.00    0.00    0.00    0.00    0.00   97.82
19:22:06     all    2.10    0.00    0.07    0.00    0.00    0.01    0.00    0.00   97.82
19:22:08     all    2.10    0.00    0.07    0.00    0.00    0.00    0.00    0.00   97.83
19:22:10     all    2.10    0.00    0.06    0.00    0.00    0.00    0.00    0.00   97.84
19:22:12     all    2.10    0.00    0.06    0.00    0.00    0.00    0.00    0.00   97.84
19:22:14     all    2.10    0.00    0.08    0.00    0.00    0.00    0.00    0.00   97.82
19:22:16     all    2.10    0.00    0.06    0.00    0.00    0.00    0.00    0.00   97.84
19:22:18     all    2.10    0.00    0.07    0.00    0.00    0.00    0.00    0.00   97.83
19:22:20     all    2.10    0.00    0.07    0.00    0.00    0.00    0.00    0.00   97.83
19:22:22     all    2.10    0.00    0.08    0.00    0.00    0.00    0.00    0.00   97.82
19:22:24     all    2.11    0.00    0.07    0.00    0.00    0.00    0.00    0.00   97.82
19:22:26     all    2.10    0.00    0.06    0.00    0.00    0.00    0.00    0.00   97.84
19:22:28     all    2.10    0.00    0.07    0.00    0.00    0.00    0.00    0.00   97.83
19:22:30     all    2.10    0.00    0.08    0.00    0.00    0.00    0.00    0.00   97.82
19:22:32     all    2.10    0.00    0.07    0.00    0.00    0.00    0.00    0.00   97.83
19:22:34     all    2.12    0.00    0.07    0.00    0.00    0.00    0.00    0.00   97.81
19:22:36     all    2.11    0.00    0.10    0.00    0.00    0.01    0.00    0.00   97.78
19:22:38     all    2.10    0.00    0.07    0.00    0.00    0.00    0.00    0.00   97.83
19:22:40     all    2.10    0.00    0.08    0.00    0.00    0.00    0.00    0.00   97.82
19:22:42     all    2.10    0.00    0.08    0.21    0.00    0.00    0.00    0.00   97.61
19:22:44     all    2.10    0.00    0.07    0.00    0.00    0.00    0.00    0.00   97.83
19:22:46     all    2.11    0.00    0.07    0.00    0.00    0.00    0.00    0.00   97.82
19:22:48     all    2.10    0.00    0.08    0.00    0.00    0.00    0.00    0.00   97.82
19:22:50     all    2.10    0.00    0.07    0.00    0.00    0.01    0.00    0.00   97.82
19:22:52     all    2.10    0.00    0.08    0.00    0.00    0.00    0.00    0.00   97.82
19:22:54     all    2.10    0.00    0.08    0.00    0.00    0.00    0.00    0.00   97.82
19:22:56     all    2.10    0.00    0.09    0.00    0.00    0.00    0.00    0.00   97.81
19:22:58     all    2.10    0.00    0.08    0.00    0.00    0.00    0.00    0.00   97.82
19:23:00     all    2.11    0.00    0.07    0.00    0.00    0.00    0.00    0.00   97.82
19:23:02     all    2.11    0.00    0.07    0.00    0.00    0.00    0.00    0.00   97.82
19:23:04     all    2.10    0.00    0.05    0.00    0.00    0.00    0.00    0.00   97.85
19:23:06     all    2.10    0.00    0.07    0.00    0.00    0.00    0.00    0.00   97.83
19:23:08     all    2.11    0.00    0.08    0.00    0.00    0.00    0.00    0.00   97.81
19:23:10     all    2.10    0.00    0.08    0.00    0.00    0.00    0.00    0.00   97.82
19:23:12     all    2.10    0.00    0.07    0.00    0.00    0.01    0.00    0.00   97.82
19:23:14     all    2.10    0.00    0.06    0.00    0.00    0.00    0.00    0.00   97.84
19:23:16     all    2.10    0.00    0.07    0.00    0.00    0.00    0.00    0.00   97.83
19:23:18     all    2.11    0.00    0.08    0.00    0.00    0.01    0.00    0.00   97.80
19:23:20     all    2.11    0.00    0.10    0.00    0.00    0.00    0.00    0.00   97.79
19:23:22     all    2.10    0.00    0.07    0.00    0.00    0.00    0.00    0.00   97.83
19:23:24     all    2.11    0.00    0.07    0.00    0.00    0.00    0.00    0.00   97.82
19:23:26     all    2.10    0.00    0.07    0.00    0.00    0.00    0.00    0.00   97.83
19:23:28     all    2.10    0.00    0.07    0.01    0.00    0.00    0.00    0.00   97.82
19:23:30     all    2.11    0.00    0.07    0.00    0.00    0.00    0.00    0.00   97.82
19:23:32     all    2.10    0.00    0.07    0.00    0.00    0.00    0.00    0.00   97.83
19:23:34     all    2.10    0.00    0.08    0.00    0.00    0.01    0.00    0.00   97.81
19:23:36     all    2.11    0.00    0.08    0.00    0.00    0.00    0.00    0.00   97.81
19:23:38     all    2.10    0.00    0.07    0.00    0.00    0.00    0.00    0.00   97.83
19:23:40     all    2.10    0.00    0.07    0.20    0.00    0.00    0.00    0.00   97.63
19:23:42     all    2.10    0.00    0.08    0.00    0.00    0.00    0.00    0.00   97.82
19:23:44     all    2.10    0.00    0.07    0.00    0.00    0.00    0.00    0.00   97.83
19:23:46     all    2.10    0.00    0.06    0.00    0.00    0.00    0.00    0.00   97.84
19:23:48     all    2.10    0.00    0.06    0.00    0.00    0.00    0.00    0.00   97.84
19:23:50     all    2.10    0.00    0.08    0.00    0.00    0.00    0.00    0.00   97.82
19:23:52     all    2.11    0.00    0.08    0.00    0.00    0.00    0.00    0.00   97.81
19:23:54     all    2.10    0.00    0.09    0.00    0.00    0.00    0.00    0.00   97.81
19:23:56     all    2.10    0.00    0.08    0.00    0.00    0.01    0.00    0.00   97.81
19:23:58     all    2.11    0.00    0.08    0.00    0.00    0.00    0.00    0.00   97.81
19:24:00     all    2.10    0.00    0.09    0.00    0.00    0.00    0.00    0.00   97.81
19:24:02     all    2.09    0.00    0.08    0.00    0.00    0.00    0.00    0.00   97.83
19:24:04     all    2.11    0.00    0.07    0.00    0.00    0.00    0.00    0.00   97.82
19:24:06     all    2.11    0.00    0.10    0.00    0.00    0.00    0.00    0.00   97.79
19:24:08     all    2.11    0.00    0.06    0.00    0.00    0.00    0.00    0.00   97.83
19:24:10     all    2.10    0.00    0.10    0.00    0.00    0.00    0.00    0.00   97.80
19:24:12     all    2.10    0.00    0.07    0.00    0.00    0.00    0.00    0.00   97.83
19:24:14     all    2.10    0.00    0.07    0.01    0.00    0.00    0.00    0.00   97.82
19:24:16     all    2.11    0.00    0.07    0.00    0.00    0.01    0.00    0.00   97.81
19:24:18     all    2.10    0.00    0.06    0.00    0.00    0.00    0.00    0.00   97.84
19:24:20     all    2.10    0.00    0.08    0.00    0.00    0.00    0.00    0.00   97.82
19:24:22     all    2.10    0.00    0.07    0.00    0.00    0.00    0.00    0.00   97.83
19:24:24     all    2.10    0.00    0.08    0.00    0.00    0.00    0.00    0.00   97.82
19:24:26     all    2.11    0.00    0.07    0.00    0.00    0.00    0.00    0.00   97.82
19:24:28     all    2.10    0.00    0.07    0.00    0.00    0.00    0.00    0.00   97.83
19:24:30     all    2.11    0.00    0.08    0.00    0.00    0.00    0.00    0.00   97.81
19:24:32     all    2.10    0.00    0.07    0.00    0.00    0.00    0.00    0.00   97.83
19:24:34     all    2.10    0.00    0.07    0.00    0.00    0.00    0.00    0.00   97.83
19:24:36     all    2.11    0.00    0.08    0.00    0.00    0.00    0.00    0.00   97.81
19:24:38     all    2.10    0.00    0.08    0.00    0.00    0.01    0.00    0.00   97.81
19:24:40     all    2.10    0.00    0.06    0.00    0.00    0.00    0.00    0.00   97.84
19:24:42     all    2.10    0.00    0.08    0.21    0.00    0.00    0.00    0.00   97.61
19:24:44     all    2.11    0.00    0.08    0.00    0.00    0.00    0.00    0.00   97.81
19:24:46     all    2.09    0.00    0.05    0.00    0.00    0.00    0.00    0.00   97.86
19:24:48     all    2.10    0.00    0.05    0.00    0.00    0.00    0.00    0.00   97.85
19:24:50     all    2.11    0.00    0.09    0.00    0.00    0.00    0.00    0.00   97.80
19:24:52     all    2.10    0.00    0.07    0.00    0.00    0.00    0.00    0.00   97.83
19:24:54     all    2.11    0.00    0.07    0.00    0.00    0.00    0.00    0.00   97.82
19:24:56     all    2.10    0.00    0.09    0.21    0.00    0.00    0.00    0.00   97.60
19:24:58     all    2.10    0.00    0.08    0.00    0.00    0.00    0.00    0.00   97.82
19:25:00     all    2.11    0.00    0.07    0.00    0.00    0.00    0.00    0.00   97.82
19:25:02     all    2.10    0.00    0.08    0.00    0.00    0.01    0.00    0.00   97.81
19:25:04     all    2.10    0.00    0.07    0.00    0.00    0.00    0.00    0.00   97.83
19:25:06     all    2.11    0.00    0.08    0.00    0.00    0.00    0.00    0.00   97.81
19:25:08     all    2.10    0.00    0.06    0.00    0.00    0.00    0.00    0.00   97.84
19:25:10     all    2.10    0.00    0.08    0.00    0.00    0.00    0.00    0.00   97.82
19:25:12     all    2.10    0.00    0.07    0.00    0.00    0.00    0.00    0.00   97.83
19:25:14     all    2.11    0.00    0.07    0.00    0.00    0.00    0.00    0.00   97.82
19:25:16     all    2.10    0.00    0.08    0.00    0.00    0.00    0.00    0.00   97.82
19:25:18     all    2.11    0.00    0.07    0.00    0.00    0.00    0.00    0.00   97.82
19:25:20     all    2.09    0.00    0.07    0.00    0.00    0.00    0.00    0.00   97.84
19:25:22     all    2.11    0.00    0.08    0.00    0.00    0.00    0.00    0.00   97.81
19:25:24     all    2.10    0.00    0.08    0.00    0.00    0.01    0.00    0.00   97.81
19:25:26     all    2.10    0.00    0.08    0.00    0.00    0.00    0.00    0.00   97.82
19:25:28     all    2.10    0.00    0.08    0.00    0.00    0.00    0.00    0.00   97.82
19:25:30     all    2.11    0.00    0.08    0.00    0.00    0.00    0.00    0.00   97.81
19:25:32     all    2.10    0.00    0.07    0.00    0.00    0.00    0.00    0.00   97.83
19:25:34     all    2.11    0.00    0.07    0.00    0.00    0.00    0.00    0.00   97.82
19:25:36     all    2.10    0.00    0.10    0.00    0.00    0.00    0.00    0.00   97.80
19:25:38     all    2.11    0.00    0.08    0.00    0.00    0.01    0.00    0.00   97.80
19:25:40     all    2.11    0.00    0.08    0.00    0.00    0.00    0.00    0.00   97.81
19:25:42     all    2.10    0.00    0.07    0.21    0.00    0.00    0.00    0.00   97.62
19:25:44     all    2.10    0.00    0.08    0.00    0.00    0.00    0.00    0.00   97.82
19:25:46     all    2.10    0.00    0.07    0.00    0.00    0.00    0.00    0.00   97.83
19:25:48     all    2.10    0.00    0.07    0.00    0.00    0.00    0.00    0.00   97.83
19:25:50     all    2.11    0.00    0.07    0.00    0.00    0.00    0.00    0.00   97.82
19:25:52     all    2.09    0.00    0.08    0.00    0.00    0.00    0.00    0.00   97.83
19:25:54     all    2.11    0.00    0.07    0.00    0.00    0.01    0.00    0.00   97.81
19:25:56     all    2.10    0.00    0.08    0.00    0.00    0.00    0.00    0.00   97.82
19:25:58     all    2.11    0.00    0.07    0.00    0.00    0.00    0.00    0.00   97.82
19:26:00     all    2.10    0.00    0.07    0.00    0.00    0.00    0.00    0.00   97.83
19:26:02     all    2.10    0.00    0.08    0.00    0.00    0.00    0.00    0.00   97.82
19:26:04     all    2.10    0.00    0.08    0.00    0.00    0.01    0.00    0.00   97.81
19:26:06     all    2.10    0.00    0.08    0.00    0.00    0.00    0.00    0.00   97.82
19:26:08     all    2.11    0.00    0.08    0.00    0.00    0.00    0.00    0.00   97.81
19:26:10     all    2.10    0.00    0.07    0.00    0.00    0.00    0.00    0.00   97.83
19:26:12     all    2.10    0.00    0.08    0.00    0.00    0.00    0.00    0.00   97.82
19:26:14     all    2.11    0.00    0.07    0.00    0.00    0.00    0.00    0.00   97.82
19:26:16     all    2.10    0.00    0.07    0.00    0.00    0.00    0.00    0.00   97.83
19:26:18     all    2.10    0.00    0.08    0.00    0.00    0.00    0.00    0.00   97.82
19:26:20     all    2.11    0.00    0.10    0.00    0.00    0.00    0.00    0.00   97.79
19:26:22     all    2.11    0.00    0.06    0.00    0.00    0.00    0.00    0.00   97.83
19:26:24     all    2.11    0.00    0.08    0.00    0.00    0.00    0.00    0.00   97.81
19:26:26     all    2.09    0.00    0.08    0.00    0.00    0.00    0.00    0.00   97.83
19:26:28     all    2.11    0.00    0.07    0.00    0.00    0.01    0.00    0.00   97.81
19:26:30     all    2.10    0.00    0.06    0.00    0.00    0.00    0.00    0.00   97.84
19:26:32     all    2.10    0.00    0.04    0.00    0.00    0.00    0.00    0.00   97.86
19:26:34     all    2.11    0.00    0.07    0.00    0.00    0.00    0.00    0.00   97.82
19:26:36     all    2.10    0.00    0.07    0.00    0.00    0.00    0.00    0.00   97.83
19:26:38     all    2.10    0.00    0.07    0.00    0.00    0.00    0.00    0.00   97.83
19:26:40     all    2.11    0.00    0.08    0.01    0.00    0.00    0.00    0.00   97.80
19:26:42     all    2.10    0.00    0.07    0.20    0.00    0.00    0.00    0.00   97.63
19:26:44     all    2.10    0.00    0.07    0.00    0.00    0.00    0.00    0.00   97.83
19:26:46     all    2.10    0.00    0.07    0.00    0.00    0.00    0.00    0.00   97.83
19:26:48     all    2.11    0.00    0.07    0.00    0.00    0.01    0.00    0.00   97.81
19:26:50     all    2.10    0.00    0.07    0.00    0.00    0.00    0.00    0.00   97.83
19:26:52     all    2.10    0.00    0.06    0.00    0.00    0.00    0.00    0.00   97.84
19:26:54     all    2.10    0.00    0.08    0.00    0.00    0.00    0.00    0.00   97.82
19:26:56     all    2.10    0.00    0.07    0.00    0.00    0.00    0.00    0.00   97.83
19:26:58     all    2.10    0.00    0.07    0.00    0.00    0.00    0.00    0.00   97.83
19:27:00     all    2.10    0.00    0.07    0.00    0.00    0.00    0.00    0.00   97.83
19:27:02     all    2.11    0.00    0.07    0.00    0.00    0.00    0.00    0.00   97.82
19:27:04     all    2.10    0.00    0.08    0.00    0.00    0.00    0.00    0.00   97.82
19:27:06     all    2.11    0.00    0.10    0.00    0.00    0.00    0.00    0.00   97.79
19:27:08     all    2.10    0.00    0.07    0.00    0.00    0.00    0.00    0.00   97.83
19:27:10     all    2.10    0.00    0.08    0.00    0.00    0.01    0.00    0.00   97.81
19:27:12     all    2.10    0.00    0.08    0.00    0.00    0.00    0.00    0.00   97.82
19:27:14     all    2.10    0.00    0.07    0.00    0.00    0.00    0.00    0.00   97.83
19:27:16     all    2.11    0.00    0.07    0.00    0.00    0.00    0.00    0.00   97.82
19:27:18     all    2.10    0.00    0.06    0.00    0.00    0.00    0.00    0.00   97.84
19:27:20     all    2.10    0.00    0.07    0.01    0.00    0.00    0.00    0.00   97.82
19:27:22     all    2.11    0.00    0.07    0.00    0.00    0.00    0.00    0.00   97.82
19:27:24     all    2.11    0.00    0.07    0.00    0.00    0.01    0.00    0.00   97.81
19:27:26     all    2.09    0.00    0.07    0.00    0.00    0.00    0.00    0.00   97.84
19:27:28     all    2.11    0.00    0.07    0.00    0.00    0.00    0.00    0.00   97.82
19:27:30     all    2.10    0.00    0.07    0.00    0.00    0.00    0.00    0.00   97.83
19:27:32     all    2.10    0.00    0.07    0.00    0.00    0.00    0.00    0.00   97.83
19:27:34     all    2.11    0.00    0.06    0.00    0.00    0.00    0.00    0.00   97.83
19:27:36     all    2.10    0.00    0.08    0.00    0.00    0.00    0.00    0.00   97.82
19:27:38     all    2.10    0.00    0.08    0.00    0.00    0.00    0.00    0.00   97.82
19:27:40     all    2.11    0.00    0.07    0.00    0.00    0.00    0.00    0.00   97.82
19:27:42     all    2.10    0.00    0.07    0.21    0.00    0.01    0.00    0.00   97.61
19:27:44     all    2.10    0.00    0.08    0.00    0.00    0.00    0.00    0.00   97.82
19:27:46     all    2.10    0.00    0.06    0.00    0.00    0.00    0.00    0.00   97.84
19:27:48     all    2.11    0.00    0.08    0.00    0.00    0.00    0.00    0.00   97.81
19:27:50     all    2.11    0.00    0.09    0.00    0.00    0.00    0.00    0.00   97.80
19:27:52     all    2.10    0.00    0.07    0.00    0.00    0.00    0.00    0.00   97.83
19:27:54     all    2.10    0.00    0.06    0.00    0.00    0.00    0.00    0.00   97.84
19:27:56     all    2.10    0.00    0.07    0.00    0.00    0.00    0.00    0.00   97.83
19:27:58     all    2.10    0.00    0.06    0.00    0.00    0.01    0.00    0.00   97.83
19:28:00     all    2.11    0.00    0.07    0.00    0.00    0.00    0.00    0.00   97.82
19:28:02     all    2.10    0.00    0.08    0.00    0.00    0.00    0.00    0.00   97.82
19:28:04     all    2.10    0.00    0.07    0.00    0.00    0.00    0.00    0.00   97.83
19:28:06     all    2.10    0.00    0.07    0.00    0.00    0.00    0.00    0.00   97.83
19:28:08     all    2.11    0.00    0.09    0.00    0.00    0.00    0.00    0.00   97.80
19:28:10     all    2.10    0.00    0.08    0.00    0.00    0.00    0.00    0.00   97.82
19:28:12     all    2.10    0.00    0.08    0.00    0.00    0.00    0.00    0.00   97.82
19:28:14     all    2.09    0.00    0.05    0.00    0.00    0.00    0.00    0.00   97.86
19:28:16     all    2.10    0.00    0.08    0.00    0.00    0.00    0.00    0.00   97.82
19:28:18     all    2.11    0.00    0.07    0.00    0.00    0.00    0.00    0.00   97.82
19:28:20     all    2.11    0.00    0.07    0.00    0.00    0.00    0.00    0.00   97.82
19:28:22     all    2.10    0.00    0.08    0.00    0.00    0.00    0.00    0.00   97.82
19:28:24     all    2.10    0.00    0.08    0.00    0.00    0.00    0.00    0.00   97.82
