procs -----------memory---------- ---swap-- -----io---- --system-- -----cpu-----
 r  b   swpd   free   buff  cache   si   so    bi    bo   in   cs us sy id wa st
 4  0  11032 64562424 136292 335960    0    0     0     1    0    0  5  1 94  0  0	
 1  0  11032 64410684 136292 335992    0    0     0     0 3308 2920  2  0 98  0  0	
 1  0  11032 64410668 136292 336004    0    0     0     0 3312 2918  2  0 98  0  0	
 2  0  11032 64410552 136292 336008    0    0     0     8 3162 2659  2  0 98  0  0	
 3  0  11032 64411280 136292 336008    0    0     0     0 3190 2731  2  0 98  0  0	
 3  0  11032 64411364 136292 336008    0    0     0     0 3245 2859  2  0 98  0  0	
 1  0  11032 64411652 136292 336012    0    0     0     0 3231 2840  2  0 98  0  0	
 1  0  11032 64412076 136292 336012    0    0     0     0 3061 2495  2  0 98  0  0	
 1  0  11032 64412448 136292 336012    0    0     0     0 3147 2636  2  0 98  0  0	
 3  0  11032 64412212 136292 336020    0    0     0     0 3097 2549  2  0 98  0  0	
 1  0  11032 64412600 136292 336020    0    0     0     0 3091 2529  2  0 98  0  0	
 1  0  11032 64412476 136292 336020    0    0     0     0 3074 2496  2  0 98  0  0	
 1  0  11032 64412492 136292 336024    0    0     0     0 3077 2511  2  0 98  0  0	
 3  0  11032 64412864 136292 336024    0    0     0     0 3078 2499  2  0 98  0  0	
 3  0  11032 64412740 136292 336028    0    0     0     0 3083 2505  2  0 98  0  0	
 1  0  11032 64412864 136292 336032    0    0     0     4 3091 2529  2  0 98  0  0	
 1  0  11032 64412864 136292 336032    0    0     0     0 3095 2524  2  0 98  0  0	
 3  0  11032 64412864 136292 336040    0    0     0     2 3086 2506  2  0 98  0  0	
 3  0  11032 64412864 136292 336044    0    0     0     0 3084 2509  2  0 98  0  0	
 1  0  11032 64412740 136292 336044    0    0     0     0 3080 2505  2  0 98  0  0	
 1  0  11032 64412864 136292 336048    0    0     0    12 3111 2571  2  0 98  0  0	
procs -----------memory---------- ---swap-- -----io---- --system-- -----cpu-----
 r  b   swpd   free   buff  cache   si   so    bi    bo   in   cs us sy id wa st
 1  0  11032 64412864 136292 336048    0    0     0     0 3324 2993  2  0 98  0  0	
 3  0  11032 64412988 136292 336048    0    0     0     0 3296 2954  2  0 98  0  0	
 3  0  11032 64412864 136292 336052    0    0     0     0 3305 2964  2  0 98  0  0	
 1  0  11032 64413112 136292 336056    0    0     0     0 3079 2498  2  0 98  0  0	
 1  0  11032 64413104 136292 336060    0    0     0     0 3095 2510  2  0 98  0  0	
 1  0  11032 64412980 136292 336060    0    0     0     0 3314 2955  2  0 98  0  0	
 3  0  11032 64413104 136292 336060    0    0     0     6 3149 2655  2  0 98  0  0	
 3  0  11032 64412996 136292 336064    0    0     0     0 3340 3008  2  0 98  0  0	
 1  0  11032 64413112 136292 336064    0    0     0     0 3460 3209  2  0 98  0  0	
 1  0  11032 64413112 136292 336068    0    0     0     0 3286 2898  2  0 98  0  0	
 1  0  11032 64412864 136292 336072    0    0     0     0 3344 3006  2  0 98  0  0	
 3  0  11032 64413120 136292 336076    0    0     0     0 3349 3044  2  0 98  0  0	
 1  0  11032 64412988 136292 336076    0    0     0     0 3198 2753  2  0 98  0  0	
 1  0  11032 64413236 136292 336080    0    0     0     0 3299 2931  2  0 98  0  0	
 1  0  11032 64412988 136292 336080    0    0     0     0 3211 2770  2  0 98  0  0	
 3  0  11032 64412988 136292 336084    0    0     0     0 3294 2918  2  0 98  0  0	
 1  0  11032 64412980 136292 336084    0    0     0    10 3253 2839  2  0 98  0  0	
 1  0  11032 64413112 136292 336088    0    0     0     0 3203 2747  2  0 98  0  0	
 1  0  11032 64412856 136292 336088    0    0     0     0 3174 2698  2  0 98  0  0	
 3  0  11032 64413104 136292 336096    0    0     0     0 3343 3021  2  0 98  0  0	
 1  0  11032 64412980 136292 336096    0    0     0     0 3419 3157  2  0 98  0  0	
procs -----------memory---------- ---swap-- -----io---- --system-- -----cpu-----
 r  b   swpd   free   buff  cache   si   so    bi    bo   in   cs us sy id wa st
 1  0  11032 64412996 136292 336096    0    0     0     0 3258 2860  2  0 98  0  0	
 1  0  11032 64412864 136292 336104    0    0     0     0 3213 2739  2  0 98  0  0	
 2  0  11032 64412864 136292 336104    0    0     0     0 3225 2786  2  0 98  0  0	
 2  0  11032 64412864 136292 336108    0    0     0     0 3208 2767  2  0 98  0  0	
 1  0  11032 64412740 136292 336116    0    0     0     0 3259 2857  2  0 98  0  0	
 1  0  11032 64412864 136292 336120    0    0     0     0 3325 3002  2  0 98  0  0	
 1  0  11032 64412880 136292 336120    0    0     0     0 3395 3120  2  0 98  0  0	
 2  0  11032 64412864 136292 336124    0    0     0     0 3107 2557  2  0 98  0  0	
 2  0  11032 64412864 136292 336124    0    0     0     0 3297 2953  2  0 98  0  0	
 1  0  11032 64412864 136292 336128    0    0     0     0 3179 2704  2  0 98  0  0	
 3  0  11032 64412872 136292 336128    0    0     0     0 3099 2491  2  0 98  0  0	
 3  0  11032 64412864 136292 336128    0    0     0     0 3327 2987  2  0 98  0  0	
 2  0  11032 64412988 136292 336136    0    0     0     6 3339 3007  2  0 98  0  0	
 1  0  11032 64412864 136292 336140    0    0     0     0 3150 2622  2  0 98  0  0	
 3  0  11032 64412744 136292 336144    0    0     0     0 3306 2945  2  0 98  0  0	
 3  0  11032 64412868 136292 336148    0    0     0     6 3117 2601  2  0 98  0  0	
 1  0  11032 64412752 136292 336148    0    0     0     0 3189 2740  2  0 98  0  0	
 2  0  11032 64412868 136292 336148    0    0     0     0 3201 2742  2  0 98  0  0	
 1  0  11032 64412992 136292 336156    0    0     0     0 3219 2803  2  0 98  0  0	
 3  0  11032 64412992 136292 336156    0    0     0     8 3225 2806  2  0 98  0  0	
 3  0  11032 64413000 136292 336164    0    0     0     0 3392 3105  2  0 98  0  0	
procs -----------memory---------- ---swap-- -----io---- --system-- -----cpu-----
 r  b   swpd   free   buff  cache   si   so    bi    bo   in   cs us sy id wa st
 2  0  11032 64412992 136292 336164    0    0     0     0 3157 2658  2  0 98  0  0	
 1  0  11032 64412984 136292 336168    0    0     0     0 3265 2870  2  0 98  0  0	
 1  0  11032 64412356 136292 336172    0    0     0    22 3297 2830  2  0 98  0  0	
 3  0  11032 64412232 136292 336180    0    0     0     0 3253 2851  2  0 98  0  0	
 3  0  11032 64412564 136292 336180    0    0     0     0 3335 3009  2  0 98  0  0	
 1  0  11032 64412696 136292 336184    0    0     0     0 3452 3252  2  0 98  0  0	
 1  0  11032 64412432 136292 336184    0    0     0     0 3171 2658  2  0 98  0  0	
 3  0  11032 64412572 136292 336188    0    0     0    14 3110 2530  2  0 98  0  0	
 3  0  11032 64412896 136292 336196    0    0     0     0 3077 2496  2  0 98  0  0	
 3  0  11032 64412896 136292 336196    0    0     0     0 3076 2510  2  0 98  0  0	
 1  0  11032 64412772 136292 336196    0    0     0     0 3081 2504  2  0 98  0  0	
 1  0  11032 64412788 136292 336200    0    0     0     0 3099 2516  2  0 98  0  0	
 4  0  11032 64412664 136292 336204    0    0     0     0 3100 2540  2  0 98  0  0	
 1  0  11032 64412796 136292 336208    0    0     0     0 3440 3226  2  0 98  0  0	
 1  0  11032 64412804 136292 336208    0    0     0     0 3324 2964  2  0 98  0  0	
 3  0  11032 64412812 136292 336212    0    0     0     0 3466 3275  2  0 98  0  0	
 3  0  11032 64412924 136292 336216    0    0     0     0 3417 3147  2  0 98  0  0	
 2  0  11032 64412800 136292 336216    0    0     0     0 3222 2794  2  0 98  0  0	
 1  0  11032 64412924 136292 336216    0    0     0     0 3173 2708  2  0 98  0  0	
 3  0  11032 64412924 136292 336220    0    0     0     0 3263 2886  2  0 98  0  0	
 3  0  11032 64412668 136292 336220    0    0     0     0 3083 2506  2  0 98  0  0	
procs -----------memory---------- ---swap-- -----io---- --system-- -----cpu-----
 r  b   swpd   free   buff  cache   si   so    bi    bo   in   cs us sy id wa st
 1  0  11032 64412924 136292 336220    0    0     0     0 3088 2511  2  0 98  0  0	
 1  0  11032 64412676 136292 336224    0    0     0     0 3104 2520  2  0 98  0  0	
 1  0  11032 64412800 136292 336228    0    0     0     0 3094 2511  2  0 98  0  0	
 3  0  11032 64412808 136292 336232    0    0     0     6 3146 2659  2  0 98  0  0	
 1  0  11032 64412932 136292 336232    0    0     0     0 3097 2554  2  0 98  0  0	
 1  0  11032 64412932 136292 336240    0    0     0     0 3212 2753  2  0 98  0  0	
 2  0  11032 64412932 136292 336244    0    0     0     0 3214 2779  2  0 98  0  0	
 3  0  11032 64412932 136292 336248    0    0     0     0 3371 3089  2  0 98  0  0	
 3  0  11032 64412940 136292 336256    0    0     0     0 3357 3042  2  0 98  0  0	
 1  0  11032 64413056 136292 336256    0    0     0     0 3275 2895  2  0 98  0  0	
 1  0  11032 64413048 136292 336260    0    0     0     0 3228 2784  2  0 98  0  0	
 2  0  11032 64413048 136292 336260    0    0     0     0 3160 2652  2  0 98  0  0	
 3  0  11032 64413048 136292 336260    0    0     0     0 3414 3182  2  0 98  0  0	
 3  0  11032 64412924 136292 336264    0    0     0     0 3325 2971  2  0 98  0  0	
 1  0  11032 64413056 136292 336264    0    0     0     0 3395 3109  2  0 98  0  0	
 1  0  11032 64413172 136292 336268    0    0     0     0 3165 2673  2  0 98  0  0	
 4  0  11032 64413172 136292 336268    0    0     0     0 3186 2737  2  0 98  0  0	
 1  0  11032 64413296 136292 336272    0    0     0     0 3275 2903  2  0 98  0  0	
 1  0  11032 64413184 136292 336276    0    0     0     0 3395 3143  2  0 98  0  0	
 1  0  11032 64413184 136292 336276    0    0     0     0 3477 3274  2  0 98  0  0	
 4  0  11032 64413432 136292 336276    0    0     0     0 3367 3023  2  0 98  0  0	
procs -----------memory---------- ---swap-- -----io---- --system-- -----cpu-----
 r  b   swpd   free   buff  cache   si   so    bi    bo   in   cs us sy id wa st
 1  0  11032 64413308 136292 336284    0    0     0     2 3229 2830  2  0 98  0  0	
 1  0  11032 64413308 136292 336288    0    0     0     0 3059 2504  2  0 98  0  0	
 1  0  11032 64413184 136292 336288    0    0     0     0 3241 2857  2  0 98  0  0	
 3  0  11032 64413192 136292 336292    0    0     0     0 3137 2622  2  0 98  0  0	
 3  0  11032 64413188 136292 336296    0    0     0     0 3373 3084  2  0 98  0  0	
 1  0  11032 64413056 136292 336296    0    0     0     0 3419 3203  2  0 98  0  0	
 1  0  11032 64413180 136292 336300    0    0     0     0 3174 2728  2  0 98  0  0	
 1  0  11032 64413312 136292 336300    0    0     0     0 3260 2903  2  0 98  0  0	
 3  0  11032 64413304 136292 336304    0    0     0     0 3134 2631  2  0 98  0  0	
 3  0  11032 64413304 136292 336308    0    0     0     0 3437 3193  2  0 98  0  0	
 1  0  11032 64412932 136292 336308    0    0     0     0 3336 3000  2  0 98  0  0	
 2  0  11032 64413056 136292 336316    0    0     0     0 3194 2750  2  0 98  0  0	
 2  0  11032 64412808 136292 336316    0    0     0     6 3147 2682  2  0 98  0  0	
 2  0  11032 64412824 136292 336316    0    0     0     0 3454 3245  2  0 98  0  0	
 1  0  11032 64412816 136292 336320    0    0     0     0 3161 2647  2  0 98  0  0	
 1  0  11032 64412940 136292 336324    0    0     0     0 3157 2635  2  0 98  0  0	
 3  0  11032 64412816 136292 336324    0    0     0     0 3374 3109  2  0 98  0  0	
 3  0  11032 64412700 136292 336328    0    0     0     0 3302 2986  2  0 98  0  0	
 1  0  11032 64412816 136292 336328    0    0     0     0 3211 2751  2  0 98  0  0	
 1  0  11032 64412812 136292 336340    0    0     0     0 3337 3004  2  0 98  0  0	
 3  0  11032 64412688 136292 336340    0    0     0     0 3213 2779  2  0 98  0  0	
procs -----------memory---------- ---swap-- -----io---- --system-- -----cpu-----
 r  b   swpd   free   buff  cache   si   so    bi    bo   in   cs us sy id wa st
 4  0  11032 64412440 136292 336340    0    0     0     0 3372 3103  2  0 98  0  0	
 1  0  11032 64412564 136292 336344    0    0     0     0 3297 2959  2  0 98  0  0	
 1  0  11032 64412448 136292 336344    0    0     0     0 3378 3114  2  0 98  0  0	
 1  0  11032 64412440 136292 336348    0    0     0     0 3328 2987  2  0 98  0  0	
 3  0  11032 64412440 136292 336352    0    0     0     0 3355 3072  2  0 98  0  0	
 3  0  11032 64412440 136292 336352    0    0     0     0 3250 2851  2  0 98  0  0	
 1  0  11032 64412448 136292 336356    0    0     0     0 3177 2725  2  0 98  0  0	
 1  0  11032 64412696 136292 336360    0    0     0     0 3338 3040  2  0 98  0  0	
 1  0  11032 64412696 136292 336364    0    0     0     0 3256 2844  2  0 98  0  0	
 3  0  11032 64412704 136292 336368    0    0     0     2 3117 2562  2  0 98  0  0	
 4  0  11032 64412820 136292 336372    0    0     0     0 3215 2791  2  0 98  0  0	
 1  0  11032 64412696 136292 336372    0    0     0     0 3283 2911  2  0 98  0  0	
 1  0  11032 64412828 136292 336380    0    0     0     0 3392 3111  2  0 98  0  0	
 3  0  11032 64412812 136292 336384    0    0     0     0 3220 2757  2  0 98  0  0	
 3  0  11032 64412812 136292 336384    0    0     0     0 3238 2831  2  0 98  0  0	
 1  0  11032 64412812 136292 336384    0    0     0     0 3104 2542  2  0 98  0  0	
 2  0  11032 64412820 136292 336392    0    0     0     0 3084 2514  2  0 98  0  0	
 3  0  11032 64412688 136292 336392    0    0     0     0 3074 2496  2  0 98  0  0	
 3  0  11032 64412812 136292 336392    0    0     0     0 3066 2501  2  0 98  0  0	
 1  0  11032 64412936 136292 336396    0    0     0     0 3097 2511  2  0 98  0  0	
 1  0  11032 64412692 136292 336400    0    0     0     0 3077 2500  2  0 98  0  0	
procs -----------memory---------- ---swap-- -----io---- --system-- -----cpu-----
 r  b   swpd   free   buff  cache   si   so    bi    bo   in   cs us sy id wa st
 2  0  11032 64412692 136292 336400    0    0     0     0 3093 2545  2  0 98  0  0	
 1  0  11032 64412700 136292 336404    0    0     0     6 3060 2507  2  0 98  0  0	
 1  0  11032 64412692 136292 336404    0    0     0     0 3092 2534  2  0 98  0  0	
 3  0  11032 64412692 136292 336412    0    0     0     0 3094 2535  2  0 98  0  0	
 3  0  11032 64412824 136292 336412    0    0     0     0 3126 2607  2  0 98  0  0	
 2  0  11032 64412700 136292 336412    0    0     0     0 3181 2737  2  0 98  0  0	
 1  0  11032 64412700 136292 336416    0    0     0     0 3115 2582  2  0 98  0  0	
 1  0  11032 64412692 136292 336416    0    0     0     0 3104 2562  2  0 98  0  0	
 3  0  11032 64412692 136292 336420    0    0     0     0 3094 2522  2  0 98  0  0	
 4  0  11032 64412816 136292 336424    0    0     0     0 3100 2519  2  0 98  0  0	
 1  0  11032 64412572 136292 336424    0    0     0     0 3111 2552  2  0 98  0  0	
 1  0  11032 64412696 136292 336424    0    0     0     0 3089 2532  2  0 98  0  0	
 1  0  11032 64412696 136292 336428    0    0     0     0 3133 2597  2  0 98  0  0	
 3  0  11032 64412696 136292 336432    0    0     0     0 3074 2521  2  0 98  0  0	
 3  0  11032 64412696 136292 336436    0    0     0     0 3112 2568  2  0 98  0  0	
 1  0  11032 64412696 136292 336440    0    0     0     0 3116 2570  2  0 98  0  0	
 1  0  11032 64412820 136292 336440    0    0     0     0 3088 2529  2  0 98  0  0	
 1  0  11032 64412820 136292 336444    0    0     0     0 3122 2554  2  0 98  0  0	
 1  0  11032 64412580 136292 336448    0    0     0     2 3189 2680  2  0 98  0  0	
 1  0  11032 64412456 136292 336448    0    0     0     0 3099 2544  2  0 98  0  0	
 3  0  11032 64412332 136292 336452    0    0     0     0 3124 2591  2  0 98  0  0	
procs -----------memory---------- ---swap-- -----io---- --system-- -----cpu-----
 r  b   swpd   free   buff  cache   si   so    bi    bo   in   cs us sy id wa st
 4  0  11032 64412332 136292 336452    0    0     0     0 3099 2545  2  0 98  0  0	
 1  0  11032 64412204 136292 336452    0    0     0     0 3108 2546  2  0 98  0  0	
 2  0  11032 64412328 136292 336460    0    0     0     0 3076 2506  2  0 98  0  0	
 3  0  11032 64412328 136292 336464    0    0     0     0 3100 2552  2  0 98  0  0	
 3  0  11032 64412452 136292 336464    0    0     0     0 3080 2523  2  0 98  0  0	
 2  0  11032 64412336 136292 336468    0    0     0     0 3086 2524  2  0 98  0  0	
 1  0  11032 64412328 136292 336468    0    0     0     8 3088 2515  2  0 98  0  0	
 1  0  11032 64412452 136292 336472    0    0     0     0 3100 2515  2  0 98  0  0	
 3  0  11032 64412080 136292 336472    0    0     0     0 3151 2635  2  0 98  0  0	
 3  0  11032 64412204 136292 336472    0    0     0     0 3143 2628  2  0 98  0  0	
 2  0  11032 64412204 136292 336484    0    0     0     6 3139 2621  2  0 98  0  0	
 1  0  11032 64412088 136292 336488    0    0     0     0 3095 2527  2  0 98  0  0	
 1  0  11032 64412336 136292 336492    0    0     0     0 3097 2533  2  0 98  0  0	
 3  0  11032 64412212 136292 336496    0    0     0     0 3098 2549  2  0 98  0  0	
 3  0  11032 64412336 136292 336496    0    0     0     0 3091 2537  2  0 98  0  0	
 1  0  11032 64412336 136292 336496    0    0     0     0 3124 2576  2  0 98  0  0	
 1  0  11032 64412328 136292 336504    0    0     0     0 3142 2610  2  0 98  0  0	
 1  0  11032 64412328 136292 336508    0    0     0     0 3118 2566  2  0 98  0  0	
 3  0  11032 64412080 136292 336512    0    0     0     0 3079 2508  2  0 98  0  0	
 3  0  11032 64412080 136292 336512    0    0     0     0 3092 2513  2  0 98  0  0	
 1  0  11032 64411956 136292 336512    0    0     0     0 3131 2590  2  0 98  0  0	
