procs -----------memory---------- ---swap-- -----io---- --system-- -----cpu-----
 r  b   swpd   free   buff  cache   si   so    bi    bo   in   cs us sy id wa st
 4  0  11032 64574996 136232 320864    0    0     0     1    0    0  5  1 94  0  0	
 1  0  11032 64425660 136232 320900    0    0     0     0 3140 2588  2  0 98  0  0	
 2  0  11032 64426032 136232 320900    0    0     0     0 3082 2529  2  0 98  0  0	
 1  0  11032 64426364 136232 320904    0    0     0    10 3081 2500  2  0 98  0  0	
 1  0  11032 64427028 136232 320904    0    0     0     0 3076 2496  2  0 98  0  0	
 2  0  11032 64427316 136232 320904    0    0     0     0 3066 2485  2  0 98  0  0	
 2  0  11032 64427216 136232 320908    0    0     0     0 3048 2467  2  0 98  0  0	
 1  0  11032 64427668 136232 320908    0    0     0     0 3056 2494  2  0 98  0  0	
 1  0  11032 64427940 136232 320912    0    0     0     0 3126 2596  2  0 98  0  0	
 2  0  11032 64428044 136232 320916    0    0     0     0 3175 2675  2  0 98  0  0	
 1  0  11032 64428548 136232 320916    0    0     0     0 3087 2516  2  0 98  0  0	
 1  0  11032 64428424 136232 320916    0    0     0     0 3078 2494  2  0 98  0  0	
 2  0  11032 64428672 136232 320920    0    0     0     0 3067 2501  2  0 98  0  0	
 2  0  11032 64428680 136232 320920    0    0     0     0 3072 2500  2  0 98  0  0	
 1  0  11032 64428836 136232 320924    0    0     0     0 3102 2565  2  0 98  0  0	
 1  0  11032 64428848 136232 320928    0    0     0     0 3078 2505  2  0 98  0  0	
 2  0  11032 64428848 136232 320932    0    0     0     0 3070 2499  2  0 98  0  0	
 2  0  11032 64428840 136232 320936    0    0     0     2 3103 2548  2  0 98  0  0	
 1  0  11032 64428964 136232 320940    0    0     0     0 3088 2526  2  0 98  0  0	
 1  0  11032 64428972 136232 320940    0    0     0     0 3101 2537  2  0 98  0  0	
 2  0  11032 64428964 136232 320944    0    0     0    14 3104 2605  2  0 98  0  0	
procs -----------memory---------- ---swap-- -----io---- --system-- -----cpu-----
 r  b   swpd   free   buff  cache   si   so    bi    bo   in   cs us sy id wa st
 1  0  11032 64428840 136232 320944    0    0     0     0 3088 2517  2  0 98  0  0	
 1  0  11032 64428848 136232 320944    0    0     0     0 3097 2531  2  0 98  0  0	
 2  0  11032 64428980 136232 320952    0    0     0     0 3061 2499  2  0 98  0  0	
 2  0  11032 64428864 136232 320952    0    0     0     0 3086 2538  2  0 98  0  0	
 1  0  11032 64429096 136232 320952    0    0     0     0 3052 2498  2  0 98  0  0	
 1  0  11032 64429096 136232 320956    0    0     0     0 3114 2588  2  0 98  0  0	
 2  0  11032 64429088 136232 320956    0    0     0     0 3088 2531  2  0 98  0  0	
 2  0  11032 64429344 136232 320960    0    0     0     0 3072 2509  2  0 98  0  0	
 1  0  11032 64429352 136232 320960    0    0     0     0 3114 2558  2  0 98  0  0	
 1  0  11032 64429212 136232 320964    0    0     0     0 3094 2536  2  0 98  0  0	
 2  0  11032 64428964 136232 320972    0    0     0     0 3112 2549  2  0 98  0  0	
 1  0  11032 64428832 136232 320972    0    0     0     0 3136 2599  2  0 98  0  0	
 1  1  11032 64428956 136232 320972    0    0     0     4 3109 2538  2  0 98  0  0	
 2  0  11032 64428948 136232 320976    0    0     0     2 3101 2542  2  0 98  0  0	
 2  0  11032 64428832 136232 320976    0    0     0     0 3109 2590  2  0 98  0  0	
 1  0  11032 64428708 136232 320980    0    0     0     0 3097 2574  2  0 98  0  0	
 1  0  11032 64428824 136232 320984    0    0     0    10 3120 2573  2  0 98  0  0	
 2  0  11032 64428956 136232 320984    0    0     0     0 3079 2543  2  0 98  0  0	
 1  0  11032 64428716 136232 320988    0    0     0     0 3055 2491  2  0 98  0  0	
 1  0  11032 64428840 136232 320992    0    0     0     0 3052 2490  2  0 98  0  0	
 2  0  11032 64428716 136232 320992    0    0     0     0 3071 2500  2  0 98  0  0	
procs -----------memory---------- ---swap-- -----io---- --system-- -----cpu-----
 r  b   swpd   free   buff  cache   si   so    bi    bo   in   cs us sy id wa st
 2  0  11032 64428592 136232 320996    0    0     0     0 3083 2510  2  0 98  0  0	
 1  0  11032 64428724 136232 321000    0    0     0     0 3082 2505  2  0 98  0  0	
 1  0  11032 64428848 136232 321000    0    0     0     0 3113 2583  2  0 98  0  0	
 2  0  11032 64428716 136232 321008    0    0     0     0 3087 2524  2  0 98  0  0	
 2  0  11032 64428848 136232 321016    0    0     0     0 3115 2579  2  0 98  0  0	
 1  0  11032 64428832 136232 321016    0    0     0     0 3119 2577  2  0 98  0  0	
 1  0  11032 64428840 136232 321020    0    0     0     0 3086 2516  2  0 98  0  0	
 2  0  11032 64428972 136232 321020    0    0     0     0 3083 2510  2  0 98  0  0	
 1  0  11032 64428964 136232 321020    0    0     0     0 3093 2551  2  0 98  0  0	
 1  0  11032 64428964 136232 321020    0    0     0     0 3080 2522  2  0 98  0  0	
 2  0  11032 64428840 136232 321024    0    0     0     0 3116 2539  2  0 98  0  0	
 2  0  11032 64428848 136232 321024    0    0     0     0 3106 2552  2  0 98  0  0	
 1  0  11032 64428848 136232 321032    0    0     0     0 3126 2566  2  0 98  0  0	
 1  0  11032 64428716 136232 321036    0    0     0     0 3138 2586  2  0 98  0  0	
 2  0  11032 64428716 136232 321040    0    0     0     0 3117 2606  2  0 98  0  0	
 2  0  11032 64428832 136232 321044    0    0     0     0 3122 2583  2  0 98  0  0	
 1  0  11032 64428840 136232 321044    0    0     0     0 3125 2614  2  0 98  0  0	
 1  0  11032 64428852 136232 321044    0    0     0     0 3100 2549  2  0 98  0  0	
 2  0  11032 64428836 136232 321052    0    0     0     0 3117 2567  2  0 98  0  0	
 1  0  11032 64428712 136232 321052    0    0     0     0 3128 2586  2  0 98  0  0	
 1  0  11032 64428836 136232 321056    0    0     0     0 3182 2706  2  0 98  0  0	
procs -----------memory---------- ---swap-- -----io---- --system-- -----cpu-----
 r  b   swpd   free   buff  cache   si   so    bi    bo   in   cs us sy id wa st
 1  1  11032 64428588 136232 321060    0    0     0     6 3100 2545  2  0 98  0  0	
 2  0  11032 64428464 136232 321064    0    0     0     0 3120 2579  2  0 98  0  0	
 1  0  11032 64428596 136232 321064    0    0     0     0 3134 2601  2  0 98  0  0	
 1  0  11032 64428596 136232 321068    0    0     0     0 3105 2538  2  0 98  0  0	
 2  0  11032 64428464 136232 321068    0    0     0     0 3098 2517  2  0 98  0  0	
 2  0  11032 64428596 136232 321068    0    0     0     0 3101 2556  2  0 98  0  0	
 1  0  11032 64428604 136232 321076    0    0     0     0 3078 2504  2  0 98  0  0	
 1  0  11032 64428844 136232 321076    0    0     0     0 3098 2538  2  0 98  0  0	
 2  0  11032 64428844 136232 321084    0    0     0     0 3101 2551  2  0 98  0  0	
 2  0  11032 64428720 136232 321084    0    0     0     0 3117 2581  2  0 98  0  0	
 1  0  11032 64428728 136232 321084    0    0     0     0 3070 2498  2  0 98  0  0	
 1  0  11032 64428728 136232 321088    0    0     0     0 3101 2561  2  0 98  0  0	
 2  0  11032 64428720 136232 321092    0    0     0     0 3087 2508  2  0 98  0  0	
 1  0  11032 64428596 136232 321092    0    0     0     0 3080 2497  2  0 98  0  0	
 1  0  11032 64428588 136232 321100    0    0     0     0 3102 2519  2  0 98  0  0	
 1  0  11032 64428712 136232 321100    0    0     0     0 3085 2503  2  0 98  0  0	
 2  0  11032 64428720 136232 321100    0    0     0     0 3090 2512  2  0 98  0  0	
 1  0  11032 64428712 136232 321104    0    0     0     2 3123 2601  2  0 98  0  0	
 1  0  11032 64428712 136232 321104    0    0     0     0 3120 2585  2  0 98  0  0	
 2  0  11032 64428464 136232 321104    0    0     0     0 3099 2532  2  0 98  0  0	
 2  0  11032 64428596 136232 321108    0    0     0     0 3147 2646  2  0 98  0  0	
procs -----------memory---------- ---swap-- -----io---- --system-- -----cpu-----
 r  b   swpd   free   buff  cache   si   so    bi    bo   in   cs us sy id wa st
 1  0  11032 64428604 136232 321108    0    0     0     0 3103 2558  2  0 98  0  0	
 1  0  11032 64428472 136232 321116    0    0     0     0 3118 2571  2  0 98  0  0	
 2  0  11032 64428472 136232 321116    0    0     0     0 3096 2554  2  0 98  0  0	
 2  0  11032 64428348 136232 321116    0    0     0     0 3106 2533  2  0 98  0  0	
 1  0  11032 64428596 136232 321124    0    0     0     0 3091 2527  2  0 98  0  0	
 1  0  11032 64428604 136232 321128    0    0     0     0 3085 2515  2  0 98  0  0	
 2  0  11032 64428596 136232 321132    0    0     0     0 3125 2587  2  0 98  0  0	
 1  0  11032 64428472 136232 321136    0    0     0     0 3122 2564  2  0 98  0  0	
 1  0  11032 64428464 136232 321144    0    0     0     0 3132 2580  2  0 98  0  0	
 1  1  11032 64428464 136232 321144    0    0     0     6 3073 2505  2  0 98  0  0	
 2  0  11032 64428464 136232 321148    0    0     0     0 3098 2531  2  0 98  0  0	
 1  0  11032 64428472 136232 321148    0    0     0     0 3078 2511  2  0 98  0  0	
 1  0  11032 64428596 136232 321148    0    0     0     0 3069 2499  2  0 98  0  0	
 2  0  11032 64428464 136232 321152    0    0     0     0 3090 2521  2  0 98  0  0	
 2  0  11032 64428472 136232 321152    0    0     0     0 3093 2551  2  0 98  0  0	
 1  0  11032 64428356 136232 321156    0    0     0     0 3092 2514  2  0 98  0  0	
 1  0  11032 64428340 136232 321160    0    0     0     0 3089 2508  2  0 98  0  0	
 2  0  11032 64428348 136232 321160    0    0     0     8 3085 2511  2  0 98  0  0	
 2  0  11032 64428596 136232 321160    0    0     0     0 3074 2504  2  0 98  0  0	
 1  0  11032 64428480 136232 321164    0    0     0     0 3069 2501  2  0 98  0  0	
 2  0  11032 64428480 136232 321164    0    0     0     0 3090 2511  2  0 98  0  0	
procs -----------memory---------- ---swap-- -----io---- --system-- -----cpu-----
 r  b   swpd   free   buff  cache   si   so    bi    bo   in   cs us sy id wa st
 2  0  11032 64428216 136232 321168    0    0     0    22 3152 2547  2  0 98  0  0	
 1  0  11032 64428216 136232 321184    0    0     0     0 3078 2500  2  0 98  0  0	
 1  0  11032 64428216 136232 321184    0    0     0     0 3094 2525  2  0 98  0  0	
 1  0  11032 64428340 136232 321188    0    0     0     0 3067 2496  2  0 98  0  0	
 2  0  11032 64428680 136232 321192    0    0     0     0 3082 2515  2  0 98  0  0	
 1  0  11032 64428548 136232 321192    0    0     0    14 3100 2551  2  0 98  0  0	
 1  0  11032 64428672 136232 321192    0    0     0     0 3080 2500  2  0 98  0  0	
 2  0  11032 64428756 136232 321196    0    0     0     0 3089 2520  2  0 98  0  0	
 2  0  11032 64428640 136232 321196    0    0     0     0 3098 2542  2  0 98  0  0	
 1  0  11032 64428772 136232 321204    0    0     0     0 3079 2509  2  0 98  0  0	
 1  0  11032 64428888 136232 321208    0    0     0     0 3106 2545  2  0 98  0  0	
 2  0  11032 64429012 136232 321208    0    0     0     0 3096 2553  2  0 98  0  0	
 2  0  11032 64428764 136232 321212    0    0     0     0 3089 2513  2  0 98  0  0	
 1  0  11032 64428772 136232 321212    0    0     0     0 3081 2504  2  0 98  0  0	
 1  0  11032 64428656 136232 321212    0    0     0     0 3078 2503  2  0 98  0  0	
 2  0  11032 64428516 136232 321220    0    0     0     0 3084 2506  2  0 98  0  0	
 1  0  11032 64428640 136232 321220    0    0     0     0 3094 2509  2  0 98  0  0	
 1  0  11032 64428508 136232 321220    0    0     0     0 3127 2571  2  0 98  0  0	
 1  0  11032 64428508 136232 321228    0    0     0     6 3099 2521  2  0 98  0  0	
 2  0  11032 64428756 136232 321232    0    0     0     0 3084 2509  2  0 98  0  0	
 1  0  11032 64428764 136232 321232    0    0     0     0 3078 2504  2  0 98  0  0	
procs -----------memory---------- ---swap-- -----io---- --system-- -----cpu-----
 r  b   swpd   free   buff  cache   si   so    bi    bo   in   cs us sy id wa st
 1  0  11032 64428764 136232 321236    0    0     0     0 3078 2500  2  0 98  0  0	
 1  0  11032 64428764 136232 321236    0    0     0     0 3084 2507  2  0 98  0  0	
 2  0  11032 64428764 136232 321240    0    0     0     0 3095 2550  2  0 98  0  0	
 1  0  11032 64428896 136232 321244    0    0     0     0 3074 2503  2  0 98  0  0	
 1  0  11032 64428764 136232 321244    0    0     0     0 3074 2512  2  0 98  0  0	
 2  0  11032 64428640 136232 321252    0    0     0     0 3073 2496  2  0 98  0  0	
 2  0  11032 64428888 136232 321252    0    0     0     0 3085 2522  2  0 98  0  0	
 1  0  11032 64428896 136232 321256    0    0     0     0 3109 2562  2  0 98  0  0	
 1  0  11032 64429020 136232 321260    0    0     0     0 3142 2628  2  0 98  0  0	
 2  0  11032 64429012 136232 321264    0    0     0     0 3086 2516  2  0 98  0  0	
 2  0  11032 64429020 136232 321264    0    0     0     0 3114 2572  2  0 98  0  0	
 1  0  11032 64428872 136232 321268    0    0     0     0 3117 2564  2  0 98  0  0	
 1  0  11032 64428880 136232 321276    0    0     0     0 3116 2590  2  0 98  0  0	
 2  0  11032 64429012 136232 321276    0    0     0     0 3116 2576  2  0 98  0  0	
 1  0  11032 64428640 136232 321280    0    0     0     2 3128 2618  2  0 98  0  0	
 1  0  11032 64428764 136232 321284    0    0     0     0 3124 2593  2  0 98  0  0	
 1  0  11032 64428764 136232 321288    0    0     0     0 3116 2569  2  0 98  0  0	
 2  0  11032 64428772 136232 321288    0    0     0     0 3111 2566  2  0 98  0  0	
 1  0  11032 64428656 136232 321288    0    0     0     0 3096 2513  2  0 98  0  0	
 1  0  11032 64428772 136232 321292    0    0     0     0 3112 2538  2  0 98  0  0	
 2  0  11032 64428648 136232 321296    0    0     0     0 3108 2584  2  0 98  0  0	
procs -----------memory---------- ---swap-- -----io---- --system-- -----cpu-----
 r  b   swpd   free   buff  cache   si   so    bi    bo   in   cs us sy id wa st
 2  0  11032 64428516 136232 321296    0    0     0     0 3125 2587  2  0 98  0  0	
 1  0  11032 64428648 136232 321300    0    0     0     0 3098 2535  2  0 98  0  0	
 1  0  11032 64428780 136232 321300    0    0     0     0 3096 2538  2  0 98  0  0	
 2  0  11032 64428764 136232 321304    0    0     0     0 3118 2564  2  0 98  0  0	
 2  0  11032 64428764 136232 321308    0    0     0     0 3097 2529  2  0 98  0  0	
 1  0  11032 64428756 136232 321308    0    0     0     0 3111 2582  2  0 98  0  0	
 1  0  11032 64428756 136232 321308    0    0     0     6 3085 2517  2  0 98  0  0	
 2  0  11032 64428632 136232 321312    0    0     0     0 3103 2550  2  0 98  0  0	
 1  0  11032 64428640 136232 321316    0    0     0     0 3103 2558  2  0 98  0  0	
 2  0  11032 64428764 136232 321316    0    0     0     0 3100 2508  2  0 98  0  0	
 1  0  11032 64428508 136232 321320    0    0     0     0 3102 2549  2  0 98  0  0	
 2  0  11032 64428640 136232 321320    0    0     0     0 3142 2612  2  0 98  0  0	
 1  0  11032 64428772 136232 321324    0    0     0     0 3101 2550  2  0 98  0  0	
