Linux 2.6.32-279.14.1.el6.x86_64 (compute-662-2.local) 	04/20/20 	_x86_64_	(48 CPU)

19:40:42     CPU    %usr   %nice    %sys %iowait    %irq   %soft  %steal  %guest   %idle
19:40:44     all    2.09    0.00    0.11    0.00    0.00    0.01    0.00    0.00   97.79
19:40:46     all    2.11    0.00    0.07    0.00    0.00    0.00    0.00    0.00   97.82
19:40:48     all    2.11    0.00    0.06    0.21    0.00    0.00    0.00    0.00   97.62
19:40:50     all    2.11    0.00    0.07    0.00    0.00    0.01    0.00    0.00   97.81
19:40:52     all    2.10    0.00    0.06    0.00    0.00    0.01    0.00    0.00   97.83
19:40:54     all    2.11    0.00    0.06    0.00    0.00    0.01    0.00    0.00   97.82
19:40:56     all    2.11    0.00    0.07    0.00    0.00    0.01    0.00    0.00   97.81
19:40:58     all    2.10    0.00    0.07    0.00    0.00    0.01    0.00    0.00   97.82
19:41:00     all    2.10    0.00    0.07    0.00    0.00    0.01    0.00    0.00   97.82
19:41:02     all    2.11    0.00    0.07    0.00    0.00    0.01    0.00    0.00   97.81
19:41:04     all    2.10    0.00    0.07    0.00    0.00    0.00    0.00    0.00   97.83
19:41:06     all    2.10    0.00    0.06    0.00    0.00    0.00    0.00    0.00   97.84
19:41:08     all    2.10    0.00    0.08    0.00    0.00    0.00    0.00    0.00   97.82
19:41:10     all    2.11    0.00    0.06    0.00    0.00    0.01    0.00    0.00   97.82
19:41:12     all    2.11    0.00    0.06    0.00    0.00    0.01    0.00    0.00   97.82
19:41:14     all    2.10    0.00    0.07    0.00    0.00    0.01    0.00    0.00   97.82
19:41:16     all    2.11    0.00    0.06    0.00    0.00    0.02    0.00    0.00   97.81
19:41:18     all    2.10    0.00    0.07    0.00    0.00    0.00    0.00    0.00   97.83
19:41:20     all    2.11    0.00    0.09    0.00    0.00    0.00    0.00    0.00   97.80
19:41:22     all    2.11    0.00    0.07    0.21    0.00    0.00    0.00    0.00   97.61
19:41:24     all    2.10    0.00    0.07    0.00    0.00    0.00    0.00    0.00   97.83
19:41:26     all    2.10    0.00    0.06    0.00    0.00    0.01    0.00    0.00   97.83
19:41:28     all    2.11    0.00    0.07    0.00    0.00    0.00    0.00    0.00   97.82
19:41:30     all    2.10    0.00    0.07    0.00    0.00    0.00    0.00    0.00   97.83
19:41:32     all    2.10    0.00    0.07    0.00    0.00    0.01    0.00    0.00   97.82
19:41:34     all    2.10    0.00    0.07    0.00    0.00    0.00    0.00    0.00   97.83
19:41:36     all    2.10    0.00    0.07    0.00    0.00    0.00    0.00    0.00   97.83
19:41:38     all    2.10    0.00    0.06    0.00    0.00    0.00    0.00    0.00   97.84
19:41:40     all    2.10    0.00    0.07    0.00    0.00    0.01    0.00    0.00   97.82
19:41:42     all    2.10    0.00    0.07    0.21    0.00    0.03    0.00    0.00   97.58
19:41:44     all    2.10    0.00    0.07    0.00    0.00    0.01    0.00    0.00   97.82
19:41:46     all    2.10    0.00    0.07    0.00    0.00    0.03    0.00    0.00   97.80
19:41:48     all    2.10    0.00    0.07    0.00    0.00    0.01    0.00    0.00   97.82
19:41:50     all    2.11    0.00    0.07    0.00    0.00    0.02    0.00    0.00   97.80
19:41:52     all    2.10    0.00    0.07    0.00    0.00    0.02    0.00    0.00   97.81
19:41:54     all    2.09    0.00    0.08    0.00    0.00    0.02    0.00    0.00   97.80
19:41:56     all    2.10    0.00    0.07    0.00    0.00    0.02    0.00    0.00   97.81
19:41:58     all    2.11    0.00    0.06    0.00    0.00    0.02    0.00    0.00   97.81
19:42:00     all    2.11    0.00    0.07    0.00    0.00    0.01    0.00    0.00   97.81
19:42:02     all    2.10    0.00    0.08    0.00    0.00    0.01    0.00    0.00   97.81
19:42:04     all    2.11    0.00    0.07    0.00    0.00    0.02    0.00    0.00   97.80
19:42:06     all    2.10    0.00    0.09    0.00    0.00    0.01    0.00    0.00   97.80
19:42:08     all    2.11    0.00    0.07    0.00    0.00    0.02    0.00    0.00   97.80
19:42:10     all    2.10    0.00    0.08    0.00    0.00    0.01    0.00    0.00   97.81
19:42:12     all    2.11    0.00    0.06    0.00    0.00    0.02    0.00    0.00   97.81
19:42:14     all    2.11    0.00    0.06    0.00    0.00    0.02    0.00    0.00   97.81
