procs -----------memory---------- ---swap-- -----io---- --system-- -----cpu-----
 r  b   swpd   free   buff  cache   si   so    bi    bo   in   cs us sy id wa st
 4  0  11032 64566456 136248 330384    0    0     0     1    0    0  5  1 94  0  0	
 3  0  11032 64416236 136248 330424    0    0     0    10 3150 2608  2  0 98  0  0	
 1  0  11032 64416360 136248 330424    0    0     0     0 3052 2481  2  0 98  0  0	
 3  0  11032 64416596 136248 330428    0    0     0     0 3063 2520  2  0 98  0  0	
 1  0  11032 64417220 136248 330428    0    0     0     0 3056 2490  2  0 98  0  0	
 3  0  11032 64417608 136248 330428    0    0     0     0 3064 2483  2  0 98  0  0	
 1  0  11032 64417788 136248 330432    0    0     0     0 3009 2451  2  0 98  0  0	
 3  0  11032 64418076 136248 330432    0    0     0     0 3059 2476  2  0 98  0  0	
 1  0  11032 64418060 136248 330432    0    0     0     0 3032 2464  2  0 98  0  0	
 3  0  11032 64418184 136248 330440    0    0     0     0 3065 2508  2  0 98  0  0	
 1  0  11032 64418368 136248 330440    0    0     0     0 3016 2464  2  0 98  0  0	
 3  0  11032 64418252 136248 330440    0    0     0     0 3051 2471  2  0 98  0  0	
 1  0  11032 64418376 136248 330444    0    0     0     0 3024 2459  2  0 98  0  0	
 3  0  11032 64418536 136248 330444    0    0     0     0 3063 2469  2  0 98  0  0	
 1  0  11032 64418536 136248 330448    0    0     0     0 3038 2462  2  0 98  0  0	
 3  0  11032 64418412 136248 330452    0    0     0     0 3072 2521  2  0 98  0  0	
 1  0  11032 64418412 136248 330452    0    0     0     0 3043 2467  2  0 98  0  0	
 3  0  11032 64418544 136248 330460    0    0     0     0 3022 2467  2  0 98  0  0	
 1  0  11032 64418420 136248 330464    0    0     0     4 3036 2475  2  0 98  0  0	
 3  0  11032 64418544 136248 330464    0    0     0     0 3041 2479  2  0 98  0  0	
 1  0  11032 64418420 136248 330468    0    0     0    12 3053 2486  2  0 98  0  0	
procs -----------memory---------- ---swap-- -----io---- --system-- -----cpu-----
 r  b   swpd   free   buff  cache   si   so    bi    bo   in   cs us sy id wa st
 3  0  11032 64418544 136248 330468    0    0     0     0 3141 2652  2  0 98  0  0	
 1  0  11032 64418676 136248 330468    0    0     0     0 3086 2525  2  0 98  0  0	
 3  0  11032 64418544 136248 330476    0    0     0     0 3034 2473  2  0 98  0  0	
 1  0  11032 64418424 136248 330476    0    0     0     0 3032 2466  2  0 98  0  0	
 3  0  11032 64418548 136248 330480    0    0     0     0 3037 2464  2  0 98  0  0	
 1  0  11032 64418480 136248 330480    0    0     0     0 3074 2523  2  0 98  0  0	
 3  0  11032 64418480 136248 330480    0    0     0     0 3317 3077  2  0 98  0  0	
 1  0  11032 64418604 136248 330484    0    0     0     0 3244 2913  2  0 98  0  0	
 3  0  11032 64418616 136248 330484    0    0     0     0 3101 2546  2  0 98  0  0	
 1  0  11032 64418636 136248 330488    0    0     0     0 3104 2569  2  0 98  0  0	
 2  0  11032 64418768 136248 330496    0    0     0     6 3113 2573  2  0 98  0  0	
 3  0  11032 64418776 136248 330496    0    0     0     0 3282 2928  2  0 98  0  0	
 1  0  11032 64419016 136248 330496    0    0     0     0 3289 2986  2  0 98  0  0	
 1  0  11032 64418768 136248 330500    0    0     0     0 3066 2531  2  0 98  0  0	
 3  0  11032 64418652 136248 330500    0    0     0     0 3103 2531  2  0 98  0  0	
 1  0  11032 64418652 136248 330504    0    0     0     0 3086 2536  2  0 98  0  0	
 1  0  11032 64418652 136248 330508    0    0     0     0 3110 2587  2  0 98  0  0	
 3  0  11032 64418776 136248 330508    0    0     0    10 3076 2550  2  0 98  0  0	
 1  0  11032 64418652 136248 330512    0    0     0     0 3094 2547  2  0 98  0  0	
 1  0  11032 64418776 136248 330516    0    0     0     0 3149 2637  2  0 98  0  0	
 1  0  11032 64419024 136248 330516    0    0     0     0 3105 2549  2  0 98  0  0	
procs -----------memory---------- ---swap-- -----io---- --system-- -----cpu-----
 r  b   swpd   free   buff  cache   si   so    bi    bo   in   cs us sy id wa st
 1  0  11032 64418776 136248 330520    0    0     0     0 3104 2570  2  0 98  0  0	
 1  0  11032 64418900 136248 330524    0    0     0     0 3091 2546  2  0 98  0  0	
 1  0  11032 64419024 136248 330524    0    0     0     0 3086 2518  2  0 98  0  0	
 3  0  11032 64418900 136248 330536    0    0     0     0 3087 2536  2  0 98  0  0	
 1  0  11032 64419272 136248 330536    0    0     0     0 3060 2475  2  0 98  0  0	
 3  0  11032 64419272 136248 330540    0    0     0     0 3077 2494  2  0 98  0  0	
 1  0  11032 64419016 136248 330540    0    0     0     0 3074 2518  2  0 98  0  0	
 3  0  11032 64418768 136248 330544    0    0     0     0 3016 2488  2  0 98  0  0	
 1  0  11032 64418892 136248 330544    0    0     0     0 3225 2875  2  0 98  0  0	
 3  0  11032 64419140 136248 330548    0    0     0     0 3196 2740  2  0 98  0  0	
 2  0  11032 64419016 136248 330548    0    0     0     0 3063 2444  2  0 98  0  0	
 3  0  11032 64418892 136248 330548    0    0     0     0 3108 2555  2  0 98  0  0	
 1  0  11032 64418892 136248 330556    0    0     0     0 3094 2529  2  0 98  0  0	
 3  0  11032 64419016 136248 330560    0    0     0     0 3141 2614  2  0 98  0  0	
 1  0  11032 64418892 136248 330560    0    0     0     0 3128 2600  2  0 98  0  0	
 3  0  11032 64418892 136248 330568    0    0     0     0 3120 2561  2  0 98  0  0	
 1  0  11032 64418892 136248 330568    0    0     0     0 3101 2519  2  0 98  0  0	
 3  0  11032 64418892 136248 330568    0    0     0     0 3106 2503  2  0 98  0  0	
 1  0  11032 64418884 136248 330576    0    0     0     0 3084 2508  2  0 98  0  0	
 1  0  11032 64418884 136248 330576    0    0     0     6 3131 2606  2  0 98  0  0	
 1  0  11032 64418900 136248 330584    0    0     0     0 3126 2574  2  0 98  0  0	
procs -----------memory---------- ---swap-- -----io---- --system-- -----cpu-----
 r  b   swpd   free   buff  cache   si   so    bi    bo   in   cs us sy id wa st
 1  0  11032 64418892 136248 330584    0    0     0     0 3119 2607  2  0 98  0  0	
 1  0  11032 64418768 136248 330588    0    0     0     0 3085 2532  2  0 98  0  0	
 3  0  11032 64418892 136248 330592    0    0     0     0 3121 2555  2  0 98  0  0	
 1  0  11032 64419016 136248 330592    0    0     0     0 3115 2572  2  0 98  0  0	
 1  0  11032 64419016 136248 330592    0    0     0     0 3133 2605  2  0 98  0  0	
 3  0  11032 64419016 136248 330596    0    0     0     0 3126 2601  2  0 98  0  0	
 1  0  11032 64419024 136248 330596    0    0     0     0 3152 2635  2  0 98  0  0	
 1  0  11032 64418900 136248 330600    0    0     0     0 3099 2533  2  0 98  0  0	
 1  0  11032 64419024 136248 330608    0    0     0     0 3102 2535  2  0 98  0  0	
 3  0  11032 64419024 136248 330608    0    0     0     0 3073 2494  2  0 98  0  0	
 1  0  11032 64418776 136248 330608    0    0     0     0 3063 2481  2  0 98  0  0	
 1  0  11032 64418900 136248 330612    0    0     0     0 3069 2483  2  0 98  0  0	
 1  0  11032 64419032 136248 330616    0    0     0     0 3127 2596  2  0 98  0  0	
 3  0  11032 64419024 136248 330620    0    0     0     0 3070 2501  2  0 98  0  0	
 1  0  11032 64419024 136248 330620    0    0     0     0 3127 2582  2  0 98  0  0	
 3  0  11032 64418900 136248 330624    0    0     0     2 3086 2492  2  0 98  0  0	
 1  0  11032 64419024 136248 330628    0    0     0     0 3079 2491  2  0 98  0  0	
 3  0  11032 64419024 136248 330628    0    0     0     0 3112 2515  2  0 98  0  0	
 1  0  11032 64418776 136248 330628    0    0     0     0 3111 2546  2  0 98  0  0	
 1  0  11032 64418900 136248 330632    0    0     0     0 3072 2483  2  0 98  0  0	
 1  0  11032 64418900 136248 330632    0    0     0     0 3069 2487  2  0 98  0  0	
procs -----------memory---------- ---swap-- -----io---- --system-- -----cpu-----
 r  b   swpd   free   buff  cache   si   so    bi    bo   in   cs us sy id wa st
 1  0  11032 64419024 136248 330632    0    0     0     0 3070 2474  2  0 98  0  0	
 1  0  11032 64419036 136248 330636    0    0     0     0 3077 2487  2  0 98  0  0	
 1  0  11032 64418904 136248 330640    0    0     0     0 3087 2508  2  0 98  0  0	
 3  0  11032 64419028 136248 330644    0    0     0     0 3087 2531  2  0 98  0  0	
 1  0  11032 64419028 136248 330648    0    0     0     0 3066 2496  2  0 98  0  0	
 1  0  11032 64419028 136248 330652    0    0     0    10 3096 2515  2  0 98  0  0	
 1  0  11032 64418888 136248 330656    0    0     0     0 3182 2684  2  0 98  0  0	
 2  0  11032 64419152 136248 330660    0    0     0     0 3199 2693  2  0 98  0  0	
 1  0  11032 64419276 136248 330664    0    0     0     0 3226 2766  2  0 98  0  0	
 1  0  11032 64419268 136248 330672    0    0     0     0 3168 2685  2  0 98  0  0	
 1  0  11032 64419392 136248 330672    0    0     0     0 3154 2652  2  0 98  0  0	
 1  0  11032 64419152 136248 330672    0    0     0     0 3169 2673  2  0 98  0  0	
 1  0  11032 64419276 136248 330676    0    0     0     0 3063 2483  2  0 98  0  0	
 1  0  11032 64419276 136248 330676    0    0     0     0 3098 2546  2  0 98  0  0	
 3  0  11032 64419276 136248 330676    0    0     0     0 3130 2584  2  0 98  0  0	
 1  0  11032 64419152 136248 330680    0    0     0     0 3174 2695  2  0 98  0  0	
 3  0  11032 64419276 136248 330680    0    0     0     0 3124 2560  2  0 98  0  0	
 1  0  11032 64419028 136248 330684    0    0     0     0 3092 2530  2  0 98  0  0	
 3  0  11032 64418904 136248 330688    0    0     0     0 3082 2495  2  0 98  0  0	
 1  0  11032 64419152 136248 330688    0    0     0     0 3075 2489  2  0 98  0  0	
 4  0  11032 64419152 136248 330692    0    0     0     0 3048 2415  2  0 98  0  0	
procs -----------memory---------- ---swap-- -----io---- --system-- -----cpu-----
 r  b   swpd   free   buff  cache   si   so    bi    bo   in   cs us sy id wa st
 1  0  11032 64419160 136248 330696    0    0     0     4 3107 2554  2  0 98  0  0	
 3  0  11032 64419028 136248 330696    0    0     0     0 3077 2493  2  0 98  0  0	
 1  0  11032 64418904 136248 330700    0    0     0     0 3066 2487  2  0 98  0  0	
 3  0  11032 64418904 136248 330704    0    0     0     0 3073 2485  2  0 98  0  0	
 1  0  11032 64418904 136248 330708    0    0     0     0 3070 2478  2  0 98  0  0	
 3  0  11032 64418904 136248 330708    0    0     0     0 3093 2513  2  0 98  0  0	
 1  0  11032 64418780 136248 330712    0    0     0     0 3109 2579  2  0 98  0  0	
 1  0  11032 64418904 136248 330712    0    0     0     0 3127 2600  2  0 98  0  0	
 1  0  11032 64418904 136248 330716    0    0     0     0 3072 2492  2  0 98  0  0	
 1  0  11032 64418896 136248 330716    0    0     0     0 3084 2498  2  0 98  0  0	
 1  0  11032 64418912 136248 330720    0    0     0     0 3078 2502  2  0 98  0  0	
 1  0  11032 64418912 136248 330728    0    0     0     0 3098 2545  2  0 98  0  0	
 1  0  11032 64418788 136248 330728    0    0     0     0 3150 2679  2  0 98  0  0	
 1  0  11032 64418664 136248 330728    0    0     0     0 3083 2509  2  0 98  0  0	
 1  0  11032 64418540 136248 330732    0    0     0     0 3160 2619  2  0 98  0  0	
 1  0  11032 64418656 136248 330736    0    0     0     6 3116 2583  2  0 98  0  0	
 1  0  11032 64418780 136248 330736    0    0     0     0 3064 2487  2  0 98  0  0	
 1  0  11032 64418672 136248 330740    0    0     0     0 3081 2504  2  0 98  0  0	
 3  0  11032 64418780 136248 330740    0    0     0     0 3157 2666  2  0 98  0  0	
 1  0  11032 64418656 136248 330748    0    0     0     0 3129 2616  2  0 98  0  0	
 3  0  11032 64418664 136248 330752    0    0     0     0 3140 2601  2  0 98  0  0	
procs -----------memory---------- ---swap-- -----io---- --system-- -----cpu-----
 r  b   swpd   free   buff  cache   si   so    bi    bo   in   cs us sy id wa st
 1  0  11032 64418664 136248 330752    0    0     0     0 3118 2566  2  0 98  0  0	
 3  0  11032 64418540 136248 330756    0    0     0     8 3071 2501  2  0 98  0  0	
 1  0  11032 64418664 136248 330760    0    0     0     0 3071 2495  2  0 98  0  0	
 3  0  11032 64418664 136248 330760    0    0     0     0 3119 2604  2  0 98  0  0	
 1  0  11032 64418540 136248 330764    0    0     0     0 3111 2558  2  0 98  0  0	
 3  0  11032 64418540 136248 330764    0    0     0     0 3069 2484  2  0 98  0  0	
 1  0  11032 64418416 136248 330768    0    0     0     0 3062 2476  2  0 98  0  0	
 3  0  11032 64418416 136248 330776    0    0     0     0 3068 2494  2  0 98  0  0	
 1  0  11032 64418540 136248 330776    0    0     0     0 3073 2501  2  0 98  0  0	
 4  0  11032 64418416 136248 330780    0    0     0     0 3105 2558  2  0 98  0  0	
 1  0  11032 64418540 136248 330784    0    0     0     0 3072 2489  2  0 98  0  0	
 3  0  11032 64418664 136248 330784    0    0     0     0 3075 2491  2  0 98  0  0	
 1  0  11032 64418524 136248 330792    0    0     0     4 3061 2484  2  0 98  0  0	
 1  0  11032 64418648 136248 330796    0    0     0     0 3082 2522  2  0 98  0  0	
 1  0  11032 64418648 136248 330796    0    0     0     0 3162 2659  2  0 98  0  0	
 1  0  11032 64418656 136248 330800    0    0     0     0 3184 2724  2  0 98  0  0	
 1  0  11032 64418656 136248 330804    0    0     0     0 3083 2510  2  0 98  0  0	
 1  0  11032 64418540 136248 330804    0    0     0     0 3158 2656  2  0 98  0  0	
 1  0  11032 64418664 136248 330808    0    0     0     0 3123 2612  2  0 98  0  0	
 1  0  11032 64418664 136248 330808    0    0     0     0 3074 2513  2  0 98  0  0	
 1  0  11032 64418664 136248 330808    0    0     0     0 3062 2484  2  0 98  0  0	
procs -----------memory---------- ---swap-- -----io---- --system-- -----cpu-----
 r  b   swpd   free   buff  cache   si   so    bi    bo   in   cs us sy id wa st
 1  0  11032 64418664 136248 330816    0    0     0     0 3148 2647  2  0 98  0  0	
 1  0  11032 64418664 136248 330816    0    0     0     0 3124 2585  2  0 98  0  0	
 1  0  11032 64418780 136248 330820    0    0     0     0 3103 2527  2  0 98  0  0	
 1  0  11032 64418904 136248 330824    0    0     0     0 3126 2630  2  0 98  0  0	
 1  0  11032 64418780 136248 330824    0    0     0     6 3122 2596  2  0 98  0  0	
 3  0  11032 64418416 136248 330824    0    0     0     0 3099 2605  2  0 98  0  0	
 1  0  11032 64418656 136248 330828    0    0     0     0 3123 2620  2  0 98  0  0	
