procs -----------memory---------- ---swap-- -----io---- --system-- -----cpu-----
 r  b   swpd   free   buff  cache   si   so    bi    bo   in   cs us sy id wa st
 4  0  11032 64568316 136248 329464    0    0     0     1    0    0  5  1 94  0  0	
 1  0  11032 64416436 136248 329500    0    0     0     0 3149 2619  2  0 98  0  0	
 2  0  11032 64416844 136248 329500    0    0     0     0 3103 2521  2  0 98  0  0	
 2  0  11032 64416720 136248 329504    0    0     0     8 3118 2517  2  0 98  0  0	
 1  0  11032 64417384 136248 329504    0    0     0     0 3173 2613  2  0 98  0  0	
 1  0  11032 64417492 136248 329504    0    0     0     0 3115 2517  2  0 98  0  0	
 2  0  11032 64417772 136248 329508    0    0     0     0 3164 2628  2  0 98  0  0	
 1  0  11032 64418236 136248 329508    0    0     0     0 3128 2550  2  0 98  0  0	
 1  0  11032 64418112 136248 329512    0    0     0     0 3100 2501  2  0 98  0  0	
 2  0  11032 64418112 136248 329516    0    0     0     0 3119 2519  2  0 98  0  0	
 2  0  11032 64418168 136248 329516    0    0     0     0 3109 2519  2  0 98  0  0	
 1  0  11032 64418292 136248 329516    0    0     0     0 3121 2515  2  0 98  0  0	
 2  0  11032 64418176 136248 329520    0    0     0     0 3141 2576  2  0 98  0  0	
 2  0  11032 64418176 136248 329520    0    0     0     0 3140 2526  2  0 98  0  0	
 1  0  11032 64418168 136248 329524    0    0     0     0 3138 2566  2  0 98  0  0	
 1  1  11032 64418168 136248 329528    0    0     0     4 3106 2502  2  0 98  0  0	
 1  0  11032 64418028 136248 329532    0    0     0     2 3178 2688  2  0 98  0  0	
 2  0  11032 64418556 136248 329536    0    0     0     2 3229 2795  2  0 98  0  0	
 1  0  11032 64418556 136248 329540    0    0     0     0 3113 2583  2  0 98  0  0	
 2  0  11032 64419052 136248 329540    0    0     0     0 3117 2571  2  0 98  0  0	
 1  0  11032 64419228 136248 329544    0    0     0    14 3179 2690  2  0 98  0  0	
procs -----------memory---------- ---swap-- -----io---- --system-- -----cpu-----
 r  b   swpd   free   buff  cache   si   so    bi    bo   in   cs us sy id wa st
 2  0  11032 64419228 136248 329544    0    0     0     0 3221 2748  2  0 98  0  0	
 1  0  11032 64418988 136248 329544    0    0     0     0 3090 2495  2  0 98  0  0	
 2  0  11032 64419280 136248 329552    0    0     0     0 3075 2490  2  0 98  0  0	
 1  0  11032 64419528 136248 329552    0    0     0     0 3167 2701  2  0 98  0  0	
 2  0  11032 64419784 136248 329556    0    0     0     0 3044 2481  2  0 98  0  0	
 1  0  11032 64419660 136248 329556    0    0     0     0 3093 2527  2  0 98  0  0	
 2  0  11032 64419592 136248 329556    0    0     0     0 3054 2514  2  0 98  0  0	
 1  0  11032 64419872 136248 329556    0    0     0     0 3014 2462  2  0 98  0  0	
 2  0  11032 64420008 136248 329560    0    0     0     0 3030 2477  2  0 98  0  0	
 1  0  11032 64420016 136248 329564    0    0     0     0 3131 2643  2  0 98  0  0	
 2  0  11032 64419768 136248 329568    0    0     0     0 3072 2500  2  0 98  0  0	
 1  0  11032 64419880 136248 329572    0    0     0     0 3060 2481  2  0 98  0  0	
 2  0  11032 64420004 136248 329572    0    0     0     0 3079 2522  2  0 98  0  0	
 1  0  11032 64420004 136248 329572    0    0     0     0 3062 2475  2  0 98  0  0	
 2  0  11032 64420004 136248 329576    0    0     0     0 3142 2615  2  0 98  0  0	
 2  0  11032 64420004 136248 329580    0    0     0     0 3110 2574  2  0 98  0  0	
 2  0  11032 64419632 136248 329584    0    0     0     8 3308 2958  2  0 98  0  0	
 1  0  11032 64419880 136248 329584    0    0     0     0 3071 2499  2  0 98  0  0	
 2  0  11032 64419752 136248 329588    0    0     0     0 3064 2495  2  0 98  0  0	
 1  0  11032 64419760 136248 329592    0    0     0     0 3061 2487  2  0 98  0  0	
 1  0  11032 64419768 136248 329592    0    0     0     0 3076 2497  2  0 98  0  0	
procs -----------memory---------- ---swap-- -----io---- --system-- -----cpu-----
 r  b   swpd   free   buff  cache   si   so    bi    bo   in   cs us sy id wa st
 1  0  11032 64419644 136248 329596    0    0     0     0 3101 2556  2  0 98  0  0	
 1  0  11032 64419520 136248 329600    0    0     0     0 3094 2506  2  0 98  0  0	
 1  0  11032 64419644 136248 329600    0    0     0     0 3115 2557  2  0 98  0  0	
 1  1  11032 64419644 136248 329608    0    0     0     4 3238 2817  2  0 98  0  0	
 1  0  11032 64419644 136248 329616    0    0     0     2 3258 2846  2  0 98  0  0	
 1  0  11032 64419520 136248 329616    0    0     0     0 3325 3006  2  0 98  0  0	
 2  0  11032 64419520 136248 329620    0    0     0     0 3107 2577  2  0 98  0  0	
 1  0  11032 64419384 136248 329620    0    0     0     0 3091 2538  2  0 98  0  0	
 2  0  11032 64419516 136248 329624    0    0     0     0 3203 2774  2  0 98  0  0	
 1  0  11032 64419516 136248 329624    0    0     0     0 3101 2542  2  0 98  0  0	
 2  0  11032 64419516 136248 329624    0    0     0     0 3184 2730  2  0 98  0  0	
 1  0  11032 64419384 136248 329624    0    0     0     0 3049 2490  2  0 98  0  0	
 2  0  11032 64419516 136248 329636    0    0     0     0 3068 2484  2  0 98  0  0	
 2  0  11032 64419640 136248 329636    0    0     0     0 3334 3044  2  0 98  0  0	
 1  0  11032 64419516 136248 329636    0    0     0     0 3536 3423  2  0 98  0  0	
 1  0  11032 64419640 136248 329644    0    0     0     0 3121 2563  2  0 98  0  0	
 1  0  11032 64419648 136248 329644    0    0     0     0 3125 2563  2  0 98  0  0	
 1  0  11032 64419400 136248 329644    0    0     0     0 3095 2517  2  0 98  0  0	
 1  0  11032 64419532 136248 329652    0    0     0     0 3098 2555  2  0 98  0  0	
 2  0  11032 64419532 136248 329652    0    0     0     0 3073 2487  2  0 98  0  0	
 1  0  11032 64419400 136248 329656    0    0     0     2 3098 2520  2  0 98  0  0	
procs -----------memory---------- ---swap-- -----io---- --system-- -----cpu-----
 r  b   swpd   free   buff  cache   si   so    bi    bo   in   cs us sy id wa st
 2  0  11032 64419524 136248 329664    0    0     0     0 3063 2493  2  0 98  0  0	
 1  0  11032 64419516 136248 329664    0    0     0     0 3166 2671  2  0 98  0  0	
 2  0  11032 64419524 136248 329668    0    0     0     0 3235 2844  2  0 98  0  0	
 1  0  11032 64419524 136248 329668    0    0     0     0 3097 2555  2  0 98  0  0	
 2  0  11032 64419648 136248 329668    0    0     0     0 3212 2793  2  0 98  0  0	
 1  0  11032 64419648 136248 329672    0    0     0     0 3222 2810  2  0 98  0  0	
 2  0  11032 64419764 136248 329672    0    0     0     0 3055 2487  2  0 98  0  0	
 1  0  11032 64419896 136248 329676    0    0     0     0 3055 2498  2  0 98  0  0	
 1  0  11032 64419648 136248 329684    0    0     0     0 3071 2502  2  0 98  0  0	
 1  0  11032 64419648 136248 329684    0    0     0     0 3079 2546  2  0 98  0  0	
 1  0  11032 64419648 136248 329684    0    0     0     0 3238 2812  2  0 98  0  0	
 1  0  11032 64419524 136248 329688    0    0     0     0 3354 3083  2  0 98  0  0	
 1  1  11032 64419648 136248 329692    0    0     0     4 3056 2486  2  0 98  0  0	
 1  0  11032 64419772 136248 329696    0    0     0     2 3071 2513  2  0 98  0  0	
 1  0  11032 64419648 136248 329696    0    0     0     0 3355 3061  2  0 98  0  0	
 2  0  11032 64419772 136248 329700    0    0     0     0 3139 2651  2  0 98  0  0	
 1  0  11032 64419764 136248 329704    0    0     0     0 3237 2800  2  0 98  0  0	
 2  0  11032 64419528 136248 329704    0    0     0     0 3241 2808  2  0 98  0  0	
 1  0  11032 64419528 136248 329704    0    0     0     0 3072 2496  2  0 98  0  0	
 2  0  11032 64419528 136248 329708    0    0     0     0 3078 2513  2  0 98  0  0	
 1  0  11032 64419528 136248 329708    0    0     0     0 3080 2507  2  0 98  0  0	
procs -----------memory---------- ---swap-- -----io---- --system-- -----cpu-----
 r  b   swpd   free   buff  cache   si   so    bi    bo   in   cs us sy id wa st
 1  0  11032 64419532 136248 329708    0    0     0     0 3096 2552  2  0 98  0  0	
 1  0  11032 64419532 136248 329712    0    0     0     0 3078 2500  2  0 98  0  0	
 1  0  11032 64419656 136248 329716    0    0     0     0 3073 2501  2  0 98  0  0	
 1  0  11032 64419664 136248 329720    0    0     0     0 3074 2505  2  0 98  0  0	
 1  0  11032 64419788 136248 329724    0    0     0     0 3073 2497  2  0 98  0  0	
 1  0  11032 64419660 136248 329728    0    0     0     0 3104 2549  2  0 98  0  0	
 1  0  11032 64419668 136248 329736    0    0     0     0 3242 2859  2  0 98  0  0	
 2  0  11032 64419544 136248 329736    0    0     0     0 3344 3005  2  0 98  0  0	
 1  0  11032 64419528 136248 329740    0    0     0     2 3318 2975  2  0 98  0  0	
 2  0  11032 64419412 136248 329748    0    0     0     0 3317 2985  2  0 98  0  0	
 1  0  11032 64419536 136248 329748    0    0     0     0 3094 2528  2  0 98  0  0	
 2  0  11032 64419404 136248 329748    0    0     0     0 3082 2496  2  0 98  0  0	
 1  0  11032 64419544 136248 329752    0    0     0     0 3120 2559  2  0 98  0  0	
 2  0  11032 64419412 136248 329752    0    0     0     0 3297 2937  2  0 98  0  0	
 1  0  11032 64419536 136248 329756    0    0     0     0 3079 2504  2  0 98  0  0	
 1  0  11032 64419652 136248 329756    0    0     0     0 3065 2495  2  0 98  0  0	
 1  0  11032 64419660 136248 329760    0    0     0     0 3070 2501  2  0 98  0  0	
 1  0  11032 64419660 136248 329764    0    0     0     0 3066 2503  2  0 98  0  0	
 1  0  11032 64419784 136248 329764    0    0     0     0 3087 2554  2  0 98  0  0	
 1  0  11032 64419660 136248 329764    0    0     0     0 3186 2703  2  0 98  0  0	
 2  0  11032 64419404 136248 329768    0    0     0    10 3234 2813  2  0 98  0  0	
procs -----------memory---------- ---swap-- -----io---- --system-- -----cpu-----
 r  b   swpd   free   buff  cache   si   so    bi    bo   in   cs us sy id wa st
 1  0  11032 64419412 136248 329772    0    0     0     0 3069 2501  2  0 98  0  0	
 3  0  11032 64419540 136248 329772    0    0     0     0 3341 3007  2  0 98  0  0	
 1  0  11032 64419540 136248 329776    0    0     0     0 3062 2504  2  0 98  0  0	
 2  0  11032 64419416 136248 329784    0    0     0     0 3087 2566  2  0 98  0  0	
 1  0  11032 64419660 136248 329784    0    0     0     0 3101 2519  2  0 98  0  0	
 2  0  11032 64419544 136248 329784    0    0     0     0 3075 2507  2  0 98  0  0	
 1  0  11032 64419668 136248 329788    0    0     0     0 3075 2504  2  0 98  0  0	
 1  0  11032 64419668 136248 329788    0    0     0     0 3081 2512  2  0 98  0  0	
 1  0  11032 64419668 136248 329792    0    0     0     0 3110 2565  2  0 98  0  0	
 1  0  11032 64419544 136248 329792    0    0     0     0 3217 2785  2  0 98  0  0	
 1  0  11032 64419420 136248 329796    0    0     0     0 3235 2820  2  0 98  0  0	
 1  0  11032 64419544 136248 329804    0    0     0     0 3334 3006  2  0 98  0  0	
 2  0  11032 64419552 136248 329804    0    0     0     0 3076 2503  2  0 98  0  0	
 1  0  11032 64419552 136248 329804    0    0     0     0 3121 2595  2  0 98  0  0	
 1  0  11032 64419668 136248 329808    0    0     0     0 3109 2565  2  0 98  0  0	
 1  0  11032 64419556 136248 329812    0    0     0     4 3288 2925  2  0 98  0  0	
 1  0  11032 64419556 136248 329812    0    0     0     0 3082 2499  2  0 98  0  0	
 2  0  11032 64419548 136248 329816    0    0     0     0 3077 2515  2  0 98  0  0	
 1  0  11032 64419548 136248 329816    0    0     0     0 3087 2509  2  0 98  0  0	
 1  0  11032 64419548 136248 329824    0    0     0     0 3102 2532  2  0 98  0  0	
 1  0  11032 64419176 136248 329828    0    0     0     0 3069 2502  2  0 98  0  0	
procs -----------memory---------- ---swap-- -----io---- --system-- -----cpu-----
 r  b   swpd   free   buff  cache   si   so    bi    bo   in   cs us sy id wa st
 1  0  11032 64419300 136248 329828    0    0     0     0 3108 2557  2  0 98  0  0	
 2  0  11032 64419424 136248 329832    0    0     0     0 3074 2506  2  0 98  0  0	
 1  0  11032 64419300 136248 329832    0    0     0     0 3229 2799  2  0 98  0  0	
 1  0  11032 64419416 136248 329836    0    0     0     0 3170 2688  2  0 98  0  0	
 1  0  11032 64419424 136248 329840    0    0     0     0 3118 2602  2  0 98  0  0	
 1  0  11032 64419424 136248 329844    0    0     0     0 3081 2505  2  0 98  0  0	
 1  0  11032 64419548 136248 329844    0    0     0     0 3113 2566  2  0 98  0  0	
 1  0  11032 64419548 136248 329852    0    0     0     0 3095 2513  2  0 98  0  0	
 1  1  11032 64419548 136248 329852    0    0     0     4 3077 2510  2  0 98  0  0	
 1  0  11032 64419672 136248 329856    0    0     0     2 3080 2510  2  0 98  0  0	
 1  0  11032 64419548 136248 329860    0    0     0     0 3077 2500  2  0 98  0  0	
 2  0  11032 64419540 136248 329860    0    0     0     0 3083 2511  2  0 98  0  0	
 1  0  11032 64419548 136248 329868    0    0     0     0 3090 2551  2  0 98  0  0	
 1  0  11032 64419408 136248 329872    0    0     0     0 3075 2495  2  0 98  0  0	
 2  0  11032 64419416 136248 329872    0    0     0     0 3081 2506  2  0 98  0  0	
 1  0  11032 64419416 136248 329880    0    0     0     0 3208 2759  2  0 98  0  0	
 1  0  11032 64419540 136248 329880    0    0     0     8 3125 2606  2  0 98  0  0	
 1  0  11032 64419424 136248 329880    0    0     0     0 3149 2647  2  0 98  0  0	
 1  0  11032 64419424 136248 329884    0    0     0     0 3266 2881  2  0 98  0  0	
 1  0  11032 64419300 136248 329884    0    0     0     0 3135 2608  2  0 98  0  0	
 1  0  11032 64419424 136248 329884    0    0     0     0 3097 2551  2  0 98  0  0	
procs -----------memory---------- ---swap-- -----io---- --system-- -----cpu-----
 r  b   swpd   free   buff  cache   si   so    bi    bo   in   cs us sy id wa st
 1  0  11032 64419300 136248 329892    0    0     0     0 3111 2575  2  0 98  0  0	
 2  0  11032 64419424 136248 329892    0    0     0     0 3191 2702  2  0 98  0  0	
 1  0  11032 64419292 136248 329896    0    0     0     0 3191 2717  2  0 98  0  0	
 1  0  11032 64419300 136248 329900    0    0     0     4 3093 2546  2  0 98  0  0	
 1  0  11032 64419176 136248 329900    0    0     0     0 3070 2486  2  0 98  0  0	
 1  0  11032 64419292 136248 329904    0    0     0     0 3075 2499  2  0 98  0  0	
 1  0  11032 64419292 136248 329904    0    0     0     0 3084 2511  2  0 98  0  0	
 1  0  11032 64419292 136248 329908    0    0     0     0 3083 2516  2  0 98  0  0	
 1  0  11032 64419284 136248 329912    0    0     0     0 3072 2500  2  0 98  0  0	
 2  0  11032 64419292 136248 329912    0    0     0     0 3083 2535  2  0 98  0  0	
 2  0  11032 64419292 136248 329912    0    0     0     0 3060 2450  2  0 98  0  0	
 1  0  11032 64419176 136248 329912    0    0     0     0 3069 2485  2  0 98  0  0	
 1  0  11032 64419168 136248 329916    0    0     0     0 3076 2489  2  0 98  0  0	
 1  0  11032 64419300 136248 329920    0    0     0     0 3067 2484  2  0 98  0  0	
