procs -----------memory---------- ---swap-- -----io---- --system-- -----cpu-----
 r  b   swpd   free   buff  cache   si   so    bi    bo   in   cs us sy id wa st
 3  0  11032 64571752 136248 326344    0    0     0     1    0    0  5  1 94  0  0	
 1  0  11032 64533612 136248 326384    0    0     0     0 3170 2668  2  0 98  0  0	
 1  0  11032 64533940 136248 326384    0    0     0     0 3091 2523  2  0 98  0  0	
 1  0  11032 64534080 136248 326388    0    0     0    10 3079 2510  2  0 98  0  0	
 1  0  11032 64534788 136248 326388    0    0     0     0 3085 2525  2  0 98  0  0	
 2  0  11032 64534936 136248 326388    0    0     0     0 3135 2615  2  0 98  0  0	
 1  0  11032 64535208 136248 326392    0    0     0     0 3311 2942  2  0 98  0  0	
 1  0  11032 64535564 136248 326392    0    0     0     0 3186 2727  2  0 98  0  0	
 1  0  11032 64535728 136248 326392    0    0     0     0 3083 2509  2  0 98  0  0	
 1  0  11032 64535780 136248 326400    0    0     0     0 3080 2513  2  0 98  0  0	
 1  0  11032 64535900 136248 326400    0    0     0     0 3140 2610  2  0 98  0  0	
 1  0  11032 64535900 136248 326400    0    0     0     0 3103 2536  2  0 98  0  0	
 1  0  11032 64535908 136248 326404    0    0     0     0 3077 2500  2  0 98  0  0	
 1  0  11032 64535900 136248 326404    0    0     0     0 3111 2575  2  0 98  0  0	
 1  0  11032 64535784 136248 326408    0    0     0     0 3093 2535  2  0 98  0  0	
 1  0  11032 64535908 136248 326412    0    0     0     0 3118 2546  2  0 98  0  0	
 1  0  11032 64535916 136248 326416    0    0     0     0 3129 2572  2  0 98  0  0	
 1  0  11032 64535784 136248 326420    0    0     0     2 3135 2591  2  0 98  0  0	
 1  0  11032 64535916 136248 326424    0    0     0     0 3123 2581  2  0 98  0  0	
 2  0  11032 64535784 136248 326424    0    0     0    14 3132 2606  2  0 98  0  0	
 1  0  11032 64535784 136248 326428    0    0     0     0 3109 2535  2  0 98  0  0	
procs -----------memory---------- ---swap-- -----io---- --system-- -----cpu-----
 r  b   swpd   free   buff  cache   si   so    bi    bo   in   cs us sy id wa st
 1  0  11032 64535788 136248 326428    0    0     0     0 3104 2546  2  0 98  0  0	
 2  0  11032 64536176 136248 326428    0    0     0     0 3111 2569  2  0 98  0  0	
 1  0  11032 64536176 136248 326436    0    0     0     0 3129 2583  2  0 98  0  0	
 1  0  11032 64536168 136248 326436    0    0     0     0 3071 2510  2  0 98  0  0	
 2  0  11032 64536168 136248 326436    0    0     0     0 3101 2571  2  0 98  0  0	
 2  0  11032 64536052 136248 326440    0    0     0     0 3048 2480  2  0 98  0  0	
 1  0  11032 64536052 136248 326440    0    0     0     0 3083 2513  2  0 98  0  0	
 1  0  11032 64535936 136248 326440    0    0     0     0 3092 2513  2  0 98  0  0	
 2  0  11032 64536052 136248 326444    0    0     0     0 3087 2507  2  0 98  0  0	
 1  0  11032 64535928 136248 326448    0    0     0     0 3082 2506  2  0 98  0  0	
 1  0  11032 64536052 136248 326448    0    0     0     0 3111 2564  2  0 98  0  0	
 2  0  11032 64535920 136248 326456    0    0     0     0 3086 2515  2  0 98  0  0	
 1  0  11032 64535916 136248 326456    0    0     0     0 3078 2501  2  0 98  0  0	
 1  1  11032 64536048 136248 326456    0    0     0     4 3084 2509  2  0 98  0  0	
 2  0  11032 64535924 136248 326460    0    0     0     2 3090 2521  2  0 98  0  0	
 2  0  11032 64536048 136248 326464    0    0     0     0 3078 2497  2  0 98  0  0	
 2  0  11032 64536056 136248 326464    0    0     0    10 3165 2650  2  0 98  0  0	
 1  0  11032 64535940 136248 326468    0    0     0     0 3197 2736  2  0 98  0  0	
 3  0  11032 64535932 136248 326472    0    0     0     0 3141 2604  2  0 98  0  0	
 1  0  11032 64535932 136248 326472    0    0     0     0 3200 2710  2  0 98  0  0	
 1  0  11032 64536056 136248 326476    0    0     0     0 3398 3242  2  0 98  0  0	
procs -----------memory---------- ---swap-- -----io---- --system-- -----cpu-----
 r  b   swpd   free   buff  cache   si   so    bi    bo   in   cs us sy id wa st
 2  0  11032 64536064 136248 326476    0    0     0     0 3076 2499  2  0 98  0  0	
 2  0  11032 64536072 136248 326484    0    0     0     0 3086 2524  2  0 98  0  0	
 1  0  11032 64536064 136248 326484    0    0     0     0 3060 2494  2  0 98  0  0	
