procs -----------memory---------- ---swap-- -----io---- --system-- -----cpu-----
 r  b   swpd   free   buff  cache   si   so    bi    bo   in   cs us sy id wa st
 4  0  11032 64556792 136292 338856    0    0     0     1    0    0  5  1 94  0  0	
 1  0  11032 64406532 136292 338884    0    0     0     0 2213 2381  2  0 98  0  0	
 2  0  11032 64406896 136292 338896    0    0     0     0 2112 2336  2  0 98  0  0	
 1  0  11032 64406916 136292 338900    0    0     0    10 2326 2419  2  0 98  0  0	
 3  0  11032 64407696 136292 338900    0    0     0     0 2907 2554  2  0 98  0  0	
 1  0  11032 64408112 136292 338900    0    0     0     0 2220 2338  2  0 98  0  0	
 1  0  11032 64407980 136292 338904    0    0     0     0 2106 2297  2  0 98  0  0	
 1  0  11032 64408764 136292 338904    0    0     0     0 2107 2300  2  0 98  0  0	
 1  0  11032 64408932 136292 338904    0    0     0     0 2142 2382  2  0 98  0  0	
 1  0  11032 64408924 136292 338912    0    0     0     0 2121 2335  2  0 98  0  0	
 2  0  11032 64409268 136292 338912    0    0     0     0 2145 2335  2  0 98  0  0	
 2  0  11032 64409020 136292 338912    0    0     0     0 2219 2388  2  0 98  0  0	
 1  0  11032 64408888 136292 338916    0    0     0     0 3213 2715  2  0 98  0  0	
 1  0  11032 64408764 136292 338916    0    0     0     0 3148 2628  2  0 98  0  0	
 3  0  11032 64409204 136292 338920    0    0     0     0 3129 2622  2  0 98  0  0	
 1  0  11032 64409208 136292 338924    0    0     0     0 3089 2538  2  0 98  0  0	
 1  0  11032 64409296 136292 338924    0    0     0     0 3171 2672  2  0 98  0  0	
 1  0  11032 64409412 136292 338932    0    0     0     2 3133 2585  2  0 98  0  0	
 3  0  11032 64409172 136292 338936    0    0     0     0 3101 2548  2  0 98  0  0	
 3  0  11032 64409288 136292 338936    0    0     0     0 3111 2567  2  0 98  0  0	
 1  0  11032 64409328 136292 338940    0    0     0    14 3103 2549  2  0 98  0  0	
procs -----------memory---------- ---swap-- -----io---- --system-- -----cpu-----
 r  b   swpd   free   buff  cache   si   so    bi    bo   in   cs us sy id wa st
 1  0  11032 64409328 136292 338940    0    0     0     0 3097 2558  2  0 98  0  0	
 1  0  11032 64409204 136292 338940    0    0     0     0 3086 2550  2  0 98  0  0	
 4  0  11032 64409576 136292 338948    0    0     0     0 3048 2474  2  0 98  0  0	
 3  0  11032 64409452 136292 338948    0    0     0     0 3075 2510  2  0 98  0  0	
 1  0  11032 64409452 136292 338952    0    0     0     0 3070 2488  2  0 98  0  0	
 1  0  11032 64409444 136292 338952    0    0     0     0 3105 2558  2  0 98  0  0	
 3  0  11032 64409328 136292 338952    0    0     0     0 3165 2706  2  0 98  0  0	
 4  0  11032 64409460 136292 338956    0    0     0     0 3169 2676  2  0 98  0  0	
 1  0  11032 64409452 136292 338956    0    0     0     0 3092 2531  2  0 98  0  0	
 1  0  11032 64409328 136292 338960    0    0     0     0 3083 2503  2  0 98  0  0	
 1  0  11032 64409576 136292 338964    0    0     0     0 3104 2507  2  0 98  0  0	
 3  0  11032 64409320 136292 338968    0    0     0     0 3110 2560  2  0 98  0  0	
 3  0  11032 64409444 136292 338968    0    0     0     6 3107 2542  2  0 98  0  0	
 1  0  11032 64409308 136292 338972    0    0     0     0 3078 2500  2  0 98  0  0	
 1  0  11032 64409564 136292 338976    0    0     0     0 3079 2498  2  0 98  0  0	
 1  0  11032 64409564 136292 338976    0    0     0     0 3064 2484  2  0 98  0  0	
 3  0  11032 64409564 136292 338976    0    0     0    10 3065 2500  2  0 98  0  0	
 1  0  11032 64409448 136292 338980    0    0     0     0 3232 2804  2  0 98  0  0	
 1  0  11032 64409440 136292 338980    0    0     0     0 3131 2620  2  0 98  0  0	
 1  0  11032 64409440 136292 338988    0    0     0     0 3073 2484  2  0 98  0  0	
 3  0  11032 64409440 136292 338988    0    0     0     0 3087 2506  2  0 98  0  0	
procs -----------memory---------- ---swap-- -----io---- --system-- -----cpu-----
 r  b   swpd   free   buff  cache   si   so    bi    bo   in   cs us sy id wa st
 3  0  11032 64409440 136292 338988    0    0     0     0 3065 2494  2  0 98  0  0	
 1  0  11032 64409440 136292 338992    0    0     0     0 3071 2486  2  0 98  0  0	
 1  0  11032 64409440 136292 338996    0    0     0     0 3098 2563  2  0 98  0  0	
 3  0  11032 64409440 136292 339000    0    0     0     0 3068 2485  2  0 98  0  0	
 3  0  11032 64409440 136292 339012    0    0     0     0 3095 2511  2  0 98  0  0	
 3  0  11032 64409564 136292 339012    0    0     0     0 3077 2506  2  0 98  0  0	
 1  0  11032 64409820 136292 339012    0    0     0     0 3084 2488  2  0 98  0  0	
 2  0  11032 64409564 136292 339016    0    0     0     0 3124 2583  2  0 98  0  0	
 1  0  11032 64409564 136292 339016    0    0     0     0 3202 2741  2  0 98  0  0	
 3  0  11032 64409564 136292 339020    0    0     0     0 3086 2524  2  0 98  0  0	
 2  0  11032 64409440 136292 339020    0    0     0     0 3166 2670  2  0 98  0  0	
 2  0  11032 64409564 136292 339020    0    0     0     0 3071 2458  2  0 98  0  0	
 4  0  11032 64409440 136292 339028    0    0     0     0 3127 2602  2  0 98  0  0	
 3  0  11032 64409572 136292 339032    0    0     0     0 3154 2654  2  0 98  0  0	
 1  0  11032 64409572 136292 339032    0    0     0     0 3166 2669  2  0 98  0  0	
 1  0  11032 64409572 136292 339040    0    0     0     0 3185 2689  2  0 98  0  0	
 3  0  11032 64409704 136292 339040    0    0     0     0 3115 2566  2  0 98  0  0	
 3  0  11032 64409572 136292 339040    0    0     0     0 3193 2726  2  0 98  0  0	
 1  0  11032 64409572 136292 339048    0    0     0     0 3172 2677  2  0 98  0  0	
 1  0  11032 64409452 136292 339048    0    0     0     0 3273 2834  2  0 98  0  0	
 3  0  11032 64409196 136292 339052    0    0     0     0 3133 2607  2  0 98  0  0	
procs -----------memory---------- ---swap-- -----io---- --system-- -----cpu-----
 r  b   swpd   free   buff  cache   si   so    bi    bo   in   cs us sy id wa st
 3  0  11032 64409320 136292 339056    0    0     0     6 3155 2641  2  0 98  0  0	
 1  0  11032 64409320 136292 339060    0    0     0     0 3168 2667  2  0 98  0  0	
 1  0  11032 64409320 136292 339064    0    0     0     0 3101 2546  2  0 98  0  0	
 1  0  11032 64409444 136292 339064    0    0     0     0 3077 2495  2  0 98  0  0	
 3  0  11032 64409568 136292 339064    0    0     0     0 3075 2505  2  0 98  0  0	
 1  0  11032 64409452 136292 339068    0    0     0     0 3105 2550  2  0 98  0  0	
 1  0  11032 64409452 136292 339068    0    0     0     0 3080 2512  2  0 98  0  0	
 2  0  11032 64409576 136292 339072    0    0     0     0 3073 2490  2  0 98  0  0	
 2  0  11032 64409452 136292 339080    0    0     0     0 3092 2507  2  0 98  0  0	
 1  0  11032 64409452 136292 339080    0    0     0     0 3080 2511  2  0 98  0  0	
 1  0  11032 64409328 136292 339080    0    0     0     0 3082 2498  2  0 98  0  0	
 2  0  11032 64409576 136292 339084    0    0     0     0 3099 2556  2  0 98  0  0	
 1  0  11032 64409576 136292 339088    0    0     0     0 3066 2492  2  0 98  0  0	
 1  0  11032 64409452 136292 339092    0    0     0     0 3076 2497  2  0 98  0  0	
 2  0  11032 64409568 136292 339092    0    0     0     0 3083 2509  2  0 98  0  0	
 2  0  11032 64409452 136292 339096    0    0     0     0 3093 2516  2  0 98  0  0	
 1  0  11032 64409444 136292 339100    0    0     0     0 3102 2514  2  0 98  0  0	
 3  0  11032 64409444 136292 339100    0    0     0     2 3120 2559  2  0 98  0  0	
 3  0  11032 64409320 136292 339100    0    0     0     0 3071 2496  2  0 98  0  0	
 1  0  11032 64409200 136292 339104    0    0     0     0 3061 2484  2  0 98  0  0	
 1  0  11032 64409696 136292 339104    0    0     0     0 3066 2477  2  0 98  0  0	
procs -----------memory---------- ---swap-- -----io---- --system-- -----cpu-----
 r  b   swpd   free   buff  cache   si   so    bi    bo   in   cs us sy id wa st
 3  0  11032 64409572 136292 339104    0    0     0     0 3026 2473  2  0 98  0  0	
 4  0  11032 64409580 136292 339108    0    0     0     0 3067 2486  2  0 98  0  0	
 1  0  11032 64409812 136292 339112    0    0     0     0 3123 2609  2  0 98  0  0	
 1  0  11032 64409828 136292 339112    0    0     0     0 3037 2514  2  0 98  0  0	
 3  0  11032 64409712 136292 339120    0    0     0     0 3115 2627  2  0 98  0  0	
 3  0  11032 64409580 136292 339124    0    0     0     8 3485 3393  2  0 98  0  0	
 1  0  11032 64409580 136292 339128    0    0     0     0 3101 2543  2  0 98  0  0	
 1  0  11032 64409456 136292 339132    0    0     0     0 3187 2653  2  0 98  0  0	
 1  0  11032 64409696 136292 339136    0    0     0     0 3182 2702  2  0 98  0  0	
 3  0  11032 64409572 136292 339140    0    0     0     6 3091 2527  2  0 98  0  0	
 3  0  11032 64409324 136292 339144    0    0     0     0 3145 2621  2  0 98  0  0	
 1  0  11032 64409448 136292 339144    0    0     0     0 3148 2647  2  0 98  0  0	
 1  0  11032 64409324 136292 339144    0    0     0     0 3154 2639  2  0 98  0  0	
 1  0  11032 64409572 136292 339148    0    0     0     0 3117 2576  2  0 98  0  0	
 3  0  11032 64409580 136292 339148    0    0     0     0 3189 2721  2  0 98  0  0	
 3  0  11032 64409580 136292 339152    0    0     0     0 3086 2492  2  0 98  0  0	
 1  0  11032 64409580 136292 339156    0    0     0     0 3134 2611  2  0 98  0  0	
 1  0  11032 64409704 136292 339156    0    0     0     0 3116 2569  2  0 98  0  0	
 1  0  11032 64409580 136292 339160    0    0     0     0 3095 2510  2  0 98  0  0	
 3  0  11032 64409580 136292 339160    0    0     0     0 3085 2505  2  0 98  0  0	
 2  0  11032 64409704 136292 339160    0    0     0     0 3086 2509  2  0 98  0  0	
procs -----------memory---------- ---swap-- -----io---- --system-- -----cpu-----
 r  b   swpd   free   buff  cache   si   so    bi    bo   in   cs us sy id wa st
 1  0  11032 64409580 136292 339168    0    0     0     4 3054 2466  2  0 98  0  0	
 3  0  11032 64409448 136292 339172    0    0     0     0 3067 2475  2  0 98  0  0	
 3  0  11032 64409448 136292 339172    0    0     0     0 3058 2473  2  0 98  0  0	
 1  0  11032 64409456 136292 339176    0    0     0     0 3067 2472  2  0 98  0  0	
 1  0  11032 64409572 136292 339180    0    0     0     0 3065 2474  2  0 98  0  0	
 3  0  11032 64409448 136292 339180    0    0     0     0 3136 2610  2  0 98  0  0	
 3  0  11032 64409568 136292 339184    0    0     0     0 3149 2652  2  0 98  0  0	
 1  0  11032 64409444 136292 339184    0    0     0     0 3136 2614  2  0 98  0  0	
 1  0  11032 64409444 136292 339188    0    0     0     0 3076 2483  2  0 98  0  0	
 1  0  11032 64409568 136292 339188    0    0     0     0 3080 2505  2  0 98  0  0	
 2  0  11032 64409444 136292 339192    0    0     0     0 3068 2489  2  0 98  0  0	
 1  0  11032 64409568 136292 339200    0    0     0     0 3108 2565  2  0 98  0  0	
 1  0  11032 64409444 136292 339200    0    0     0     0 3090 2523  2  0 98  0  0	
 1  0  11032 64409576 136292 339200    0    0     0     0 3077 2507  2  0 98  0  0	
 3  0  11032 64409568 136292 339204    0    0     0     6 3136 2623  2  0 98  0  0	
 3  0  11032 64409444 136292 339208    0    0     0     0 3126 2593  2  0 98  0  0	
 1  0  11032 64409444 136292 339208    0    0     0     0 3055 2520  2  0 98  0  0	
 1  0  11032 64409320 136292 339212    0    0     0     0 3099 2592  2  0 98  0  0	
 1  0  11032 64409320 136292 339212    0    0     0     6 3051 2467  2  0 98  0  0	
 3  0  11032 64409320 136292 339220    0    0     0     0 3046 2472  2  0 98  0  0	
 1  0  11032 64409312 136292 339220    0    0     0     0 3034 2465  2  0 98  0  0	
procs -----------memory---------- ---swap-- -----io---- --system-- -----cpu-----
 r  b   swpd   free   buff  cache   si   so    bi    bo   in   cs us sy id wa st
 1  0  11032 64409552 136292 339224    0    0     0     8 3169 2813  2  0 98  0  0	
 1  0  11032 64409692 136292 339228    0    0     0     0 3448 3359  2  0 98  0  0	
 3  0  11032 64409696 136292 339228    0    0     0     0 3312 3057  2  0 98  0  0	
 3  0  11032 64409688 136292 339232    0    0     0     0 3130 2609  2  0 98  0  0	
 1  0  11032 64409564 136292 339236    0    0     0     0 3099 2538  2  0 98  0  0	
 1  0  11032 64409688 136292 339240    0    0     0     0 3115 2563  2  0 98  0  0	
 3  0  11032 64409440 136292 339240    0    0     0     0 3087 2527  2  0 98  0  0	
 3  0  11032 64409688 136292 339244    0    0     0     0 3099 2538  2  0 98  0  0	
 1  0  11032 64409812 136292 339248    0    0     0     0 3105 2565  2  0 98  0  0	
 1  0  11032 64409812 136292 339252    0    0     0     4 3071 2506  2  0 98  0  0	
 2  0  11032 64409680 136292 339256    0    0     0     0 3108 2536  2  0 98  0  0	
 1  0  11032 64409804 136292 339256    0    0     0     0 3073 2500  2  0 98  0  0	
 1  0  11032 64409820 136292 339264    0    0     0     0 3089 2510  2  0 98  0  0	
 1  0  11032 64409688 136292 339268    0    0     0     0 3093 2532  2  0 98  0  0	
 1  0  11032 64409564 136292 339268    0    0     0     0 3126 2597  2  0 98  0  0	
 1  0  11032 64409564 136292 339268    0    0     0     0 3088 2542  2  0 98  0  0	
 1  0  11032 64409192 136292 339276    0    0     0     0 3097 2532  2  0 98  0  0	
 2  0  11032 64409324 136292 339276    0    0     0     0 3079 2521  2  0 98  0  0	
 1  0  11032 64409324 136292 339276    0    0     0     0 3074 2507  2  0 98  0  0	
 1  0  11032 64409448 136292 339280    0    0     0     0 3076 2502  2  0 98  0  0	
 3  0  11032 64409316 136292 339284    0    0     0     0 3104 2567  2  0 98  0  0	
procs -----------memory---------- ---swap-- -----io---- --system-- -----cpu-----
 r  b   swpd   free   buff  cache   si   so    bi    bo   in   cs us sy id wa st
 3  0  11032 64409324 136292 339284    0    0     0     0 3085 2513  2  0 98  0  0	
 1  0  11032 64409332 136292 339288    0    0     0     0 3097 2529  2  0 98  0  0	
 1  0  11032 64409200 136292 339288    0    0     0     0 3100 2567  2  0 98  0  0	
 1  0  11032 64409324 136292 339296    0    0     0     0 3115 2577  2  0 98  0  0	
 3  0  11032 64409212 136292 339296    0    0     0     0 3134 2567  2  0 98  0  0	
 1  0  11032 64409452 136292 339296    0    0     0     0 3142 2645  2  0 98  0  0	
 1  0  11032 64409204 136292 339300    0    0     0     6 3072 2523  2  0 98  0  0	
 1  0  11032 64409196 136292 339304    0    0     0     0 3152 2658  2  0 98  0  0	
 3  0  11032 64409072 136292 339304    0    0     0     0 3091 2527  2  0 98  0  0	
 2  0  11032 64409188 136292 339308    0    0     0     0 3084 2495  2  0 98  0  0	
 1  0  11032 64409320 136292 339308    0    0     0     0 3105 2550  2  0 98  0  0	
 3  0  11032 64409328 136292 339308    0    0     0     0 3105 2560  2  0 98  0  0	
 3  0  11032 64409320 136292 339312    0    0     0     0 3073 2510  2  0 98  0  0	
 1  0  11032 64409444 136292 339316    0    0     0     0 3109 2535  2  0 98  0  0	
 1  0  11032 64409444 136292 339324    0    0     0     0 3092 2530  2  0 98  0  0	
 3  0  11032 64409444 136292 339324    0    0     0     0 3095 2547  2  0 98  0  0	
 3  0  11032 64409452 136292 339324    0    0     0     0 3078 2499  2  0 98  0  0	
 1  0  11032 64409328 136292 339328    0    0     0     0 3104 2567  2  0 98  0  0	
 1  0  11032 64409312 136292 339332    0    0     0     0 3124 2581  2  0 98  0  0	
 1  0  11032 64409196 136292 339332    0    0     0     0 3115 2553  2  0 98  0  0	
 2  0  11032 64409196 136292 339336    0    0     0     0 3093 2533  2  0 98  0  0	
procs -----------memory---------- ---swap-- -----io---- --system-- -----cpu-----
 r  b   swpd   free   buff  cache   si   so    bi    bo   in   cs us sy id wa st
 2  0  11032 64409204 136292 339336    0    0     0     0 3091 2527  2  0 98  0  0	
 1  0  11032 64409560 136292 339340    0    0     0     0 3119 2562  2  0 98  0  0	
 1  0  11032 64409588 136292 339344    0    0     0     2 3124 2588  2  0 98  0  0	
 2  0  11032 64409588 136292 339344    0    0     0     0 3087 2527  2  0 98  0  0	
 3  0  11032 64409400 136292 339348    0    0     0     0 3105 2585  2  0 98  0  0	
