procs -----------memory---------- ---swap-- -----io---- --system-- -----cpu-----
 r  b   swpd   free   buff  cache   si   so    bi    bo   in   cs us sy id wa st
 3  0  11032 64573728 136240 323416    0    0     0     1    0    0  5  1 94  0  0	
 3  0  11032 64194332 136240 323460    0    0     0     0 3168 2648  2  0 98  0  0	
 2  0  11032 63980800 136240 323460    0    0     0     0 3091 2529  2  0 98  0  0	
 1  0  11032 63980800 136240 323464    0    0     0     8 3073 2497  2  0 98  0  0	
 1  0  11032 63981668 136240 323464    0    0     0     0 3179 2730  2  0 98  0  0	
 2  0  11032 63981808 136240 323464    0    0     0     0 3223 2787  2  0 98  0  0	
 2  0  11032 63981940 136240 323468    0    0     0     0 3152 2674  2  0 98  0  0	
 2  0  11032 63982792 136240 323468    0    0     0     0 3035 2472  2  0 98  0  0	
 1  0  11032 63982676 136240 323468    0    0     0     4 3079 2530  2  0 98  0  0	
 2  0  11032 63982960 136240 323476    0    0     0     0 3055 2465  2  0 98  0  0	
 1  0  11032 63983080 136240 323476    0    0     0     0 3017 2463  2  0 98  0  0	
 1  0  11032 63983080 136240 323476    0    0     0     0 3014 2458  2  0 98  0  0	
 1  0  11032 63983080 136240 323480    0    0     0     0 3036 2460  2  0 98  0  0	
 2  0  11032 63983164 136240 323480    0    0     0     0 3055 2465  2  0 98  0  0	
 1  0  11032 63983288 136240 323484    0    0     0     0 3063 2516  2  0 98  0  0	
 1  0  11032 63983288 136240 323488    0    0     0     0 3026 2469  2  0 98  0  0	
 2  0  11032 63983288 136240 323492    0    0     0     0 3030 2455  2  0 98  0  0	
 2  0  11032 63983164 136240 323496    0    0     0     0 3055 2473  2  0 98  0  0	
 1  0  11032 63983032 136240 323500    0    0     0     2 3052 2511  2  0 98  0  0	
 1  0  11032 63983156 136240 323500    0    0     0     0 3050 2455  2  0 98  0  0	
 2  0  11032 63983156 136240 323504    0    0     0     0 3204 2841  2  0 98  0  0	
procs -----------memory---------- ---swap-- -----io---- --system-- -----cpu-----
 r  b   swpd   free   buff  cache   si   so    bi    bo   in   cs us sy id wa st
 2  0  11032 63983404 136240 323504    0    0     0    14 3052 2510  2  0 98  0  0	
 1  0  11032 63983280 136240 323504    0    0     0     0 3067 2497  2  0 98  0  0	
 1  0  11032 63983280 136240 323512    0    0     0     0 3119 2630  2  0 98  0  0	
 2  0  11032 63983280 136240 323512    0    0     0     0 3086 2528  2  0 98  0  0	
 1  0  11032 63983156 136240 323512    0    0     0     0 3047 2476  2  0 98  0  0	
 1  0  11032 63983404 136240 323516    0    0     0     0 3133 2607  2  0 98  0  0	
 1  0  11032 63983404 136240 323516    0    0     0     0 3137 2594  2  0 98  0  0	
 2  0  11032 63983404 136240 323516    0    0     0     0 3079 2484  2  0 98  0  0	
 1  0  11032 63983404 136240 323520    0    0     0     0 3061 2475  2  0 98  0  0	
 1  0  11032 63983412 136240 323524    0    0     0     0 3065 2489  2  0 98  0  0	
 3  0  11032 63983288 136240 323528    0    0     0     0 3142 2588  2  0 98  0  0	
 3  0  11032 63983288 136240 323532    0    0     0     0 3138 2614  2  0 98  0  0	
 1  0  11032 63983280 136240 323532    0    0     0     0 3061 2497  2  0 98  0  0	
 1  0  11032 63983156 136240 323532    0    0     0     0 3143 2627  2  0 98  0  0	
 3  0  11032 63983156 136240 323536    0    0     0     0 3093 2512  2  0 98  0  0	
 3  0  11032 63983404 136240 323540    0    0     0     0 3049 2478  2  0 98  0  0	
 1  0  11032 63983528 136240 323540    0    0     0     0 3051 2468  2  0 98  0  0	
 1  0  11032 63983404 136240 323544    0    0     0    10 3090 2547  2  0 98  0  0	
 3  0  11032 63983528 136240 323548    0    0     0     0 3064 2470  2  0 98  0  0	
 3  0  11032 63983652 136240 323548    0    0     0     0 3058 2470  2  0 98  0  0	
 1  0  11032 63983652 136240 323552    0    0     0     0 3060 2475  2  0 98  0  0	
procs -----------memory---------- ---swap-- -----io---- --system-- -----cpu-----
 r  b   swpd   free   buff  cache   si   so    bi    bo   in   cs us sy id wa st
 1  0  11032 63983652 136240 323552    0    0     0     0 3006 2468  2  0 98  0  0	
 3  0  11032 63983776 136240 323560    0    0     0     0 3055 2477  2  0 98  0  0	
 1  0  11032 63983528 136240 323560    0    0     0     0 3076 2525  2  0 98  0  0	
 1  0  11032 63983280 136240 323564    0    0     0     0 3047 2472  2  0 98  0  0	
 3  0  11032 63983776 136240 323576    0    0     0     0 3052 2472  2  0 98  0  0	
 3  0  11032 63983652 136240 323576    0    0     0     0 3053 2462  2  0 98  0  0	
 1  0  11032 63983528 136240 323576    0    0     0     0 3052 2478  2  0 98  0  0	
 3  0  11032 63983528 136240 323580    0    0     0     0 3071 2498  2  0 98  0  0	
 3  0  11032 63983652 136240 323580    0    0     0     0 3085 2555  2  0 98  0  0	
 1  0  11032 63983652 136240 323580    0    0     0     0 3072 2494  2  0 98  0  0	
 2  0  11032 63983528 136240 323584    0    0     0     6 3048 2430  2  0 98  0  0	
 1  0  11032 63983404 136240 323584    0    0     0     0 3018 2475  2  0 98  0  0	
 1  0  11032 63983156 136240 323592    0    0     0     0 3463 3388  2  0 98  0  0	
 3  0  11032 63983160 136240 323596    0    0     0     0 3209 2857  2  0 98  0  0	
 3  0  11032 63983160 136240 323596    0    0     0     0 3101 2570  2  0 98  0  0	
 1  0  11032 63983532 136240 323604    0    0     0     0 3087 2527  2  0 98  0  0	
 1  0  11032 63983408 136240 323604    0    0     0     0 3102 2568  2  0 98  0  0	
 4  0  11032 63983160 136240 323604    0    0     0     0 3040 2491  2  0 98  0  0	
 3  0  11032 63983284 136240 323612    0    0     0     0 3087 2551  2  0 98  0  0	
 1  0  11032 63983408 136240 323612    0    0     0     0 3089 2550  2  0 98  0  0	
 1  0  11032 63983160 136240 323616    0    0     0     0 3106 2579  2  0 98  0  0	
procs -----------memory---------- ---swap-- -----io---- --system-- -----cpu-----
 r  b   swpd   free   buff  cache   si   so    bi    bo   in   cs us sy id wa st
 3  0  11032 63983036 136240 323620    0    0     0     0 3052 2479  2  0 98  0  0	
 3  0  11032 63982912 136240 323624    0    0     0     0 3510 3420  2  0 98  0  0	
 1  0  11032 63982912 136240 323624    0    0     0     0 3115 2673  2  0 98  0  0	
 1  0  11032 63982912 136240 323628    0    0     0     0 3055 2490  2  0 98  0  0	
 3  0  11032 63983036 136240 323628    0    0     0     0 3060 2489  2  0 98  0  0	
 3  0  11032 63983036 136240 323628    0    0     0     2 3070 2536  2  0 98  0  0	
 1  0  11032 63983408 136240 323636    0    0     0     0 3045 2463  2  0 98  0  0	
 1  0  11032 63983160 136240 323636    0    0     0     0 3056 2483  2  0 98  0  0	
 3  0  11032 63983044 136240 323644    0    0     0     0 3074 2475  2  0 98  0  0	
 3  0  11032 63983044 136240 323644    0    0     0     0 3064 2474  2  0 98  0  0	
 1  0  11032 63982920 136240 323644    0    0     0     0 3101 2530  2  0 98  0  0	
 1  0  11032 63983044 136240 323648    0    0     0     0 3066 2517  2  0 98  0  0	
 3  0  11032 63983168 136240 323652    0    0     0     0 3047 2467  2  0 98  0  0	
 1  0  11032 63983044 136240 323652    0    0     0     0 3038 2458  2  0 98  0  0	
 1  0  11032 63983296 136240 323660    0    0     0     0 3064 2477  2  0 98  0  0	
 1  0  11032 63983040 136240 323660    0    0     0     0 3053 2475  2  0 98  0  0	
 3  0  11032 63983412 136240 323660    0    0     0     0 3059 2475  2  0 98  0  0	
 1  0  11032 63983536 136240 323660    0    0     0     0 3076 2554  2  0 98  0  0	
 1  0  11032 63983412 136240 323664    0    0     0     0 3107 2582  2  0 98  0  0	
 3  0  11032 63983412 136240 323664    0    0     0     0 3105 2571  2  0 98  0  0	
 3  0  11032 63983412 136240 323664    0    0     0     6 3205 2790  2  0 98  0  0	
procs -----------memory---------- ---swap-- -----io---- --system-- -----cpu-----
 r  b   swpd   free   buff  cache   si   so    bi    bo   in   cs us sy id wa st
 1  0  11032 63983288 136240 323668    0    0     0     0 3019 2455  2  0 98  0  0	
 1  0  11032 63983412 136240 323672    0    0     0     0 3049 2481  2  0 98  0  0	
 3  0  11032 63983412 136240 323676    0    0     0     0 3103 2582  2  0 98  0  0	
 3  0  11032 63983412 136240 323676    0    0     0     0 3038 2478  2  0 98  0  0	
 1  0  11032 63983412 136240 323680    0    0     0     0 3061 2488  2  0 98  0  0	
 1  0  11032 63983412 136240 323688    0    0     0     0 3073 2501  2  0 98  0  0	
 3  0  11032 63983412 136240 323692    0    0     0     0 3108 2559  2  0 98  0  0	
 3  0  11032 63983412 136240 323692    0    0     0     0 3080 2508  2  0 98  0  0	
 1  0  11032 63983412 136240 323704    0    0     0     0 3124 2586  2  0 98  0  0	
 1  0  11032 63983156 136240 323704    0    0     0     0 3105 2542  2  0 98  0  0	
 3  0  11032 63983280 136240 323704    0    0     0     0 3075 2505  2  0 98  0  0	
 3  0  11032 63983280 136240 323708    0    0     0     0 3102 2519  2  0 98  0  0	
 1  0  11032 63983280 136240 323708    0    0     0     0 3116 2537  2  0 98  0  0	
 1  0  11032 63983280 136240 323708    0    0     0     0 3098 2543  2  0 98  0  0	
 2  0  11032 63983288 136240 323712    0    0     0     2 3108 2566  2  0 98  0  0	
 1  0  11032 63983292 136240 323712    0    0     0     0 3074 2498  2  0 98  0  0	
 1  0  11032 63983424 136240 323720    0    0     0     0 3088 2513  2  0 98  0  0	
 3  0  11032 63983548 136240 323720    0    0     0     0 3116 2562  2  0 98  0  0	
 3  0  11032 63983548 136240 323720    0    0     0     0 3102 2527  2  0 98  0  0	
 1  0  11032 63983300 136240 323724    0    0     0     0 3089 2511  2  0 98  0  0	
 2  0  11032 63983052 136240 323724    0    0     0     0 3082 2499  2  0 98  0  0	
procs -----------memory---------- ---swap-- -----io---- --system-- -----cpu-----
 r  b   swpd   free   buff  cache   si   so    bi    bo   in   cs us sy id wa st
 1  0  11032 63983052 136240 323728    0    0     0     0 3072 2493  2  0 98  0  0	
 1  0  11032 63982804 136240 323732    0    0     0     0 3093 2514  2  0 98  0  0	
 3  0  11032 63982796 136240 323736    0    0     0     0 3095 2523  2  0 98  0  0	
 3  0  11032 63982920 136240 323736    0    0     0     0 3076 2499  2  0 98  0  0	
 1  0  11032 63983168 136240 323744    0    0     0     0 3116 2556  2  0 98  0  0	
 1  0  11032 63983044 136240 323744    0    0     0     0 3121 2594  2  0 98  0  0	
 1  0  11032 63982920 136240 323744    0    0     0     0 3077 2506  2  0 98  0  0	
 3  0  11032 63982920 136240 323748    0    0     0     0 3084 2507  2  0 98  0  0	
 1  0  11032 63983044 136240 323748    0    0     0     6 3079 2510  2  0 98  0  0	
 1  0  11032 63983044 136240 323752    0    0     0     0 3070 2493  2  0 98  0  0	
 2  0  11032 63982912 136240 323756    0    0     0     0 3136 2616  2  0 98  0  0	
 3  0  11032 63982672 136240 323760    0    0     0     0 3171 2678  2  0 98  0  0	
 1  0  11032 63983044 136240 323764    0    0     0     0 3144 2607  2  0 98  0  0	
 1  0  11032 63982920 136240 323764    0    0     0     0 3139 2594  2  0 98  0  0	
 1  1  11032 63982920 136240 323764    0    0     0     6 3111 2559  2  0 98  0  0	
 3  0  11032 63983044 136240 323772    0    0     0     2 3105 2553  2  0 98  0  0	
 1  0  11032 63982924 136240 323772    0    0     0     0 3135 2614  2  0 98  0  0	
 1  0  11032 63982924 136240 323772    0    0     0     0 3153 2653  2  0 98  0  0	
 1  0  11032 63982668 136240 323780    0    0     0    22 3194 2601  2  0 98  0  0	
 3  0  11032 63982288 136240 323788    0    0     0     0 3094 2532  2  0 98  0  0	
 1  0  11032 63982172 136240 323792    0    0     0     0 3075 2508  2  0 98  0  0	
procs -----------memory---------- ---swap-- -----io---- --system-- -----cpu-----
 r  b   swpd   free   buff  cache   si   so    bi    bo   in   cs us sy id wa st
 1  0  11032 63982436 136240 323796    0    0     0     0 3096 2531  2  0 98  0  0	
 1  0  11032 63982520 136240 323796    0    0     0     0 3073 2499  2  0 98  0  0	
 3  0  11032 63982716 136240 323804    0    0     0    14 3104 2565  2  0 98  0  0	
 3  0  11032 63982964 136240 323804    0    0     0     0 3091 2509  2  0 98  0  0	
 1  0  11032 63983088 136240 323804    0    0     0     0 3138 2605  2  0 98  0  0	
 1  0  11032 63983220 136240 323808    0    0     0     0 3114 2555  2  0 98  0  0	
 3  0  11032 63983220 136240 323812    0    0     0     0 3094 2536  2  0 98  0  0	
 1  0  11032 63982972 136240 323816    0    0     0     0 3118 2569  2  0 98  0  0	
 1  0  11032 63982724 136240 323820    0    0     0     0 3130 2605  2  0 98  0  0	
 1  0  11032 63982848 136240 323824    0    0     0     0 3111 2559  2  0 98  0  0	
 3  0  11032 63982972 136240 323824    0    0     0     0 3109 2557  2  0 98  0  0	
 2  0  11032 63982956 136240 323828    0    0     0     0 3108 2552  2  0 98  0  0	
 1  0  11032 63982956 136240 323836    0    0     0     0 3143 2620  2  0 98  0  0	
 3  0  11032 63982956 136240 323836    0    0     0     0 3170 2674  2  0 98  0  0	
 3  0  11032 63982832 136240 323840    0    0     0     0 3154 2659  2  0 98  0  0	
 1  0  11032 63982832 136240 323840    0    0     0     0 3219 2755  2  0 98  0  0	
 1  1  11032 63982956 136240 323848    0    0     0     4 3105 2560  2  0 98  0  0	
 3  0  11032 63982708 136240 323848    0    0     0     2 3131 2608  2  0 98  0  0	
 3  0  11032 63982712 136240 323848    0    0     0     0 3095 2508  2  0 98  0  0	
 2  0  11032 63982720 136240 323848    0    0     0     0 3099 2513  2  0 98  0  0	
 1  0  11032 63982612 136240 323856    0    0     0     0 3138 2582  2  0 98  0  0	
procs -----------memory---------- ---swap-- -----io---- --system-- -----cpu-----
 r  b   swpd   free   buff  cache   si   so    bi    bo   in   cs us sy id wa st
 3  0  11032 63982852 136240 323856    0    0     0     0 3372 3075  2  0 98  0  0	
 3  0  11032 63982976 136240 323860    0    0     0     0 3217 2788  2  0 98  0  0	
 1  0  11032 63983100 136240 323860    0    0     0     0 3073 2496  2  0 98  0  0	
 1  0  11032 63982976 136240 323864    0    0     0     0 3069 2496  2  0 98  0  0	
 3  0  11032 63982976 136240 323868    0    0     0     0 3085 2505  2  0 98  0  0	
 1  0  11032 63983092 136240 323868    0    0     0     0 3109 2565  2  0 98  0  0	
 1  0  11032 63982844 136240 323868    0    0     0     0 3095 2510  2  0 98  0  0	
 2  0  11032 63982596 136240 323876    0    0     0     0 3077 2505  2  0 98  0  0	
 2  0  11032 63982844 136240 323876    0    0     0     0 3083 2529  2  0 98  0  0	
 2  0  11032 63982968 136240 323876    0    0     0     0 3334 3010  2  0 98  0  0	
 3  0  11032 63982836 136240 323880    0    0     0     0 3493 3321  2  0 98  0  0	
 3  0  11032 63982588 136240 323880    0    0     0     2 3114 2580  2  0 98  0  0	
 1  0  11032 63982712 136240 323880    0    0     0     0 3182 2713  2  0 98  0  0	
 1  0  11032 63982464 136240 323888    0    0     0     0 3089 2545  2  0 98  0  0	
 3  0  11032 63982340 136240 323892    0    0     0     0 3380 3116  2  0 98  0  0	
 3  0  11032 63982652 136240 323892    0    0     0     0 3118 2595  2  0 98  0  0	
 1  0  11032 63982660 136240 323896    0    0     0     0 3084 2508  2  0 98  0  0	
 2  0  11032 63982660 136240 323896    0    0     0     0 3094 2548  2  0 98  0  0	
 2  0  11032 63982692 136240 323900    0    0     0     0 3074 2503  2  0 98  0  0	
 1  0  11032 63982816 136240 323904    0    0     0     0 3080 2502  2  0 98  0  0	
 1  0  11032 63982816 136240 323904    0    0     0     0 3116 2565  2  0 98  0  0	
procs -----------memory---------- ---swap-- -----io---- --system-- -----cpu-----
 r  b   swpd   free   buff  cache   si   so    bi    bo   in   cs us sy id wa st
 2  0  11032 63982692 136240 323904    0    0     0     0 3301 2937  2  0 98  0  0	
 1  0  11032 63982692 136240 323912    0    0     0     0 3141 2601  2  0 98  0  0	
 1  0  11032 63982692 136240 323912    0    0     0     0 3285 2921  2  0 98  0  0	
 2  0  11032 63982568 136240 323916    0    0     0     0 3328 2990  2  0 98  0  0	
 2  1  11032 63982568 136240 323920    0    0     0     4 3088 2500  2  0 98  0  0	
 1  0  11032 63982568 136240 323920    0    0     0     2 3080 2507  2  0 98  0  0	
 1  0  11032 63982816 136240 323924    0    0     0     0 3081 2501  2  0 98  0  0	
 3  0  11032 63982692 136240 323924    0    0     0     0 3073 2496  2  0 98  0  0	
 3  0  11032 63982816 136240 323924    0    0     0     0 3139 2599  2  0 98  0  0	
 1  0  11032 63982816 136240 323932    0    0     0     0 3082 2500  2  0 98  0  0	
 1  0  11032 63982568 136240 323940    0    0     0     0 3083 2503  2  0 98  0  0	
 3  0  11032 63982692 136240 323940    0    0     0     0 3077 2499  2  0 98  0  0	
 3  0  11032 63982692 136240 323948    0    0     0     0 3068 2500  2  0 98  0  0	
 1  0  11032 63982692 136240 323948    0    0     0     0 3081 2509  2  0 98  0  0	
 1  0  11032 63982692 136240 323948    0    0     0     0 3107 2559  2  0 98  0  0	
 3  0  11032 63982816 136240 323952    0    0     0     0 3081 2500  2  0 98  0  0	
 3  0  11032 63982692 136240 323956    0    0     0     0 3108 2518  2  0 98  0  0	
 1  0  11032 63982816 136240 323964    0    0     0     0 3095 2524  2  0 98  0  0	
 1  0  11032 63982816 136240 323964    0    0     0     0 3097 2514  2  0 98  0  0	
 3  0  11032 63982816 136240 323964    0    0     0     0 3060 2488  2  0 98  0  0	
 3  0  11032 63982940 136240 323968    0    0     0     2 3048 2524  2  0 98  0  0	
procs -----------memory---------- ---swap-- -----io---- --system-- -----cpu-----
 r  b   swpd   free   buff  cache   si   so    bi    bo   in   cs us sy id wa st
 1  0  11032 63982816 136240 323968    0    0     0     0 3075 2490  2  0 98  0  0	
 1  0  11032 63982940 136240 323968    0    0     0     0 3082 2501  2  0 98  0  0	
 3  0  11032 63982940 136240 323972    0    0     0     0 3080 2489  2  0 98  0  0	
 3  0  11032 63982568 136240 323972    0    0     0     0 3033 2484  2  0 98  0  0	
 1  0  11032 63982940 136240 323976    0    0     0     0 3100 2536  2  0 98  0  0	
 1  0  11032 63983064 136240 323984    0    0     0     0 3082 2563  2  0 98  0  0	
 3  0  11032 63982816 136240 323988    0    0     0     0 3539 3533  2  0 98  0  0	
 3  0  11032 63982692 136240 323992    0    0     0     0 3482 3332  2  0 98  0  0	
 1  0  11032 63982816 136240 323996    0    0     0     0 3366 3160  2  0 98  0  0	
 1  0  11032 63982816 136240 323996    0    0     0     0 3052 2465  2  0 98  0  0	
 3  0  11032 63982692 136240 324000    0    0     0     0 3061 2466  2  0 98  0  0	
 1  0  11032 63982692 136240 324004    0    0     0     0 3082 2535  2  0 98  0  0	
 1  0  11032 63982444 136240 324004    0    0     0     0 3054 2472  2  0 98  0  0	
 2  1  11032 63982692 136240 324008    0    0     0     4 3054 2469  2  0 98  0  0	
 3  0  11032 63982444 136240 324008    0    0     0     2 3053 2479  2  0 98  0  0	
 1  0  11032 63982444 136240 324008    0    0     0     0 3048 2472  2  0 98  0  0	
 1  0  11032 63982444 136240 324012    0    0     0     0 3052 2476  2  0 98  0  0	
 3  0  11032 63982700 136240 324012    0    0     0     0 3145 2655  2  0 98  0  0	
 1  0  11032 63982568 136240 324016    0    0     0     0 3128 2598  2  0 98  0  0	
 1  0  11032 63982568 136240 324016    0    0     0     0 3110 2565  2  0 98  0  0	
 4  0  11032 63982692 136240 324024    0    0     0     0 3087 2496  2  0 98  0  0	
procs -----------memory---------- ---swap-- -----io---- --system-- -----cpu-----
 r  b   swpd   free   buff  cache   si   so    bi    bo   in   cs us sy id wa st
 3  0  11032 63982448 136240 324024    0    0     0     0 3055 2472  2  0 98  0  0	
 1  0  11032 63982448 136240 324024    0    0     0     0 3042 2465  2  0 98  0  0	
 1  0  11032 63982444 136240 324028    0    0     0     0 3073 2530  2  0 98  0  0	
 1  0  11032 63982568 136240 324032    0    0     0     0 3105 2555  2  0 98  0  0	
 3  0  11032 63982568 136240 324036    0    0     0     0 3110 2588  2  0 98  0  0	
 1  0  11032 63982568 136240 324036    0    0     0     0 3079 2488  2  0 98  0  0	
 1  0  11032 63982568 136240 324040    0    0     0     0 3101 2556  2  0 98  0  0	
 3  0  11032 63982568 136240 324044    0    0     0     0 3107 2553  2  0 98  0  0	
 3  0  11032 63982700 136240 324044    0    0     0     2 3084 2533  2  0 98  0  0	
 1  0  11032 63982576 136240 324044    0    0     0     0 3085 2512  2  0 98  0  0	
 1  0  11032 63982460 136240 324048    0    0     0     0 3142 2637  2  0 98  0  0	
 1  0  11032 63982584 136240 324048    0    0     0     0 3105 2580  2  0 98  0  0	
 3  0  11032 63982708 136240 324048    0    0     0     0 3096 2542  2  0 98  0  0	
 1  0  11032 63982584 136240 324056    0    0     0     0 3082 2495  2  0 98  0  0	
 1  0  11032 63982584 136240 324064    0    0     0     0 3081 2519  2  0 98  0  0	
 1  0  11032 63982584 136240 324064    0    0     0     0 3065 2476  2  0 98  0  0	
 3  0  11032 63982568 136240 324068    0    0     0     0 3239 2821  2  0 98  0  0	
 1  0  11032 63982468 136240 324068    0    0     0     0 3505 3392  2  0 98  0  0	
 1  0  11032 63982220 136240 324072    0    0     0     0 3356 3087  2  0 98  0  0	
 1  0  11032 63982460 136240 324072    0    0     0     0 3137 2598  2  0 98  0  0	
 3  0  11032 63982584 136240 324080    0    0     0     0 3121 2571  2  0 98  0  0	
procs -----------memory---------- ---swap-- -----io---- --system-- -----cpu-----
 r  b   swpd   free   buff  cache   si   so    bi    bo   in   cs us sy id wa st
 3  0  11032 63982584 136240 324092    0    0     0     0 3132 2577  2  0 98  0  0	
 1  0  11032 63982768 136240 324092    0    0     0    10 3090 2501  2  0 98  0  0	
 1  0  11032 63982796 136240 324092    0    0     0     0 3071 2485  2  0 98  0  0	
 3  0  11032 63982788 136240 324096    0    0     0     0 3057 2468  2  0 98  0  0	
 1  0  11032 63982788 136240 324096    0    0     0     0 3082 2497  2  0 98  0  0	
 1  0  11032 63982780 136240 324096    0    0     0     0 3076 2537  2  0 98  0  0	
 1  0  11032 63982804 136240 324100    0    0     0     0 3070 2538  2  0 98  0  0	
 3  0  11032 63982928 136240 324100    0    0     0     0 3060 2523  2  0 98  0  0	
 1  0  11032 63982796 136240 324108    0    0     0     0 3042 2463  2  0 98  0  0	
 1  0  11032 63982920 136240 324112    0    0     0     0 3037 2460  2  0 98  0  0	
 1  0  11032 63982796 136240 324112    0    0     0     0 3059 2479  2  0 98  0  0	
 3  0  11032 63982788 136240 324116    0    0     0     0 3077 2531  2  0 98  0  0	
 1  0  11032 63982788 136240 324116    0    0     0     0 3077 2547  2  0 98  0  0	
 1  0  11032 63982904 136240 324116    0    0     0     0 3044 2459  2  0 98  0  0	
 1  0  11032 63982780 136240 324120    0    0     0     0 3073 2485  2  0 98  0  0	
 3  0  11032 63982896 136240 324124    0    0     0     0 3060 2495  2  0 98  0  0	
 1  0  11032 63983044 136240 324124    0    0     0     0 3255 2890  2  0 98  0  0	
 1  0  11032 63982796 136240 324128    0    0     0     4 3398 3255  2  0 98  0  0	
 3  0  11032 63982664 136240 324132    0    0     0     0 3255 2970  2  0 98  0  0	
 3  0  11032 63982912 136240 324132    0    0     0     0 3435 3313  2  0 98  0  0	
 1  0  11032 63982664 136240 324136    0    0     0     0 3142 2686  2  0 98  0  0	
procs -----------memory---------- ---swap-- -----io---- --system-- -----cpu-----
 r  b   swpd   free   buff  cache   si   so    bi    bo   in   cs us sy id wa st
 1  0  11032 63982912 136240 324136    0    0     0     0 3405 3237  2  0 98  0  0	
 2  0  11032 63982912 136240 324140    0    0     0     0 3102 2648  2  0 98  0  0	
 2  0  11032 63982904 136240 324148    0    0     0     0 3576 3628  2  0 98  0  0	
 1  0  11032 63983028 136240 324148    0    0     0     0 3361 3153  2  0 98  0  0	
 3  0  11032 63983028 136240 324152    0    0     0     0 3753 3954  2  0 98  0  0	
 3  0  11032 63983292 136240 324152    0    0     0     0 3417 3248  2  0 98  0  0	
 1  0  11032 63983036 136240 324152    0    0     0     0 3308 3047  2  0 98  0  0	
 2  0  11032 63983028 136240 324156    0    0     0     0 3061 2477  2  0 98  0  0	
 2  0  11032 63983144 136240 324160    0    0     0     0 3083 2541  2  0 98  0  0	
 2  0  11032 63982896 136240 324160    0    0     0     0 3059 2462  2  0 98  0  0	
 2  1  11032 63982896 136240 324164    0    0     0     4 3424 3271  2  0 98  0  0	
 3  0  11032 63983020 136240 324168    0    0     0     2 3056 2480  2  0 98  0  0	
 1  0  11032 63983012 136240 324168    0    0     0     0 3148 2717  2  0 98  0  0	
 1  0  11032 63982888 136240 324168    0    0     0     0 3058 2492  2  0 98  0  0	
 2  0  11032 63983012 136240 324176    0    0     0     0 3086 2545  2  0 98  0  0	
 3  0  11032 63983036 136240 324176    0    0     0     0 3056 2486  2  0 98  0  0	
 1  0  11032 63982904 136240 324184    0    0     0     0 3139 2651  2  0 98  0  0	
 1  1  11032 63982904 136240 324192    0    0     0     8 3421 3276  2  0 98  0  0	
 1  0  11032 63982788 136240 324192    0    0     0     0 3342 3150  2  0 98  0  0	
 3  0  11032 63982904 136240 324196    0    0     0     0 3200 2810  2  0 98  0  0	
 1  0  11032 63982780 136240 324196    0    0     0     0 3108 2594  2  0 98  0  0	
procs -----------memory---------- ---swap-- -----io---- --system-- -----cpu-----
 r  b   swpd   free   buff  cache   si   so    bi    bo   in   cs us sy id wa st
 1  0  11032 63982656 136240 324196    0    0     0     0 3051 2470  2  0 98  0  0	
 1  0  11032 63982664 136240 324200    0    0     0     0 3010 2457  2  0 98  0  0	
 3  0  11032 63982664 136240 324200    0    0     0     0 3059 2482  2  0 98  0  0	
 3  0  11032 63982664 136240 324204    0    0     0     0 3081 2489  2  0 98  0  0	
 1  0  11032 63982672 136240 324212    0    0     0     0 3049 2467  2  0 98  0  0	
 2  0  11032 63982664 136240 324212    0    0     0     4 3132 2648  2  0 98  0  0	
 3  0  11032 63982796 136240 324212    0    0     0     0 3050 2474  2  0 98  0  0	
 4  0  11032 63982672 136240 324216    0    0     0     0 3222 2885  2  0 98  0  0	
 1  0  11032 63982680 136240 324216    0    0     0     0 3380 3137  2  0 98  0  0	
 1  0  11032 63982556 136240 324220    0    0     0     0 3182 2688  2  0 98  0  0	
 3  0  11032 63982540 136240 324220    0    0     0     0 3079 2507  2  0 98  0  0	
 1  0  11032 63982424 136240 324228    0    0     0     0 3193 2723  2  0 98  0  0	
 1  0  11032 63982176 136240 324236    0    0     0     0 3128 2586  2  0 98  0  0	
 1  0  11032 63982300 136240 324236    0    0     0     0 3066 2487  2  0 98  0  0	
 3  0  11032 63982300 136240 324236    0    0     0     0 3178 2708  2  0 98  0  0	
 3  0  11032 63982540 136240 324244    0    0     0     0 3043 2464  2  0 98  0  0	
 1  0  11032 63982700 136240 324244    0    0     0     0 3055 2471  2  0 98  0  0	
 1  0  11032 63982452 136240 324244    0    0     0     0 3111 2552  2  0 98  0  0	
 3  0  11032 63982388 136240 324252    0    0     0     0 3073 2476  2  0 98  0  0	
 3  1  11032 63982272 136240 324252    0    0     0     4 3083 2498  2  0 98  0  0	
 1  0  11032 63982272 136240 324252    0    0     0     2 3069 2483  2  0 98  0  0	
procs -----------memory---------- ---swap-- -----io---- --system-- -----cpu-----
 r  b   swpd   free   buff  cache   si   so    bi    bo   in   cs us sy id wa st
 1  0  11032 63982148 136240 324256    0    0     0     0 3067 2478  2  0 98  0  0	
 3  0  11032 63982148 136240 324256    0    0     0     0 3066 2494  2  0 98  0  0	
 3  0  11032 63982148 136240 324260    0    0     0     0 3085 2538  2  0 98  0  0	
 1  0  11032 63982404 136240 324260    0    0     0     0 3110 2529  2  0 98  0  0	
 1  0  11032 63982276 136240 324260    0    0     0     0 3118 2552  2  0 98  0  0	
 3  0  11032 63982276 136240 324272    0    0     0     0 3131 2597  2  0 98  0  0	
 1  0  11032 63982400 136240 324272    0    0     0     0 3089 2522  2  0 98  0  0	
 1  0  11032 63982276 136240 324272    0    0     0     0 3097 2548  2  0 98  0  0	
 3  0  11032 63982412 136240 324280    0    0     0     0 3166 2688  2  0 98  0  0	
 2  0  11032 63982280 136240 324280    0    0     0     0 3052 2482  2  0 98  0  0	
 1  0  11032 63982280 136240 324280    0    0     0     0 3056 2488  2  0 98  0  0	
 1  0  11032 63982156 136240 324284    0    0     0     0 3117 2595  2  0 98  0  0	
 3  0  11032 63982404 136240 324284    0    0     0     0 3097 2542  2  0 98  0  0	
 2  0  11032 63982288 136240 324288    0    0     0     0 3118 2591  2  0 98  0  0	
 2  0  11032 63982404 136240 324292    0    0     0     2 3089 2547  2  0 98  0  0	
 1  0  11032 63982404 136240 324292    0    0     0     0 3099 2510  2  0 98  0  0	
 2  0  11032 63982660 136240 324292    0    0     0     0 3077 2497  2  0 98  0  0	
 1  0  11032 63982536 136240 324296    0    0     0     0 3110 2543  2  0 98  0  0	
 1  0  11032 63982544 136240 324296    0    0     0     0 3216 2736  2  0 98  0  0	
 1  0  11032 63982412 136240 324300    0    0     0     0 3161 2675  2  0 98  0  0	
 2  0  11032 63982288 136240 324312    0    0     0     0 3130 2564  2  0 98  0  0	
procs -----------memory---------- ---swap-- -----io---- --system-- -----cpu-----
 r  b   swpd   free   buff  cache   si   so    bi    bo   in   cs us sy id wa st
 1  0  11032 63982536 136240 324312    0    0     0     0 3078 2506  2  0 98  0  0	
 3  0  11032 63982536 136240 324312    0    0     0     0 3123 2584  2  0 98  0  0	
 3  0  11032 63982420 136240 324316    0    0     0     0 3096 2519  2  0 98  0  0	
 1  0  11032 63982404 136240 324316    0    0     0     0 3169 2681  2  0 98  0  0	
 1  0  11032 63982404 136240 324316    0    0     0     0 3177 2690  2  0 98  0  0	
 1  0  11032 63982404 136240 324324    0    0     0     0 3147 2617  2  0 98  0  0	
 3  0  11032 63982396 136240 324324    0    0     0     0 3082 2492  2  0 98  0  0	
 3  1  11032 63982280 136240 324332    0    0     0     4 3084 2495  2  0 98  0  0	
 1  0  11032 63982280 136240 324336    0    0     0     2 3068 2490  2  0 98  0  0	
 1  0  11032 63982412 136240 324340    0    0     0     0 3078 2492  2  0 98  0  0	
 3  0  11032 63982412 136240 324344    0    0     0     0 3068 2489  2  0 98  0  0	
 3  0  11032 63982288 136240 324344    0    0     0     0 3134 2598  2  0 98  0  0	
 1  0  11032 63982544 136240 324344    0    0     0     0 3092 2505  2  0 98  0  0	
 1  0  11032 63982412 136240 324348    0    0     0     0 3051 2487  2  0 98  0  0	
 3  0  11032 63982288 136240 324352    0    0     0     0 3051 2472  2  0 98  0  0	
 3  0  11032 63982412 136240 324352    0    0     0     0 3053 2484  2  0 98  0  0	
 1  0  11032 63982412 136240 324360    0    0     0     0 3050 2478  2  0 98  0  0	
 1  0  11032 63982412 136240 324360    0    0     0     0 3082 2532  2  0 98  0  0	
 1  0  11032 63982528 136240 324360    0    0     0     0 3041 2465  2  0 98  0  0	
 3  0  11032 63982528 136240 324364    0    0     0     0 3032 2463  2  0 98  0  0	
 3  0  11032 63982280 136240 324364    0    0     0     0 3024 2476  2  0 98  0  0	
procs -----------memory---------- ---swap-- -----io---- --system-- -----cpu-----
 r  b   swpd   free   buff  cache   si   so    bi    bo   in   cs us sy id wa st
 1  0  11032 63982404 136240 324364    0    0     0     0 3022 2462  2  0 98  0  0	
 1  0  11032 63982288 136240 324376    0    0     0     0 3062 2475  2  0 98  0  0	
 3  0  11032 63982280 136240 324376    0    0     0     2 3064 2519  2  0 98  0  0	
 3  0  11032 63982404 136240 324380    0    0     0     0 3053 2472  2  0 98  0  0	
 1  0  11032 63982404 136240 324380    0    0     0     0 3048 2475  2  0 98  0  0	
 1  0  11032 63982280 136240 324380    0    0     0     0 3047 2465  2  0 98  0  0	
 3  0  11032 63982412 136240 324384    0    0     0     0 3069 2484  2  0 98  0  0	
 3  0  11032 63982404 136240 324384    0    0     0     0 3063 2488  2  0 98  0  0	
 1  0  11032 63982404 136240 324388    0    0     0     0 3335 3076  2  0 98  0  0	
 1  0  11032 63982156 136240 324396    0    0     0     0 3265 2938  2  0 98  0  0	
 3  0  11032 63982404 136240 324400    0    0     0     0 3085 2542  2  0 98  0  0	
 3  0  11032 63982156 136240 324400    0    0     0     0 3084 2523  2  0 98  0  0	
 1  0  11032 63982148 136240 324404    0    0     0     0 3033 2464  2  0 98  0  0	
 1  0  11032 63982272 136240 324404    0    0     0     0 3042 2467  2  0 98  0  0	
 3  0  11032 63982396 136240 324404    0    0     0     0 3076 2530  2  0 98  0  0	
 3  0  11032 63982264 136240 324408    0    0     0     0 3045 2463  2  0 98  0  0	
 1  1  11032 63982272 136240 324408    0    0     0     6 3096 2546  2  0 98  0  0	
 1  0  11032 63982272 136240 324412    0    0     0     0 3053 2486  2  0 98  0  0	
 3  0  11032 63982024 136240 324416    0    0     0     0 3105 2565  2  0 98  0  0	
 2  0  11032 63982024 136240 324420    0    0     0     0 3108 2586  2  0 98  0  0	
 1  0  11032 63982156 136240 324424    0    0     0     0 3149 2675  2  0 98  0  0	
procs -----------memory---------- ---swap-- -----io---- --system-- -----cpu-----
 r  b   swpd   free   buff  cache   si   so    bi    bo   in   cs us sy id wa st
 1  0  11032 63982040 136240 324424    0    0     0     0 3052 2476  2  0 98  0  0	
 2  0  11032 63981916 136240 324428    0    0     0     0 3043 2469  2  0 98  0  0	
 2  0  11032 63982040 136240 324436    0    0     0     0 3060 2482  2  0 98  0  0	
 1  0  11032 63982040 136240 324440    0    0     0     0 3060 2533  2  0 98  0  0	
 1  0  11032 63982280 136240 324440    0    0     0     0 3229 2793  2  0 98  0  0	
 2  0  11032 63982164 136240 324440    0    0     0     0 3213 2778  2  0 98  0  0	
 1  0  11032 63982280 136240 324444    0    0     0     0 3200 2766  2  0 98  0  0	
 1  0  11032 63982156 136240 324444    0    0     0     0 3066 2488  2  0 98  0  0	
 2  0  11032 63982160 136240 324444    0    0     0     0 3099 2521  2  0 98  0  0	
 4  0  11032 63982284 136240 324448    0    0     0     0 3126 2548  2  0 98  0  0	
 1  0  11032 63982292 136240 324448    0    0     0     0 3137 2603  2  0 98  0  0	
 1  0  11032 63982284 136240 324460    0    0     0     2 3132 2594  2  0 98  0  0	
 3  0  11032 63982288 136240 324460    0    0     0     0 3085 2503  2  0 98  0  0	
 3  0  11032 63982164 136240 324460    0    0     0     0 3086 2511  2  0 98  0  0	
 1  0  11032 63982172 136240 324464    0    0     0     0 3085 2510  2  0 98  0  0	
 1  0  11032 63982304 136240 324464    0    0     0     0 3084 2505  2  0 98  0  0	
 1  0  11032 63982172 136240 324468    0    0     0     0 3116 2572  2  0 98  0  0	
 3  0  11032 63982048 136240 324476    0    0     0     0 3107 2574  2  0 98  0  0	
 3  0  11032 63982048 136240 324476    0    0     0     0 3071 2497  2  0 98  0  0	
 1  0  11032 63982048 136240 324480    0    0     0     0 3147 2627  2  0 98  0  0	
 1  0  11032 63982048 136240 324484    0    0     0     0 3090 2517  2  0 98  0  0	
procs -----------memory---------- ---swap-- -----io---- --system-- -----cpu-----
 r  b   swpd   free   buff  cache   si   so    bi    bo   in   cs us sy id wa st
 3  0  11032 63982164 136240 324484    0    0     0     0 3073 2506  2  0 98  0  0	
 3  0  11032 63982164 136240 324484    0    0     0     0 3103 2536  2  0 98  0  0	
 1  0  11032 63982040 136240 324488    0    0     0     0 3317 2943  2  0 98  0  0	
 1  0  11032 63982156 136240 324488    0    0     0     0 3283 2882  2  0 98  0  0	
 3  1  11032 63982164 136240 324492    0    0     0     6 3246 2807  2  0 98  0  0	
 3  0  11032 63982040 136240 324496    0    0     0     0 3143 2613  2  0 98  0  0	
 1  0  11032 63982288 136240 324496    0    0     0     0 3092 2532  2  0 98  0  0	
 1  0  11032 63982280 136240 324500    0    0     0     0 3137 2610  2  0 98  0  0	
 1  0  11032 63982288 136240 324500    0    0     0     0 3111 2568  2  0 98  0  0	
 3  0  11032 63982296 136240 324500    0    0     0     0 3155 2621  2  0 98  0  0	
 3  0  11032 63982296 136240 324504    0    0     0     0 3105 2519  2  0 98  0  0	
 1  0  11032 63982172 136240 324512    0    0     0     0 3081 2500  2  0 98  0  0	
 1  0  11032 63982172 136240 324512    0    0     0     0 3077 2500  2  0 98  0  0	
 3  0  11032 63982048 136240 324524    0    0     0     0 3080 2496  2  0 98  0  0	
 3  0  11032 63982052 136240 324524    0    0     0     0 3139 2615  2  0 98  0  0	
 1  0  11032 63982168 136240 324524    0    0     0     0 3218 2752  2  0 98  0  0	
 1  0  11032 63982168 136240 324528    0    0     0     0 3087 2495  2  0 98  0  0	
 3  0  11032 63982168 136240 324528    0    0     0     0 3076 2509  2  0 98  0  0	
 3  0  11032 63982168 136240 324532    0    0     0     0 3084 2501  2  0 98  0  0	
 1  0  11032 63982036 136240 324532    0    0     0     0 3099 2517  2  0 98  0  0	
 2  0  11032 63981796 136240 324532    0    0     0     2 3162 2602  2  0 98  0  0	
procs -----------memory---------- ---swap-- -----io---- --system-- -----cpu-----
 r  b   swpd   free   buff  cache   si   so    bi    bo   in   cs us sy id wa st
 1  0  11032 63981912 136240 324536    0    0     0     0 3131 2594  2  0 98  0  0	
 3  0  11032 63981788 136240 324540    0    0     0     0 3168 2696  2  0 98  0  0	
 3  0  11032 63981788 136240 324544    0    0     0     0 3211 2746  2  0 98  0  0	
 1  0  11032 63981920 136240 324548    0    0     0     0 3089 2516  2  0 98  0  0	
 1  0  11032 63981920 136240 324552    0    0     0     0 3166 2667  2  0 98  0  0	
 3  0  11032 63981980 136240 324556    0    0     0     0 3253 2863  2  0 98  0  0	
 3  0  11032 63981888 136240 324560    0    0     0     0 3177 2697  2  0 98  0  0	
 1  0  11032 63982012 136240 324564    0    0     0     0 3122 2585  2  0 98  0  0	
 1  0  11032 63982144 136240 324564    0    0     0     0 3179 2686  2  0 98  0  0	
 2  0  11032 63982260 136240 324572    0    0     0     0 3084 2510  2  0 98  0  0	
 1  0  11032 63982260 136240 324572    0    0     0     0 3100 2522  2  0 98  0  0	
 1  0  11032 63982384 136240 324576    0    0     0     0 3140 2588  2  0 98  0  0	
 2  0  11032 63982376 136240 324576    0    0     0     0 3207 2746  2  0 98  0  0	
 2  0  11032 63982260 136240 324576    0    0     0     6 3215 2770  2  0 98  0  0	
 1  0  11032 63982260 136240 324576    0    0     0     0 3171 2687  2  0 98  0  0	
 1  0  11032 63982136 136240 324588    0    0     0     0 3082 2500  2  0 98  0  0	
 2  0  11032 63982136 136240 324588    0    0     0     0 3097 2526  2  0 98  0  0	
 1  0  11032 63982144 136240 324588    0    0     0     0 3112 2557  2  0 98  0  0	
 1  0  11032 63982280 136240 324592    0    0     0     0 3092 2511  2  0 98  0  0	
 4  0  11032 63982148 136240 324592    0    0     0     0 3193 2692  2  0 98  0  0	
 1  0  11032 63982148 136240 324596    0    0     0     8 3142 2625  2  0 98  0  0	
procs -----------memory---------- ---swap-- -----io---- --system-- -----cpu-----
 r  b   swpd   free   buff  cache   si   so    bi    bo   in   cs us sy id wa st
 1  0  11032 63982272 136240 324600    0    0     0     0 3187 2718  2  0 98  0  0	
 3  0  11032 63982404 136240 324600    0    0     0     0 3206 2736  2  0 98  0  0	
 3  0  11032 63982404 136240 324604    0    0     0     0 3166 2662  2  0 98  0  0	
 2  0  11032 63981636 136240 324608    0    0     0    22 3235 2684  2  0 98  0  0	
 1  0  11032 63981636 136240 324616    0    0     0     0 3100 2515  2  0 98  0  0	
 3  0  11032 63981512 136240 324620    0    0     0     0 3094 2524  2  0 98  0  0	
 3  0  11032 63981636 136240 324624    0    0     0     0 3084 2503  2  0 98  0  0	
 3  0  11032 63981852 136240 324624    0    0     0     0 3098 2515  2  0 98  0  0	
 1  0  11032 63981844 136240 324628    0    0     0    14 3102 2559  2  0 98  0  0	
 1  0  11032 63981860 136240 324628    0    0     0     0 3153 2615  2  0 98  0  0	
 3  0  11032 63982052 136240 324632    0    0     0     0 3095 2531  2  0 98  0  0	
 3  0  11032 63982060 136240 324636    0    0     0     0 3095 2515  2  0 98  0  0	
 1  0  11032 63982068 136240 324636    0    0     0     0 3104 2514  2  0 98  0  0	
 1  0  11032 63982060 136240 324636    0    0     0     0 3099 2514  2  0 98  0  0	
 3  0  11032 63982060 136240 324644    0    0     0     0 3093 2540  2  0 98  0  0	
 3  0  11032 63981936 136240 324644    0    0     0     0 3095 2529  2  0 98  0  0	
 1  0  11032 63981812 136240 324644    0    0     0     0 3093 2527  2  0 98  0  0	
 1  0  11032 63981820 136240 324648    0    0     0     0 3096 2529  2  0 98  0  0	
 1  0  11032 63981812 136240 324652    0    0     0     0 3088 2514  2  0 98  0  0	
 3  0  11032 63981928 136240 324656    0    0     0     0 3092 2502  2  0 98  0  0	
 3  0  11032 63981928 136240 324656    0    0     0     0 3115 2571  2  0 98  0  0	
procs -----------memory---------- ---swap-- -----io---- --system-- -----cpu-----
 r  b   swpd   free   buff  cache   si   so    bi    bo   in   cs us sy id wa st
 1  0  11032 63981920 136240 324656    0    0     0     0 3090 2508  2  0 98  0  0	
 1  0  11032 63981928 136240 324660    0    0     0     6 3099 2531  2  0 98  0  0	
 3  0  11032 63981928 136240 324660    0    0     0     0 3141 2619  2  0 98  0  0	
 3  0  11032 63981928 136240 324664    0    0     0     0 3170 2669  2  0 98  0  0	
 1  0  11032 63981928 136240 324668    0    0     0     0 3245 2829  2  0 98  0  0	
 1  0  11032 63982060 136240 324676    0    0     0     0 3277 2870  2  0 98  0  0	
 1  0  11032 63982068 136240 324676    0    0     0     0 3075 2500  2  0 98  0  0	
 3  0  11032 63982060 136240 324680    0    0     0     0 3079 2500  2  0 98  0  0	
 3  0  11032 63982184 136240 324684    0    0     0     0 3078 2502  2  0 98  0  0	
 1  0  11032 63982060 136240 324684    0    0     0     0 3081 2512  2  0 98  0  0	
 1  0  11032 63982060 136240 324688    0    0     0     0 3066 2488  2  0 98  0  0	
 3  0  11032 63982308 136240 324688    0    0     0     0 3097 2560  2  0 98  0  0	
 3  0  11032 63981928 136240 324696    0    0     0     0 3087 2514  2  0 98  0  0	
 1  0  11032 63982176 136240 324700    0    0     0     0 3096 2514  2  0 98  0  0	
 1  0  11032 63982300 136240 324700    0    0     0     0 3110 2525  2  0 98  0  0	
 3  0  11032 63982176 136240 324704    0    0     0     0 3105 2508  2  0 98  0  0	
 3  0  11032 63981936 136240 324704    0    0     0     0 3093 2509  2  0 98  0  0	
 2  0  11032 63982052 136240 324704    0    0     0     2 3134 2619  2  0 98  0  0	
 1  0  11032 63982056 136240 324708    0    0     0     0 3303 2902  2  0 98  0  0	
 2  0  11032 63981932 136240 324716    0    0     0     0 3202 2729  2  0 98  0  0	
 2  0  11032 63981932 136240 324720    0    0     0     0 3096 2523  2  0 98  0  0	
procs -----------memory---------- ---swap-- -----io---- --system-- -----cpu-----
 r  b   swpd   free   buff  cache   si   so    bi    bo   in   cs us sy id wa st
 1  0  11032 63981932 136240 324724    0    0     0     0 3049 2479  2  0 98  0  0	
 1  0  11032 63981816 136240 324728    0    0     0     0 3067 2471  2  0 98  0  0	
 2  0  11032 63981924 136240 324732    0    0     0     0 3066 2521  2  0 98  0  0	
 1  0  11032 63982048 136240 324732    0    0     0     0 3041 2460  2  0 98  0  0	
 2  0  11032 63982172 136240 324736    0    0     0     0 3084 2525  2  0 98  0  0	
 2  0  11032 63982056 136240 324736    0    0     0     0 3259 2874  2  0 98  0  0	
 2  0  11032 63981932 136240 324744    0    0     0     0 3127 2629  2  0 98  0  0	
 1  0  11032 63982056 136240 324744    0    0     0     0 3115 2588  2  0 98  0  0	
 2  0  11032 63981924 136240 324744    0    0     0     0 3100 2567  2  0 98  0  0	
 4  0  11032 63981916 136240 324748    0    0     0     0 3059 2426  2  0 98  0  0	
 1  0  11032 63982048 136240 324748    0    0     0     6 3076 2477  2  0 98  0  0	
 1  0  11032 63981924 136240 324748    0    0     0     0 3071 2489  2  0 98  0  0	
 3  0  11032 63981924 136240 324752    0    0     0     0 3148 2623  2  0 98  0  0	
 3  0  11032 63981924 136240 324756    0    0     0     0 3133 2602  2  0 98  0  0	
 1  0  11032 63981932 136240 324756    0    0     0     0 3145 2629  2  0 98  0  0	
 1  0  11032 63982064 136240 324760    0    0     0     0 3228 2765  2  0 98  0  0	
 1  0  11032 63982056 136240 324760    0    0     0     0 3080 2485  2  0 98  0  0	
 3  0  11032 63982180 136240 324768    0    0     0     0 3072 2483  2  0 98  0  0	
 3  0  11032 63982312 136240 324772    0    0     0     0 3075 2496  2  0 98  0  0	
 1  0  11032 63982064 136240 324772    0    0     0     0 3071 2489  2  0 98  0  0	
 1  0  11032 63982076 136240 324776    0    0     0     0 3092 2537  2  0 98  0  0	
procs -----------memory---------- ---swap-- -----io---- --system-- -----cpu-----
 r  b   swpd   free   buff  cache   si   so    bi    bo   in   cs us sy id wa st
 3  0  11032 63981944 136240 324780    0    0     0     0 3075 2486  2  0 98  0  0	
 3  0  11032 63982068 136240 324780    0    0     0     0 3067 2487  2  0 98  0  0	
 1  0  11032 63982060 136240 324784    0    0     0     0 3072 2489  2  0 98  0  0	
 1  0  11032 63982168 136240 324784    0    0     0     0 3073 2480  2  0 98  0  0	
 1  0  11032 63982068 136240 324784    0    0     0     0 3076 2467  2  0 98  0  0	
 3  0  11032 63981928 136240 324788    0    0     0     2 3080 2522  2  0 98  0  0	
 3  0  11032 63982052 136240 324788    0    0     0     0 3068 2475  2  0 98  0  0	
 1  0  11032 63982176 136240 324792    0    0     0     0 3103 2543  2  0 98  0  0	
 1  0  11032 63982304 136240 324800    0    0     0     0 3248 2841  2  0 98  0  0	
 3  0  11032 63982288 136240 324800    0    0     0     0 3241 2826  2  0 98  0  0	
 3  0  11032 63982288 136240 324800    0    0     0     0 3101 2553  2  0 98  0  0	
 1  0  11032 63982288 136240 324808    0    0     0     0 3278 2939  2  0 98  0  0	
 1  0  11032 63982164 136240 324808    0    0     0     0 3347 3059  2  0 98  0  0	
 1  0  11032 63982412 136240 324812    0    0     0     0 3245 2858  2  0 98  0  0	
 3  0  11032 63982544 136240 324816    0    0     0     0 3145 2639  2  0 98  0  0	
 3  0  11032 63982412 136240 324816    0    0     0     0 3247 2856  2  0 98  0  0	
 1  0  11032 63982536 136240 324824    0    0     0     0 3078 2495  2  0 98  0  0	
 1  0  11032 63982528 136240 324824    0    0     0     0 3149 2630  2  0 98  0  0	
 3  0  11032 63982148 136240 324824    0    0     0     0 3266 2859  2  0 98  0  0	
 3  0  11032 63982404 136240 324828    0    0     0     6 3085 2516  2  0 98  0  0	
 1  0  11032 63982404 136240 324828    0    0     0     0 3266 2860  2  0 98  0  0	
procs -----------memory---------- ---swap-- -----io---- --system-- -----cpu-----
 r  b   swpd   free   buff  cache   si   so    bi    bo   in   cs us sy id wa st
 1  0  11032 63982156 136240 324828    0    0     0     0 3067 2482  2  0 98  0  0	
 3  0  11032 63982280 136240 324832    0    0     0     0 3137 2615  2  0 98  0  0	
 3  0  11032 63982164 136240 324840    0    0     0     0 3187 2729  2  0 98  0  0	
 1  0  11032 63981920 136240 324840    0    0     0     0 3154 2657  2  0 98  0  0	
 1  0  11032 63982036 136240 324848    0    0     0     0 3076 2499  2  0 98  0  0	
 2  0  11032 63982036 136240 324848    0    0     0     0 3078 2489  2  0 98  0  0	
 2  0  11032 63982036 136240 324852    0    0     0     0 3070 2490  2  0 98  0  0	
 1  0  11032 63981912 136240 324852    0    0     0     0 3072 2487  2  0 98  0  0	
 1  0  11032 63982036 136240 324852    0    0     0     0 3097 2541  2  0 98  0  0	
 2  0  11032 63981780 136240 324856    0    0     0     0 3093 2501  2  0 98  0  0	
 3  0  11032 63982036 136240 324860    0    0     0     0 3197 2673  2  0 98  0  0	
 1  0  11032 63981888 136240 324864    0    0     0     0 3190 2734  2  0 98  0  0	
 1  0  11032 63982144 136240 324864    0    0     0     0 3097 2553  2  0 98  0  0	
 2  0  11032 63982032 136240 324868    0    0     0     0 3129 2632  2  0 98  0  0	
 1  0  11032 63982024 136240 324868    0    0     0     2 3126 2622  2  0 98  0  0	
 1  0  11032 63982148 136240 324876    0    0     0     0 3151 2636  2  0 98  0  0	
 2  0  11032 63982156 136240 324880    0    0     0     0 3282 2869  2  0 98  0  0	
 2  0  11032 63982032 136240 324884    0    0     0     0 3089 2510  2  0 98  0  0	
 1  0  11032 63982296 136240 324884    0    0     0     0 3090 2516  2  0 98  0  0	
 2  0  11032 63982164 136240 324892    0    0     0     0 3080 2440  2  0 98  0  0	
 3  0  11032 63982164 136240 324892    0    0     0     0 3088 2541  2  0 98  0  0	
procs -----------memory---------- ---swap-- -----io---- --system-- -----cpu-----
 r  b   swpd   free   buff  cache   si   so    bi    bo   in   cs us sy id wa st
 1  0  11032 63982288 136240 324896    0    0     0     0 3066 2480  2  0 98  0  0	
 1  0  11032 63982164 136240 324896    0    0     0     0 3259 2866  2  0 98  0  0	
 3  0  11032 63982164 136240 324896    0    0     0     0 3076 2495  2  0 98  0  0	
 3  0  11032 63982288 136240 324900    0    0     0     0 3065 2487  2  0 98  0  0	
 3  0  11032 63981916 136240 324904    0    0     0     0 3076 2485  2  0 98  0  0	
 1  0  11032 63981908 136240 324904    0    0     0     0 3185 2708  2  0 98  0  0	
 1  0  11032 63981776 136240 324908    0    0     0     0 3123 2552  2  0 98  0  0	
 3  0  11032 63981908 136240 324912    0    0     0    10 3217 2774  2  0 98  0  0	
 3  0  11032 63981912 136240 324912    0    0     0     0 3050 2480  2  0 98  0  0	
 1  0  11032 63982036 136240 324916    0    0     0     0 3045 2464  2  0 98  0  0	
 1  0  11032 63982164 136240 324916    0    0     0     0 3052 2480  2  0 98  0  0	
 1  0  11032 63982164 136240 324928    0    0     0     0 3165 2682  2  0 98  0  0	
 3  0  11032 63982364 136240 324928    0    0     0     0 3053 2478  2  0 98  0  0	
 3  0  11032 63982264 136240 324932    0    0     0     0 3057 2485  2  0 98  0  0	
 1  0  11032 63982388 136240 324936    0    0     0     0 3063 2492  2  0 98  0  0	
 1  0  11032 63982644 136240 324936    0    0     0     0 3067 2494  2  0 98  0  0	
 3  0  11032 63982396 136240 324936    0    0     0     0 3069 2493  2  0 98  0  0	
 3  0  11032 63982396 136240 324940    0    0     0     0 3109 2561  2  0 98  0  0	
 1  0  11032 63982388 136240 324940    0    0     0     0 3079 2490  2  0 98  0  0	
 1  0  11032 63982264 136240 324944    0    0     0     0 3070 2492  2  0 98  0  0	
 1  0  11032 63982264 136240 324948    0    0     0     0 3084 2497  2  0 98  0  0	
procs -----------memory---------- ---swap-- -----io---- --system-- -----cpu-----
 r  b   swpd   free   buff  cache   si   so    bi    bo   in   cs us sy id wa st
 3  0  11032 63982264 136240 324948    0    0     0     0 3094 2500  2  0 98  0  0	
 3  0  11032 63982148 136240 324948    0    0     0     0 3077 2502  2  0 98  0  0	
 1  0  11032 63982140 136240 324952    0    0     0     4 3102 2550  2  0 98  0  0	
 1  0  11032 63982388 136240 324952    0    0     0     0 3074 2477  2  0 98  0  0	
 3  0  11032 63982272 136240 324960    0    0     0     0 3097 2529  2  0 98  0  0	
 3  0  11032 63982396 136240 324960    0    0     0     0 3208 2741  2  0 98  0  0	
 1  0  11032 63982280 136240 324964    0    0     0     0 3258 2843  2  0 98  0  0	
 1  0  11032 63982148 136240 324976    0    0     0     0 3100 2537  2  0 98  0  0	
 1  0  11032 63982148 136240 324976    0    0     0     0 3172 2698  2  0 98  0  0	
 3  0  11032 63982272 136240 324976    0    0     0     0 3205 2739  2  0 98  0  0	
 3  0  11032 63982148 136240 324980    0    0     0     0 3078 2489  2  0 98  0  0	
 1  0  11032 63982140 136240 324980    0    0     0     0 3097 2517  2  0 98  0  0	
 1  0  11032 63982264 136240 324980    0    0     0     0 3068 2485  2  0 98  0  0	
 3  0  11032 63982264 136240 324984    0    0     0     0 3086 2495  2  0 98  0  0	
 2  0  11032 63982264 136240 324988    0    0     0     0 3108 2560  2  0 98  0  0	
 1  0  11032 63982008 136240 324988    0    0     0     0 3121 2580  2  0 98  0  0	
 1  0  11032 63982264 136240 324992    0    0     0     6 3200 2738  2  0 98  0  0	
 2  0  11032 63982264 136240 324992    0    0     0     0 3183 2710  2  0 98  0  0	
 1  0  11032 63982388 136240 324996    0    0     0     0 3131 2596  2  0 98  0  0	
 1  0  11032 63982388 136240 324996    0    0     0     0 3071 2489  2  0 98  0  0	
 2  0  11032 63982388 136240 324996    0    0     0     0 3085 2527  2  0 98  0  0	
procs -----------memory---------- ---swap-- -----io---- --system-- -----cpu-----
 r  b   swpd   free   buff  cache   si   so    bi    bo   in   cs us sy id wa st
 2  0  11032 63982396 136240 324996    0    0     0     0 3093 2497  2  0 98  0  0	
 1  0  11032 63982388 136240 325012    0    0     0     0 3080 2479  2  0 98  0  0	
 1  0  11032 63982264 136240 325012    0    0     0     8 3070 2499  2  0 98  0  0	
 2  0  11032 63982140 136240 325012    0    0     0     0 3076 2504  2  0 98  0  0	
 1  0  11032 63982140 136240 325016    0    0     0     0 3076 2503  2  0 98  0  0	
 1  0  11032 63982276 136240 325016    0    0     0     0 3096 2542  2  0 98  0  0	
 2  0  11032 63982268 136240 325016    0    0     0     0 3071 2487  2  0 98  0  0	
 3  0  11032 63982144 136240 325020    0    0     0     0 3080 2491  2  0 98  0  0	
 3  0  11032 63981888 136240 325020    0    0     0     0 3078 2485  2  0 98  0  0	
 2  0  11032 63981764 136240 325028    0    0     0     0 3075 2444  2  0 98  0  0	
 3  0  11032 63981772 136240 325032    0    0     0     0 3081 2502  2  0 98  0  0	
 3  0  11032 63981768 136240 325032    0    0     0     4 3203 2756  2  0 98  0  0	
 1  0  11032 63981768 136240 325036    0    0     0     0 3081 2477  2  0 98  0  0	
 1  0  11032 63982016 136240 325040    0    0     0     0 3071 2486  2  0 98  0  0	
 1  0  11032 63981768 136240 325040    0    0     0     0 3164 2620  2  0 98  0  0	
 3  0  11032 63981696 136240 325044    0    0     0     0 3108 2502  2  0 98  0  0	
 3  0  11032 63981812 136240 325052    0    0     0     0 3071 2486  2  0 98  0  0	
 1  0  11032 63981812 136240 325056    0    0     0     0 3104 2550  2  0 98  0  0	
 1  0  11032 63981812 136240 325060    0    0     0     0 3059 2489  2  0 98  0  0	
 1  0  11032 63981936 136240 325064    0    0     0     0 3064 2492  2  0 98  0  0	
 3  0  11032 63981944 136240 325064    0    0     0     0 3067 2499  2  0 98  0  0	
procs -----------memory---------- ---swap-- -----io---- --system-- -----cpu-----
 r  b   swpd   free   buff  cache   si   so    bi    bo   in   cs us sy id wa st
 3  0  11032 63981812 136240 325068    0    0     0     0 3138 2646  2  0 98  0  0	
 1  0  11032 63981844 136240 325068    0    0     0     0 3171 2683  2  0 98  0  0	
 1  0  11032 63981848 136240 325068    0    0     0     0 3127 2586  2  0 98  0  0	
 3  0  11032 63981964 136240 325076    0    0     0     0 3098 2518  2  0 98  0  0	
 3  0  11032 63981972 136240 325076    0    0     0     0 3060 2477  2  0 98  0  0	
 1  0  11032 63981972 136240 325080    0    0     0     6 3067 2515  2  0 98  0  0	
 1  0  11032 63981972 136240 325080    0    0     0     0 3250 2843  2  0 98  0  0	
 1  0  11032 63981972 136240 325080    0    0     0     0 3113 2568  2  0 98  0  0	
 3  0  11032 63981972 136240 325084    0    0     0     0 3129 2617  2  0 98  0  0	
 1  0  11032 63981856 136240 325084    0    0     0     0 3182 2710  2  0 98  0  0	
 1  0  11032 63981848 136240 325092    0    0     0     0 3096 2568  2  0 98  0  0	
 1  0  11032 63982096 136240 325100    0    0     0     0 3210 2767  2  0 98  0  0	
 3  0  11032 63982100 136240 325100    0    0     0     0 3186 2714  2  0 98  0  0	
 3  0  11032 63982100 136240 325100    0    0     0     0 3135 2587  2  0 98  0  0	
 1  0  11032 63982232 136240 325104    0    0     0     0 3271 2895  2  0 98  0  0	
 1  0  11032 63981976 136240 325108    0    0     0     0 3092 2536  2  0 98  0  0	
 3  0  11032 63981976 136240 325108    0    0     0     0 3091 2539  2  0 98  0  0	
 3  0  11032 63982100 136240 325112    0    0     0     0 3084 2508  2  0 98  0  0	
 1  0  11032 63981852 136240 325116    0    0     0     0 3130 2600  2  0 98  0  0	
 1  0  11032 63981860 136240 325120    0    0     0     0 3144 2648  2  0 98  0  0	
 1  0  11032 63982224 136240 325120    0    0     0     0 3072 2514  2  0 98  0  0	
procs -----------memory---------- ---swap-- -----io---- --system-- -----cpu-----
 r  b   swpd   free   buff  cache   si   so    bi    bo   in   cs us sy id wa st
 3  0  11032 63981976 136240 325120    0    0     0     0 3068 2483  2  0 98  0  0	
 3  0  11032 63981984 136240 325124    0    0     0     2 3135 2612  2  0 98  0  0	
 1  0  11032 63982108 136240 325124    0    0     0     0 3127 2604  2  0 98  0  0	
 1  0  11032 63981992 136240 325124    0    0     0     0 3117 2556  2  0 98  0  0	
 2  0  11032 63982108 136240 325132    0    0     0     0 3214 2759  2  0 98  0  0	
 2  0  11032 63982108 136240 325136    0    0     0     0 3105 2582  2  0 98  0  0	
 1  0  11032 63981860 136240 325136    0    0     0     0 3117 2580  2  0 98  0  0	
 1  0  11032 63982240 136240 325140    0    0     0     0 3134 2595  2  0 98  0  0	
 2  0  11032 63982240 136240 325140    0    0     0     0 3049 2454  2  0 98  0  0	
 1  0  11032 63982232 136240 325140    0    0     0     0 3265 2891  2  0 98  0  0	
 1  0  11032 63981984 136240 325140    0    0     0     0 3140 2650  2  0 98  0  0	
 2  0  11032 63981984 136240 325144    0    0     0     0 3253 2845  2  0 98  0  0	
 2  0  11032 63981976 136240 325148    0    0     0     0 3078 2516  2  0 98  0  0	
 1  0  11032 63981860 136240 325156    0    0     0     0 3121 2587  2  0 98  0  0	
 1  0  11032 63981984 136240 325156    0    0     0     6 3168 2699  2  0 98  0  0	
 2  0  11032 63981984 136240 325156    0    0     0     0 3140 2635  2  0 98  0  0	
 1  0  11032 63981984 136240 325164    0    0     0     0 3053 2465  2  0 98  0  0	
 1  0  11032 63982108 136240 325164    0    0     0     0 3107 2559  2  0 98  0  0	
 2  0  11032 63982240 136240 325164    0    0     0     0 3244 2834  2  0 98  0  0	
 3  0  11032 63982232 136240 325172    0    0     0     0 3192 2719  2  0 98  0  0	
 2  0  11032 63982232 136240 325176    0    0     0     0 3107 2562  2  0 98  0  0	
procs -----------memory---------- ---swap-- -----io---- --system-- -----cpu-----
 r  b   swpd   free   buff  cache   si   so    bi    bo   in   cs us sy id wa st
 1  0  11032 63982232 136240 325176    0    0     0     0 3212 2787  2  0 98  0  0	
 1  0  11032 63982108 136240 325180    0    0     0     0 3054 2475  2  0 98  0  0	
 2  0  11032 63982116 136240 325180    0    0     0     0 3105 2563  2  0 98  0  0	
 2  0  11032 63981984 136240 325180    0    0     0     0 3130 2607  2  0 98  0  0	
 1  0  11032 63981984 136240 325188    0    0     0     0 3086 2533  2  0 98  0  0	
 2  0  11032 63982108 136240 325188    0    0     0     0 3098 2533  2  0 98  0  0	
 2  0  11032 63982108 136240 325192    0    0     0     0 3061 2461  2  0 98  0  0	
 1  0  11032 63982116 136240 325196    0    0     0     0 3129 2607  2  0 98  0  0	
 1  0  11032 63982108 136240 325196    0    0     0     0 3231 2820  2  0 98  0  0	
 2  0  11032 63982108 136240 325204    0    0     0     0 3242 2828  2  0 98  0  0	
 1  0  11032 63982116 136240 325204    0    0     0     2 3084 2531  2  0 98  0  0	
 1  0  11032 63982116 136240 325204    0    0     0     0 3177 2714  2  0 98  0  0	
 1  0  11032 63982124 136240 325208    0    0     0     0 3185 2719  2  0 98  0  0	
 2  0  11032 63981992 136240 325212    0    0     0     0 3175 2679  2  0 98  0  0	
 1  0  11032 63981868 136240 325216    0    0     0     0 3089 2555  2  0 98  0  0	
 1  0  11032 63981868 136240 325224    0    0     0     0 3043 2458  2  0 98  0  0	
 2  0  11032 63981868 136240 325224    0    0     0     0 3051 2459  2  0 98  0  0	
 1  0  11032 63981868 136240 325224    0    0     0     0 3061 2470  2  0 98  0  0	
 1  0  11032 63981860 136240 325228    0    0     0     0 3048 2456  2  0 98  0  0	
 2  0  11032 63981860 136240 325232    0    0     0     0 3042 2449  2  0 98  0  0	
 1  0  11032 63982984 136240 325236    0    0     0     0 3196 2712  2  0 98  0  0	
procs -----------memory---------- ---swap-- -----io---- --system-- -----cpu-----
 r  b   swpd   free   buff  cache   si   so    bi    bo   in   cs us sy id wa st
 1  0  11032 63982976 136240 325236    0    0     0     0 3047 2460  2  0 98  0  0	
 2  0  11032 63983108 136240 325240    0    0     0     0 3044 2460  2  0 98  0  0	
 2  0  11032 63983108 136240 325244    0    0     0     6 3047 2458  2  0 98  0  0	
 1  0  11032 63983108 136240 325244    0    0     0     0 3052 2459  2  0 98  0  0	
 1  0  11032 63982860 136240 325244    0    0     0     0 3043 2470  2  0 98  0  0	
 2  0  11032 63982984 136240 325248    0    0     0     0 3059 2502  2  0 98  0  0	
 1  0  11032 63982744 136240 325252    0    0     0     0 3066 2469  2  0 98  0  0	
 1  0  11032 63982984 136240 325256    0    0     0     0 3063 2458  2  0 98  0  0	
 2  0  11032 63982984 136240 325260    0    0     0     0 3042 2454  2  0 98  0  0	
 2  0  11032 63983108 136240 325264    0    0     0     0 3044 2456  2  0 98  0  0	
 1  0  11032 63983232 136240 325264    0    0     0     0 3070 2503  2  0 98  0  0	
 1  0  11032 63983108 136240 325268    0    0     0     0 3176 2690  2  0 98  0  0	
 2  0  11032 63983100 136240 325268    0    0     0     0 3184 2718  2  0 98  0  0	
 1  0  11032 63982976 136240 325272    0    0     0     0 3098 2575  2  0 98  0  0	
 1  0  11032 63982976 136240 325272    0    0     0     0 3089 2543  2  0 98  0  0	
 2  0  11032 63982976 136240 325272    0    0     0     0 3043 2455  2  0 98  0  0	
 1  0  11032 63983108 136240 325276    0    0     0     0 3065 2489  2  0 98  0  0	
 1  0  11032 63982984 136240 325280    0    0     0     0 3084 2536  2  0 98  0  0	
 2  0  11032 63982736 136240 325280    0    0     0     0 3229 2766  2  0 98  0  0	
 2  0  11032 63982984 136240 325284    0    0     0     2 3133 2588  2  0 98  0  0	
 1  0  11032 63982984 136240 325288    0    0     0     0 3113 2591  2  0 98  0  0	
procs -----------memory---------- ---swap-- -----io---- --system-- -----cpu-----
 r  b   swpd   free   buff  cache   si   so    bi    bo   in   cs us sy id wa st
 1  0  11032 63982992 136240 325288    0    0     0     0 3049 2457  2  0 98  0  0	
 2  0  11032 63982984 136240 325292    0    0     0     0 3090 2520  2  0 98  0  0	
 1  0  11032 63982860 136240 325300    0    0     0     0 3159 2681  2  0 98  0  0	
