Linux 2.6.32-279.14.1.el6.x86_64 (compute-641-14.local) 	04/21/20 	_x86_64_	(32 CPU)

03:34:48          PID    %usr %system  %guest    %CPU   CPU  Command
03:34:50         3138    0.00    0.49    0.00    0.49     5  kondemand/5
03:34:50         3141    0.00    0.49    0.00    0.49     8  kondemand/8
03:34:50         3153    0.00    0.49    0.00    0.49    20  kondemand/20
03:34:50         3164    0.00    0.49    0.00    0.49    31  kondemand/31
03:34:50         3852    0.49    0.00    0.00    0.49    24  pbs_mom
03:34:50         4128    0.00    0.49    0.00    0.49    17  gmond
03:34:50        30838    3.45    1.97    0.00    5.42    27  mpirun
03:34:50        30844    0.49    0.49    0.00    0.99    21  top
03:34:50        30846    0.49    1.48    0.00    1.97    28  pidstat
03:34:50        30848    0.49    1.48    0.00    1.97    17  pidstat
03:34:50        30857  116.75    6.90    0.00  123.65    27  bt-mz.B.24
03:34:50        30858   96.06    7.39    0.00  103.45    19  bt-mz.B.24
03:34:50        30859   94.09    6.40    0.00  100.49    11  bt-mz.B.24
03:34:50        30860   91.63    6.90    0.00   98.52    17  bt-mz.B.24
03:34:50        30861   91.13    7.39    0.00   98.52    18  bt-mz.B.24
03:34:50        30862   84.24    5.91    0.00   90.15     0  bt-mz.B.24
03:34:50        30863   90.15    5.91    0.00   96.06     9  bt-mz.B.24
03:34:50        30864   83.25    5.91    0.00   89.16    21  bt-mz.B.24
03:34:50        30865   92.12    3.94    0.00   96.06     7  bt-mz.B.24
03:34:50        30866   78.82    5.42    0.00   84.24    16  bt-mz.B.24
03:34:50        30869   91.13    5.91    0.00   97.04    22  bt-mz.B.24
03:34:50        30870   93.60    6.40    0.00  100.00     5  bt-mz.B.24
03:34:50        30873   89.66    3.94    0.00   93.60     6  bt-mz.B.24

03:34:50          PID    %usr %system  %guest    %CPU   CPU  Command
03:34:52         3137    0.00    0.50    0.00    0.50     4  kondemand/4
03:34:52         3150    0.00    0.50    0.00    0.50    17  kondemand/17
03:34:52         3161    0.00    0.50    0.00    0.50    28  kondemand/28
03:34:52         4128    0.00    0.50    0.00    0.50    17  gmond
03:34:52        30844    0.50    1.00    0.00    1.50    21  top
03:34:52        30846    0.50    2.50    0.00    3.00    28  pidstat
03:34:52        30848    1.00    2.50    0.00    3.50     1  pidstat
03:34:52        30857  133.50    0.00    0.00  133.50    12  bt-mz.B.24
03:34:52        30858  106.50    0.00    0.00  106.50    17  bt-mz.B.24
03:34:52        30859  132.00    0.00    0.00  132.00    11  bt-mz.B.24
03:34:52        30860  100.00    0.00    0.00  100.00     6  bt-mz.B.24
03:34:52        30861  103.50    0.00    0.00  103.50     5  bt-mz.B.24
03:34:52        30862  107.50    0.00    0.00  107.50    19  bt-mz.B.24
03:34:52        30863  133.50    0.00    0.00  133.50     9  bt-mz.B.24
03:34:52        30864  103.00    0.00    0.00  103.00     7  bt-mz.B.24
03:34:52        30865  103.50    0.00    0.00  103.50     4  bt-mz.B.24
03:34:52        30866  112.00    0.00    0.00  112.00    16  bt-mz.B.24
03:34:52        30869  112.50    0.00    0.00  112.50     6  bt-mz.B.24
03:34:52        30870  114.50    0.00    0.00  114.50    21  bt-mz.B.24
03:34:52        30873  101.50    0.00    0.00  101.50    23  bt-mz.B.24

03:34:52          PID    %usr %system  %guest    %CPU   CPU  Command
03:34:54         2319    0.00    0.50    0.00    0.50    27  jbd2/sda2-8
03:34:54         3149    0.00    0.50    0.00    0.50    16  kondemand/16
03:34:54         4128    0.50    0.00    0.00    0.50    17  gmond
03:34:54        30844    0.00    1.00    0.00    1.00     7  top
03:34:54        30846    0.50    2.00    0.00    2.50    12  pidstat
03:34:54        30848    0.00    1.00    0.00    1.00     1  pidstat
03:34:54        30857  135.00    0.00    0.00  135.00    15  bt-mz.B.24
03:34:54        30858  109.00    0.00    0.00  109.00     6  bt-mz.B.24
03:34:54        30859  132.50    0.00    0.00  132.50    11  bt-mz.B.24
03:34:54        30860  111.00    0.00    0.00  111.00     5  bt-mz.B.24
03:34:54        30861  106.50    0.00    0.00  106.50    16  bt-mz.B.24
03:34:54        30862  108.50    0.00    0.00  108.50     2  bt-mz.B.24
03:34:54        30863  121.00    0.00    0.00  121.00    13  bt-mz.B.24
03:34:54        30864  109.00    0.00    0.00  109.00    22  bt-mz.B.24
03:34:54        30865  105.50    0.00    0.00  105.50     4  bt-mz.B.24
03:34:54        30866  112.00    0.00    0.00  112.00    17  bt-mz.B.24
03:34:54        30869  102.00    0.00    0.00  102.00     1  bt-mz.B.24
03:34:54        30870   98.50    0.00    0.00   98.50    21  bt-mz.B.24
03:34:54        30873  121.50    0.00    0.00  121.50     7  bt-mz.B.24

03:34:54          PID    %usr %system  %guest    %CPU   CPU  Command
03:34:56         3151    0.00    0.50    0.00    0.50    18  kondemand/18
03:34:56         3180    0.00    0.50    0.00    0.50     0  kipmi0
03:34:56         4128    0.00    0.50    0.00    0.50    17  gmond
03:34:56        30844    1.00    0.50    0.00    1.50     7  top
03:34:56        30846    0.50    2.00    0.00    2.50    11  pidstat
03:34:56        30848    0.50    2.50    0.00    3.00     1  pidstat
03:34:56        30857  138.50    0.00    0.00  138.50    15  bt-mz.B.24
03:34:56        30858  123.00    0.00    0.00  123.00     7  bt-mz.B.24
03:34:56        30859  131.50    0.50    0.00  132.00    28  bt-mz.B.24
03:34:56        30860  114.00    0.00    0.00  114.00    16  bt-mz.B.24
03:34:56        30861  101.50    0.00    0.00  101.50     5  bt-mz.B.24
03:34:56        30862  107.50    0.00    0.00  107.50    17  bt-mz.B.24
03:34:56        30863  128.00    0.50    0.00  128.50    29  bt-mz.B.24
03:34:56        30864  117.50    0.00    0.00  117.50    22  bt-mz.B.24
03:34:56        30865  119.00    0.50    0.00  119.50     2  bt-mz.B.24
03:34:56        30866  112.50    0.00    0.00  112.50     9  bt-mz.B.24
03:34:56        30869  109.00    0.00    0.00  109.00    25  bt-mz.B.24
03:34:56        30870  116.00    0.00    0.00  116.00     4  bt-mz.B.24
03:34:56        30873  107.50    0.00    0.00  107.50    23  bt-mz.B.24

03:34:56          PID    %usr %system  %guest    %CPU   CPU  Command
03:34:58         3145    0.00    0.50    0.00    0.50    12  kondemand/12
03:34:58         3852    0.50    0.50    0.00    1.00    11  pbs_mom
03:34:58        30844    0.50    0.50    0.00    1.00     7  top
03:34:58        30846    0.50    1.50    0.00    2.00     8  pidstat
03:34:58        30848    0.50    1.00    0.00    1.50     2  pidstat
03:34:58        30857  124.50    0.00    0.00  124.50    27  bt-mz.B.24
03:34:58        30858  125.00    0.00    0.00  125.00    17  bt-mz.B.24
03:34:58        30859  127.00    0.00    0.00  127.00    28  bt-mz.B.24
03:34:58        30860  126.50    0.00    0.00  126.50    21  bt-mz.B.24
03:34:58        30861  117.00    0.00    0.00  117.00     0  bt-mz.B.24
03:34:58        30862  112.50    0.00    0.00  112.50    16  bt-mz.B.24
03:34:58        30863  119.00    0.00    0.00  119.00     9  bt-mz.B.24
03:34:58        30864  125.50    0.50    0.00  126.00    22  bt-mz.B.24
03:34:58        30865  109.00    0.00    0.00  109.00     1  bt-mz.B.24
03:34:58        30866  118.00    0.00    0.00  118.00    29  bt-mz.B.24
03:34:58        30869  113.50    0.00    0.00  113.50    15  bt-mz.B.24
03:34:58        30870  105.50    0.00    0.00  105.50     2  bt-mz.B.24
03:34:58        30873  125.00    0.00    0.00  125.00    23  bt-mz.B.24

03:34:58          PID    %usr %system  %guest    %CPU   CPU  Command
03:35:00         3142    0.00    0.50    0.00    0.50     9  kondemand/9
03:35:00         3156    0.00    0.50    0.00    0.50    23  kondemand/23
03:35:00         4128    0.00    0.50    0.00    0.50    17  gmond
03:35:00        30844    1.00    0.50    0.00    1.50    23  top
03:35:00        30846    1.00    2.00    0.00    3.00     8  pidstat
03:35:00        30848    1.00    3.00    0.00    4.00     1  pidstat
03:35:00        30857  133.50    0.50    0.00  134.00    10  bt-mz.B.24
03:35:00        30858  123.50    0.00    0.00  123.50     2  bt-mz.B.24
03:35:00        30859  130.00    0.00    0.00  130.00    12  bt-mz.B.24
03:35:00        30860  115.50    0.00    0.00  115.50    21  bt-mz.B.24
03:35:00        30861  110.50    0.00    0.00  110.50     5  bt-mz.B.24
03:35:00        30862  118.50    0.00    0.00  118.50    19  bt-mz.B.24
03:35:00        30863  108.00    0.00    0.00  108.00    25  bt-mz.B.24
03:35:00        30864  123.50    0.00    0.00  123.50    17  bt-mz.B.24
03:35:00        30865  112.00    0.00    0.00  112.00    20  bt-mz.B.24
03:35:00        30866  119.50    0.00    0.00  119.50    13  bt-mz.B.24
03:35:00        30869  116.00    0.00    0.00  116.00    15  bt-mz.B.24
03:35:00        30870  118.50    0.00    0.00  118.50     0  bt-mz.B.24
03:35:00        30873  123.00    0.00    0.00  123.00     7  bt-mz.B.24

03:35:00          PID    %usr %system  %guest    %CPU   CPU  Command
03:35:02         3144    0.00    0.50    0.00    0.50    11  kondemand/11
03:35:02         3148    0.00    0.50    0.00    0.50    15  kondemand/15
03:35:02         4128    0.00    0.50    0.00    0.50    17  gmond
03:35:02        30844    0.50    0.50    0.00    1.00     7  top
03:35:02        30846    0.50    1.50    0.00    2.00    24  pidstat
03:35:02        30848    0.50    2.00    0.00    2.50     1  pidstat
03:35:02        30857  136.00    0.00    0.00  136.00    26  bt-mz.B.24
03:35:02        30858  123.00    0.00    0.00  123.00    23  bt-mz.B.24
03:35:02        30859  132.50    0.00    0.00  132.50    12  bt-mz.B.24
03:35:02        30860  124.00    0.00    0.00  124.00     6  bt-mz.B.24
03:35:02        30861  117.00    0.00    0.00  117.00    21  bt-mz.B.24
03:35:02        30862  121.50    0.00    0.00  121.50    16  bt-mz.B.24
03:35:02        30863  121.00    0.00    0.00  121.00     9  bt-mz.B.24
03:35:02        30864  128.00    0.00    0.00  128.00     1  bt-mz.B.24
03:35:02        30865  117.50    0.00    0.00  117.50     3  bt-mz.B.24
03:35:02        30866  124.00    0.00    0.00  124.00    14  bt-mz.B.24
03:35:02        30869  124.00    0.00    0.00  124.00    31  bt-mz.B.24
03:35:02        30870  122.00    0.00    0.00  122.00    19  bt-mz.B.24
03:35:02        30873  126.50    0.00    0.00  126.50     7  bt-mz.B.24

03:35:02          PID    %usr %system  %guest    %CPU   CPU  Command
03:35:04          113    0.00    0.50    0.00    0.50    27  ksoftirqd/27
03:35:04         3133    0.00    0.50    0.00    0.50     0  kondemand/0
03:35:04         3157    0.00    0.50    0.00    0.50    24  kondemand/24
03:35:04         3195    0.00    0.50    0.00    0.50    28  irqbalance
03:35:04        30844    1.00    1.00    0.00    2.00     7  top
03:35:04        30846    0.50    1.50    0.00    2.00     8  pidstat
03:35:04        30848    1.00    1.50    0.00    2.50     1  pidstat
03:35:04        30857  129.00    0.00    0.00  129.00     9  bt-mz.B.24
03:35:04        30858  118.00    0.00    0.00  118.00     0  bt-mz.B.24
03:35:04        30859  128.00    0.00    0.00  128.00    12  bt-mz.B.24
03:35:04        30860  119.00    0.00    0.00  119.00    18  bt-mz.B.24
03:35:04        30861  122.50    0.00    0.00  122.50     6  bt-mz.B.24
03:35:04        30862  118.50    0.00    0.00  118.50     7  bt-mz.B.24
03:35:04        30863  122.00    0.00    0.00  122.00    25  bt-mz.B.24
03:35:04        30864  118.00    0.00    0.00  118.00    17  bt-mz.B.24
03:35:04        30865  124.00    0.00    0.00  124.00    19  bt-mz.B.24
03:35:04        30866  117.00    0.00    0.00  117.00    29  bt-mz.B.24
03:35:04        30869  128.00    0.50    0.00  128.50    31  bt-mz.B.24
03:35:04        30870  114.00    0.00    0.00  114.00     3  bt-mz.B.24
03:35:04        30873  118.00    0.00    0.00  118.00    22  bt-mz.B.24

03:35:04          PID    %usr %system  %guest    %CPU   CPU  Command
03:35:06         3134    0.00    0.50    0.00    0.50     1  kondemand/1
03:35:06         3162    0.00    0.50    0.00    0.50    29  kondemand/29
03:35:06         4128    0.50    0.50    0.00    1.00    17  gmond
03:35:06        30844    0.50    0.50    0.00    1.00     7  top
03:35:06        30846    1.00    2.00    0.00    3.00     8  pidstat
03:35:06        30848    0.50    1.50    0.00    2.00     1  pidstat
03:35:06        30857  141.00    0.00    0.00  141.00    13  bt-mz.B.24
03:35:06        30858  127.50    0.00    0.00  127.50     6  bt-mz.B.24
03:35:06        30859  132.00    0.00    0.00  132.00    24  bt-mz.B.24
03:35:06        30860  118.50    0.00    0.00  118.50     5  bt-mz.B.24
03:35:06        30861  120.00    0.00    0.00  120.00    21  bt-mz.B.24
03:35:06        30862  120.50    0.00    0.00  120.50    19  bt-mz.B.24
03:35:06        30863  116.00    0.00    0.00  116.00     9  bt-mz.B.24
03:35:06        30864  113.00    0.00    0.00  113.00     7  bt-mz.B.24
03:35:06        30865  111.50    0.00    0.00  111.50    22  bt-mz.B.24
03:35:06        30866  118.00    0.50    0.00  118.50    10  bt-mz.B.24
03:35:06        30869  111.50    0.00    0.00  111.50    25  bt-mz.B.24
03:35:06        30870  118.50    0.00    0.00  118.50     4  bt-mz.B.24
03:35:06        30873  126.00    0.00    0.00  126.00    22  bt-mz.B.24

03:35:06          PID    %usr %system  %guest    %CPU   CPU  Command
03:35:08         3146    0.00    0.50    0.00    0.50    13  kondemand/13
03:35:08         3155    0.00    0.50    0.00    0.50    22  kondemand/22
03:35:08         3159    0.00    0.50    0.00    0.50    26  kondemand/26
03:35:08         3180    0.00    0.50    0.00    0.50    16  kipmi0
03:35:08        30844    0.50    0.50    0.00    1.00     7  top
03:35:08        30846    0.50    2.00    0.00    2.50     8  pidstat
03:35:08        30848    0.50    1.50    0.00    2.00     1  pidstat
03:35:08        30850    0.00    0.50    0.00    0.50    23  iostat
03:35:08        30857  121.00    0.00    0.00  121.00    13  bt-mz.B.24
03:35:08        30858  112.50    0.00    0.00  112.50     6  bt-mz.B.24
03:35:08        30859  119.00    0.00    0.00  119.00    24  bt-mz.B.24
03:35:08        30860  122.50    0.00    0.00  122.50     2  bt-mz.B.24
03:35:08        30861  125.00    0.00    0.00  125.00     5  bt-mz.B.24
03:35:08        30862  115.50    0.00    0.00  115.50     3  bt-mz.B.24
03:35:08        30863  119.00    0.00    0.00  119.00    27  bt-mz.B.24
03:35:08        30864  117.00    0.00    0.00  117.00    21  bt-mz.B.24
03:35:08        30865  114.50    0.00    0.00  114.50     4  bt-mz.B.24
03:35:08        30866  124.50    0.00    0.00  124.50    26  bt-mz.B.24
03:35:08        30869  114.00    0.00    0.00  114.00    25  bt-mz.B.24
03:35:08        30870  119.50    0.00    0.00  119.50     0  bt-mz.B.24
03:35:08        30873  111.00    0.50    0.00  111.50    20  bt-mz.B.24

03:35:08          PID    %usr %system  %guest    %CPU   CPU  Command
03:35:10         3136    0.00    0.50    0.00    0.50     3  kondemand/3
03:35:10         3140    0.00    0.50    0.00    0.50     7  kondemand/7
03:35:10         4128    0.00    0.50    0.00    0.50    17  gmond
03:35:10        30844    0.50    1.00    0.00    1.50     7  top
03:35:10        30846    0.50    1.50    0.00    2.00     8  pidstat
03:35:10        30848    0.50    2.50    0.00    3.00     1  pidstat
03:35:10        30857  136.00    0.00    0.00  136.00     9  bt-mz.B.24
03:35:10        30858  123.50    0.00    0.00  123.50    22  bt-mz.B.24
03:35:10        30859  125.00    0.00    0.00  125.00    14  bt-mz.B.24
03:35:10        30860  114.00    0.00    0.00  114.00     2  bt-mz.B.24
03:35:10        30861  121.50    0.00    0.00  121.50     5  bt-mz.B.24
03:35:10        30862  126.00    0.00    0.00  126.00     3  bt-mz.B.24
03:35:10        30863  119.50    0.00    0.00  119.50    27  bt-mz.B.24
03:35:10        30864  113.50    0.00    0.00  113.50    18  bt-mz.B.24
03:35:10        30865  112.50    0.00    0.00  112.50    19  bt-mz.B.24
03:35:10        30866  102.00    0.00    0.00  102.00    24  bt-mz.B.24
03:35:10        30869  110.00    0.00    0.00  110.00     8  bt-mz.B.24
03:35:10        30870  123.00    0.00    0.00  123.00    23  bt-mz.B.24
03:35:10        30873  126.00    0.00    0.00  126.00     4  bt-mz.B.24

03:35:10          PID    %usr %system  %guest    %CPU   CPU  Command
03:35:12         3135    0.00    0.50    0.00    0.50     2  kondemand/2
03:35:12         3154    0.00    0.50    0.00    0.50    21  kondemand/21
03:35:12         3684    0.00    0.50    0.00    0.50     6  snmpd
03:35:12        30844    0.50    0.50    0.00    1.00     7  top
03:35:12        30846    1.00    1.50    0.00    2.50     8  pidstat
03:35:12        30848    0.50    1.50    0.00    2.00     1  pidstat
03:35:12        30857  137.00    0.00    0.00  137.00    25  bt-mz.B.24
03:35:12        30858  115.00    0.00    0.00  115.00    20  bt-mz.B.24
03:35:12        30859  105.50    0.00    0.00  105.50    14  bt-mz.B.24
03:35:12        30860  118.00    0.00    0.00  118.00     2  bt-mz.B.24
03:35:12        30861  115.50    0.00    0.00  115.50     5  bt-mz.B.24
03:35:12        30862  108.00    0.00    0.00  108.00    16  bt-mz.B.24
03:35:12        30863  122.50    0.00    0.00  122.50    11  bt-mz.B.24
03:35:12        30864  115.50    0.00    0.00  115.50     0  bt-mz.B.24
03:35:12        30865  111.50    0.00    0.00  111.50    19  bt-mz.B.24
03:35:12        30866  111.00    0.00    0.00  111.00    11  bt-mz.B.24
03:35:12        30869  107.00    0.50    0.00  107.50    24  bt-mz.B.24
03:35:12        30870  109.00    0.00    0.00  109.00     7  bt-mz.B.24
03:35:12        30873  119.50    0.00    0.00  119.50     4  bt-mz.B.24

03:35:12          PID    %usr %system  %guest    %CPU   CPU  Command
03:35:14         3143    0.00    0.50    0.00    0.50    10  kondemand/10
03:35:14        30844    0.50    0.50    0.00    1.00     6  top
03:35:14        30846    0.50    2.00    0.00    2.50     8  pidstat
03:35:14        30848    1.00    2.50    0.00    3.50     1  pidstat
03:35:14        30857  133.50    0.00    0.00  133.50     9  bt-mz.B.24
03:35:14        30858  119.50    0.00    0.00  119.50    23  bt-mz.B.24
03:35:14        30859  111.00    0.00    0.00  111.00    14  bt-mz.B.24
03:35:14        30860  119.50    0.50    0.00  120.00    18  bt-mz.B.24
03:35:14        30861  121.00    0.00    0.00  121.00    20  bt-mz.B.24
03:35:14        30862  121.00    0.50    0.00  121.50     0  bt-mz.B.24
03:35:14        30863  123.50    0.00    0.00  123.50    11  bt-mz.B.24
03:35:14        30864  121.00    0.00    0.00  121.00     5  bt-mz.B.24
03:35:14        30865  124.00    0.00    0.00  124.00    19  bt-mz.B.24
03:35:14        30866  122.50    0.00    0.00  122.50    31  bt-mz.B.24
03:35:14        30869  113.00    0.50    0.00  113.50    24  bt-mz.B.24
03:35:14        30870  115.00    0.00    0.00  115.00    16  bt-mz.B.24
03:35:14        30873  115.50    0.00    0.00  115.50     6  bt-mz.B.24

03:35:14          PID    %usr %system  %guest    %CPU   CPU  Command
03:35:16           29    0.00    0.50    0.00    0.50     6  ksoftirqd/6
03:35:16         3180    0.00    0.50    0.00    0.50    16  kipmi0
03:35:16         4128    0.00    0.50    0.00    0.50    17  gmond
03:35:16        30844    0.50    1.00    0.00    1.50     6  top
03:35:16        30846    1.00    2.00    0.00    3.00     8  pidstat
03:35:16        30848    1.00    1.50    0.00    2.50     1  pidstat
03:35:16        30857  145.00    0.00    0.00  145.00    25  bt-mz.B.24
03:35:16        30858  127.00    0.00    0.00  127.00    18  bt-mz.B.24
03:35:16        30859  115.00    0.00    0.00  115.00    10  bt-mz.B.24
03:35:16        30860  122.50    0.00    0.00  122.50    16  bt-mz.B.24
03:35:16        30861  117.00    0.00    0.00  117.00     4  bt-mz.B.24
03:35:16        30862  122.50    0.00    0.00  122.50    22  bt-mz.B.24
03:35:16        30863  119.00    0.00    0.00  119.00    11  bt-mz.B.24
03:35:16        30864  121.00    0.00    0.00  121.00    20  bt-mz.B.24
03:35:16        30865  118.50    0.00    0.00  118.50     3  bt-mz.B.24
03:35:16        30866  120.00    0.00    0.00  120.00    31  bt-mz.B.24
03:35:16        30869  110.00    0.00    0.00  110.00     8  bt-mz.B.24
03:35:16        30870  129.00    0.00    0.00  129.00    16  bt-mz.B.24
03:35:16        30873  121.50    0.00    0.00  121.50    21  bt-mz.B.24

03:35:16          PID    %usr %system  %guest    %CPU   CPU  Command
03:35:18         4128    0.00    0.50    0.00    0.50    17  gmond
03:35:18        30844    1.00    0.50    0.00    1.50     3  top
03:35:18        30846    0.50    1.50    0.00    2.00     8  pidstat
03:35:18        30848    0.50    2.00    0.00    2.50    17  pidstat
03:35:18        30857  124.00    0.00    0.00  124.00    25  bt-mz.B.24
03:35:18        30858  123.50    0.00    0.00  123.50    18  bt-mz.B.24
03:35:18        30859  117.50    0.00    0.00  117.50    13  bt-mz.B.24
03:35:18        30860  124.50    0.00    0.00  124.50    21  bt-mz.B.24
03:35:18        30861  118.50    0.00    0.00  118.50    22  bt-mz.B.24
03:35:18        30862  120.50    0.00    0.00  120.50     4  bt-mz.B.24
03:35:18        30863  114.50    0.00    0.00  114.50    14  bt-mz.B.24
03:35:18        30864  114.00    0.00    0.00  114.00    23  bt-mz.B.24
03:35:18        30865  120.50    0.00    0.00  120.50     0  bt-mz.B.24
03:35:18        30866  123.50    0.00    0.00  123.50    31  bt-mz.B.24
03:35:18        30869  108.00    0.00    0.00  108.00     8  bt-mz.B.24
03:35:18        30870  121.00    0.00    0.00  121.00     6  bt-mz.B.24
03:35:18        30873  117.00    0.00    0.00  117.00     1  bt-mz.B.24

03:35:18          PID    %usr %system  %guest    %CPU   CPU  Command
03:35:20         3138    0.00    0.50    0.00    0.50     5  kondemand/5
03:35:20         3139    0.00    0.50    0.00    0.50     6  kondemand/6
03:35:20         3141    0.00    0.50    0.00    0.50     8  kondemand/8
03:35:20         3147    0.00    0.50    0.00    0.50    14  kondemand/14
03:35:20         3158    0.00    0.50    0.00    0.50    25  kondemand/25
03:35:20         3160    0.00    0.50    0.00    0.50    27  kondemand/27
03:35:20        30844    0.50    0.50    0.00    1.00     3  top
03:35:20        30846    0.50    2.00    0.00    2.50    24  pidstat
03:35:20        30848    0.50    1.50    0.00    2.00     1  pidstat
03:35:20        30857  129.50    0.00    0.00  129.50    11  bt-mz.B.24
03:35:20        30858  123.50    0.00    0.00  123.50     6  bt-mz.B.24
03:35:20        30859  115.00    0.00    0.00  115.00    31  bt-mz.B.24
03:35:20        30860  117.00    0.00    0.00  117.00    21  bt-mz.B.24
03:35:20        30861  111.50    0.00    0.00  111.50     7  bt-mz.B.24
03:35:20        30862  116.50    0.00    0.00  116.50     5  bt-mz.B.24
03:35:20        30863  118.00    0.00    0.00  118.00    15  bt-mz.B.24
03:35:20        30864  116.00    0.00    0.00  116.00    23  bt-mz.B.24
03:35:20        30865  118.50    0.00    0.00  118.50     0  bt-mz.B.24
03:35:20        30866  103.00    0.00    0.00  103.00    25  bt-mz.B.24
03:35:20        30869  115.00    0.50    0.00  115.50    25  bt-mz.B.24
03:35:20        30870  110.50    0.00    0.00  110.50    17  bt-mz.B.24
03:35:20        30873  109.00    0.00    0.00  109.00     6  bt-mz.B.24

03:35:20          PID    %usr %system  %guest    %CPU   CPU  Command
03:35:22         3021    0.00    1.00    0.00    1.00    11  flush-8:0
03:35:22         3152    0.00    0.50    0.00    0.50    19  kondemand/19
03:35:22         3163    0.00    0.50    0.00    0.50    30  kondemand/30
03:35:22         4128    0.50    0.50    0.00    1.00    17  gmond
03:35:22        30844    0.50    1.00    0.00    1.50    19  top
03:35:22        30846    0.50    2.00    0.00    2.50    24  pidstat
03:35:22        30848    1.00    2.00    0.00    3.00     1  pidstat
03:35:22        30857  148.50    0.50    0.00  149.00    27  bt-mz.B.24
03:35:22        30858  128.50    0.00    0.00  128.50     6  bt-mz.B.24
03:35:22        30859  132.00    0.00    0.00  132.00    25  bt-mz.B.24
03:35:22        30860  127.00    0.00    0.00  127.00     5  bt-mz.B.24
03:35:22        30861  111.50    0.00    0.00  111.50    22  bt-mz.B.24
03:35:22        30862  113.00    0.00    0.00  113.00    16  bt-mz.B.24
03:35:22        30863  119.50    0.00    0.00  119.50    10  bt-mz.B.24
03:35:22        30864  118.50    0.00    0.00  118.50    23  bt-mz.B.24
03:35:22        30865  123.50    0.00    0.00  123.50     7  bt-mz.B.24
03:35:22        30866  117.50    0.00    0.00  117.50    25  bt-mz.B.24
03:35:22        30869  116.50    0.00    0.00  116.50     8  bt-mz.B.24
03:35:22        30870  122.50    0.00    0.00  122.50     0  bt-mz.B.24
03:35:22        30873  109.50    0.00    0.00  109.50     7  bt-mz.B.24

03:35:22          PID    %usr %system  %guest    %CPU   CPU  Command
03:35:24         3137    0.00    0.50    0.00    0.50     4  kondemand/4
03:35:24         3164    0.00    0.50    0.00    0.50    31  kondemand/31
03:35:24         3180    0.00    0.50    0.00    0.50    16  kipmi0
03:35:24        30844    0.00    0.50    0.00    0.50    19  top
03:35:24        30846    1.00    1.50    0.00    2.50    24  pidstat
03:35:24        30848    0.50    1.50    0.00    2.00     1  pidstat
03:35:24        30857  133.00    0.00    0.00  133.00    10  bt-mz.B.24
03:35:24        30858  123.00    0.00    0.00  123.00    22  bt-mz.B.24
03:35:24        30859  115.00    0.00    0.00  115.00    27  bt-mz.B.24
03:35:24        30860  119.50    0.00    0.00  119.50     0  bt-mz.B.24
03:35:24        30861  118.00    0.00    0.00  118.00     5  bt-mz.B.24
03:35:24        30862  125.00    0.00    0.00  125.00     7  bt-mz.B.24
03:35:24        30863  117.50    0.00    0.00  117.50    25  bt-mz.B.24
03:35:24        30864  120.00    0.00    0.00  120.00    20  bt-mz.B.24
03:35:24        30865  118.50    0.00    0.00  118.50    21  bt-mz.B.24
03:35:24        30866  117.00    0.00    0.00  117.00     8  bt-mz.B.24
03:35:24        30869  118.00    0.00    0.00  118.00    12  bt-mz.B.24
03:35:24        30870  114.50    0.00    0.00  114.50    17  bt-mz.B.24
03:35:24        30873  120.00    0.00    0.00  120.00     3  bt-mz.B.24

03:35:24          PID    %usr %system  %guest    %CPU   CPU  Command
03:35:26         3150    0.00    0.50    0.00    0.50    17  kondemand/17
03:35:26         3153    0.00    0.50    0.00    0.50    20  kondemand/20
03:35:26         3161    0.00    0.50    0.00    0.50    28  kondemand/28
03:35:26         4128    0.00    0.50    0.00    0.50    17  gmond
03:35:26        30844    0.50    1.00    0.00    1.50    19  top
03:35:26        30846    0.50    1.50    0.00    2.00    24  pidstat
03:35:26        30848    1.00    2.00    0.00    3.00     1  pidstat
03:35:26        30857  138.50    0.00    0.00  138.50    10  bt-mz.B.24
03:35:26        30858  124.00    0.00    0.00  124.00    22  bt-mz.B.24
03:35:26        30859  124.50    0.00    0.00  124.50    27  bt-mz.B.24
03:35:26        30860  120.50    0.00    0.00  120.50     6  bt-mz.B.24
03:35:26        30861  118.00    0.00    0.00  118.00    18  bt-mz.B.24
03:35:26        30862  120.00    0.00    0.00  120.00     4  bt-mz.B.24
03:35:26        30863  110.50    0.00    0.00  110.50    30  bt-mz.B.24
03:35:26        30864  122.00    0.00    0.00  122.00    20  bt-mz.B.24
03:35:26        30865  119.50    0.00    0.00  119.50    21  bt-mz.B.24
03:35:26        30866  119.00    0.00    0.00  119.00     9  bt-mz.B.24
03:35:26        30869  111.00    0.00    0.00  111.00    31  bt-mz.B.24
03:35:26        30870  121.50    0.00    0.00  121.50    17  bt-mz.B.24
03:35:26        30873  107.00    0.00    0.00  107.00     0  bt-mz.B.24

03:35:26          PID    %usr %system  %guest    %CPU   CPU  Command
03:35:28         3145    0.00    0.50    0.00    0.50    12  kondemand/12
03:35:28         3149    0.00    0.50    0.00    0.50    16  kondemand/16
03:35:28        30844    0.50    0.50    0.00    1.00    19  top
03:35:28        30846    1.00    2.00    0.00    3.00     8  pidstat
03:35:28        30848    0.50    1.50    0.00    2.00    23  pidstat
03:35:28        30857  142.50    0.00    0.00  142.50    10  bt-mz.B.24
03:35:28        30858  132.50    0.00    0.00  132.50     3  bt-mz.B.24
03:35:28        30859  131.00    0.00    0.00  131.00    24  bt-mz.B.24
03:35:28        30860  126.00    0.00    0.00  126.00     4  bt-mz.B.24
03:35:28        30861  125.50    0.00    0.00  125.50    21  bt-mz.B.24
03:35:28        30862  124.50    0.00    0.00  124.50    17  bt-mz.B.24
03:35:28        30863  122.50    0.00    0.00  122.50    28  bt-mz.B.24
03:35:28        30864  125.50    0.00    0.00  125.50    20  bt-mz.B.24
03:35:28        30865  126.00    0.00    0.00  126.00    18  bt-mz.B.24
03:35:28        30866  127.50    0.00    0.00  127.50    15  bt-mz.B.24
03:35:28        30869  114.50    0.00    0.00  114.50     8  bt-mz.B.24
03:35:28        30870  113.50    0.00    0.00  113.50     5  bt-mz.B.24
03:35:28        30873  122.00    0.50    0.00  122.50    16  bt-mz.B.24

03:35:28          PID    %usr %system  %guest    %CPU   CPU  Command
03:35:30         3133    0.00    0.50    0.00    0.50     0  kondemand/0
03:35:30         3142    0.00    0.50    0.00    0.50     9  kondemand/9
03:35:30         4128    0.00    0.50    0.00    0.50    17  gmond
03:35:30        30844    1.00    0.50    0.00    1.50    19  top
03:35:30        30846    0.50    1.50    0.00    2.00    24  pidstat
03:35:30        30848    0.50    2.00    0.00    2.50     2  pidstat
03:35:30        30850    0.00    0.50    0.00    0.50     7  iostat
03:35:30        30857  146.00    0.00    0.00  146.00    26  bt-mz.B.24
03:35:30        30858  121.50    0.00    0.00  121.50    19  bt-mz.B.24
03:35:30        30859  121.00    0.00    0.00  121.00    12  bt-mz.B.24
03:35:30        30860  112.50    0.00    0.00  112.50     6  bt-mz.B.24
03:35:30        30861  120.00    0.00    0.00  120.00     3  bt-mz.B.24
03:35:30        30862  128.00    0.00    0.00  128.00     0  bt-mz.B.24
03:35:30        30863  119.00    0.00    0.00  119.00    27  bt-mz.B.24
03:35:30        30864  111.00    0.00    0.00  111.00    22  bt-mz.B.24
03:35:30        30865  116.00    0.00    0.00  116.00     1  bt-mz.B.24
03:35:30        30866  118.00    0.00    0.00  118.00    30  bt-mz.B.24
03:35:30        30869  101.00    0.00    0.00  101.00    13  bt-mz.B.24
03:35:30        30870  116.50    0.50    0.00  117.00    18  bt-mz.B.24
03:35:30        30873  116.00    0.00    0.00  116.00     5  bt-mz.B.24

03:35:30          PID    %usr %system  %guest    %CPU   CPU  Command
03:35:32         3144    0.00    0.50    0.00    0.50    11  kondemand/11
03:35:32         3148    0.00    0.50    0.00    0.50    15  kondemand/15
03:35:32         3151    0.00    0.50    0.00    0.50    18  kondemand/18
03:35:32         4128    0.00    0.50    0.00    0.50    17  gmond
03:35:32        30844    0.50    1.00    0.00    1.50    19  top
03:35:32        30846    1.00    1.50    0.00    2.50    24  pidstat
03:35:32        30848    0.50    1.50    0.00    2.00     2  pidstat
03:35:32        30857  134.50    0.00    0.00  134.50    15  bt-mz.B.24
03:35:32        30858  135.00    0.00    0.00  135.00    18  bt-mz.B.24
03:35:32        30859  127.50    0.00    0.00  127.50    31  bt-mz.B.24
03:35:32        30860  119.50    0.00    0.00  119.50    23  bt-mz.B.24
03:35:32        30861  120.00    0.00    0.00  120.00     1  bt-mz.B.24
03:35:32        30862  127.50    0.00    0.00  127.50     6  bt-mz.B.24
03:35:32        30863  122.00    0.00    0.00  122.00    10  bt-mz.B.24
03:35:32        30864  126.00    0.00    0.00  126.00    22  bt-mz.B.24
03:35:32        30865  123.00    0.00    0.00  123.00     4  bt-mz.B.24
03:35:32        30866  120.50    0.00    0.00  120.50    30  bt-mz.B.24
03:35:32        30869  122.50    0.00    0.00  122.50    26  bt-mz.B.24
03:35:32        30870  119.50    0.00    0.00  119.50     0  bt-mz.B.24
03:35:32        30873  128.00    0.00    0.00  128.00     3  bt-mz.B.24

03:35:32          PID    %usr %system  %guest    %CPU   CPU  Command
03:35:34         3180    0.00    0.50    0.00    0.50    16  kipmi0
03:35:34         3195    0.00    0.50    0.00    0.50    28  irqbalance
03:35:34        30844    0.50    0.50    0.00    1.00    19  top
03:35:34        30846    0.50    2.00    0.00    2.50    24  pidstat
03:35:34        30848    1.00    2.50    0.00    3.50     2  pidstat
03:35:34        30853    0.00    0.50    0.00    0.50     9  vmstat
03:35:34        30857  126.00    0.00    0.00  126.00    13  bt-mz.B.24
03:35:34        30858  127.00    0.00    0.00  127.00     3  bt-mz.B.24
03:35:34        30859  114.00    0.00    0.00  114.00    26  bt-mz.B.24
03:35:34        30860  116.50    0.00    0.00  116.50    22  bt-mz.B.24
03:35:34        30861  121.00    0.00    0.00  121.00     0  bt-mz.B.24
03:35:34        30862  123.50    0.00    0.00  123.50     4  bt-mz.B.24
03:35:34        30863  119.00    0.00    0.00  119.00    10  bt-mz.B.24
03:35:34        30864  112.00    0.00    0.00  112.00     6  bt-mz.B.24
03:35:34        30865  114.50    0.00    0.00  114.50     5  bt-mz.B.24
03:35:34        30866  122.50    0.00    0.00  122.50     8  bt-mz.B.24
03:35:34        30869  124.00    0.00    0.00  124.00    27  bt-mz.B.24
03:35:34        30870  116.00    0.00    0.00  116.00    18  bt-mz.B.24
03:35:34        30873  123.00    0.00    0.00  123.00    19  bt-mz.B.24

03:35:34          PID    %usr %system  %guest    %CPU   CPU  Command
03:35:36         3134    0.00    0.50    0.00    0.50     1  kondemand/1
03:35:36         3156    0.00    0.50    0.00    0.50    23  kondemand/23
03:35:36         3157    0.00    0.50    0.00    0.50    24  kondemand/24
03:35:36         3180    0.00    0.50    0.00    0.50    16  kipmi0
03:35:36         4128    0.50    0.50    0.00    1.00     1  gmond
03:35:36        30844    0.50    0.50    0.00    1.00    19  top
03:35:36        30846    1.00    2.00    0.00    3.00    24  pidstat
03:35:36        30848    0.50    2.00    0.00    2.50    18  pidstat
03:35:36        30857  133.50    0.00    0.00  133.50    14  bt-mz.B.24
03:35:36        30858  131.50    0.00    0.00  131.50    17  bt-mz.B.24
03:35:36        30859  125.50    0.00    0.00  125.50    27  bt-mz.B.24
03:35:36        30860  121.50    0.00    0.00  121.50     5  bt-mz.B.24
03:35:36        30861  119.00    0.00    0.00  119.00     3  bt-mz.B.24
03:35:36        30862  133.50    0.00    0.00  133.50     5  bt-mz.B.24
03:35:36        30863  125.00    0.50    0.00  125.50    10  bt-mz.B.24
03:35:36        30864  118.50    0.00    0.00  118.50     0  bt-mz.B.24
03:35:36        30865  114.50    0.50    0.00  115.00     2  bt-mz.B.24
03:35:36        30866  126.50    0.50    0.00  127.00    14  bt-mz.B.24
03:35:36        30869  127.00    0.00    0.00  127.00    30  bt-mz.B.24
03:35:36        30870  123.00    0.00    0.00  123.00    20  bt-mz.B.24
03:35:36        30873  116.50    0.00    0.00  116.50    19  bt-mz.B.24

03:35:36          PID    %usr %system  %guest    %CPU   CPU  Command
03:35:38        30844    0.50    1.00    0.00    1.50    19  top
03:35:38        30846    0.50    1.50    0.00    2.00    24  pidstat
03:35:38        30848    0.50    1.50    0.00    2.00     2  pidstat
03:35:38        30857  122.50    0.00    0.00  122.50     8  bt-mz.B.24
03:35:38        30858  134.50    0.00    0.00  134.50    17  bt-mz.B.24
03:35:38        30859  122.00    0.00    0.00  122.00    24  bt-mz.B.24
03:35:38        30860  124.50    0.00    0.00  124.50     2  bt-mz.B.24
03:35:38        30861  118.00    0.00    0.00  118.00    21  bt-mz.B.24
03:35:38        30862  120.50    0.00    0.00  120.50    19  bt-mz.B.24
03:35:38        30863  123.50    0.00    0.00  123.50    26  bt-mz.B.24
03:35:38        30864  115.50    0.00    0.00  115.50     1  bt-mz.B.24
03:35:38        30865  112.00    0.00    0.00  112.00    20  bt-mz.B.24
03:35:38        30866  123.00    0.00    0.00  123.00    31  bt-mz.B.24
03:35:38        30869  127.50    0.00    0.00  127.50    29  bt-mz.B.24
03:35:38        30870  126.50    0.00    0.00  126.50     0  bt-mz.B.24
03:35:38        30873  120.00    0.00    0.00  120.00     2  bt-mz.B.24

03:35:38          PID    %usr %system  %guest    %CPU   CPU  Command
03:35:40         3136    0.00    0.50    0.00    0.50     3  kondemand/3
03:35:40         3146    0.00    0.50    0.00    0.50    13  kondemand/13
03:35:40         3162    0.00    0.50    0.00    0.50    29  kondemand/29
03:35:40         4128    0.00    0.50    0.00    0.50     1  gmond
03:35:40        30844    0.50    0.50    0.00    1.00     3  top
03:35:40        30846    0.50    2.50    0.00    3.00     8  pidstat
03:35:40        30848    1.00    2.00    0.00    3.00     2  pidstat
03:35:40        30857  122.50    0.00    0.00  122.50    24  bt-mz.B.24
03:35:40        30858  128.50    0.00    0.00  128.50     3  bt-mz.B.24
03:35:40        30859  123.50    0.00    0.00  123.50    11  bt-mz.B.24
03:35:40        30860  115.00    0.00    0.00  115.00    19  bt-mz.B.24
03:35:40        30861  126.50    0.00    0.00  126.50     0  bt-mz.B.24
03:35:40        30862  120.50    0.00    0.00  120.50    17  bt-mz.B.24
03:35:40        30863  126.00    0.00    0.00  126.00    26  bt-mz.B.24
03:35:40        30864  120.50    0.00    0.00  120.50    19  bt-mz.B.24
03:35:40        30865  115.50    0.00    0.00  115.50    23  bt-mz.B.24
03:35:40        30866  126.00    0.00    0.00  126.00    12  bt-mz.B.24
03:35:40        30869  125.00    0.00    0.00  125.00     9  bt-mz.B.24
03:35:40        30870  114.50    0.00    0.00  114.50    21  bt-mz.B.24
03:35:40        30873  122.50    0.00    0.00  122.50     6  bt-mz.B.24

03:35:40          PID    %usr %system  %guest    %CPU   CPU  Command
03:35:42           17    0.00    0.50    0.00    0.50     3  ksoftirqd/3
03:35:42         3135    0.00    0.50    0.00    0.50     2  kondemand/2
03:35:42         3140    0.00    0.50    0.00    0.50     7  kondemand/7
03:35:42         3155    0.00    0.50    0.00    0.50    22  kondemand/22
03:35:42         3159    0.00    0.50    0.00    0.50    26  kondemand/26
03:35:42         3852    0.50    0.50    0.00    1.00    24  pbs_mom
03:35:42        30844    0.50    1.00    0.00    1.50     3  top
03:35:42        30846    0.50    2.00    0.00    2.50    24  pidstat
03:35:42        30848    0.50    2.00    0.00    2.50     2  pidstat
03:35:42        30857  131.50    0.00    0.00  131.50    12  bt-mz.B.24
03:35:42        30858  125.00    0.00    0.00  125.00    21  bt-mz.B.24
03:35:42        30859  126.00    0.00    0.00  126.00     8  bt-mz.B.24
03:35:42        30860  112.50    0.00    0.00  112.50     0  bt-mz.B.24
03:35:42        30861  122.50    0.00    0.00  122.50    22  bt-mz.B.24
03:35:42        30862  119.50    0.00    0.00  119.50    17  bt-mz.B.24
03:35:42        30863  122.50    0.00    0.00  122.50    29  bt-mz.B.24
03:35:42        30864  121.00    0.00    0.00  121.00     7  bt-mz.B.24
03:35:42        30865  120.00    0.00    0.00  120.00     0  bt-mz.B.24
03:35:42        30866  126.50    0.00    0.00  126.50    28  bt-mz.B.24
03:35:42        30869  111.00    0.00    0.00  111.00    24  bt-mz.B.24
03:35:42        30870  120.50    0.00    0.00  120.50     5  bt-mz.B.24
03:35:42        30873  117.50    0.00    0.00  117.50    19  bt-mz.B.24

03:35:42          PID    %usr %system  %guest    %CPU   CPU  Command
03:35:44         3143    0.00    0.50    0.00    0.50    10  kondemand/10
03:35:44         3154    0.00    0.50    0.00    0.50    21  kondemand/21
03:35:44         4128    0.00    0.50    0.00    0.50    17  gmond
03:35:44        30844    0.50    0.50    0.00    1.00     3  top
03:35:44        30846    0.50    2.00    0.00    2.50     9  pidstat
03:35:44        30848    0.50    1.50    0.00    2.00     2  pidstat
03:35:44        30857  130.00    0.00    0.00  130.00    28  bt-mz.B.24
03:35:44        30858  123.00    0.50    0.00  123.50     1  bt-mz.B.24
03:35:44        30859  122.00    0.00    0.00  122.00    11  bt-mz.B.24
03:35:44        30860  108.50    0.00    0.00  108.50    21  bt-mz.B.24
03:35:44        30861  112.00    0.00    0.00  112.00    20  bt-mz.B.24
03:35:44        30862  123.50    0.00    0.00  123.50     5  bt-mz.B.24
03:35:44        30863  121.00    0.00    0.00  121.00    13  bt-mz.B.24
03:35:44        30864  123.50    0.00    0.00  123.50    23  bt-mz.B.24
03:35:44        30865  120.50    0.00    0.00  120.50    22  bt-mz.B.24
03:35:44        30866  125.00    0.00    0.00  125.00    29  bt-mz.B.24
03:35:44        30869  116.00    0.00    0.00  116.00    25  bt-mz.B.24
03:35:44        30870  113.00    0.00    0.00  113.00     7  bt-mz.B.24
03:35:44        30873  119.00    0.00    0.00  119.00     6  bt-mz.B.24

03:35:44          PID    %usr %system  %guest    %CPU   CPU  Command
03:35:46         3141    0.00    0.50    0.00    0.50     8  kondemand/8
03:35:46        30844    0.50    1.00    0.00    1.50     3  top
03:35:46        30846    1.00    1.50    0.00    2.50     9  pidstat
03:35:46        30848    0.50    2.00    0.00    2.50    16  pidstat
03:35:46        30857  142.00    0.00    0.00  142.00    28  bt-mz.B.24
03:35:46        30858  125.50    0.00    0.00  125.50     7  bt-mz.B.24
03:35:46        30859  114.00    0.00    0.00  114.00     8  bt-mz.B.24
03:35:46        30860  130.50    0.00    0.00  130.50    21  bt-mz.B.24
03:35:46        30861  124.50    0.00    0.00  124.50     5  bt-mz.B.24
03:35:46        30862  121.50    0.00    0.00  121.50    20  bt-mz.B.24
03:35:46        30863  118.00    0.00    0.00  118.00    29  bt-mz.B.24
03:35:46        30864  106.50    0.00    0.00  106.50     0  bt-mz.B.24
03:35:46        30865  112.50    0.00    0.00  112.50     2  bt-mz.B.24
03:35:46        30866  115.00    0.00    0.00  115.00    24  bt-mz.B.24
03:35:46        30869  120.50    0.00    0.00  120.50    25  bt-mz.B.24
03:35:46        30870  118.50    0.00    0.00  118.50    22  bt-mz.B.24
03:35:46        30873  108.00    0.50    0.00  108.50    18  bt-mz.B.24

03:35:46          PID    %usr %system  %guest    %CPU   CPU  Command
03:35:48         3147    0.00    0.50    0.00    0.50    14  kondemand/14
03:35:48         3684    0.00    0.50    0.00    0.50     6  snmpd
03:35:48         4128    0.00    0.50    0.00    0.50     1  gmond
03:35:48        30844    0.50    0.50    0.00    1.00     3  top
03:35:48        30846    0.50    1.50    0.00    2.00     9  pidstat
03:35:48        30848    0.50    2.50    0.00    3.00     6  pidstat
03:35:48        30857  122.00    0.00    0.00  122.00    10  bt-mz.B.24
03:35:48        30858  125.50    0.00    0.00  125.50    19  bt-mz.B.24
03:35:48        30859  126.50    0.00    0.00  126.50    15  bt-mz.B.24
03:35:48        30860  117.50    0.00    0.00  117.50     5  bt-mz.B.24
03:35:48        30861  121.00    0.00    0.00  121.00    23  bt-mz.B.24
03:35:48        30862  112.00    0.00    0.00  112.00    18  bt-mz.B.24
03:35:48        30863  118.00    0.00    0.00  118.00    29  bt-mz.B.24
03:35:48        30864  115.50    0.00    0.00  115.50     4  bt-mz.B.24
03:35:48        30865  119.50    0.00    0.00  119.50     2  bt-mz.B.24
03:35:48        30866  128.00    0.00    0.00  128.00     8  bt-mz.B.24
03:35:48        30869  126.00    0.00    0.00  126.00    25  bt-mz.B.24
03:35:48        30870  113.00    0.00    0.00  113.00    17  bt-mz.B.24
03:35:48        30873  115.50    0.00    0.00  115.50     1  bt-mz.B.24

03:35:48          PID    %usr %system  %guest    %CPU   CPU  Command
03:35:50         3138    0.00    0.50    0.00    0.50     5  kondemand/5
03:35:50         3139    0.00    0.50    0.00    0.50     6  kondemand/6
03:35:50        30844    1.00    0.50    0.00    1.50    19  top
03:35:50        30846    0.50    2.00    0.00    2.50     9  pidstat
03:35:50        30848    0.50    1.00    0.00    1.50    22  pidstat
03:35:50        30857  138.50    0.00    0.00  138.50    10  bt-mz.B.24
03:35:50        30858  123.00    0.00    0.00  123.00    19  bt-mz.B.24
03:35:50        30859  117.00    0.00    0.00  117.00    11  bt-mz.B.24
03:35:50        30860  116.00    0.50    0.00  116.50    23  bt-mz.B.24
03:35:50        30861  120.50    0.00    0.00  120.50     4  bt-mz.B.24
03:35:50        30862  121.50    0.00    0.00  121.50     2  bt-mz.B.24
03:35:50        30863  119.00    0.00    0.00  119.00    13  bt-mz.B.24
03:35:50        30864  123.50    0.00    0.00  123.50     7  bt-mz.B.24
03:35:50        30865  125.50    0.00    0.00  125.50    20  bt-mz.B.24
03:35:50        30866  130.50    0.00    0.00  130.50     8  bt-mz.B.24
03:35:50        30869  120.00    0.00    0.00  120.00    25  bt-mz.B.24
03:35:50        30870  130.50    0.00    0.00  130.50    16  bt-mz.B.24
03:35:50        30873  126.50    0.00    0.00  126.50     6  bt-mz.B.24

03:35:50          PID    %usr %system  %guest    %CPU   CPU  Command
03:35:52         3021    0.00    0.50    0.00    0.50    27  flush-8:0
03:35:52         3158    0.00    0.50    0.00    0.50    25  kondemand/25
03:35:52         3160    0.00    0.50    0.00    0.50    27  kondemand/27
03:35:52         4128    0.50    0.50    0.00    1.00     1  gmond
03:35:52        30844    0.50    0.50    0.00    1.00    19  top
03:35:52        30846    0.50    2.00    0.00    2.50    25  pidstat
03:35:52        30848    1.50    2.00    0.00    3.50    22  pidstat
03:35:52        30857  140.00    0.00    0.00  140.00    28  bt-mz.B.24
03:35:52        30858  124.50    0.00    0.00  124.50    16  bt-mz.B.24
03:35:52        30859  132.50    0.00    0.00  132.50    11  bt-mz.B.24
03:35:52        30860  120.50    0.00    0.00  120.50     1  bt-mz.B.24
03:35:52        30861  126.50    0.00    0.00  126.50    19  bt-mz.B.24
03:35:52        30862  116.00    0.00    0.00  116.00     6  bt-mz.B.24
03:35:52        30863  127.00    0.00    0.00  127.00    24  bt-mz.B.24
03:35:52        30864  117.00    0.00    0.00  117.00    23  bt-mz.B.24
03:35:52        30865  113.00    0.00    0.00  113.00     2  bt-mz.B.24
03:35:52        30866  127.50    0.00    0.00  127.50    30  bt-mz.B.24
03:35:52        30869  127.00    0.00    0.00  127.00    13  bt-mz.B.24
03:35:52        30870  110.00    0.00    0.00  110.00     0  bt-mz.B.24
03:35:52        30873  119.00    0.00    0.00  119.00     7  bt-mz.B.24

03:35:52          PID    %usr %system  %guest    %CPU   CPU  Command
03:35:54         3133    0.00    0.50    0.00    0.50     0  kondemand/0
03:35:54         3137    0.00    0.50    0.00    0.50     4  kondemand/4
03:35:54         3163    0.00    0.50    0.00    0.50    30  kondemand/30
03:35:54         3180    0.00    0.50    0.00    0.50     1  kipmi0
03:35:54        30844    0.50    1.00    0.00    1.50     3  top
03:35:54        30846    1.00    1.50    0.00    2.50    25  pidstat
03:35:54        30848    0.50    2.00    0.00    2.50    22  pidstat
03:35:54        30857  136.50    0.00    0.00  136.50    27  bt-mz.B.24
03:35:54        30858  126.50    0.00    0.00  126.50     3  bt-mz.B.24
03:35:54        30859  130.50    0.50    0.00  131.00    14  bt-mz.B.24
03:35:54        30860  125.50    0.00    0.00  125.50    23  bt-mz.B.24
03:35:54        30861  122.00    0.00    0.00  122.00    17  bt-mz.B.24
03:35:54        30862  124.50    0.00    0.00  124.50     6  bt-mz.B.24
03:35:54        30863  113.50    0.00    0.00  113.50    28  bt-mz.B.24
03:35:54        30864  124.50    0.00    0.00  124.50    19  bt-mz.B.24
03:35:54        30865  118.50    0.00    0.00  118.50    21  bt-mz.B.24
03:35:54        30866  124.00    0.00    0.00  124.00    28  bt-mz.B.24
03:35:54        30869  127.00    0.00    0.00  127.00     9  bt-mz.B.24
03:35:54        30870  124.50    0.00    0.00  124.50    22  bt-mz.B.24
03:35:54        30873  127.50    0.00    0.00  127.50     0  bt-mz.B.24

03:35:54          PID    %usr %system  %guest    %CPU   CPU  Command
03:35:56         3152    0.00    0.50    0.00    0.50    19  kondemand/19
03:35:56         3161    0.00    0.50    0.00    0.50    28  kondemand/28
03:35:56         4128    0.00    0.50    0.00    0.50     1  gmond
03:35:56        30844    1.00    0.50    0.00    1.50     4  top
03:35:56        30846    1.00    1.50    0.00    2.50     9  pidstat
03:35:56        30848    0.50    1.50    0.00    2.00    22  pidstat
03:35:56        30850    0.00    0.50    0.00    0.50     7  iostat
03:35:56        30857  139.00    0.00    0.00  139.00    27  bt-mz.B.24
03:35:56        30858  108.00    0.00    0.00  108.00    22  bt-mz.B.24
03:35:56        30859  121.00    0.00    0.00  121.00    30  bt-mz.B.24
03:35:56        30860  110.50    0.00    0.00  110.50    21  bt-mz.B.24
03:35:56        30861  119.50    0.00    0.00  119.50    17  bt-mz.B.24
03:35:56        30862  119.50    0.00    0.00  119.50     6  bt-mz.B.24
03:35:56        30863  126.50    0.00    0.00  126.50    25  bt-mz.B.24
03:35:56        30864  113.00    0.50    0.00  113.50     4  bt-mz.B.24
03:35:56        30865  128.00    0.00    0.00  128.00    23  bt-mz.B.24
03:35:56        30866  113.00    0.00    0.00  113.00    12  bt-mz.B.24
03:35:56        30869  121.50    0.50    0.00  122.00    31  bt-mz.B.24
03:35:56        30870  118.00    0.00    0.00  118.00     5  bt-mz.B.24
03:35:56        30873  124.00    0.00    0.00  124.00    20  bt-mz.B.24

03:35:56          PID    %usr %system  %guest    %CPU   CPU  Command
03:35:58         3145    0.00    0.50    0.00    0.50    12  kondemand/12
03:35:58         3149    0.00    0.50    0.00    0.50    16  kondemand/16
03:35:58         3150    0.00    0.50    0.00    0.50    17  kondemand/17
03:35:58         3153    0.00    0.50    0.00    0.50    20  kondemand/20
03:35:58         3164    0.00    0.50    0.00    0.50    31  kondemand/31
03:35:58         4128    0.00    0.50    0.00    0.50     1  gmond
03:35:58        30844    0.50    0.50    0.00    1.00     4  top
03:35:58        30846    0.50    2.00    0.00    2.50     9  pidstat
03:35:58        30848    1.00    2.50    0.00    3.50     6  pidstat
03:35:58        30849    0.00    0.50    0.00    0.50    20  mpstat
03:35:58        30857  133.50    0.00    0.00  133.50    27  bt-mz.B.24
03:35:58        30858  132.50    0.00    0.00  132.50     1  bt-mz.B.24
03:35:58        30859  124.00    0.00    0.00  124.00    25  bt-mz.B.24
03:35:58        30860  116.50    0.00    0.00  116.50     5  bt-mz.B.24
03:35:58        30861  124.00    0.00    0.00  124.00    20  bt-mz.B.24
03:35:58        30862  118.50    0.00    0.00  118.50     3  bt-mz.B.24
03:35:58        30863  125.00    0.00    0.00  125.00    13  bt-mz.B.24
03:35:58        30864  124.50    0.00    0.00  124.50    18  bt-mz.B.24
03:35:58        30865  121.00    0.00    0.00  121.00     4  bt-mz.B.24
03:35:58        30866  124.00    0.00    0.00  124.00    30  bt-mz.B.24
03:35:58        30869  118.50    0.00    0.00  118.50    25  bt-mz.B.24
03:35:58        30870  120.50    0.00    0.00  120.50    16  bt-mz.B.24
03:35:58        30873  124.50    0.00    0.00  124.50     7  bt-mz.B.24

03:35:58          PID    %usr %system  %guest    %CPU   CPU  Command
03:36:00         3142    0.00    0.50    0.00    0.50     9  kondemand/9
03:36:00        30844    0.50    1.00    0.00    1.50     4  top
03:36:00        30846    1.00    1.50    0.00    2.50    11  pidstat
03:36:00        30848    0.50    1.50    0.00    2.00     6  pidstat
03:36:00        30857  133.00    0.00    0.00  133.00    30  bt-mz.B.24
03:36:00        30858  130.00    0.00    0.00  130.00    20  bt-mz.B.24
03:36:00        30859  127.50    0.00    0.00  127.50    15  bt-mz.B.24
03:36:00        30860  113.50    0.00    0.00  113.50    19  bt-mz.B.24
03:36:00        30861  116.00    0.00    0.00  116.00    19  bt-mz.B.24
03:36:00        30862  124.00    0.00    0.00  124.00     6  bt-mz.B.24
03:36:00        30863  116.00    0.00    0.00  116.00    29  bt-mz.B.24
03:36:00        30864  109.50    0.00    0.00  109.50     3  bt-mz.B.24
03:36:00        30865  115.00    0.00    0.00  115.00    21  bt-mz.B.24
03:36:00        30866  115.50    0.00    0.00  115.50    11  bt-mz.B.24
03:36:00        30869  113.50    0.00    0.00  113.50    25  bt-mz.B.24
03:36:00        30870  118.00    0.00    0.00  118.00     1  bt-mz.B.24
03:36:00        30873  127.00    0.00    0.00  127.00    23  bt-mz.B.24

03:36:00          PID    %usr %system  %guest    %CPU   CPU  Command
03:36:02         3144    0.00    0.50    0.00    0.50    11  kondemand/11
03:36:02         3148    0.00    0.50    0.00    0.50    15  kondemand/15
03:36:02         3808    0.50    0.00    0.00    0.50    24  crond
03:36:02         4128    0.00    0.50    0.00    0.50     1  gmond
03:36:02        30844    0.50    0.50    0.00    1.00    20  top
03:36:02        30846    0.50    2.00    0.00    2.50    25  pidstat
03:36:02        30848    0.50    1.00    0.00    1.50     5  pidstat
03:36:02        30857  134.00    0.50    0.00  134.50    28  bt-mz.B.24
03:36:02        30858  120.00    0.00    0.00  120.00     0  bt-mz.B.24
03:36:02        30859  106.00    0.00    0.00  106.00    27  bt-mz.B.24
03:36:02        30860  112.00    0.00    0.00  112.00     3  bt-mz.B.24
03:36:02        30861  112.50    0.50    0.00  113.00    17  bt-mz.B.24
03:36:02        30862  119.50    0.00    0.00  119.50    22  bt-mz.B.24
03:36:02        30863  129.50    0.00    0.00  129.50    13  bt-mz.B.24
03:36:02        30864  109.00    0.00    0.00  109.00     6  bt-mz.B.24
03:36:02        30865  119.50    0.00    0.00  119.50    21  bt-mz.B.24
03:36:02        30866  105.50    0.00    0.00  105.50    15  bt-mz.B.24
03:36:02        30869  109.00    0.00    0.00  109.00    15  bt-mz.B.24
03:36:02        30870  119.50    0.00    0.00  119.50     1  bt-mz.B.24
03:36:02        30873  123.50    0.00    0.00  123.50    19  bt-mz.B.24

03:36:02          PID    %usr %system  %guest    %CPU   CPU  Command
03:36:04         3151    0.00    0.50    0.00    0.50    18  kondemand/18
03:36:04         3195    0.00    0.50    0.00    0.50    28  irqbalance
03:36:04        30844    0.50    1.00    0.00    1.50    20  top
03:36:04        30846    0.50    1.50    0.00    2.00     9  pidstat
03:36:04        30848    1.00    2.50    0.00    3.50     2  pidstat
03:36:04        30857  135.50    0.00    0.00  135.50    28  bt-mz.B.24
03:36:04        30858  127.00    0.00    0.00  127.00     0  bt-mz.B.24
03:36:04        30859  121.50    0.00    0.00  121.50    27  bt-mz.B.24
03:36:04        30860  119.00    0.00    0.00  119.00    20  bt-mz.B.24
03:36:04        30861  122.50    0.00    0.00  122.50    16  bt-mz.B.24
03:36:04        30862  120.00    0.00    0.00  120.00    18  bt-mz.B.24
03:36:04        30863  129.00    0.50    0.00  129.50    29  bt-mz.B.24
03:36:04        30864  115.50    0.00    0.00  115.50    17  bt-mz.B.24
03:36:04        30865  119.50    0.00    0.00  119.50     5  bt-mz.B.24
03:36:04        30866  107.50    0.00    0.00  107.50    25  bt-mz.B.24
03:36:04        30869  103.00    0.00    0.00  103.00    30  bt-mz.B.24
03:36:04        30870  109.00    0.00    0.00  109.00    23  bt-mz.B.24
03:36:04        30873  108.00    0.00    0.00  108.00     1  bt-mz.B.24

03:36:04          PID    %usr %system  %guest    %CPU   CPU  Command
03:36:06         3157    0.00    0.50    0.00    0.50    24  kondemand/24
03:36:06         4128    0.50    0.50    0.00    1.00     1  gmond
03:36:06        30844    1.00    0.50    0.00    1.50    20  top
03:36:06        30846    1.00    2.00    0.00    3.00     9  pidstat
03:36:06        30848    0.50    1.50    0.00    2.00     2  pidstat
03:36:06        30857  122.50    0.00    0.00  122.50    28  bt-mz.B.24
03:36:06        30858  127.50    0.00    0.00  127.50    19  bt-mz.B.24
03:36:06        30859  119.50    0.00    0.00  119.50    11  bt-mz.B.24
03:36:06        30860  124.50    0.00    0.00  124.50     4  bt-mz.B.24
03:36:06        30861  119.50    0.00    0.00  119.50     1  bt-mz.B.24
03:36:06        30862  115.00    0.00    0.00  115.00    21  bt-mz.B.24
03:36:06        30863  122.50    0.00    0.00  122.50    13  bt-mz.B.24
03:36:06        30864  122.50    0.00    0.00  122.50    17  bt-mz.B.24
03:36:06        30865  120.50    0.00    0.00  120.50     5  bt-mz.B.24
03:36:06        30866  125.50    0.00    0.00  125.50    25  bt-mz.B.24
03:36:06        30869  128.50    0.00    0.00  128.50    30  bt-mz.B.24
03:36:06        30870  124.50    0.00    0.00  124.50    23  bt-mz.B.24
03:36:06        30873  114.00    0.00    0.00  114.00     0  bt-mz.B.24

03:36:06          PID    %usr %system  %guest    %CPU   CPU  Command
03:36:08           13    0.00    0.50    0.00    0.50     2  ksoftirqd/2
03:36:08         3134    0.00    0.50    0.00    0.50     1  kondemand/1
03:36:08        30844    0.50    0.50    0.00    1.00    20  top
03:36:08        30846    0.50    2.00    0.00    2.50     9  pidstat
03:36:08        30848    0.50    1.50    0.00    2.00     2  pidstat
03:36:08        30857  118.50    0.00    0.00  118.50    28  bt-mz.B.24
03:36:08        30858  126.50    0.00    0.00  126.50     3  bt-mz.B.24
03:36:08        30859  119.00    0.00    0.00  119.00    27  bt-mz.B.24
03:36:08        30860  125.50    0.00    0.00  125.50     4  bt-mz.B.24
03:36:08        30861  115.00    0.00    0.00  115.00     5  bt-mz.B.24
03:36:08        30862  110.00    0.00    0.00  110.00    21  bt-mz.B.24
03:36:08        30863  116.00    0.00    0.00  116.00    11  bt-mz.B.24
03:36:08        30864  112.50    0.00    0.00  112.50    18  bt-mz.B.24
03:36:08        30865  111.50    0.00    0.00  111.50     0  bt-mz.B.24
03:36:08        30866  117.00    0.00    0.00  117.00    25  bt-mz.B.24
03:36:08        30869  124.00    0.00    0.00  124.00    14  bt-mz.B.24
03:36:08        30870  118.00    0.00    0.00  118.00    23  bt-mz.B.24
03:36:08        30873  123.00    0.00    0.00  123.00    16  bt-mz.B.24

03:36:08          PID    %usr %system  %guest    %CPU   CPU  Command
03:36:10         3136    0.00    0.50    0.00    0.50     3  kondemand/3
03:36:10         3146    0.00    0.50    0.00    0.50    13  kondemand/13
03:36:10         3156    0.00    0.50    0.00    0.50    23  kondemand/23
03:36:10         3180    0.00    0.50    0.00    0.50     2  kipmi0
03:36:10         4128    0.00    0.50    0.00    0.50     1  gmond
03:36:10        30844    1.00    0.50    0.00    1.50    20  top
03:36:10        30846    0.50    2.00    0.00    2.50     9  pidstat
03:36:10        30848    1.00    2.50    0.00    3.50    18  pidstat
03:36:10        30857  139.50    0.00    0.00  139.50    28  bt-mz.B.24
03:36:10        30858  119.00    0.00    0.00  119.00    16  bt-mz.B.24
03:36:10        30859  130.50    0.00    0.00  130.50    27  bt-mz.B.24
03:36:10        30860  127.50    0.00    0.00  127.50    23  bt-mz.B.24
03:36:10        30861  124.00    0.00    0.00  124.00    22  bt-mz.B.24
03:36:10        30862  116.50    0.00    0.00  116.50     7  bt-mz.B.24
03:36:10        30863  105.00    0.00    0.00  105.00    29  bt-mz.B.24
03:36:10        30864  116.00    0.00    0.00  116.00    21  bt-mz.B.24
03:36:10        30865  119.50    0.00    0.00  119.50     2  bt-mz.B.24
03:36:10        30866  124.00    0.50    0.00  124.50    25  bt-mz.B.24
03:36:10        30869  126.00    0.00    0.00  126.00    26  bt-mz.B.24
03:36:10        30870  119.00    0.00    0.00  119.00     6  bt-mz.B.24
03:36:10        30873  121.00    0.00    0.00  121.00    17  bt-mz.B.24
