Linux 2.6.32-279.14.1.el6.x86_64 (compute-641-14.local) 	04/21/20 	_x86_64_	(32 CPU)

03:11:47     CPU    %usr   %nice    %sys %iowait    %irq   %soft  %steal  %guest   %idle
03:11:49     all   61.29    0.00    4.71    0.00    0.00    0.06    0.00    0.00   33.94
03:11:51     all   80.42    0.00    0.19    0.00    0.00    0.00    0.00    0.00   19.39
03:11:53     all   81.44    0.00    0.19    0.00    0.00    0.00    0.00    0.00   18.37
03:11:55     all   82.74    0.00    0.16    0.00    0.00    0.00    0.00    0.00   17.10
03:11:57     all   79.33    0.00    0.16    0.00    0.00    0.00    0.00    0.00   20.51
03:11:59     all   80.35    0.00    0.19    0.00    0.00    0.00    0.00    0.00   19.46
03:12:01     all   80.64    0.00    0.17    0.00    0.00    0.00    0.00    0.00   19.19
03:12:03     all   78.33    0.00    0.16    0.00    0.00    0.00    0.00    0.00   21.51
03:12:05     all   77.03    0.00    0.16    0.00    0.00    0.00    0.00    0.00   22.82
03:12:07     all   81.70    0.00    0.19    0.00    0.00    0.00    0.00    0.00   18.12
03:12:09     all   81.68    0.00    0.19    0.00    0.00    0.00    0.00    0.00   18.13
03:12:11     all   80.87    0.00    0.17    0.00    0.00    0.00    0.00    0.00   18.96
03:12:13     all   81.65    0.00    0.16    0.00    0.00    0.00    0.00    0.00   18.19
03:12:15     all   80.14    0.00    0.16    0.02    0.00    0.00    0.00    0.00   19.69
03:12:17     all   80.43    0.00    0.16    0.00    0.00    0.00    0.00    0.00   19.41
03:12:19     all   81.72    0.00    0.16    0.00    0.00    0.00    0.00    0.00   18.13
03:12:21     all   83.09    0.00    0.23    0.00    0.00    0.00    0.00    0.00   16.67
03:12:23     all   81.15    0.00    0.20    0.00    0.00    0.00    0.00    0.00   18.65
03:12:25     all   80.17    0.00    0.17    0.00    0.00    0.00    0.00    0.00   19.66
03:12:27     all   81.15    0.00    0.20    0.00    0.00    0.00    0.00    0.00   18.64
03:12:29     all   79.96    0.00    0.17    0.00    0.00    0.00    0.00    0.00   19.87
03:12:31     all   82.09    0.00    0.16    0.00    0.00    0.00    0.00    0.00   17.75
03:12:33     all   81.03    0.00    0.19    0.00    0.00    0.00    0.00    0.00   18.78
03:12:35     all   79.67    0.00    0.19    0.00    0.00    0.02    0.00    0.00   20.13
03:12:37     all   82.97    0.00    0.19    0.00    0.00    0.00    0.00    0.00   16.84
