Linux 2.6.32-279.14.1.el6.x86_64 (compute-641-14.local) 	04/21/20 	_x86_64_	(32 CPU)

02:29:13     CPU    %usr   %nice    %sys %iowait    %irq   %soft  %steal  %guest   %idle
02:29:15     all   56.46    0.00   10.16    0.00    0.00    0.08    0.00    0.00   33.31
02:29:17     all   71.62    0.00    9.49    0.00    0.00    0.03    0.00    0.00   18.87
02:29:19     all   70.42    0.00    9.83    0.00    0.00    0.03    0.00    0.00   19.71
02:29:21     all   70.66    0.00    9.71    0.00    0.00    0.03    0.00    0.00   19.60
02:29:23     all   71.58    0.00    9.49    0.00    0.00    0.03    0.00    0.00   18.90
02:29:25     all   71.79    0.00    9.39    0.00    0.00    0.03    0.00    0.00   18.79
02:29:27     all   70.94    0.00    9.68    0.00    0.00    0.03    0.00    0.00   19.35
02:29:29     all   70.04    0.00    9.85    0.02    0.00    0.05    0.00    0.00   20.05
02:29:31     all   71.13    0.00    9.44    0.00    0.00    0.03    0.00    0.00   19.40
02:29:33     all   71.75    0.00    9.38    0.00    0.00    0.02    0.00    0.00   18.86
02:29:35     all   71.51    0.00    9.46    0.00    0.00    0.05    0.00    0.00   18.99
02:29:37     all   70.57    0.00    9.80    0.00    0.00    0.03    0.00    0.00   19.60
02:29:39     all   69.97    0.00   10.02    0.00    0.00    0.05    0.00    0.00   19.97
02:29:41     all   71.67    0.00    9.35    0.00    0.00    0.03    0.00    0.00   18.96
02:29:43     all   72.12    0.00    9.25    0.00    0.00    0.02    0.00    0.00   18.62
02:29:45     all   71.06    0.00    9.44    0.02    0.00    0.05    0.00    0.00   19.43
02:29:47     all   70.87    0.00    9.74    0.02    0.00    0.03    0.00    0.00   19.35
02:29:49     all   70.23    0.00    9.92    0.00    0.00    0.05    0.00    0.00   19.80
02:29:51     all   71.41    0.00    9.49    0.00    0.00    0.03    0.00    0.00   19.07
02:29:53     all   71.79    0.00    9.27    0.00    0.00    0.03    0.00    0.00   18.91
02:29:55     all   70.51    0.00    9.83    0.00    0.00    0.03    0.00    0.00   19.63
02:29:57     all   70.94    0.00    9.63    0.00    0.00    0.03    0.00    0.00   19.40
