Linux 2.6.32-279.14.1.el6.x86_64 (compute-641-14.local) 	04/21/20 	_x86_64_	(32 CPU)

03:04:15     CPU    %usr   %nice    %sys %iowait    %irq   %soft  %steal  %guest   %idle
03:04:17     all   61.69    0.00    5.30    0.00    0.00    0.05    0.00    0.00   32.96
03:04:19     all   82.29    0.00    0.19    0.00    0.00    0.00    0.00    0.00   17.52
03:04:21     all   82.64    0.00    0.19    0.00    0.00    0.00    0.00    0.00   17.17
03:04:23     all   83.95    0.00    0.16    0.00    0.00    0.00    0.00    0.00   15.89
03:04:25     all   81.32    0.00    0.22    0.00    0.00    0.00    0.00    0.00   18.46
03:04:27     all   79.98    0.00    0.19    0.00    0.00    0.00    0.00    0.00   19.83
03:04:29     all   82.04    0.00    0.19    0.00    0.00    0.00    0.00    0.00   17.77
03:04:31     all   81.13    0.00    0.19    0.00    0.00    0.00    0.00    0.00   18.68
03:04:33     all   80.80    0.00    0.16    0.00    0.00    0.00    0.00    0.00   19.05
03:04:35     all   80.44    0.00    0.19    0.00    0.00    0.00    0.00    0.00   19.38
03:04:37     all   82.22    0.00    0.16    0.00    0.00    0.00    0.00    0.00   17.63
03:04:39     all   81.93    0.00    0.17    0.00    0.00    0.00    0.00    0.00   17.90
03:04:41     all   84.23    0.00    0.17    0.00    0.00    0.00    0.00    0.00   15.60
03:04:43     all   81.49    0.00    0.19    0.00    0.00    0.00    0.00    0.00   18.32
03:04:45     all   83.92    0.00    0.17    0.00    0.00    0.00    0.00    0.00   15.91
03:04:47     all   80.02    0.00    0.23    0.00    0.00    0.00    0.00    0.00   19.75
03:04:49     all   80.89    0.00    0.14    0.00    0.00    0.00    0.00    0.00   18.96
03:04:51     all   79.98    0.00    0.20    0.00    0.00    0.00    0.00    0.00   19.82
03:04:53     all   80.49    0.00    0.17    0.00    0.00    0.00    0.00    0.00   19.33
03:04:55     all   82.27    0.00    0.19    0.00    0.00    0.00    0.00    0.00   17.54
03:04:57     all   82.23    0.00    0.20    0.00    0.00    0.00    0.00    0.00   17.57
03:04:59     all   83.05    0.00    0.19    0.00    0.00    0.00    0.00    0.00   16.76
03:05:01     all   80.43    0.00    0.19    0.00    0.00    0.00    0.00    0.00   19.39
03:05:03     all   83.17    0.00    0.20    0.00    0.00    0.00    0.00    0.00   16.62
