procs -----------memory---------- ---swap-- -----io---- --system-- -----cpu-----
 r  b   swpd   free   buff  cache   si   so    bi    bo   in   cs us sy id wa st
10  0  13768 64936244  38372 144200    0    0     0     1    0    0 65  1 34  0  0	
49  0  13768 64060384  38372 171344    0    0     0    30 52755 33247 80  4 16  0  0	
49  0  13768 64064032  38372 171432    0    0     0     0 47810 11782 97  0  3  0  0	
49  0  13768 64064872  38392 171508    0    0     0   126 47941 11762 97  0  2  0  0	
48  0  13768 64068492  38392 171612    0    0     0    20 47926 11750 97  0  2  0  0	
48  0  13768 64070232  38392 171700    0    0     0     0 47810 11696 97  0  3  0  0	
48  0  13768 64071248  38400 171788    0    0     0     8 47567 11719 97  0  3  0  0	
48  0  13768 64072436  38408 171880    0    0     0     6 47962 11750 97  0  2  0  0	
48  0  13768 64073200  38408 171968    0    0     0     0 47855 11801 97  0  3  0  0	
48  0  13768 64073444  38416 172056    0    0     0    12 47831 11706 97  0  3  0  0	
50  0  13768 64073496  38416 172148    0    0     0     0 47774 11760 97  0  3  0  0	
48  0  13768 64073620  38416 172236    0    0     0     0 47815 11721 97  0  3  0  0	
48  0  13768 64073472  38424 172320    0    0     0     8 47851 11726 97  0  3  0  0	
48  0  13768 64073340  38424 172416    0    0     0     0 47800 11698 97  0  3  0  0	
48  0  13768 64073348  38424 172504    0    0     0     0 47858 11803 97  0  3  0  0	
48  0  13768 64073100  38432 172592    0    0     0     8 47837 11753 97  0  3  0  0	
25  0  13768 64073348  38432 172688    0    0     0  7298 55790 11721 97  0  3  0  0	
48  0  13768 64073100  38432 172780    0    0     0     0 47869 11727 97  0  3  0  0	
