Linux 2.6.32-279.14.1.el6.x86_64 (compute-662-5.local) 	04/21/20 	_x86_64_	(48 CPU)

02:17:08          PID    %usr %system  %guest    %CPU   CPU  Command
02:17:10         4114    0.00    0.49    0.00    0.49     3  kondemand/3
02:17:10         4120    0.00    0.49    0.00    0.49     9  kondemand/9
02:17:10         4138    0.00    0.49    0.00    0.49    27  kondemand/27
02:17:10         4141    0.00    0.49    0.00    0.49    30  kondemand/30
02:17:10         4145    0.00    0.49    0.00    0.49    34  kondemand/34
02:17:10         4148    0.00    0.49    0.00    0.49    37  kondemand/37
02:17:10         4151    0.00    0.49    0.00    0.49    40  kondemand/40
02:17:10         4153    0.00    0.49    0.00    0.49    42  kondemand/42
02:17:10         4174    0.00    0.49    0.00    0.49    24  kipmi0
02:17:10        31923    4.88    1.46    0.00    6.34    24  mpirun
02:17:10        31929    0.98    0.98    0.00    1.95    24  top
02:17:10        31931    0.98    2.44    0.00    3.41    39  pidstat
02:17:10        31933    0.98    2.93    0.00    3.90     0  pidstat
02:17:10        31943  146.34    6.34    0.00  152.68    24  bt-mz.B.24
02:17:10        31944  135.61    5.37    0.00  140.98    12  bt-mz.B.24
02:17:10        31945  135.12    6.83    0.00  141.95    25  bt-mz.B.24
02:17:10        31946  129.27    6.34    0.00  135.61    37  bt-mz.B.24
02:17:10        31947  129.27    6.83    0.00  136.10    26  bt-mz.B.24
02:17:10        31948  129.76    6.34    0.00  136.10    14  bt-mz.B.24
02:17:10        31949  128.29    6.34    0.00  134.63    27  bt-mz.B.24
02:17:10        31950  125.37    6.83    0.00  132.20    15  bt-mz.B.24
02:17:10        31951  126.83    7.32    0.00  134.15    28  bt-mz.B.24
02:17:10        31953  130.24    6.34    0.00  136.59    40  bt-mz.B.24
02:17:10        31955  127.80    6.83    0.00  134.63    29  bt-mz.B.24
02:17:10        31956  128.29    6.83    0.00  135.12    41  bt-mz.B.24
02:17:10        31957  127.80    6.34    0.00  134.15    30  bt-mz.B.24
02:17:10        31960  127.32    5.85    0.00  133.17    18  bt-mz.B.24

02:17:10          PID    %usr %system  %guest    %CPU   CPU  Command
02:17:12         4123    0.00    0.50    0.00    0.50    12  kondemand/12
02:17:12         4125    0.00    0.50    0.00    0.50    14  kondemand/14
02:17:12         4140    0.00    0.50    0.00    0.50    29  kondemand/29
02:17:12         4147    0.00    0.50    0.00    0.50    36  kondemand/36
02:17:12         4156    0.00    0.50    0.00    0.50    45  kondemand/45
02:17:12        23393    1.00    0.00    0.00    1.00    15  gmond
02:17:12        31923    0.00    0.50    0.00    0.50    24  mpirun
02:17:12        31929    1.00    1.00    0.00    2.00    24  top
02:17:12        31931    1.00    3.00    0.00    4.00    39  pidstat
02:17:12        31933    1.00    3.00    0.00    4.00     0  pidstat
02:17:12        31943  192.50    0.00    0.00  192.50    24  bt-mz.B.24
02:17:12        31944  180.00    0.50    0.00  180.50    12  bt-mz.B.24
02:17:12        31945  178.50    0.00    0.00  178.50    25  bt-mz.B.24
02:17:12        31946  170.50    0.00    0.00  170.50    37  bt-mz.B.24
02:17:12        31947  170.50    0.00    0.00  170.50    26  bt-mz.B.24
02:17:12        31948  170.00    0.00    0.00  170.00    14  bt-mz.B.24
02:17:12        31949  169.00    0.00    0.00  169.00    27  bt-mz.B.24
02:17:12        31950  167.00    0.00    0.00  167.00    15  bt-mz.B.24
02:17:12        31951  168.00    0.00    0.00  168.00    28  bt-mz.B.24
02:17:12        31953  171.00    0.00    0.00  171.00    40  bt-mz.B.24
02:17:12        31955  168.50    0.00    0.00  168.50    29  bt-mz.B.24
02:17:12        31956  168.50    0.00    0.00  168.50    41  bt-mz.B.24
02:17:12        31957  168.50    0.00    0.00  168.50    30  bt-mz.B.24
02:17:12        31960  169.50    0.00    0.00  169.50    18  bt-mz.B.24

02:17:12          PID    %usr %system  %guest    %CPU   CPU  Command
02:17:14          226    0.00    0.50    0.00    0.50    31  events/31
02:17:14         4113    0.00    0.50    0.00    0.50     2  kondemand/2
02:17:14         4118    0.00    0.50    0.00    0.50     7  kondemand/7
02:17:14         4122    0.00    0.50    0.00    0.50    11  kondemand/11
02:17:14         4134    0.00    0.50    0.00    0.50    23  kondemand/23
02:17:14         4136    0.00    0.50    0.00    0.50    25  kondemand/25
02:17:14         4149    0.00    0.50    0.00    0.50    38  kondemand/38
02:17:14        23393    0.50    0.00    0.00    0.50    15  gmond
02:17:14        31929    0.50    1.50    0.00    2.00    24  top
02:17:14        31931    1.00    3.00    0.00    4.00    39  pidstat
02:17:14        31933    1.50    3.00    0.00    4.50     0  pidstat
02:17:14        31943  192.50    0.50    0.00  193.00    24  bt-mz.B.24
02:17:14        31944  180.00    0.00    0.00  180.00    12  bt-mz.B.24
02:17:14        31945  178.50    0.50    0.00  179.00    25  bt-mz.B.24
02:17:14        31946  170.00    0.00    0.00  170.00    37  bt-mz.B.24
02:17:14        31947  171.00    0.00    0.00  171.00    26  bt-mz.B.24
02:17:14        31948  170.00    0.00    0.00  170.00    14  bt-mz.B.24
02:17:14        31949  168.50    0.00    0.00  168.50    27  bt-mz.B.24
02:17:14        31950  167.00    0.00    0.00  167.00    15  bt-mz.B.24
02:17:14        31951  168.00    0.00    0.00  168.00    28  bt-mz.B.24
02:17:14        31953  171.50    0.00    0.00  171.50    40  bt-mz.B.24
02:17:14        31955  168.50    0.50    0.00  169.00    29  bt-mz.B.24
02:17:14        31956  169.00    0.00    0.00  169.00    41  bt-mz.B.24
02:17:14        31957  168.00    0.00    0.00  168.00    30  bt-mz.B.24
02:17:14        31960  169.50    0.00    0.00  169.50    18  bt-mz.B.24

02:17:14          PID    %usr %system  %guest    %CPU   CPU  Command
02:17:16         4116    0.00    0.50    0.00    0.50     5  kondemand/5
02:17:16         4128    0.00    0.50    0.00    0.50    17  kondemand/17
02:17:16         4154    0.00    0.50    0.00    0.50    43  kondemand/43
02:17:16         4158    0.00    0.50    0.00    0.50    47  kondemand/47
02:17:16        23393    0.50    0.00    0.00    0.50    39  gmond
02:17:16        31929    1.00    1.00    0.00    2.00    24  top
02:17:16        31931    1.00    2.50    0.00    3.50    39  pidstat
02:17:16        31933    1.00    2.00    0.00    3.00     0  pidstat
02:17:16        31943  194.50    0.00    0.00  194.50    24  bt-mz.B.24
02:17:16        31944  180.50    0.00    0.00  180.50    12  bt-mz.B.24
02:17:16        31945  178.50    0.00    0.00  178.50    25  bt-mz.B.24
02:17:16        31946  170.50    0.50    0.00  171.00    37  bt-mz.B.24
02:17:16        31947  171.00    0.00    0.00  171.00    26  bt-mz.B.24
02:17:16        31948  170.50    0.00    0.00  170.50    14  bt-mz.B.24
02:17:16        31949  169.00    0.00    0.00  169.00    27  bt-mz.B.24
02:17:16        31950  166.50    0.50    0.00  167.00    15  bt-mz.B.24
02:17:16        31951  168.50    0.00    0.00  168.50    28  bt-mz.B.24
02:17:16        31953  171.50    0.00    0.00  171.50    40  bt-mz.B.24
02:17:16        31955  169.00    0.00    0.00  169.00    29  bt-mz.B.24
02:17:16        31956  169.00    0.00    0.00  169.00    41  bt-mz.B.24
02:17:16        31957  169.00    0.00    0.00  169.00    30  bt-mz.B.24
02:17:16        31960  169.50    0.00    0.00  169.50    18  bt-mz.B.24

02:17:16          PID    %usr %system  %guest    %CPU   CPU  Command
02:17:18          204    0.00    0.50    0.00    0.50     9  events/9
02:17:18         4111    0.00    0.50    0.00    0.50     0  kondemand/0
02:17:18         4112    0.00    0.50    0.00    0.50     1  kondemand/1
02:17:18         4115    0.00    0.50    0.00    0.50     4  kondemand/4
02:17:18         4126    0.00    0.50    0.00    0.50    15  kondemand/15
02:17:18         4139    0.00    0.50    0.00    0.50    28  kondemand/28
02:17:18         4143    0.00    0.50    0.00    0.50    32  kondemand/32
02:17:18         4694    0.00    0.50    0.00    0.50    10  snmpd
02:17:18        23393    1.00    0.00    0.00    1.00    15  gmond
02:17:18        31929    0.50    1.00    0.00    1.50     0  top
02:17:18        31931    1.00    3.00    0.00    4.00    39  pidstat
02:17:18        31933    1.50    3.00    0.00    4.50     0  pidstat
02:17:18        31935    0.00    0.50    0.00    0.50     3  iostat
02:17:18        31943  193.00    0.00    0.00  193.00    24  bt-mz.B.24
02:17:18        31944  180.00    0.00    0.00  180.00    12  bt-mz.B.24
02:17:18        31945  178.50    0.50    0.00  179.00    25  bt-mz.B.24
02:17:18        31946  170.50    0.00    0.00  170.50    37  bt-mz.B.24
02:17:18        31947  170.50    0.00    0.00  170.50    26  bt-mz.B.24
02:17:18        31948  170.00    0.00    0.00  170.00    14  bt-mz.B.24
02:17:18        31949  169.00    0.00    0.00  169.00    27  bt-mz.B.24
02:17:18        31950  166.50    0.00    0.00  166.50    15  bt-mz.B.24
02:17:18        31951  168.00    0.50    0.00  168.50    28  bt-mz.B.24
02:17:18        31953  171.50    0.50    0.00  172.00    40  bt-mz.B.24
02:17:18        31955  169.00    0.00    0.00  169.00    29  bt-mz.B.24
02:17:18        31956  169.00    0.00    0.00  169.00    41  bt-mz.B.24
02:17:18        31957  168.50    0.00    0.00  168.50    30  bt-mz.B.24
02:17:18        31960  169.50    0.00    0.00  169.50    18  bt-mz.B.24

02:17:18          PID    %usr %system  %guest    %CPU   CPU  Command
02:17:20         1374    0.00    0.50    0.00    0.50    20  jbd2/sda1-8
02:17:20         4117    0.00    0.50    0.00    0.50     6  kondemand/6
02:17:20         4119    0.00    0.50    0.00    0.50     8  kondemand/8
02:17:20         4131    0.00    0.50    0.00    0.50    20  kondemand/20
02:17:20         4133    0.00    0.50    0.00    0.50    22  kondemand/22
02:17:20         4150    0.00    0.50    0.00    0.50    39  kondemand/39
02:17:20        23393    0.50    0.00    0.00    0.50    39  gmond
02:17:20        31929    1.00    1.50    0.00    2.50     0  top
02:17:20        31931    1.00    3.00    0.00    4.00    39  pidstat
02:17:20        31933    0.50    3.50    0.00    4.00    24  pidstat
02:17:20        31943  193.00    0.00    0.00  193.00     0  bt-mz.B.24
02:17:20        31944  180.50    0.00    0.00  180.50    12  bt-mz.B.24
02:17:20        31945  179.00    0.00    0.00  179.00    25  bt-mz.B.24
02:17:20        31946  170.50    0.00    0.00  170.50    37  bt-mz.B.24
02:17:20        31947  171.00    0.00    0.00  171.00    26  bt-mz.B.24
02:17:20        31948  170.50    0.00    0.00  170.50    14  bt-mz.B.24
02:17:20        31949  169.50    0.00    0.00  169.50    27  bt-mz.B.24
02:17:20        31950  166.00    0.00    0.00  166.00    15  bt-mz.B.24
02:17:20        31951  168.50    0.00    0.00  168.50    28  bt-mz.B.24
02:17:20        31953  171.50    0.00    0.00  171.50    40  bt-mz.B.24
02:17:20        31955  169.00    0.00    0.00  169.00    29  bt-mz.B.24
02:17:20        31956  169.00    0.00    0.00  169.00    41  bt-mz.B.24
02:17:20        31957  168.50    0.00    0.00  168.50    30  bt-mz.B.24
02:17:20        31960  170.00    0.00    0.00  170.00    18  bt-mz.B.24
