Linux 2.6.32-279.14.1.el6.x86_64 (compute-662-5.local) 	04/21/20 	_x86_64_	(48 CPU)

02:18:55          PID    %usr %system  %guest    %CPU   CPU  Command
02:18:57           21    0.00    0.49    0.00    0.49     4  ksoftirqd/4
02:18:57         4120    0.00    0.49    0.00    0.49     9  kondemand/9
02:18:57         4131    0.00    0.49    0.00    0.49    20  kondemand/20
02:18:57         4148    0.00    0.49    0.00    0.49    37  kondemand/37
02:18:57         4174    0.00    0.49    0.00    0.49    23  kipmi0
02:18:57        23393    0.49    0.00    0.00    0.49    15  gmond
02:18:57        33214    4.88    2.44    0.00    7.32     9  mpirun
02:18:57        33220    0.49    0.49    0.00    0.98     4  top
02:18:57        33222    0.98    3.41    0.00    4.39    10  pidstat
02:18:57        33224    0.98    2.93    0.00    3.90     4  pidstat
02:18:57        33234   24.39    8.29    0.00   32.68     0  bt-mz.B.24
02:18:57        33235   21.95    5.85    0.00   27.80    12  bt-mz.B.24
02:18:57        33236   22.44    8.29    0.00   30.73    25  bt-mz.B.24
02:18:57        33237   20.00    6.34    0.00   26.34    37  bt-mz.B.24
02:18:57        33238   20.00    5.85    0.00   25.85     2  bt-mz.B.24
02:18:57        33239   20.00    6.34    0.00   26.34    14  bt-mz.B.24
02:18:57        33240   19.51    6.34    0.00   25.85    27  bt-mz.B.24
02:18:57        33241   20.00    5.85    0.00   25.85    15  bt-mz.B.24
02:18:57        33242   18.54    5.37    0.00   23.90    28  bt-mz.B.24
02:18:57        33244   20.00    6.34    0.00   26.34    40  bt-mz.B.24
02:18:57        33247   20.00    5.85    0.00   25.85    29  bt-mz.B.24
02:18:57        33248   20.00    5.85    0.00   25.85    41  bt-mz.B.24
02:18:57        33249   20.00    5.85    0.00   25.85     6  bt-mz.B.24
02:18:57        33251   20.00    5.85    0.00   25.85    42  bt-mz.B.24

02:18:57          PID    %usr %system  %guest    %CPU   CPU  Command
02:18:59         4112    0.00    0.50    0.00    0.50     1  kondemand/1
02:18:59         4114    0.00    0.50    0.00    0.50     3  kondemand/3
02:18:59         4118    0.00    0.50    0.00    0.50     7  kondemand/7
02:18:59         4126    0.00    0.50    0.00    0.50    15  kondemand/15
02:18:59         4129    0.00    0.50    0.00    0.50    18  kondemand/18
02:18:59         4139    0.00    0.50    0.00    0.50    28  kondemand/28
02:18:59         4142    0.00    0.50    0.00    0.50    31  kondemand/31
02:18:59         4145    0.00    0.50    0.00    0.50    34  kondemand/34
02:18:59         4146    0.00    0.50    0.00    0.50    35  kondemand/35
02:18:59         4147    0.00    0.50    0.00    0.50    36  kondemand/36
02:18:59         4174    0.00    0.50    0.00    0.50    23  kipmi0
02:18:59        23393    0.50    0.00    0.00    0.50    39  gmond
02:18:59        33220    1.00    0.50    0.00    1.50     4  top
02:18:59        33222    1.00    2.50    0.00    3.50    10  pidstat
02:18:59        33224    1.00    3.50    0.00    4.50     4  pidstat
02:18:59        33234  194.00    0.00    0.00  194.00     0  bt-mz.B.24
02:18:59        33235  179.50    0.00    0.00  179.50    12  bt-mz.B.24
02:18:59        33236  177.00    0.00    0.00  177.00    25  bt-mz.B.24
02:18:59        33237  170.00    0.00    0.00  170.00    37  bt-mz.B.24
02:18:59        33238  169.00    0.50    0.00  169.50     2  bt-mz.B.24
02:18:59        33239  169.50    0.00    0.00  169.50    14  bt-mz.B.24
02:18:59        33240  167.00    0.00    0.00  167.00    27  bt-mz.B.24
02:18:59        33241  166.50    0.00    0.00  166.50    15  bt-mz.B.24
02:18:59        33242  164.50    0.50    0.00  165.00    28  bt-mz.B.24
02:18:59        33244  170.50    0.00    0.00  170.50    40  bt-mz.B.24
02:18:59        33247  167.00    0.00    0.00  167.00    29  bt-mz.B.24
02:18:59        33248  168.00    0.00    0.00  168.00    41  bt-mz.B.24
02:18:59        33249  167.00    0.00    0.00  167.00     6  bt-mz.B.24
02:18:59        33251  169.00    0.00    0.00  169.00    42  bt-mz.B.24

02:18:59          PID    %usr %system  %guest    %CPU   CPU  Command
02:19:01         4111    0.00    0.50    0.00    0.50     0  kondemand/0
02:19:01         4116    0.00    0.50    0.00    0.50     5  kondemand/5
02:19:01         4128    0.00    0.50    0.00    0.50    17  kondemand/17
02:19:01         4132    0.00    0.50    0.00    0.50    21  kondemand/21
02:19:01         4154    0.00    0.50    0.00    0.50    43  kondemand/43
02:19:01         4156    0.00    0.50    0.00    0.50    45  kondemand/45
02:19:01        23393    0.50    0.00    0.00    0.50    39  gmond
02:19:01        33214    0.50    0.00    0.00    0.50    34  mpirun
02:19:01        33220    1.50    1.00    0.00    2.50    28  top
02:19:01        33222    1.00    2.50    0.00    3.50    34  pidstat
02:19:01        33224    1.00    2.50    0.00    3.50    28  pidstat
02:19:01        33234  198.00    0.00    0.00  198.00     0  bt-mz.B.24
02:19:01        33235  182.50    0.00    0.00  182.50    12  bt-mz.B.24
02:19:01        33236  181.50    0.00    0.00  181.50    25  bt-mz.B.24
02:19:01        33237  172.50    0.00    0.00  172.50    37  bt-mz.B.24
02:19:01        33238  173.00    0.00    0.00  173.00     2  bt-mz.B.24
02:19:01        33239  172.50    0.00    0.00  172.50    14  bt-mz.B.24
02:19:01        33240  171.00    0.00    0.00  171.00    27  bt-mz.B.24
02:19:01        33241  170.00    0.00    0.00  170.00    15  bt-mz.B.24
02:19:01        33242  167.50    0.00    0.00  167.50     4  bt-mz.B.24
02:19:01        33244  173.50    0.00    0.00  173.50    40  bt-mz.B.24
02:19:01        33247  171.00    0.00    0.00  171.00    29  bt-mz.B.24
02:19:01        33248  171.00    0.00    0.00  171.00    41  bt-mz.B.24
02:19:01        33249  170.50    0.00    0.00  170.50     6  bt-mz.B.24
02:19:01        33251  172.00    0.00    0.00  172.00    42  bt-mz.B.24

02:19:01          PID    %usr %system  %guest    %CPU   CPU  Command
02:19:03          208    0.00    0.50    0.00    0.50    13  events/13
02:19:03          239    0.00    0.50    0.00    0.50    44  events/44
02:19:03         4115    0.00    0.50    0.00    0.50     4  kondemand/4
02:19:03         4124    0.00    0.50    0.00    0.50    13  kondemand/13
02:19:03         4133    0.00    0.50    0.00    0.50    22  kondemand/22
02:19:03         4158    0.00    0.50    0.00    0.50    47  kondemand/47
02:19:03         4174    0.00    0.50    0.00    0.50    23  kipmi0
02:19:03        23393    0.50    0.00    0.00    0.50    39  gmond
02:19:03        33220    0.50    1.00    0.00    1.50    28  top
02:19:03        33222    0.50    3.50    0.00    4.00    34  pidstat
02:19:03        33224    1.00    3.00    0.00    4.00    28  pidstat
02:19:03        33234  196.00    0.50    0.00  196.50     0  bt-mz.B.24
02:19:03        33235  180.50    0.00    0.00  180.50    12  bt-mz.B.24
02:19:03        33236  179.00    0.50    0.00  179.50    25  bt-mz.B.24
02:19:03        33237  170.50    0.00    0.00  170.50    37  bt-mz.B.24
02:19:03        33238  170.50    0.00    0.00  170.50     2  bt-mz.B.24
02:19:03        33239  170.50    0.00    0.00  170.50    14  bt-mz.B.24
02:19:03        33240  169.00    0.00    0.00  169.00    27  bt-mz.B.24
02:19:03        33241  168.00    0.00    0.00  168.00    15  bt-mz.B.24
02:19:03        33242  168.00    0.00    0.00  168.00     4  bt-mz.B.24
02:19:03        33244  172.00    0.00    0.00  172.00    40  bt-mz.B.24
02:19:03        33247  169.50    0.00    0.00  169.50    29  bt-mz.B.24
02:19:03        33248  169.00    0.50    0.00  169.50    41  bt-mz.B.24
02:19:03        33249  168.50    0.00    0.00  168.50     6  bt-mz.B.24
02:19:03        33251  170.00    0.00    0.00  170.00    42  bt-mz.B.24

02:19:03          PID    %usr %system  %guest    %CPU   CPU  Command
02:19:05          214    0.00    0.50    0.00    0.50    19  events/19
02:19:05          217    0.00    0.50    0.00    0.50    22  events/22
02:19:05         4119    0.00    0.50    0.00    0.50     8  kondemand/8
02:19:05         4123    0.00    0.50    0.00    0.50    12  kondemand/12
02:19:05         4127    0.00    0.50    0.00    0.50    16  kondemand/16
02:19:05         4137    0.00    0.50    0.00    0.50    26  kondemand/26
02:19:05         4151    0.00    0.50    0.00    0.50    40  kondemand/40
02:19:05        23393    1.00    0.00    0.00    1.00    39  gmond
02:19:05        33220    1.00    1.50    0.00    2.50    28  top
02:19:05        33222    1.00    2.50    0.00    3.50    10  pidstat
02:19:05        33224    1.00    3.00    0.00    4.00    28  pidstat
02:19:05        33226    0.00    0.50    0.00    0.50     0  iostat
02:19:05        33234  199.00    0.00    0.00  199.00     0  bt-mz.B.24
02:19:05        33235  183.50    0.00    0.00  183.50    12  bt-mz.B.24
02:19:05        33236  182.00    0.00    0.00  182.00    25  bt-mz.B.24
02:19:05        33237  173.00    0.00    0.00  173.00    37  bt-mz.B.24
02:19:05        33238  173.50    0.50    0.00  174.00     2  bt-mz.B.24
02:19:05        33239  173.00    0.00    0.00  173.00    14  bt-mz.B.24
02:19:05        33240  171.00    0.00    0.00  171.00    27  bt-mz.B.24
02:19:05        33241  170.00    0.00    0.00  170.00    15  bt-mz.B.24
02:19:05        33242  169.00    0.00    0.00  169.00     4  bt-mz.B.24
02:19:05        33244  174.00    0.00    0.00  174.00    40  bt-mz.B.24
02:19:05        33247  171.50    0.00    0.00  171.50    29  bt-mz.B.24
02:19:05        33248  172.00    0.00    0.00  172.00    41  bt-mz.B.24
02:19:05        33249  171.50    0.00    0.00  171.50     6  bt-mz.B.24
02:19:05        33251  172.00    0.00    0.00  172.00    42  bt-mz.B.24

02:19:05          PID    %usr %system  %guest    %CPU   CPU  Command
02:19:07         4117    0.00    0.50    0.00    0.50     6  kondemand/6
02:19:07         4125    0.00    0.50    0.00    0.50    14  kondemand/14
02:19:07         4135    0.00    0.50    0.00    0.50    24  kondemand/24
02:19:07         4150    0.00    0.50    0.00    0.50    39  kondemand/39
02:19:07         4152    0.00    0.50    0.00    0.50    41  kondemand/41
02:19:07         4174    0.00    0.50    0.00    0.50    23  kipmi0
02:19:07        23393    0.50    0.00    0.00    0.50    39  gmond
02:19:07        33220    0.50    1.00    0.00    1.50    28  top
02:19:07        33222    1.50    2.50    0.00    4.00    10  pidstat
02:19:07        33224    1.00    2.50    0.00    3.50    28  pidstat
02:19:07        33234  195.00    0.00    0.00  195.00     0  bt-mz.B.24
02:19:07        33235  179.50    0.00    0.00  179.50    12  bt-mz.B.24
02:19:07        33236  179.00    0.00    0.00  179.00    25  bt-mz.B.24
02:19:07        33237  170.00    0.00    0.00  170.00    37  bt-mz.B.24
02:19:07        33238  170.00    0.00    0.00  170.00     2  bt-mz.B.24
02:19:07        33239  170.00    0.00    0.00  170.00    14  bt-mz.B.24
02:19:07        33240  168.50    0.50    0.00  169.00    27  bt-mz.B.24
02:19:07        33241  167.00    0.00    0.00  167.00    15  bt-mz.B.24
02:19:07        33242  168.00    0.00    0.00  168.00     4  bt-mz.B.24
02:19:07        33244  171.00    0.00    0.00  171.00    40  bt-mz.B.24
02:19:07        33247  168.50    0.50    0.00  169.00    29  bt-mz.B.24
02:19:07        33248  168.50    0.00    0.00  168.50    41  bt-mz.B.24
02:19:07        33249  168.00    0.50    0.00  168.50     6  bt-mz.B.24
02:19:07        33251  169.50    0.00    0.00  169.50    42  bt-mz.B.24

02:19:07          PID    %usr %system  %guest    %CPU   CPU  Command
02:19:09         4113    0.00    0.50    0.00    0.50     2  kondemand/2
02:19:09         4130    0.00    0.50    0.00    0.50    19  kondemand/19
02:19:09         4134    0.00    0.50    0.00    0.50    23  kondemand/23
02:19:09         4140    0.00    0.50    0.00    0.50    29  kondemand/29
02:19:09         4149    0.00    0.50    0.00    0.50    38  kondemand/38
02:19:09         4153    0.00    0.50    0.00    0.50    42  kondemand/42
02:19:09         4174    0.00    0.50    0.00    0.50    23  kipmi0
02:19:09        23393    0.50    0.00    0.00    0.50    39  gmond
02:19:09        33214    0.00    0.50    0.00    0.50    20  mpirun
02:19:09        33220    1.00    1.00    0.00    2.00    28  top
02:19:09        33222    0.50    2.00    0.00    2.50    10  pidstat
02:19:09        33224    0.50    2.00    0.00    2.50    28  pidstat
02:19:09        33242  160.50    0.50    0.00  161.00     4  bt-mz.B.24
