Linux 2.6.32-279.14.1.el6.x86_64 (compute-662-5.local) 	04/21/20 	_x86_64_	(48 CPU)

02:16:55          PID    %usr %system  %guest    %CPU   CPU  Command
02:16:57          149    0.00    0.49    0.00    0.49    36  ksoftirqd/36
02:16:57         4114    0.00    0.49    0.00    0.49     3  kondemand/3
02:16:57         4128    0.00    0.49    0.00    0.49    17  kondemand/17
02:16:57         4134    0.00    0.49    0.00    0.49    23  kondemand/23
02:16:57         4136    0.00    0.49    0.00    0.49    25  kondemand/25
02:16:57         4143    0.00    0.49    0.00    0.49    32  kondemand/32
02:16:57         4147    0.00    0.49    0.00    0.49    36  kondemand/36
02:16:57         4174    0.00    0.49    0.00    0.49     0  kipmi0
02:16:57        23393    0.49    0.00    0.00    0.49    15  gmond
02:16:57        31767    4.88    1.46    0.00    6.34     0  mpirun
02:16:57        31773    0.98    0.98    0.00    1.95    25  top
02:16:57        31775    0.49    2.93    0.00    3.41    28  pidstat
02:16:57        31777    0.49    1.95    0.00    2.44    16  pidstat
02:16:57        31787  166.34    6.34    0.00  172.68    24  bt-mz.B.24
02:16:57        31788  152.68    6.83    0.00  159.51    12  bt-mz.B.24
02:16:57        31789  150.73    6.83    0.00  157.56     1  bt-mz.B.24
02:16:57        31790  144.88    7.32    0.00  152.20    37  bt-mz.B.24
02:16:57        31791  145.85    6.34    0.00  152.20    26  bt-mz.B.24
02:16:57        31792  144.39    6.34    0.00  150.73    14  bt-mz.B.24
02:16:57        31793  143.90    6.34    0.00  150.24    27  bt-mz.B.24
02:16:57        31794  141.95    6.83    0.00  148.78    15  bt-mz.B.24
02:16:57        31795  141.46    6.83    0.00  148.29     4  bt-mz.B.24
02:16:57        31797  144.39    5.85    0.00  150.24    40  bt-mz.B.24
02:16:57        31800  144.39    5.85    0.00  150.24    29  bt-mz.B.24
02:16:57        31801  142.93    6.83    0.00  149.76    17  bt-mz.B.24
02:16:57        31803  143.90    6.34    0.00  150.24    30  bt-mz.B.24
02:16:57        31804  144.39    6.34    0.00  150.73    18  bt-mz.B.24

02:16:57          PID    %usr %system  %guest    %CPU   CPU  Command
02:16:59         4118    0.00    0.50    0.00    0.50     7  kondemand/7
02:16:59         4122    0.00    0.50    0.00    0.50    11  kondemand/11
02:16:59         4123    0.00    0.50    0.00    0.50    12  kondemand/12
02:16:59         4126    0.00    0.50    0.00    0.50    15  kondemand/15
02:16:59         4137    0.00    0.50    0.00    0.50    26  kondemand/26
02:16:59         4139    0.00    0.50    0.00    0.50    28  kondemand/28
02:16:59         4149    0.00    0.50    0.00    0.50    38  kondemand/38
02:16:59        31773    1.00    1.00    0.00    2.00    25  top
02:16:59        31775    1.00    2.50    0.00    3.50    28  pidstat
02:16:59        31777    1.50    3.50    0.00    5.00    16  pidstat
02:16:59        31787  196.00    0.00    0.00  196.00    24  bt-mz.B.24
02:16:59        31788  180.50    0.00    0.00  180.50    12  bt-mz.B.24
02:16:59        31789  178.00    0.50    0.00  178.50     1  bt-mz.B.24
02:16:59        31790  170.50    0.00    0.00  170.50    37  bt-mz.B.24
02:16:59        31791  171.50    0.00    0.00  171.50    26  bt-mz.B.24
02:16:59        31792  170.50    0.50    0.00  171.00    14  bt-mz.B.24
02:16:59        31793  169.00    0.00    0.00  169.00    27  bt-mz.B.24
02:16:59        31794  168.00    0.00    0.00  168.00    15  bt-mz.B.24
02:16:59        31795  169.50    0.00    0.00  169.50     4  bt-mz.B.24
02:16:59        31797  171.00    0.00    0.00  171.00    40  bt-mz.B.24
02:16:59        31800  169.50    0.00    0.00  169.50    29  bt-mz.B.24
02:16:59        31801  169.00    0.00    0.00  169.00    17  bt-mz.B.24
02:16:59        31803  169.00    0.00    0.00  169.00    30  bt-mz.B.24
02:16:59        31804  169.50    0.00    0.00  169.50    18  bt-mz.B.24

02:16:59          PID    %usr %system  %guest    %CPU   CPU  Command
02:17:01         4113    0.00    0.50    0.00    0.50     2  kondemand/2
02:17:01         4116    0.00    0.50    0.00    0.50     5  kondemand/5
02:17:01         4133    0.00    0.50    0.00    0.50    22  kondemand/22
02:17:01        23393    0.50    0.00    0.00    0.50    39  gmond
02:17:01        31773    1.00    1.00    0.00    2.00    25  top
02:17:01        31775    1.50    2.50    0.00    4.00    28  pidstat
02:17:01        31777    1.00    3.00    0.00    4.00    16  pidstat
02:17:01        31787  198.50    0.00    0.00  198.50    24  bt-mz.B.24
02:17:01        31788  182.50    0.00    0.00  182.50    12  bt-mz.B.24
02:17:01        31789  180.00    0.00    0.00  180.00    25  bt-mz.B.24
02:17:01        31790  172.50    0.00    0.00  172.50    37  bt-mz.B.24
02:17:01        31791  173.00    0.00    0.00  173.00    26  bt-mz.B.24
02:17:01        31792  172.50    0.00    0.00  172.50    14  bt-mz.B.24
02:17:01        31793  171.00    0.00    0.00  171.00    27  bt-mz.B.24
02:17:01        31794  169.50    0.00    0.00  169.50    15  bt-mz.B.24
02:17:01        31795  168.00    0.00    0.00  168.00     4  bt-mz.B.24
02:17:01        31797  171.00    0.50    0.00  171.50    40  bt-mz.B.24
02:17:01        31800  171.00    0.00    0.00  171.00    29  bt-mz.B.24
02:17:01        31801  171.00    0.00    0.00  171.00    17  bt-mz.B.24
02:17:01        31803  170.50    0.00    0.00  170.50    30  bt-mz.B.24
02:17:01        31804  172.00    0.50    0.00  172.50    18  bt-mz.B.24

02:17:01          PID    %usr %system  %guest    %CPU   CPU  Command
02:17:03          242    0.00    0.50    0.00    0.50    47  events/47
02:17:03         4112    0.00    0.50    0.00    0.50     1  kondemand/1
02:17:03         4115    0.00    0.50    0.00    0.50     4  kondemand/4
02:17:03         4135    0.00    0.50    0.00    0.50    24  kondemand/24
02:17:03         4142    0.00    0.50    0.00    0.50    31  kondemand/31
02:17:03         4146    0.00    0.50    0.00    0.50    35  kondemand/35
02:17:03         4150    0.00    0.50    0.00    0.50    39  kondemand/39
02:17:03         4152    0.00    0.50    0.00    0.50    41  kondemand/41
02:17:03         4155    0.00    0.50    0.00    0.50    44  kondemand/44
02:17:03        23393    0.50    0.00    0.00    0.50    39  gmond
02:17:03        31773    1.00    1.00    0.00    2.00    25  top
02:17:03        31775    1.00    3.00    0.00    4.00    28  pidstat
02:17:03        31777    1.50    3.00    0.00    4.50    16  pidstat
02:17:03        31787  195.50    0.00    0.00  195.50    24  bt-mz.B.24
02:17:03        31788  180.50    0.00    0.00  180.50    12  bt-mz.B.24
02:17:03        31789  178.00    0.00    0.00  178.00     1  bt-mz.B.24
02:17:03        31790  170.50    0.00    0.00  170.50    37  bt-mz.B.24
02:17:03        31791  170.50    0.00    0.00  170.50    26  bt-mz.B.24
02:17:03        31792  170.50    0.00    0.00  170.50    14  bt-mz.B.24
02:17:03        31793  168.50    0.00    0.00  168.50    27  bt-mz.B.24
02:17:03        31794  167.50    0.00    0.00  167.50    15  bt-mz.B.24
02:17:03        31795  169.50    0.00    0.00  169.50     4  bt-mz.B.24
02:17:03        31797  172.50    0.00    0.00  172.50    40  bt-mz.B.24
02:17:03        31800  169.00    0.50    0.00  169.50    29  bt-mz.B.24
02:17:03        31801  169.50    0.00    0.00  169.50    17  bt-mz.B.24
02:17:03        31803  169.00    0.00    0.00  169.00    30  bt-mz.B.24
02:17:03        31804  169.50    0.00    0.00  169.50    18  bt-mz.B.24

02:17:03          PID    %usr %system  %guest    %CPU   CPU  Command
02:17:05         4111    0.00    0.50    0.00    0.50     0  kondemand/0
02:17:05         4131    0.00    0.50    0.00    0.50    20  kondemand/20
02:17:05         4144    0.00    0.50    0.00    0.50    33  kondemand/33
02:17:05         4189    0.00    0.50    0.00    0.50     0  irqbalance
02:17:05        31767    0.00    0.50    0.00    0.50     0  mpirun
02:17:05        31773    1.00    1.00    0.00    2.00    25  top
02:17:05        31775    1.00    2.50    0.00    3.50     4  pidstat
02:17:05        31777    0.50    2.50    0.00    3.00    40  pidstat
02:17:05        31779    0.00    0.50    0.00    0.50     6  iostat
02:17:05        31787  198.50    0.00    0.00  198.50    24  bt-mz.B.24
02:17:05        31788  182.50    0.00    0.00  182.50    12  bt-mz.B.24
02:17:05        31789  180.50    0.50    0.00  181.00     1  bt-mz.B.24
02:17:05        31790  172.50    0.00    0.00  172.50    37  bt-mz.B.24
02:17:05        31791  173.50    0.00    0.00  173.50    26  bt-mz.B.24
02:17:05        31792  172.50    0.00    0.00  172.50    14  bt-mz.B.24
02:17:05        31793  171.00    0.00    0.00  171.00    27  bt-mz.B.24
02:17:05        31794  169.50    0.00    0.00  169.50    15  bt-mz.B.24
02:17:05        31795  168.50    0.00    0.00  168.50    28  bt-mz.B.24
02:17:05        31797  171.50    0.00    0.00  171.50    16  bt-mz.B.24
02:17:05        31800  171.00    0.00    0.00  171.00    29  bt-mz.B.24
02:17:05        31801  171.00    0.00    0.00  171.00    17  bt-mz.B.24
02:17:05        31803  170.50    0.00    0.00  170.50    30  bt-mz.B.24
02:17:05        31804  172.00    0.00    0.00  172.00    18  bt-mz.B.24

02:17:05          PID    %usr %system  %guest    %CPU   CPU  Command
02:17:07          206    0.00    0.50    0.00    0.50    11  events/11
02:17:07         4117    0.00    0.50    0.00    0.50     6  kondemand/6
02:17:07         4119    0.00    0.50    0.00    0.50     8  kondemand/8
02:17:07         4121    0.00    0.50    0.00    0.50    10  kondemand/10
02:17:07         4124    0.00    0.50    0.00    0.50    13  kondemand/13
02:17:07         4129    0.00    0.50    0.00    0.50    18  kondemand/18
02:17:07         4132    0.00    0.50    0.00    0.50    21  kondemand/21
02:17:07         4157    0.00    0.50    0.00    0.50    46  kondemand/46
02:17:07         4888    0.50    1.00    0.00    1.50     2  pbs_mom
02:17:07        23393    0.50    0.00    0.00    0.50    39  gmond
02:17:07        31773    1.00    1.00    0.00    2.00    25  top
02:17:07        31775    1.00    3.00    0.00    4.00     4  pidstat
02:17:07        31777    1.00    3.50    0.00    4.50    40  pidstat
02:17:07        31787  195.50    0.50    0.00  196.00    24  bt-mz.B.24
02:17:07        31788  180.00    0.00    0.00  180.00    12  bt-mz.B.24
02:17:07        31789  178.00    0.50    0.00  178.50     1  bt-mz.B.24
02:17:07        31790  171.00    0.00    0.00  171.00    37  bt-mz.B.24
02:17:07        31791  170.00    0.00    0.00  170.00    26  bt-mz.B.24
02:17:07        31792  170.50    0.00    0.00  170.50    14  bt-mz.B.24
02:17:07        31793  169.00    0.00    0.00  169.00    27  bt-mz.B.24
02:17:07        31794  168.00    0.00    0.00  168.00    15  bt-mz.B.24
02:17:07        31795  168.50    0.00    0.00  168.50    28  bt-mz.B.24
02:17:07        31797  171.50    0.00    0.00  171.50    16  bt-mz.B.24
02:17:07        31800  169.50    0.00    0.00  169.50    29  bt-mz.B.24
02:17:07        31801  169.00    0.00    0.00  169.00    17  bt-mz.B.24
02:17:07        31803  169.00    0.00    0.00  169.00    30  bt-mz.B.24
02:17:07        31804  170.00    0.00    0.00  170.00    18  bt-mz.B.24
