Linux 2.6.32-279.14.1.el6.x86_64 (compute-641-14.local) 	04/21/20 	_x86_64_	(32 CPU)

02:13:21     CPU    %usr   %nice    %sys %iowait    %irq   %soft  %steal  %guest   %idle
02:13:23     all   66.40    0.00    7.85    0.00    0.00    0.11    0.00    0.00   25.64
02:13:25     all   90.90    0.00    3.80    0.00    0.00    0.08    0.00    0.00    5.22
02:13:27     all   82.93    0.00    7.16    0.00    0.00    0.11    0.00    0.00    9.80
02:13:29     all   89.12    0.00    4.61    0.00    0.00    0.09    0.00    0.00    6.17
02:13:31     all   90.04    0.00    4.16    0.00    0.00    0.08    0.00    0.00    5.72
02:13:33     all   88.33    0.00    4.92    0.00    0.00    0.11    0.00    0.00    6.64
02:13:35     all   88.75    0.00    4.72    0.00    0.00    0.11    0.00    0.00    6.42
02:13:37     all   90.98    0.00    3.83    0.00    0.00    0.08    0.00    0.00    5.11
02:13:39     all   83.23    0.00    7.16    0.00    0.00    0.08    0.00    0.00    9.54
02:13:41     all   88.44    0.00    4.87    0.00    0.00    0.14    0.00    0.00    6.55
02:13:43     all   90.97    0.00    3.81    0.00    0.00    0.06    0.00    0.00    5.16
02:13:45     all   88.51    0.00    4.86    0.00    0.00    0.11    0.00    0.00    6.52
02:13:47     all   88.14    0.00    5.00    0.00    0.00    0.11    0.00    0.00    6.75
02:13:49     all   84.70    0.00    6.47    0.00    0.00    0.08    0.00    0.00    8.75
02:13:51     all   88.58    0.00    4.88    0.00    0.00    0.09    0.00    0.00    6.45
02:13:53     all   88.36    0.00    4.92    0.00    0.00    0.09    0.00    0.00    6.63
02:13:55     all   91.11    0.00    3.81    0.00    0.00    0.08    0.00    0.00    5.00
02:13:57     all   88.17    0.00    5.00    0.00    0.00    0.11    0.00    0.00    6.72
02:13:59     all   87.67    0.00    5.27    0.00    0.00    0.08    0.00    0.00    6.99
02:14:01     all   90.36    0.00    4.11    0.00    0.00    0.08    0.00    0.00    5.45
02:14:03     all   88.84    0.00    4.80    0.00    0.00    0.09    0.00    0.00    6.27
02:14:05     all   87.68    0.00    5.20    0.00    0.00    0.09    0.00    0.00    7.02
02:14:07     all   89.22    0.00    4.59    0.00    0.00    0.08    0.00    0.00    6.11
02:14:09     all   89.28    0.00    4.53    0.00    0.00    0.08    0.00    0.00    6.11
02:14:11     all   81.99    0.00    7.61    0.00    0.00    0.08    0.00    0.00   10.32
02:14:13     all   90.55    0.00    3.97    0.00    0.00    0.08    0.00    0.00    5.41
02:14:15     all   88.14    0.00    4.97    0.00    0.00    0.09    0.00    0.00    6.80
02:14:17     all   88.12    0.00    5.11    0.00    0.00    0.11    0.00    0.00    6.66
02:14:19     all   90.73    0.00    3.91    0.00    0.00    0.06    0.00    0.00    5.30
02:14:21     all   82.98    0.00    7.22    0.00    0.00    0.09    0.00    0.00    9.71
02:14:23     all   88.05    0.00    5.00    0.00    0.00    0.09    0.00    0.00    6.86
02:14:25     all   88.42    0.00    4.86    0.00    0.00    0.09    0.00    0.00    6.62
02:14:27     all   88.23    0.00    4.97    0.00    0.00    0.09    0.00    0.00    6.71
02:14:29     all   84.86    0.00    6.39    0.00    0.00    0.08    0.00    0.00    8.67
02:14:31     all   87.90    0.00    5.13    0.00    0.00    0.13    0.00    0.00    6.84
02:14:33     all   87.94    0.00    5.11    0.00    0.00    0.09    0.00    0.00    6.86
02:14:35     all   90.93    0.00    3.91    0.00    0.00    0.05    0.00    0.00    5.11
02:14:37     all   88.91    0.00    4.73    0.00    0.00    0.11    0.00    0.00    6.25
02:14:39     all   88.17    0.00    4.94    0.00    0.00    0.11    0.00    0.00    6.78
02:14:41     all   87.74    0.00    5.17    0.00    0.00    0.09    0.00    0.00    6.99
02:14:43     all   90.95    0.00    3.89    0.00    0.00    0.06    0.00    0.00    5.09
02:14:45     all   88.60    0.00    4.86    0.00    0.00    0.09    0.00    0.00    6.44
02:14:47     all   87.81    0.00    5.11    0.00    0.00    0.13    0.00    0.00    6.96
02:14:49     all   91.25    0.00    3.75    0.00    0.00    0.05    0.00    0.00    4.95
02:14:51     all   88.95    0.00    4.77    0.00    0.00    0.09    0.00    0.00    6.19
02:14:53     all   88.57    0.00    4.83    0.00    0.00    0.09    0.00    0.00    6.50
02:14:55     all   88.64    0.00    4.83    0.00    0.00    0.09    0.00    0.00    6.44
02:14:57     all   91.26    0.00    3.72    0.00    0.00    0.06    0.00    0.00    4.95
02:14:59     all   88.76    0.00    4.77    0.00    0.00    0.09    0.00    0.00    6.38
02:15:01     all   88.58    0.00    4.83    0.00    0.00    0.09    0.00    0.00    6.50
02:15:03     all   90.00    0.00    4.30    0.00    0.00    0.06    0.00    0.00    5.64
02:15:05     all   89.22    0.00    4.56    0.00    0.00    0.11    0.00    0.00    6.11
02:15:07     all   88.73    0.00    4.80    0.00    0.00    0.08    0.00    0.00    6.39
02:15:09     all   88.43    0.00    4.89    0.00    0.00    0.09    0.00    0.00    6.58
02:15:11     all   91.09    0.00    3.83    0.00    0.00    0.08    0.00    0.00    5.00
