procs -----------memory---------- ---swap-- -----io---- --system-- -----cpu-----
 r  b   swpd   free   buff  cache   si   so    bi    bo   in   cs us sy id wa st
10  0      0 64501928 215344 423512    0    0     0     1    0    0 38  2 60  0  0	
34  0      0 64159424 215344 450412    0    0     0     0 29765 23860 62  5 32  0  0	
28  0      0 64159324 215344 450472    0    0     0    10 27281 8845 81  0 19  0  0	
30  0      0 64162604 215344 450532    0    0     0   126 28028 9161 84  0 16  0  0	
27  0      0 64165636 215344 450596    0    0     0     0 26643 8658 80  0 20  0  0	
26  0      0 64166528 215344 450656    0    0     0     0 27603 9060 83  0 17  0  0	
27  0      0 64169500 215344 450716    0    0     0     8 26932 8916 80  0 20  0  0	
27  0      0 64171980 215344 450784    0    0     0     0 26827 8775 80  0 20  0  0	
27  0      0 64173144 215344 450844    0    0     0     0 27007 9089 81  0 19  0  0	
31  0      0 64175728 215344 450904    0    0     0     0 27846 9060 83  0 17  0  0	
31  0      0 64177508 215344 450968    0    0     0     0 26836 9209 80  0 20  0  0	
27  0      0 64177848 215344 451028    0    0     0     8 26757 9099 80  0 20  0  0	
25  0      0 64178084 215344 451092    0    0     0    84 26872 8370 80  0 19  0  0	
33  0      0 64177936 215344 451156    0    0     0     0 26189 8708 78  0 21  0  0	
29  0      0 64177936 215344 451216    0    0     0     0 26414 8525 79  0 21  0  0	
42  0      0 64177812 215344 451284    0    0     0     8 26493 8583 79  0 21  0  0	
25  0      0 64177804 215344 451284    0    0     0     0 27046 8920 81  0 19  0  0	
29  0      0 64177432 215344 451404    0    0     0  6096 28979 9092 80  0 20  0  0	
47  0      0 64177456 215344 451416    0    0     0    14 28015 9398 83  0 16  0  0	
32  0      0 64177192 215344 451476    0    0     0     0 28669 9207 85  0 15  0  0	
24  0      0 64177316 215344 451540    0    0     0  1372 27878 8743 81  0 19  0  0	
procs -----------memory---------- ---swap-- -----io---- --system-- -----cpu-----
 r  b   swpd   free   buff  cache   si   so    bi    bo   in   cs us sy id wa st
27  0      0 64177384 215344 451604    0    0     0     0 26648 8740 80  0 20  0  0	
44  0      0 64177376 215344 451664    0    0     0    16 26917 9131 81  0 19  0  0	
25  0      0 64177252 215344 451724    0    0     0     0 27092 8951 81  0 19  0  0	
26  0      0 64177236 215344 451788    0    0     0     0 26625 9341 80  0 20  0  0	
