Linux 2.6.32-279.14.1.el6.x86_64 (compute-641-14.local) 	04/21/20 	_x86_64_	(32 CPU)

03:02:37     CPU    %usr   %nice    %sys %iowait    %irq   %soft  %steal  %guest   %idle
03:02:39     all   62.39    0.00    4.51    0.00    0.00    0.09    0.00    0.00   33.01
03:02:41     all   82.84    0.00    0.19    0.00    0.00    0.00    0.00    0.00   16.98
03:02:43     all   82.98    0.00    0.22    0.00    0.00    0.00    0.00    0.00   16.80
03:02:45     all   79.54    0.00    0.17    0.00    0.00    0.00    0.00    0.00   20.28
03:02:47     all   81.75    0.00    0.17    0.00    0.00    0.00    0.00    0.00   18.08
03:02:49     all   81.68    0.00    0.14    0.00    0.00    0.00    0.00    0.00   18.18
03:02:51     all   81.48    0.00    0.17    0.00    0.00    0.00    0.00    0.00   18.34
03:02:53     all   81.03    0.00    0.19    0.00    0.00    0.00    0.00    0.00   18.78
03:02:55     all   81.09    0.00    0.19    0.00    0.00    0.00    0.00    0.00   18.72
03:02:57     all   82.45    0.00    0.17    0.00    0.00    0.00    0.00    0.00   17.38
03:02:59     all   82.51    0.00    0.17    0.00    0.00    0.00    0.00    0.00   17.32
03:03:01     all   82.60    0.00    0.17    0.00    0.00    0.00    0.00    0.00   17.22
03:03:03     all   84.09    0.00    0.20    0.00    0.00    0.00    0.00    0.00   15.71
03:03:05     all   81.34    0.00    0.17    0.00    0.00    0.00    0.00    0.00   18.49
03:03:07     all   82.26    0.00    0.19    0.00    0.00    0.00    0.00    0.00   17.56
03:03:09     all   82.77    0.00    0.20    0.00    0.00    0.00    0.00    0.00   17.03
03:03:11     all   81.47    0.00    0.20    0.02    0.00    0.00    0.00    0.00   18.32
03:03:13     all   80.44    0.00    0.19    0.00    0.00    0.00    0.00    0.00   19.37
03:03:15     all   81.43    0.00    0.17    0.00    0.00    0.00    0.00    0.00   18.40
03:03:17     all   81.08    0.00    0.20    0.02    0.00    0.00    0.00    0.00   18.70
03:03:19     all   81.10    0.00    0.17    0.00    0.00    0.00    0.00    0.00   18.72
03:03:21     all   81.66    0.00    0.19    0.00    0.00    0.00    0.00    0.00   18.16
03:03:23     all   83.04    0.00    0.20    0.00    0.00    0.00    0.00    0.00   16.75
03:03:25     all   80.25    0.00    0.17    0.00    0.00    0.00    0.00    0.00   19.57
