Linux 2.6.32-279.14.1.el6.x86_64 (compute-641-14.local) 	04/21/20 	_x86_64_	(32 CPU)

02:12:36          PID    %usr %system  %guest    %CPU   CPU  Command
02:12:38         3134    0.00    0.49    0.00    0.49     1  kondemand/1
02:12:38         3145    0.00    0.49    0.00    0.49    12  kondemand/12
02:12:38         3149    0.00    0.49    0.00    0.49    16  kondemand/16
02:12:38         3151    0.00    0.49    0.00    0.49    18  kondemand/18
02:12:38         3163    0.00    0.49    0.00    0.49    30  kondemand/30
02:12:38         4128    0.49    0.00    0.00    0.49     0  gmond
02:12:38        10768    3.45    1.48    0.00    4.93     2  mpirun
02:12:38        10774    0.49    0.49    0.00    0.99    10  top
02:12:38        10776    0.49    1.48    0.00    1.97    16  pidstat
02:12:38        10778    0.49    0.99    0.00    1.48     5  pidstat
02:12:38        10788  142.86    8.87    0.00  151.72     0  bt-mz.B.32
02:12:38        10789  133.00   13.30    0.00  146.31     1  bt-mz.B.32
02:12:38        10790  129.56   14.78    0.00  144.33    18  bt-mz.B.32
02:12:38        10791  122.17   14.78    0.00  136.95    19  bt-mz.B.32
02:12:38        10792  115.76   18.23    0.00  133.99    20  bt-mz.B.32
02:12:38        10793  111.33   19.70    0.00  131.03    21  bt-mz.B.32
02:12:38        10794  105.91   22.17    0.00  128.08    22  bt-mz.B.32
02:12:38        10795  106.40   22.66    0.00  129.06    23  bt-mz.B.32
02:12:38        10796  105.91   22.17    0.00  128.08    24  bt-mz.B.32
02:12:38        10798  102.96   21.67    0.00  124.63     9  bt-mz.B.32
02:12:38        10801  102.96   25.62    0.00  128.57    26  bt-mz.B.32
02:12:38        10803  102.96   26.11    0.00  129.06    27  bt-mz.B.32
02:12:38        10806   97.54   28.08    0.00  125.62    28  bt-mz.B.32
02:12:38        10809   99.51   28.57    0.00  128.08    29  bt-mz.B.32

02:12:38          PID    %usr %system  %guest    %CPU   CPU  Command
02:12:40         3136    0.00    0.50    0.00    0.50     3  kondemand/3
02:12:40         3156    0.00    0.50    0.00    0.50    23  kondemand/23
02:12:40         4128    0.00    0.50    0.00    0.50     0  gmond
02:12:40        10774    0.50    1.00    0.00    1.50    10  top
02:12:40        10776    0.50    1.50    0.00    2.00    16  pidstat
02:12:40        10778    1.00    2.00    0.00    3.00     5  pidstat
02:12:40        10788  187.50    1.00    0.00  188.50    16  bt-mz.B.32
02:12:40        10789  170.00    9.50    0.00  179.50     1  bt-mz.B.32
02:12:40        10790  168.00    9.50    0.00  177.50    18  bt-mz.B.32
02:12:40        10791  152.00   12.50    0.00  164.50    19  bt-mz.B.32
02:12:40        10792  147.50   16.00    0.00  163.50    20  bt-mz.B.32
02:12:40        10793  144.50   16.00    0.00  160.50    21  bt-mz.B.32
02:12:40        10794  130.50   22.50    0.00  153.00    22  bt-mz.B.32
02:12:40        10795  128.00   23.00    0.00  151.00    23  bt-mz.B.32
02:12:40        10796  130.50   22.00    0.00  152.50    24  bt-mz.B.32
02:12:40        10798  128.00   21.00    0.00  149.00     9  bt-mz.B.32
02:12:40        10801  125.50   26.00    0.00  151.50    26  bt-mz.B.32
02:12:40        10803  123.00   30.00    0.00  153.00    27  bt-mz.B.32
02:12:40        10806  123.00   29.50    0.00  152.50    28  bt-mz.B.32
02:12:40        10809  120.00   32.00    0.00  152.00    29  bt-mz.B.32

02:12:40          PID    %usr %system  %guest    %CPU   CPU  Command
02:12:42         3180    0.00    0.50    0.00    0.50    17  kipmi0
02:12:42         4128    0.00    0.50    0.00    0.50     0  gmond
02:12:42        10774    0.50    0.50    0.00    1.00    10  top
02:12:42        10776    0.50    2.00    0.00    2.50    16  pidstat
02:12:42        10778    0.00    1.50    0.00    1.50     5  pidstat
02:12:42        10788  186.00    0.50    0.00  186.50     0  bt-mz.B.32
02:12:42        10789  172.00    8.00    0.00  180.00     1  bt-mz.B.32
02:12:42        10790  169.50    9.50    0.00  179.00    18  bt-mz.B.32
02:12:42        10791  151.50   13.50    0.00  165.00    19  bt-mz.B.32
02:12:42        10792  149.50   14.50    0.00  164.00    20  bt-mz.B.32
02:12:42        10793  145.50   17.00    0.00  162.50     5  bt-mz.B.32
02:12:42        10794  133.00   20.50    0.00  153.50    22  bt-mz.B.32
02:12:42        10795  127.50   23.50    0.00  151.00    23  bt-mz.B.32
02:12:42        10796  131.00   22.00    0.00  153.00    24  bt-mz.B.32
02:12:42        10798  130.50   20.00    0.00  150.50     9  bt-mz.B.32
02:12:42        10801  127.50   26.50    0.00  154.00    26  bt-mz.B.32
02:12:42        10803  125.00   28.00    0.00  153.00    27  bt-mz.B.32
02:12:42        10806  124.00   29.00    0.00  153.00    28  bt-mz.B.32
02:12:42        10809  122.50   30.00    0.00  152.50    29  bt-mz.B.32

02:12:42          PID    %usr %system  %guest    %CPU   CPU  Command
02:12:44        10774    0.50    1.00    0.00    1.50    10  top
02:12:44        10776    1.00    1.50    0.00    2.50    16  pidstat
02:12:44        10778    1.00    2.50    0.00    3.50    21  pidstat
02:12:44        10788  193.00    0.00    0.00  193.00     0  bt-mz.B.32
02:12:44        10789  174.00    9.00    0.00  183.00     1  bt-mz.B.32
02:12:44        10790  172.00    9.00    0.00  181.00    18  bt-mz.B.32
02:12:44        10791  153.50   13.50    0.00  167.00    19  bt-mz.B.32
02:12:44        10792  152.50   14.50    0.00  167.00    20  bt-mz.B.32
02:12:44        10793  147.00   16.50    0.00  163.50     5  bt-mz.B.32
02:12:44        10794  131.00   22.50    0.00  153.50    22  bt-mz.B.32
02:12:44        10795  129.00   23.00    0.00  152.00    23  bt-mz.B.32
02:12:44        10796  131.00   22.50    0.00  153.50    24  bt-mz.B.32
02:12:44        10798  133.00   19.50    0.00  152.50     9  bt-mz.B.32
02:12:44        10801  127.00   26.50    0.00  153.50    26  bt-mz.B.32
02:12:44        10803  125.00   29.00    0.00  154.00    27  bt-mz.B.32
02:12:44        10806  125.50   29.50    0.00  155.00    28  bt-mz.B.32
02:12:44        10809  121.00   32.00    0.00  153.00    29  bt-mz.B.32

02:12:44          PID    %usr %system  %guest    %CPU   CPU  Command
02:12:46           89    0.00    0.50    0.00    0.50    21  ksoftirqd/21
02:12:46         3135    0.00    0.50    0.00    0.50     2  kondemand/2
02:12:46         3159    0.00    0.50    0.00    0.50    26  kondemand/26
02:12:46         3161    0.00    0.50    0.00    0.50    28  kondemand/28
02:12:46         4128    0.00    0.50    0.00    0.50     0  gmond
02:12:46        10768    0.00    0.50    0.00    0.50     2  mpirun
02:12:46        10774    0.50    0.50    0.00    1.00    10  top
02:12:46        10776    1.00    1.50    0.00    2.50    16  pidstat
02:12:46        10778    0.50    2.00    0.00    2.50    21  pidstat
02:12:46        10788  188.00    0.50    0.00  188.50     0  bt-mz.B.32
02:12:46        10789  171.00    8.00    0.00  179.00     1  bt-mz.B.32
02:12:46        10790  168.50    9.00    0.00  177.50    18  bt-mz.B.32
02:12:46        10791  150.00   13.00    0.00  163.00    19  bt-mz.B.32
02:12:46        10792  147.50   15.50    0.00  163.00    20  bt-mz.B.32
02:12:46        10793  144.50   16.00    0.00  160.50     5  bt-mz.B.32
02:12:46        10794  130.00   21.50    0.00  151.50    22  bt-mz.B.32
02:12:46        10795  127.50   23.00    0.00  150.50    23  bt-mz.B.32
02:12:46        10796  130.00   21.00    0.00  151.00    24  bt-mz.B.32
02:12:46        10798  127.00   21.00    0.00  148.00     9  bt-mz.B.32
02:12:46        10801  125.00   26.00    0.00  151.00    26  bt-mz.B.32
02:12:46        10803  124.50   27.50    0.00  152.00    27  bt-mz.B.32
02:12:46        10806  121.00   30.00    0.00  151.00    28  bt-mz.B.32
02:12:46        10809  120.00   30.50    0.00  150.50    29  bt-mz.B.32

02:12:46          PID    %usr %system  %guest    %CPU   CPU  Command
02:12:48        10774    0.50    1.00    0.00    1.50    10  top
02:12:48        10776    0.50    2.00    0.00    2.50     0  pidstat
02:12:48        10778    0.50    1.00    0.00    1.50    21  pidstat
02:12:48        10788  187.50    0.50    0.00  188.00     0  bt-mz.B.32
02:12:48        10789  171.50    8.50    0.00  180.00     1  bt-mz.B.32
02:12:48        10790  170.50    9.00    0.00  179.50    18  bt-mz.B.32
02:12:48        10791  150.00   13.50    0.00  163.50    19  bt-mz.B.32
02:12:48        10792  147.00   16.50    0.00  163.50    20  bt-mz.B.32
02:12:48        10793  145.00   16.50    0.00  161.50    21  bt-mz.B.32
02:12:48        10794  130.00   22.50    0.00  152.50    22  bt-mz.B.32
02:12:48        10795  128.50   23.50    0.00  152.00    23  bt-mz.B.32
02:12:48        10796  129.50   22.50    0.00  152.00    24  bt-mz.B.32
02:12:48        10798  129.00   20.50    0.00  149.50     9  bt-mz.B.32
02:12:48        10801  125.00   27.00    0.00  152.00    10  bt-mz.B.32
02:12:48        10803  123.50   28.50    0.00  152.00    27  bt-mz.B.32
02:12:48        10806  123.00   28.50    0.00  151.50    28  bt-mz.B.32
02:12:48        10809  120.00   32.00    0.00  152.00    29  bt-mz.B.32

02:12:48          PID    %usr %system  %guest    %CPU   CPU  Command
02:12:50         3137    0.00    0.50    0.00    0.50     4  kondemand/4
02:12:50         3138    0.00    0.50    0.00    0.50     5  kondemand/5
02:12:50         3146    0.00    0.50    0.00    0.50    13  kondemand/13
02:12:50         3164    0.00    0.50    0.00    0.50    31  kondemand/31
02:12:50         3180    0.00    0.50    0.00    0.50    17  kipmi0
02:12:50         4128    0.00    0.50    0.00    0.50     0  gmond
02:12:50        10774    0.50    1.00    0.00    1.50    26  top
02:12:50        10776    0.50    2.00    0.00    2.50     0  pidstat
02:12:50        10778    1.00    1.50    0.00    2.50     5  pidstat
02:12:50        10788  189.00    0.00    0.00  189.00    16  bt-mz.B.32
02:12:50        10789  171.50    8.00    0.00  179.50     1  bt-mz.B.32
02:12:50        10790  168.50    9.00    0.00  177.50    18  bt-mz.B.32
02:12:50        10791  152.00   13.50    0.00  165.50    19  bt-mz.B.32
02:12:50        10792  147.00   16.00    0.00  163.00    20  bt-mz.B.32
02:12:50        10793  145.00   16.50    0.00  161.50    21  bt-mz.B.32
02:12:50        10794  133.50   20.00    0.00  153.50    22  bt-mz.B.32
02:12:50        10795  131.50   21.50    0.00  153.00    23  bt-mz.B.32
02:12:50        10796  129.00   24.00    0.00  153.00    24  bt-mz.B.32
02:12:50        10798  128.00   21.50    0.00  149.50     9  bt-mz.B.32
02:12:50        10801  128.50   24.50    0.00  153.00    10  bt-mz.B.32
02:12:50        10803  125.50   29.00    0.00  154.50    27  bt-mz.B.32
02:12:50        10806  121.50   30.00    0.00  151.50    28  bt-mz.B.32
02:12:50        10809  121.50   31.00    0.00  152.50    29  bt-mz.B.32

02:12:50          PID    %usr %system  %guest    %CPU   CPU  Command
02:12:52         3155    0.00    0.50    0.00    0.50    22  kondemand/22
02:12:52         4128    0.00    0.50    0.00    0.50     0  gmond
02:12:52        10774    0.50    0.50    0.00    1.00    26  top
02:12:52        10776    1.00    1.50    0.00    2.50     0  pidstat
02:12:52        10778    0.50    2.00    0.00    2.50     4  pidstat
02:12:52        10780    0.00    0.50    0.00    0.50    11  iostat
02:12:52        10788  189.00    0.50    0.00  189.50    16  bt-mz.B.32
02:12:52        10789  170.00   10.00    0.00  180.00     1  bt-mz.B.32
02:12:52        10790  169.00    9.50    0.00  178.50    18  bt-mz.B.32
02:12:52        10791  153.00   13.50    0.00  166.50    19  bt-mz.B.32
02:12:52        10792  149.50   14.50    0.00  164.00    20  bt-mz.B.32
02:12:52        10793  144.00   18.50    0.00  162.50    21  bt-mz.B.32
02:12:52        10794  133.50   21.50    0.00  155.00    22  bt-mz.B.32
02:12:52        10795  131.00   22.50    0.00  153.50    23  bt-mz.B.32
02:12:52        10796  133.00   21.50    0.00  154.50    24  bt-mz.B.32
02:12:52        10798  129.50   20.00    0.00  149.50     9  bt-mz.B.32
02:12:52        10801  128.00   27.00    0.00  155.00    10  bt-mz.B.32
02:12:52        10803  128.00   27.00    0.00  155.00    27  bt-mz.B.32
02:12:52        10806  122.00   30.50    0.00  152.50    28  bt-mz.B.32
02:12:52        10809  125.00   29.50    0.00  154.50    29  bt-mz.B.32

02:12:52          PID    %usr %system  %guest    %CPU   CPU  Command
02:12:54          109    0.00    0.50    0.00    0.50    26  ksoftirqd/26
02:12:54         3133    0.00    0.50    0.00    0.50     0  kondemand/0
02:12:54         3148    0.00    0.50    0.00    0.50    15  kondemand/15
02:12:54         3180    0.00    0.50    0.00    0.50    17  kipmi0
02:12:54         3684    0.00    0.50    0.00    0.50     2  snmpd
02:12:54        10774    0.50    1.00    0.00    1.49    26  top
02:12:54        10776    0.50    1.99    0.00    2.49    16  pidstat
02:12:54        10778    1.00    1.99    0.00    2.99     5  pidstat
02:12:54        10788  188.06    1.49    0.00  189.55     0  bt-mz.B.32
02:12:54        10789  169.65    9.95    0.00  179.60     1  bt-mz.B.32
02:12:54        10790  167.16   10.45    0.00  177.61    18  bt-mz.B.32
02:12:54        10791  149.75   14.43    0.00  164.18    19  bt-mz.B.32
02:12:54        10792  148.26   15.42    0.00  163.68    20  bt-mz.B.32
02:12:54        10793  144.78   17.41    0.00  162.19    21  bt-mz.B.32
02:12:54        10794  130.35   22.39    0.00  152.74    22  bt-mz.B.32
02:12:54        10795  128.36   22.89    0.00  151.24    23  bt-mz.B.32
02:12:54        10796  129.35   23.38    0.00  152.74    24  bt-mz.B.32
02:12:54        10798  127.86   21.89    0.00  149.75     9  bt-mz.B.32
02:12:54        10801  126.87   25.37    0.00  152.24    10  bt-mz.B.32
02:12:54        10803  125.87   27.36    0.00  153.23    27  bt-mz.B.32
02:12:54        10806  120.90   31.34    0.00  152.24    28  bt-mz.B.32
02:12:54        10809  119.40   32.84    0.00  152.24    29  bt-mz.B.32

02:12:54          PID    %usr %system  %guest    %CPU   CPU  Command
02:12:56           33    0.00    0.50    0.00    0.50     7  ksoftirqd/7
02:12:56          134    0.00    0.50    0.00    0.50     3  events/3
02:12:56         3142    0.00    0.50    0.00    0.50     9  kondemand/9
02:12:56         4128    0.50    0.50    0.00    1.00     0  gmond
02:12:56        10774    1.00    0.50    0.00    1.50    26  top
02:12:56        10776    0.50    1.50    0.00    2.00    16  pidstat
02:12:56        10778    0.50    1.50    0.00    2.00     5  pidstat
02:12:56        10788  187.00    0.50    0.00  187.50     0  bt-mz.B.32
02:12:56        10789  169.00    8.50    0.00  177.50     1  bt-mz.B.32
02:12:56        10790  167.50    9.00    0.00  176.50    18  bt-mz.B.32
02:12:56        10791  149.00   14.00    0.00  163.00    19  bt-mz.B.32
02:12:56        10792  147.50   14.50    0.00  162.00    20  bt-mz.B.32
02:12:56        10793  144.50   16.00    0.00  160.50    21  bt-mz.B.32
02:12:56        10794  130.50   20.50    0.00  151.00    22  bt-mz.B.32
02:12:56        10795  128.00   22.00    0.00  150.00    23  bt-mz.B.32
02:12:56        10796  127.50   23.00    0.00  150.50    24  bt-mz.B.32
02:12:56        10798  128.50   19.50    0.00  148.00     9  bt-mz.B.32
02:12:56        10801  126.00   24.50    0.00  150.50    10  bt-mz.B.32
02:12:56        10803  124.50   26.50    0.00  151.00    27  bt-mz.B.32
02:12:56        10806  122.50   27.50    0.00  150.00    28  bt-mz.B.32
02:12:56        10809  117.50   32.50    0.00  150.00    29  bt-mz.B.32

02:12:56          PID    %usr %system  %guest    %CPU   CPU  Command
02:12:58         3141    0.00    0.50    0.00    0.50     8  kondemand/8
02:12:58         3180    0.00    0.50    0.00    0.50    17  kipmi0
02:12:58        10774    0.50    1.00    0.00    1.50    26  top
02:12:58        10776    1.00    1.50    0.00    2.50    16  pidstat
02:12:58        10778    0.50    1.00    0.00    1.50     5  pidstat
02:12:58        10788  190.00    0.50    0.00  190.50     0  bt-mz.B.32
02:12:58        10789  175.00    7.00    0.00  182.00     1  bt-mz.B.32
02:12:58        10790  172.50    8.00    0.00  180.50    18  bt-mz.B.32
02:12:58        10791  154.50   11.50    0.00  166.00    19  bt-mz.B.32
02:12:58        10792  151.00   15.50    0.00  166.50    20  bt-mz.B.32
02:12:58        10793  145.00   16.50    0.00  161.50     5  bt-mz.B.32
02:12:58        10794  132.50   22.00    0.00  154.50    22  bt-mz.B.32
02:12:58        10795  129.00   22.50    0.00  151.50    23  bt-mz.B.32
02:12:58        10796  132.50   21.50    0.00  154.00    24  bt-mz.B.32
02:12:58        10798  131.50   20.50    0.00  152.00     9  bt-mz.B.32
02:12:58        10801  129.00   25.00    0.00  154.00    10  bt-mz.B.32
02:12:58        10803  128.00   26.50    0.00  154.50    27  bt-mz.B.32
02:12:58        10806  126.00   29.50    0.00  155.50    28  bt-mz.B.32
02:12:58        10809  123.50   30.00    0.00  153.50    29  bt-mz.B.32

02:12:58          PID    %usr %system  %guest    %CPU   CPU  Command
02:13:00         3147    0.00    0.50    0.00    0.50    14  kondemand/14
02:13:00         4128    0.00    0.50    0.00    0.50     0  gmond
02:13:00        10774    0.50    1.00    0.00    1.50    26  top
02:13:00        10776    0.50    2.00    0.00    2.50     0  pidstat
02:13:00        10778    1.50    2.50    0.00    4.00     5  pidstat
02:13:00        10788  190.00    0.50    0.00  190.50     0  bt-mz.B.32
02:13:00        10789  172.00    9.00    0.00  181.00     1  bt-mz.B.32
02:13:00        10790  170.50    9.00    0.00  179.50    18  bt-mz.B.32
02:13:00        10791  152.50   13.50    0.00  166.00    19  bt-mz.B.32
02:13:00        10792  149.00   16.00    0.00  165.00    20  bt-mz.B.32
02:13:00        10793  145.50   16.50    0.00  162.00    21  bt-mz.B.32
02:13:00        10794  131.00   22.00    0.00  153.00    22  bt-mz.B.32
02:13:00        10795  128.50   23.00    0.00  151.50    23  bt-mz.B.32
02:13:00        10796  130.00   23.00    0.00  153.00    24  bt-mz.B.32
02:13:00        10798  132.50   19.50    0.00  152.00     9  bt-mz.B.32
02:13:00        10801  128.50   25.00    0.00  153.50    10  bt-mz.B.32
02:13:00        10803  123.50   30.00    0.00  153.50    27  bt-mz.B.32
02:13:00        10806  124.50   29.00    0.00  153.50    28  bt-mz.B.32
02:13:00        10809  121.00   32.00    0.00  153.00    29  bt-mz.B.32

02:13:00          PID    %usr %system  %guest    %CPU   CPU  Command
02:13:02          341    0.00    0.50    0.00    0.50    17  khugepaged
02:13:02         3139    0.00    0.50    0.00    0.50     6  kondemand/6
02:13:02         3149    0.00    0.50    0.00    0.50    16  kondemand/16
02:13:02         3152    0.00    0.50    0.00    0.50    19  kondemand/19
02:13:02         3153    0.00    0.50    0.00    0.50    20  kondemand/20
02:13:02         3195    0.00    0.50    0.00    0.50    12  irqbalance
02:13:02         4128    0.00    0.50    0.00    0.50     0  gmond
02:13:02        10774    0.50    0.50    0.00    1.00    26  top
02:13:02        10776    0.50    1.50    0.00    2.00    16  pidstat
02:13:02        10778    1.00    1.50    0.00    2.50     5  pidstat
02:13:02        10788  191.50    0.50    0.00  192.00     0  bt-mz.B.32
02:13:02        10789  174.50    8.50    0.00  183.00     1  bt-mz.B.32
02:13:02        10790  173.50    8.50    0.00  182.00    18  bt-mz.B.32
02:13:02        10791  151.00   14.00    0.00  165.00    19  bt-mz.B.32
02:13:02        10792  149.00   17.50    0.00  166.50    20  bt-mz.B.32
02:13:02        10793  147.00   17.50    0.00  164.50    21  bt-mz.B.32
02:13:02        10794  132.00   21.50    0.00  153.50    22  bt-mz.B.32
02:13:02        10795  129.00   23.00    0.00  152.00    23  bt-mz.B.32
02:13:02        10796  129.50   23.50    0.00  153.00    24  bt-mz.B.32
02:13:02        10798  130.00   20.50    0.00  150.50     9  bt-mz.B.32
02:13:02        10801  126.00   25.50    0.00  151.50    10  bt-mz.B.32
02:13:02        10803  124.00   29.50    0.00  153.50    27  bt-mz.B.32
02:13:02        10806  122.50   31.00    0.00  153.50    28  bt-mz.B.32
02:13:02        10809  120.50   32.50    0.00  153.00    29  bt-mz.B.32

02:13:02          PID    %usr %system  %guest    %CPU   CPU  Command
02:13:04         3150    0.00    0.50    0.00    0.50    17  kondemand/17
02:13:04        10774    0.50    1.00    0.00    1.50    26  top
02:13:04        10776    1.00    2.00    0.00    3.00     0  pidstat
02:13:04        10778    0.50    1.50    0.00    2.00     5  pidstat
02:13:04        10788  189.00    0.00    0.00  189.00     0  bt-mz.B.32
02:13:04        10789  170.00    9.50    0.00  179.50     1  bt-mz.B.32
02:13:04        10790  168.00   10.00    0.00  178.00    18  bt-mz.B.32
02:13:04        10791  151.00   14.00    0.00  165.00    19  bt-mz.B.32
02:13:04        10792  148.00   15.00    0.00  163.00    20  bt-mz.B.32
02:13:04        10793  144.50   16.50    0.00  161.00     5  bt-mz.B.32
02:13:04        10794  132.00   21.50    0.00  153.50    22  bt-mz.B.32
02:13:04        10795  129.00   23.50    0.00  152.50    23  bt-mz.B.32
02:13:04        10796  130.50   22.50    0.00  153.00    24  bt-mz.B.32
02:13:04        10798  128.00   21.00    0.00  149.00     9  bt-mz.B.32
02:13:04        10801  126.50   26.50    0.00  153.00    10  bt-mz.B.32
02:13:04        10803  124.50   29.50    0.00  154.00    27  bt-mz.B.32
02:13:04        10806  121.50   30.00    0.00  151.50    28  bt-mz.B.32
02:13:04        10809  122.50   30.00    0.00  152.50    29  bt-mz.B.32

02:13:04          PID    %usr %system  %guest    %CPU   CPU  Command
02:13:06         3134    0.00    0.50    0.00    0.50     1  kondemand/1
02:13:06         3143    0.00    0.50    0.00    0.50    10  kondemand/10
02:13:06         4128    0.00    0.50    0.00    0.50     0  gmond
02:13:06        10774    0.50    0.50    0.00    1.00    26  top
02:13:06        10776    0.50    1.50    0.00    2.00     6  pidstat
02:13:06        10778    1.00    2.00    0.00    3.00    21  pidstat
02:13:06        10788  189.00    0.50    0.00  189.50     0  bt-mz.B.32
02:13:06        10789  170.50    8.00    0.00  178.50     1  bt-mz.B.32
02:13:06        10790  166.50    9.50    0.00  176.00    18  bt-mz.B.32
02:13:06        10791  151.50   12.50    0.00  164.00    19  bt-mz.B.32
02:13:06        10792  148.00   14.50    0.00  162.50    20  bt-mz.B.32
02:13:06        10793  143.50   17.00    0.00  160.50     5  bt-mz.B.32
02:13:06        10794  130.50   20.50    0.00  151.00    22  bt-mz.B.32
02:13:06        10795  131.00   21.50    0.00  152.50    23  bt-mz.B.32
02:13:06        10796  130.00   22.00    0.00  152.00    24  bt-mz.B.32
02:13:06        10798  128.50   20.00    0.00  148.50     9  bt-mz.B.32
02:13:06        10801  126.50   25.50    0.00  152.00    10  bt-mz.B.32
02:13:06        10803  125.00   27.00    0.00  152.00    27  bt-mz.B.32
02:13:06        10806  120.50   30.50    0.00  151.00    28  bt-mz.B.32
02:13:06        10809  122.50   29.00    0.00  151.50    29  bt-mz.B.32

02:13:06          PID    %usr %system  %guest    %CPU   CPU  Command
02:13:08         3144    0.00    0.50    0.00    0.50    11  kondemand/11
02:13:08         3151    0.00    0.50    0.00    0.50    18  kondemand/18
02:13:08         3154    0.00    0.50    0.00    0.50    21  kondemand/21
02:13:08         3158    0.00    0.50    0.00    0.50    25  kondemand/25
02:13:08         3162    0.00    0.50    0.00    0.50    29  kondemand/29
02:13:08         3180    0.00    0.50    0.00    0.50     6  kipmi0
02:13:08        10774    0.50    1.00    0.00    1.50    26  top
02:13:08        10776    0.50    1.50    0.00    2.00     2  pidstat
02:13:08        10778    0.50    1.50    0.00    2.00    21  pidstat
02:13:08        10788  190.50    0.50    0.00  191.00     0  bt-mz.B.32
02:13:08        10789  172.00    8.00    0.00  180.00     1  bt-mz.B.32
02:13:08        10790  169.50    7.50    0.00  177.00    18  bt-mz.B.32
02:13:08        10791  153.00   12.00    0.00  165.00    19  bt-mz.B.32
02:13:08        10792  150.50   13.50    0.00  164.00    20  bt-mz.B.32
02:13:08        10793  143.50   17.50    0.00  161.00     5  bt-mz.B.32
02:13:08        10794  135.00   19.00    0.00  154.00    22  bt-mz.B.32
02:13:08        10795  129.00   22.50    0.00  151.50    23  bt-mz.B.32
02:13:08        10796  131.00   21.50    0.00  152.50    24  bt-mz.B.32
02:13:08        10798  131.50   18.50    0.00  150.00     9  bt-mz.B.32
02:13:08        10801  128.50   24.50    0.00  153.00    10  bt-mz.B.32
02:13:08        10803  127.00   26.50    0.00  153.50    27  bt-mz.B.32
02:13:08        10806  124.50   27.50    0.00  152.00    28  bt-mz.B.32
02:13:08        10809  122.00   30.50    0.00  152.50    29  bt-mz.B.32

02:13:08          PID    %usr %system  %guest    %CPU   CPU  Command
02:13:10         3021    0.00    0.50    0.00    0.50    12  flush-8:0
02:13:10         3136    0.00    0.50    0.00    0.50     3  kondemand/3
02:13:10         3157    0.00    0.50    0.00    0.50    24  kondemand/24
02:13:10         3160    0.00    0.50    0.00    0.50    27  kondemand/27
02:13:10         3163    0.00    0.50    0.00    0.50    30  kondemand/30
02:13:10         3180    0.00    0.50    0.00    0.50     6  kipmi0
02:13:10         4128    0.00    0.50    0.00    0.50     0  gmond
02:13:10        10774    1.00    0.50    0.00    1.50    26  top
02:13:10        10776    0.50    1.50    0.00    2.00     2  pidstat
02:13:10        10778    0.50    1.50    0.00    2.00     5  pidstat
02:13:10        10780    0.00    0.50    0.00    0.50    11  iostat
02:13:10        10788  188.50    1.00    0.00  189.50    16  bt-mz.B.32
02:13:10        10789  173.00    9.00    0.00  182.00     1  bt-mz.B.32
02:13:10        10790  170.00    9.00    0.00  179.00    18  bt-mz.B.32
02:13:10        10791  153.50   14.00    0.00  167.50    19  bt-mz.B.32
02:13:10        10792  152.00   14.50    0.00  166.50    20  bt-mz.B.32
02:13:10        10793  147.50   16.50    0.00  164.00    21  bt-mz.B.32
02:13:10        10794  134.50   20.50    0.00  155.00    22  bt-mz.B.32
02:13:10        10795  128.00   24.50    0.00  152.50    23  bt-mz.B.32
02:13:10        10796  133.50   22.00    0.00  155.50    24  bt-mz.B.32
02:13:10        10798  131.50   20.50    0.00  152.00     9  bt-mz.B.32
02:13:10        10801  130.50   24.00    0.00  154.50    10  bt-mz.B.32
02:13:10        10803  128.00   28.00    0.00  156.00    27  bt-mz.B.32
02:13:10        10806  126.00   29.00    0.00  155.00    28  bt-mz.B.32
02:13:10        10809  123.50   31.00    0.00  154.50    29  bt-mz.B.32

02:13:10          PID    %usr %system  %guest    %CPU   CPU  Command
02:13:12         3133    0.00    0.50    0.00    0.50     0  kondemand/0
02:13:12         3135    0.00    0.50    0.00    0.50     2  kondemand/2
02:13:12         3852    0.50    1.00    0.00    1.50     8  pbs_mom
02:13:12         4128    0.00    0.50    0.00    0.50     0  gmond
02:13:12        10774    0.50    1.00    0.00    1.50    26  top
02:13:12        10776    1.00    2.00    0.00    3.00     2  pidstat
02:13:12        10778    1.00    2.00    0.00    3.00    21  pidstat
02:13:12        10788  190.50    0.00    0.00  190.50     0  bt-mz.B.32
02:13:12        10789  173.00    7.00    0.00  180.00     1  bt-mz.B.32
02:13:12        10790  170.00    7.00    0.00  177.00    18  bt-mz.B.32
02:13:12        10791  150.50   12.50    0.00  163.00     3  bt-mz.B.32
02:13:12        10792  149.50   14.50    0.00  164.00    20  bt-mz.B.32
02:13:12        10793  145.00   16.50    0.00  161.50    21  bt-mz.B.32
02:13:12        10794  131.00   21.00    0.00  152.00    22  bt-mz.B.32
02:13:12        10795  127.50   23.00    0.00  150.50    23  bt-mz.B.32
02:13:12        10796  128.00   23.00    0.00  151.00    24  bt-mz.B.32
02:13:12        10798  131.00   19.00    0.00  150.00     9  bt-mz.B.32
02:13:12        10801  125.50   26.00    0.00  151.50    10  bt-mz.B.32
02:13:12        10803  124.50   27.50    0.00  152.00    27  bt-mz.B.32
02:13:12        10806  125.00   28.00    0.00  153.00    28  bt-mz.B.32
02:13:12        10809  120.50   31.00    0.00  151.50    29  bt-mz.B.32

02:13:12          PID    %usr %system  %guest    %CPU   CPU  Command
02:13:14         3145    0.00    0.50    0.00    0.50    12  kondemand/12
02:13:14         3156    0.00    0.50    0.00    0.50    23  kondemand/23
02:13:14         3180    0.00    0.50    0.00    0.50     6  kipmi0
02:13:14         4128    0.50    0.00    0.00    0.50     0  gmond
02:13:14        10774    0.50    0.50    0.00    1.00    26  top
02:13:14        10776    0.50    2.00    0.00    2.50    18  pidstat
02:13:14        10778    0.50    2.50    0.00    3.00    21  pidstat
02:13:14        10788  191.50    0.50    0.00  192.00     0  bt-mz.B.32
02:13:14        10789  174.00    7.50    0.00  181.50     1  bt-mz.B.32
02:13:14        10790  170.50    8.50    0.00  179.00     2  bt-mz.B.32
02:13:14        10791  150.00   14.50    0.00  164.50     3  bt-mz.B.32
02:13:14        10792  149.50   15.00    0.00  164.50    20  bt-mz.B.32
02:13:14        10793  147.00   15.00    0.00  162.00     5  bt-mz.B.32
02:13:14        10794  132.00   20.00    0.00  152.00    22  bt-mz.B.32
02:13:14        10795  128.50   22.50    0.00  151.00    23  bt-mz.B.32
02:13:14        10796  127.50   24.50    0.00  152.00    24  bt-mz.B.32
02:13:14        10798  128.50   21.00    0.00  149.50     9  bt-mz.B.32
02:13:14        10801  126.50   24.50    0.00  151.00    10  bt-mz.B.32
02:13:14        10803  124.50   28.00    0.00  152.50    27  bt-mz.B.32
02:13:14        10806  121.50   30.50    0.00  152.00    28  bt-mz.B.32
02:13:14        10809  120.00   31.00    0.00  151.00    29  bt-mz.B.32

02:13:14          PID    %usr %system  %guest    %CPU   CPU  Command
02:13:16         3140    0.00    0.50    0.00    0.50     7  kondemand/7
02:13:16         4128    0.00    0.50    0.00    0.50     0  gmond
02:13:16        10774    0.50    1.00    0.00    1.50    26  top
02:13:16        10776    0.50    1.50    0.00    2.00     2  pidstat
02:13:16        10778    0.50    1.50    0.00    2.00    21  pidstat
02:13:16        10788  192.00    0.00    0.00  192.00    16  bt-mz.B.32
02:13:16        10789  173.50    8.00    0.00  181.50     1  bt-mz.B.32
02:13:16        10790  171.00    9.00    0.00  180.00    18  bt-mz.B.32
02:13:16        10791  155.50   12.50    0.00  168.00     3  bt-mz.B.32
02:13:16        10792  150.00   15.50    0.00  165.50    20  bt-mz.B.32
02:13:16        10793  146.00   17.50    0.00  163.50     5  bt-mz.B.32
02:13:16        10794  136.00   20.00    0.00  156.00    22  bt-mz.B.32
02:13:16        10795  135.50   21.00    0.00  156.50    23  bt-mz.B.32
02:13:16        10796  134.00   21.00    0.00  155.00    24  bt-mz.B.32
02:13:16        10798  130.00   21.00    0.00  151.00     9  bt-mz.B.32
02:13:16        10801  131.50   24.50    0.00  156.00    10  bt-mz.B.32
02:13:16        10803  129.00   27.00    0.00  156.00    27  bt-mz.B.32
02:13:16        10806  124.00   30.00    0.00  154.00    28  bt-mz.B.32
02:13:16        10809  127.00   29.50    0.00  156.50    29  bt-mz.B.32

02:13:16          PID    %usr %system  %guest    %CPU   CPU  Command
02:13:18           29    0.00    0.50    0.00    0.50     6  ksoftirqd/6
02:13:18         3180    0.00    0.50    0.00    0.50     6  kipmi0
02:13:18        10774    0.50    0.50    0.00    1.00    26  top
02:13:18        10776    0.50    1.50    0.00    2.00    18  pidstat
02:13:18        10778    1.00    1.50    0.00    2.50     5  pidstat
02:13:18        10788  189.50    0.50    0.00  190.00     0  bt-mz.B.32
02:13:18        10789  174.00    6.50    0.00  180.50     1  bt-mz.B.32
02:13:18        10790  169.00    8.00    0.00  177.00     2  bt-mz.B.32
02:13:18        10791  152.50   12.50    0.00  165.00     3  bt-mz.B.32
02:13:18        10792  150.00   14.50    0.00  164.50    20  bt-mz.B.32
02:13:18        10793  144.50   16.00    0.00  160.50    21  bt-mz.B.32
02:13:18        10794  135.00   19.00    0.00  154.00    22  bt-mz.B.32
02:13:18        10795  129.00   22.00    0.00  151.00    23  bt-mz.B.32
02:13:18        10796  131.50   22.00    0.00  153.50    24  bt-mz.B.32
02:13:18        10798  129.50   21.00    0.00  150.50     9  bt-mz.B.32
02:13:18        10801  129.50   24.00    0.00  153.50    10  bt-mz.B.32
02:13:18        10803  127.50   26.50    0.00  154.00    27  bt-mz.B.32
02:13:18        10806  124.00   28.50    0.00  152.50    28  bt-mz.B.32
02:13:18        10809  122.00   30.00    0.00  152.00    29  bt-mz.B.32

02:13:18          PID    %usr %system  %guest    %CPU   CPU  Command
02:13:20         3138    0.00    0.50    0.00    0.50     5  kondemand/5
02:13:20         3161    0.00    0.50    0.00    0.50    28  kondemand/28
02:13:20         4128    0.00    0.50    0.00    0.50     0  gmond
02:13:20        10774    0.50    0.50    0.00    1.00    26  top
02:13:20        10776    1.00    1.50    0.00    2.50    18  pidstat
02:13:20        10778    0.50    2.50    0.00    3.00    19  pidstat
02:13:20        10788  194.00    0.50    0.00  194.50     0  bt-mz.B.32
02:13:20        10789  175.00    8.50    0.00  183.50     1  bt-mz.B.32
02:13:20        10790  173.00    8.00    0.00  181.00     2  bt-mz.B.32
02:13:20        10791  154.00   13.00    0.00  167.00     3  bt-mz.B.32
02:13:20        10792  154.00   13.50    0.00  167.50    20  bt-mz.B.32
02:13:20        10793  149.00   16.50    0.00  165.50     5  bt-mz.B.32
02:13:20        10794  132.50   21.00    0.00  153.50    22  bt-mz.B.32
02:13:20        10795  128.50   23.00    0.00  151.50    23  bt-mz.B.32
02:13:20        10796  132.00   21.50    0.00  153.50    24  bt-mz.B.32
02:13:20        10798  131.00   21.00    0.00  152.00     9  bt-mz.B.32
02:13:20        10801  128.00   25.00    0.00  153.00    26  bt-mz.B.32
02:13:20        10803  127.00   27.00    0.00  154.00    27  bt-mz.B.32
02:13:20        10806  126.00   29.00    0.00  155.00    28  bt-mz.B.32
02:13:20        10809  121.00   32.00    0.00  153.00    29  bt-mz.B.32
