Linux 2.6.32-279.14.1.el6.x86_64 (compute-662-5.local) 	04/21/20 	_x86_64_	(48 CPU)

02:20:00          PID    %usr %system  %guest    %CPU   CPU  Command
02:20:02           41    0.00    0.49    0.00    0.49     9  ksoftirqd/9
02:20:02           86    0.00    0.49    0.00    0.49    20  watchdog/20
02:20:02         4114    0.00    0.49    0.00    0.49     3  kondemand/3
02:20:02         4120    0.00    0.49    0.00    0.49     9  kondemand/9
02:20:02         4122    0.00    0.49    0.00    0.49    11  kondemand/11
02:20:02         4123    0.00    0.49    0.00    0.49    12  kondemand/12
02:20:02         4126    0.00    0.49    0.00    0.49    15  kondemand/15
02:20:02         4128    0.00    0.49    0.00    0.49    17  kondemand/17
02:20:02         4131    0.00    0.49    0.00    0.49    20  kondemand/20
02:20:02         4132    0.00    0.49    0.00    0.49    21  kondemand/21
02:20:02         4137    0.00    0.49    0.00    0.49    26  kondemand/26
02:20:02         4147    0.00    0.49    0.00    0.49    36  kondemand/36
02:20:02         4174    0.00    0.49    0.00    0.49     4  kipmi0
02:20:02        23393    0.49    0.00    0.00    0.49    15  gmond
02:20:02        34330    4.85    1.46    0.00    6.31     0  mpirun
02:20:02        34336    0.49    1.46    0.00    1.94    26  top
02:20:02        34338    0.97    2.43    0.00    3.40    36  pidstat
02:20:02        34340    0.97    2.91    0.00    3.88    39  pidstat
02:20:02        34350  166.99    6.80    0.00  173.79    24  bt-mz.B.24
02:20:02        34351  153.88    8.25    0.00  162.14    36  bt-mz.B.24
02:20:02        34352  152.91    6.31    0.00  159.22     1  bt-mz.B.24
02:20:02        34353  146.12    6.31    0.00  152.43    37  bt-mz.B.24
02:20:02        34354  145.63    6.80    0.00  152.43    26  bt-mz.B.24
02:20:02        34355  145.63    6.31    0.00  151.94    38  bt-mz.B.24
02:20:02        34356  145.15    6.80    0.00  151.94    27  bt-mz.B.24
02:20:02        34357  141.75    4.85    0.00  146.60    15  bt-mz.B.24
02:20:02        34359  143.69    7.28    0.00  150.97    28  bt-mz.B.24
02:20:02        34360  146.12    6.31    0.00  152.43    40  bt-mz.B.24
02:20:02        34361  144.66    6.80    0.00  151.46     5  bt-mz.B.24

02:20:02          PID    %usr %system  %guest    %CPU   CPU  Command
02:20:04          215    0.00    0.50    0.00    0.50    20  events/20
02:20:04         4116    0.00    0.50    0.00    0.50     5  kondemand/5
02:20:04         4118    0.00    0.50    0.00    0.50     7  kondemand/7
02:20:04         4121    0.00    0.50    0.00    0.50    10  kondemand/10
02:20:04         4136    0.00    0.50    0.00    0.50    25  kondemand/25
02:20:04         4148    0.00    0.50    0.00    0.50    37  kondemand/37
02:20:04         4155    0.00    0.50    0.00    0.50    44  kondemand/44
02:20:04         4174    0.00    0.50    0.00    0.50     4  kipmi0
02:20:04         4189    0.00    0.50    0.00    0.50     2  irqbalance
02:20:04        34336    1.00    1.00    0.00    2.00    26  top
02:20:04        34338    1.00    3.00    0.00    4.00    36  pidstat
02:20:04        34340    0.50    3.00    0.00    3.50    39  pidstat
02:20:04        34350  197.00    0.00    0.00  197.00    24  bt-mz.B.24
02:20:04        34351  180.00    0.00    0.00  180.00    12  bt-mz.B.24
02:20:04        34352  180.00    0.00    0.00  180.00     1  bt-mz.B.24
02:20:04        34353  172.00    0.00    0.00  172.00    37  bt-mz.B.24
02:20:04        34354  171.00    0.00    0.00  171.00    26  bt-mz.B.24
02:20:04        34355  171.50    0.00    0.00  171.50    38  bt-mz.B.24
02:20:04        34356  170.00    0.00    0.00  170.00    27  bt-mz.B.24
02:20:04        34357  167.50    0.00    0.00  167.50    15  bt-mz.B.24
02:20:04        34359  169.50    0.00    0.00  169.50    28  bt-mz.B.24
02:20:04        34360  172.50    0.50    0.00  173.00    40  bt-mz.B.24
02:20:04        34361  170.00    0.50    0.00  170.50     5  bt-mz.B.24

02:20:04          PID    %usr %system  %guest    %CPU   CPU  Command
02:20:06         4111    0.00    0.50    0.00    0.50     0  kondemand/0
02:20:06         4115    0.00    0.50    0.00    0.50     4  kondemand/4
02:20:06         4144    0.00    0.50    0.00    0.50    33  kondemand/33
02:20:06         4888    0.00    1.00    0.00    1.00    26  pbs_mom
02:20:06        34330    0.00    0.50    0.00    0.50     0  mpirun
02:20:06        34336    1.00    1.00    0.00    2.00    26  top
02:20:06        34338    1.00    3.50    0.00    4.50    36  pidstat
02:20:06        34340    1.00    3.00    0.00    4.00    39  pidstat
02:20:06        34350  197.50    0.00    0.00  197.50    24  bt-mz.B.24
02:20:06        34351  179.50    0.50    0.00  180.00    12  bt-mz.B.24
02:20:06        34352  180.50    0.00    0.00  180.50     1  bt-mz.B.24
02:20:06        34353  172.00    0.00    0.00  172.00    37  bt-mz.B.24
02:20:06        34354  171.00    0.00    0.00  171.00    26  bt-mz.B.24
02:20:06        34355  171.50    0.00    0.00  171.50    38  bt-mz.B.24
02:20:06        34356  170.00    0.00    0.00  170.00    27  bt-mz.B.24
02:20:06        34357  167.00    0.00    0.00  167.00    15  bt-mz.B.24
02:20:06        34359  169.00    0.00    0.00  169.00    28  bt-mz.B.24
02:20:06        34360  173.00    0.00    0.00  173.00    40  bt-mz.B.24
02:20:06        34361  170.50    0.00    0.00  170.50     5  bt-mz.B.24

02:20:06          PID    %usr %system  %guest    %CPU   CPU  Command
02:20:08         4119    0.00    0.50    0.00    0.50     8  kondemand/8
02:20:08         4125    0.00    0.50    0.00    0.50    14  kondemand/14
02:20:08         4127    0.00    0.50    0.00    0.50    16  kondemand/16
02:20:08         4133    0.00    0.50    0.00    0.50    22  kondemand/22
02:20:08         4146    0.00    0.50    0.00    0.50    35  kondemand/35
02:20:08         4157    0.00    0.50    0.00    0.50    46  kondemand/46
02:20:08         4174    0.00    0.50    0.00    0.50     4  kipmi0
02:20:08        23393    0.50    0.00    0.00    0.50    15  gmond
02:20:08        34336    1.00    1.00    0.00    2.00     2  top
02:20:08        34338    1.00    2.50    0.00    3.50    36  pidstat
02:20:08        34340    1.50    3.00    0.00    4.50    39  pidstat
02:20:08        34350  197.00    0.00    0.00  197.00    24  bt-mz.B.24
02:20:08        34351  180.50    0.00    0.00  180.50    12  bt-mz.B.24
02:20:08        34352  180.00    0.00    0.00  180.00     1  bt-mz.B.24
02:20:08        34353  172.00    0.00    0.00  172.00    37  bt-mz.B.24
02:20:08        34354  172.00    0.00    0.00  172.00    26  bt-mz.B.24
02:20:08        34355  172.00    0.00    0.00  172.00    38  bt-mz.B.24
02:20:08        34356  170.50    0.00    0.00  170.50    27  bt-mz.B.24
02:20:08        34357  167.50    0.50    0.00  168.00    15  bt-mz.B.24
02:20:08        34359  169.50    0.00    0.00  169.50    28  bt-mz.B.24
02:20:08        34360  172.50    0.00    0.00  172.50    40  bt-mz.B.24
02:20:08        34361  170.00    0.00    0.00  170.00     5  bt-mz.B.24

02:20:08          PID    %usr %system  %guest    %CPU   CPU  Command
02:20:10          206    0.00    0.50    0.00    0.50    11  events/11
02:20:10         4117    0.00    0.50    0.00    0.50     6  kondemand/6
02:20:10         4124    0.00    0.50    0.00    0.50    13  kondemand/13
02:20:10         4142    0.00    0.50    0.00    0.50    31  kondemand/31
02:20:10         4150    0.00    0.50    0.00    0.50    39  kondemand/39
02:20:10        34336    1.00    1.00    0.00    2.00     2  top
02:20:10        34338    1.00    3.00    0.00    4.00    36  pidstat
02:20:10        34340    0.50    3.00    0.00    3.50    39  pidstat
02:20:10        34342    0.00    0.50    0.00    0.50    17  iostat
02:20:10        34350  197.00    0.00    0.00  197.00    24  bt-mz.B.24
02:20:10        34351  179.50    0.00    0.00  179.50    12  bt-mz.B.24
02:20:10        34352  179.50    0.50    0.00  180.00     1  bt-mz.B.24
02:20:10        34353  171.50    0.50    0.00  172.00    37  bt-mz.B.24
02:20:10        34354  171.00    0.50    0.00  171.50     2  bt-mz.B.24
02:20:10        34355  171.50    0.00    0.00  171.50    38  bt-mz.B.24
02:20:10        34356  170.00    0.00    0.00  170.00    27  bt-mz.B.24
02:20:10        34357  167.00    0.00    0.00  167.00    15  bt-mz.B.24
02:20:10        34359  169.00    0.50    0.00  169.50    28  bt-mz.B.24
02:20:10        34360  172.50    0.00    0.00  172.50    40  bt-mz.B.24
02:20:10        34361  170.00    0.00    0.00  170.00     5  bt-mz.B.24
