procs -----------memory---------- ---swap-- -----io---- --system-- -----cpu-----
 r  b   swpd   free   buff  cache   si   so    bi    bo   in   cs us sy id wa st
10  0      0 64458764 215408 469872    0    0     0     1    0    0 38  2 60  0  0	
31  0      0 64118696 215408 496664    0    0     0     0 31378 24130 67  5 27  0  0	
43  0      0 64120672 215408 496724    0    0     0     0 29189 8899 88  0 12  0  0	
45  0      0 64121440 215408 496784    0    0     0   118 29661 8951 89  0 11  0  0	
29  0      0 64124676 215408 496848    0    0     0     0 29097 8793 87  0 13  0  0	
47  0      0 64127844 215408 496908    0    0     0     0 29541 9086 89  0 11  0  0	
45  0      0 64128804 215408 496968    0    0     0     6 29753 8957 89  0 10  0  0	
45  0      0 64131920 215408 497036    0    0     0     6 30248 9167 91  0  9  0  0	
47  0      0 64134448 215408 497096    0    0     0     0 29839 9072 90  0 10  0  0	
25  0      0 64135252 215408 497156    0    0     0     0 29571 8946 89  0 11  0  0	
32  0      0 64136860 215408 497220    0    0     0     0 29844 9149 90  0 10  0  0	
37  0      0 64137268 215408 497280    0    0     0     0 30021 9313 90  0 10  0  0	
44  0      0 64137152 215408 497340    0    0     0     6 29759 9045 89  0 10  0  0	
44  0      0 64136896 215408 497408    0    0     0    86 30214 9171 91  0  9  0  0	
29  0      0 64136772 215408 497468    0    0     0     0 29373 8950 88  0 12  0  0	
28  0      0 64136648 215408 497536    0    0     0    28 30169 9259 91  0  9  0  0	
25  0      0 64136648 215408 497596    0    0     0    10 30333 9234 91  0  9  0  0	
40  0      0 64136648 215408 497660    0    0     0     0 29967 9132 90  0 10  0  0	
34  0      0 64136400 215408 497728    0    0     0  6090 33488 9357 91  0  9  0  0	
28  0      0 64136268 215408 497792    0    0     0     0 28957 8797 87  0 13  0  0	
32  0      0 64136268 215412 497848    0    0     0  1356 32412 9606 94  0  6  0  0	
procs -----------memory---------- ---swap-- -----io---- --system-- -----cpu-----
 r  b   swpd   free   buff  cache   si   so    bi    bo   in   cs us sy id wa st
26  0      0 64136276 215412 497916    0    0     0     0 30335 9203 91  0  9  0  0	
46  0      0 64136276 215412 497976    0    0     0     0 29835 9125 89  0 11  0  0	
41  0      0 64136028 215412 498036    0    0     0     8 29322 8954 88  0 12  0  0	
45  0      0 64136020 215412 498100    0    0     0     8 30053 9166 90  0 10  0  0	
34  0      0 64136020 215412 498164    0    0     0     0 30320 9437 91  0  9  0  0	
41  0      0 64136144 215412 498232    0    0     0     0 30134 9147 90  0  9  0  0	
41  0      0 64136268 215412 498292    0    0     0     0 30040 9063 90  0 10  0  0	
45  0      0 64136284 215412 498352    0    0     0     8 30591 9358 92  0  8  0  0	
49  0      0 64136160 215412 498416    0    0     0     0 29677 8978 89  0 11  0  0	
46  0      0 64136160 215412 498480    0    0     0     8 30205 9144 91  0  9  0  0	
27  0      0 64136028 215412 498540    0    0     0     0 30125 9051 90  0  9  0  0	
28  0      0 64135516 215412 498608    0    0     0    30 30107 9220 90  0 10  0  0	
46  0      0 64113448 215412 498784    0    0     0  1292 31846 9746 92  0  8  0  0	
42  0      0 64120708 215412 498740    0    0     0  2972 31764 10680 93  1  6  0  0	
30  0      0 64121124 215412 498804    0    0     0   498 30316 9379 91  0  9  0  0	
45  0      0 64122292 215412 498872    0    0     0    68 30549 9351 92  0  8  0  0	
44  0      0 64124472 215412 498872    0    0     0     0 30530 9354 92  0  8  0  0	
43  0      0 64125080 215412 498936    0    0     0   548 30627 9380 92  0  8  0  0	
46  0      0 64125792 215412 498996    0    0     0     6 31070 9439 93  0  7  0  0	
45  0      0 64126352 215412 499060    0    0     0     8 30567 9355 91  0  8  0  0	
46  0      0 64126732 215412 499120    0    0     0     0 29979 9039 90  0 10  0  0	
