procs -----------memory---------- ---swap-- -----io---- --system-- -----cpu-----
 r  b   swpd   free   buff  cache   si   so    bi    bo   in   cs us sy id wa st
 6  0      0 64402372 215524 528332    0    0     0     1    0    0 38  2 60  0  0	
31  0      0 64063852 215524 555128    0    0     0    92 29168 74834 64  5 32  0  0	
29  0      0 64065972 215524 555188    0    0     0     0 26798 8756 80  0 20  0  0	
32  0      0 64067212 215524 555248    0    0     0    24 27095 9000 81  0 19  0  0	
41  0      0 64069484 215524 555312    0    0     0    10 27385 8925 82  0 18  0  0	
30  0      0 64072216 215524 555372    0    0     0     0 27516 8981 81  0 19  0  0	
32  0      0 64073468 215524 555436    0    0     0     6 27337 8938 82  0 18  0  0	
26  0      0 64075204 215524 555496    0    0     0    18 27222 8880 81  0 19  0  0	
41  0      0 64077688 215524 555564    0    0     0     6 27340 9144 82  0 18  0  0	
26  0      0 64078688 215524 555624    0    0     0     0 27387 8771 82  0 18  0  0	
29  0      0 64079568 215524 555684    0    0     0     0 26794 8751 80  0 20  0  0	
26  0      0 64079772 215524 555748    0    0     0     0 26710 8829 79  0 21  0  0	
27  0      0 64079860 215524 555808    0    0     0    86 27254 8805 82  0 18  0  0	
34  0      0 64079736 215524 555872    0    0     0     0 27818 8617 82  0 18  0  0	
32  0      0 64079612 215524 555932    0    0     0     6 27674 8679 82  0 18  0  0	
29  0      0 64079612 215524 556004    0    0     0     0 27070 8959 80  0 19  0  0	
28  0      0 64079604 215524 556064    0    0     0     0 27942 9264 83  0 17  0  0	
30  0      0 64079084 215524 556124    0    0     0  6106 31126 8995 84  0 16  0  0	
28  0      0 64078984 215524 556196    0    0     0    16 27782 9132 82  0 17  0  0	
27  0      0 64079104 215524 556256    0    0     0  1342 27505 9185 80  0 20  0  0	
42  0      0 64078980 215524 556320    0    0     0     0 26387 8906 79  0 21  0  0	
procs -----------memory---------- ---swap-- -----io---- --system-- -----cpu-----
 r  b   swpd   free   buff  cache   si   so    bi    bo   in   cs us sy id wa st
25  0      0 64078608 215524 556384    0    0     0    24 26896 8972 80  0 19  0  0	
25  0      0 64078608 215524 556452    0    0     0    10 27373 8785 82  0 18  0  0	
50  0      0 64078708 215524 556516    0    0     0     0 27787 8890 83  0 17  0  0	
41  0      0 64078724 215524 556576    0    0     0    14 27023 9032 81  0 19  0  0	
