Linux 2.6.32-279.14.1.el6.x86_64 (compute-662-5.local) 	04/21/20 	_x86_64_	(48 CPU)

02:23:31          PID    %usr %system  %guest    %CPU   CPU  Command
02:23:33          169    0.00    0.49    0.00    0.49    41  ksoftirqd/41
02:23:33          203    0.00    0.49    0.00    0.49     8  events/8
02:23:33         4129    0.00    0.49    0.00    0.49    18  kondemand/18
02:23:33         4141    0.00    0.49    0.00    0.49    30  kondemand/30
02:23:33         4149    0.00    0.49    0.00    0.49    38  kondemand/38
02:23:33         4156    0.00    0.49    0.00    0.49    45  kondemand/45
02:23:33         4157    0.00    0.49    0.00    0.49    46  kondemand/46
02:23:33         4174    0.00    0.98    0.00    0.98     0  kipmi0
02:23:33        23393    0.49    0.00    0.00    0.49    39  gmond
02:23:33        37356    5.37    1.95    0.00    7.32     0  mpirun
02:23:33        37362    0.49    0.49    0.00    0.98    40  top
02:23:33        37364    0.98    2.93    0.00    3.90    25  pidstat
02:23:33        37366    1.46    3.41    0.00    4.88    39  pidstat
02:23:33        37376   24.39    5.85    0.00   30.24    24  bt-mz.B.24
02:23:33        37377   23.41    5.85    0.00   29.27    12  bt-mz.B.24
02:23:33        37378   20.49    6.34    0.00   26.83     1  bt-mz.B.24
02:23:33        37379   21.95    6.34    0.00   28.29    37  bt-mz.B.24
02:23:33        37380   21.46    6.34    0.00   27.80     2  bt-mz.B.24
02:23:33        37381   21.46    6.34    0.00   27.80    14  bt-mz.B.24
02:23:33        37382   21.46    6.34    0.00   27.80     3  bt-mz.B.24
02:23:33        37383   19.02    6.83    0.00   25.85    15  bt-mz.B.24
02:23:33        37385   21.46    6.34    0.00   27.80    28  bt-mz.B.24
02:23:33        37386   21.46    5.85    0.00   27.32    40  bt-mz.B.24
02:23:33        37388   21.46    5.85    0.00   27.32    29  bt-mz.B.24
02:23:33        37390   21.46    6.34    0.00   27.80    41  bt-mz.B.24
02:23:33        37392   21.95    5.85    0.00   27.80    30  bt-mz.B.24
02:23:33        37393   21.46    6.34    0.00   27.80    18  bt-mz.B.24

02:23:33          PID    %usr %system  %guest    %CPU   CPU  Command
02:23:35         4115    0.00    0.50    0.00    0.50     4  kondemand/4
02:23:35         4121    0.00    0.50    0.00    0.50    10  kondemand/10
02:23:35         4123    0.00    0.50    0.00    0.50    12  kondemand/12
02:23:35         4126    0.00    0.50    0.00    0.50    15  kondemand/15
02:23:35         4127    0.00    0.50    0.00    0.50    16  kondemand/16
02:23:35         4135    0.00    0.50    0.00    0.50    24  kondemand/24
02:23:35         4140    0.00    0.50    0.00    0.50    29  kondemand/29
02:23:35         4147    0.00    0.50    0.00    0.50    36  kondemand/36
02:23:35         4189    0.50    0.00    0.00    0.50    26  irqbalance
02:23:35        37362    1.00    1.50    0.00    2.50    40  top
02:23:35        37364    1.00    3.00    0.00    4.00    25  pidstat
02:23:35        37366    0.50    2.00    0.00    2.50    39  pidstat
02:23:35        37376  195.00    0.00    0.00  195.00    24  bt-mz.B.24
02:23:35        37377  180.00    0.00    0.00  180.00    12  bt-mz.B.24
02:23:35        37378  176.50    0.00    0.00  176.50     1  bt-mz.B.24
02:23:35        37379  169.00    0.00    0.00  169.00    37  bt-mz.B.24
02:23:35        37380  170.50    0.00    0.00  170.50     2  bt-mz.B.24
02:23:35        37381  169.50    0.00    0.00  169.50    14  bt-mz.B.24
02:23:35        37382  168.00    0.00    0.00  168.00     3  bt-mz.B.24
02:23:35        37383  166.00    0.00    0.00  166.00    15  bt-mz.B.24
02:23:35        37385  167.00    0.00    0.00  167.00    28  bt-mz.B.24
02:23:35        37386  169.50    0.50    0.00  170.00    16  bt-mz.B.24
02:23:35        37388  168.00    0.00    0.00  168.00    29  bt-mz.B.24
02:23:35        37390  168.00    0.00    0.00  168.00    41  bt-mz.B.24
02:23:35        37392  167.50    0.00    0.00  167.50    30  bt-mz.B.24
02:23:35        37393  168.00    0.00    0.00  168.00    18  bt-mz.B.24

02:23:35          PID    %usr %system  %guest    %CPU   CPU  Command
02:23:37          226    0.00    0.50    0.00    0.50    31  events/31
02:23:37         4113    0.00    0.50    0.00    0.50     2  kondemand/2
02:23:37         4114    0.00    0.50    0.00    0.50     3  kondemand/3
02:23:37         4119    0.00    0.50    0.00    0.50     8  kondemand/8
02:23:37         4124    0.00    0.50    0.00    0.50    13  kondemand/13
02:23:37         4134    0.00    0.50    0.00    0.50    23  kondemand/23
02:23:37         4136    0.00    0.50    0.00    0.50    25  kondemand/25
02:23:37         4139    0.00    0.50    0.00    0.50    28  kondemand/28
02:23:37         4144    0.00    0.50    0.00    0.50    33  kondemand/33
02:23:37        37362    1.00    1.00    0.00    2.00    40  top
02:23:37        37364    1.50    2.50    0.00    4.00    25  pidstat
02:23:37        37366    1.50    3.50    0.00    5.00    39  pidstat
02:23:37        37376  198.00    0.00    0.00  198.00    24  bt-mz.B.24
02:23:37        37377  181.50    0.00    0.00  181.50    12  bt-mz.B.24
02:23:37        37378  179.50    0.00    0.00  179.50     1  bt-mz.B.24
02:23:37        37379  172.00    0.00    0.00  172.00    37  bt-mz.B.24
02:23:37        37380  173.00    0.00    0.00  173.00     2  bt-mz.B.24
02:23:37        37381  172.00    0.00    0.00  172.00    14  bt-mz.B.24
02:23:37        37382  171.00    0.00    0.00  171.00     3  bt-mz.B.24
02:23:37        37383  167.50    0.00    0.00  167.50    15  bt-mz.B.24
02:23:37        37385  169.50    0.00    0.00  169.50    28  bt-mz.B.24
02:23:37        37386  173.00    0.00    0.00  173.00    16  bt-mz.B.24
02:23:37        37388  170.50    0.00    0.00  170.50    29  bt-mz.B.24
02:23:37        37390  170.50    0.00    0.00  170.50    41  bt-mz.B.24
02:23:37        37392  170.50    0.50    0.00  171.00    30  bt-mz.B.24
02:23:37        37393  171.50    0.50    0.00  172.00    18  bt-mz.B.24

02:23:37          PID    %usr %system  %guest    %CPU   CPU  Command
02:23:39         4111    0.00    0.50    0.00    0.50     0  kondemand/0
02:23:39         4118    0.00    0.50    0.00    0.50     7  kondemand/7
02:23:39         4120    0.00    0.50    0.00    0.50     9  kondemand/9
02:23:39         4128    0.00    0.50    0.00    0.50    17  kondemand/17
02:23:39         4132    0.00    0.50    0.00    0.50    21  kondemand/21
02:23:39         4137    0.00    0.50    0.00    0.50    26  kondemand/26
02:23:39         4143    0.00    0.50    0.00    0.50    32  kondemand/32
02:23:39         4154    0.00    0.50    0.00    0.50    43  kondemand/43
02:23:39         4888    0.00    0.50    0.00    0.50    26  pbs_mom
02:23:39        37362    0.50    1.00    0.00    1.50    40  top
02:23:39        37364    1.00    2.50    0.00    3.50    25  pidstat
02:23:39        37366    1.00    2.50    0.00    3.50    22  pidstat
02:23:39        37376  197.50    0.00    0.00  197.50    24  bt-mz.B.24
02:23:39        37377  181.50    0.00    0.00  181.50    12  bt-mz.B.24
02:23:39        37378  179.50    0.00    0.00  179.50     1  bt-mz.B.24
02:23:39        37379  172.00    0.00    0.00  172.00    37  bt-mz.B.24
02:23:39        37380  173.00    0.00    0.00  173.00     2  bt-mz.B.24
02:23:39        37381  172.00    0.00    0.00  172.00    14  bt-mz.B.24
02:23:39        37382  170.00    0.00    0.00  170.00     3  bt-mz.B.24
02:23:39        37383  170.00    0.00    0.00  170.00    39  bt-mz.B.24
02:23:39        37385  169.00    0.00    0.00  169.00    28  bt-mz.B.24
02:23:39        37386  173.00    0.00    0.00  173.00    16  bt-mz.B.24
02:23:39        37388  170.00    0.50    0.00  170.50    29  bt-mz.B.24
02:23:39        37390  170.50    0.00    0.00  170.50    41  bt-mz.B.24
02:23:39        37392  170.00    0.00    0.00  170.00    30  bt-mz.B.24
02:23:39        37393  170.50    0.00    0.00  170.50    18  bt-mz.B.24

02:23:39          PID    %usr %system  %guest    %CPU   CPU  Command
02:23:41          236    0.00    0.50    0.00    0.50    41  events/41
02:23:41         4145    0.00    0.50    0.00    0.50    34  kondemand/34
02:23:41         4694    0.00    0.50    0.00    0.50    10  snmpd
02:23:41        37362    1.00    1.00    0.00    2.00    40  top
02:23:41        37364    1.00    3.00    0.00    4.00    25  pidstat
02:23:41        37366    1.00    3.00    0.00    4.00    15  pidstat
02:23:41        37376  197.50    0.00    0.00  197.50    24  bt-mz.B.24
02:23:41        37377  182.00    0.00    0.00  182.00    12  bt-mz.B.24
02:23:41        37378  179.00    0.00    0.00  179.00     1  bt-mz.B.24
02:23:41        37379  171.50    0.00    0.00  171.50    37  bt-mz.B.24
02:23:41        37380  172.50    0.00    0.00  172.50     2  bt-mz.B.24
02:23:41        37381  172.00    0.00    0.00  172.00    14  bt-mz.B.24
02:23:41        37382  170.50    0.00    0.00  170.50     3  bt-mz.B.24
02:23:41        37383  167.50    0.00    0.00  167.50    39  bt-mz.B.24
02:23:41        37385  169.00    0.00    0.00  169.00    28  bt-mz.B.24
02:23:41        37386  172.50    0.00    0.00  172.50    40  bt-mz.B.24
02:23:41        37388  170.00    0.00    0.00  170.00    29  bt-mz.B.24
02:23:41        37390  170.50    0.50    0.00  171.00    41  bt-mz.B.24
02:23:41        37392  169.50    0.00    0.00  169.50    30  bt-mz.B.24
02:23:41        37393  171.00    0.00    0.00  171.00    18  bt-mz.B.24

02:23:41          PID    %usr %system  %guest    %CPU   CPU  Command
02:23:43         4112    0.00    0.50    0.00    0.50     1  kondemand/1
02:23:43         4122    0.00    0.50    0.00    0.50    11  kondemand/11
02:23:43         4125    0.00    0.50    0.00    0.50    14  kondemand/14
02:23:43         4148    0.00    0.50    0.00    0.50    37  kondemand/37
02:23:43         4153    0.00    0.50    0.00    0.50    42  kondemand/42
02:23:43        37362    1.00    1.50    0.00    2.50    40  top
02:23:43        37364    1.00    3.00    0.00    4.00    25  pidstat
02:23:43        37366    1.00    4.50    0.00    5.50    15  pidstat
02:23:43        37376  199.00    0.00    0.00  199.00    24  bt-mz.B.24
02:23:43        37377  182.00    0.00    0.00  182.00    12  bt-mz.B.24
02:23:43        37378  180.00    0.50    0.00  180.50     1  bt-mz.B.24
02:23:43        37379  172.00    0.50    0.00  172.50    37  bt-mz.B.24
02:23:43        37380  173.00    0.00    0.00  173.00     2  bt-mz.B.24
02:23:43        37381  172.00    0.50    0.00  172.50    14  bt-mz.B.24
02:23:43        37382  170.50    0.00    0.00  170.50     3  bt-mz.B.24
02:23:43        37383  168.00    0.00    0.00  168.00    39  bt-mz.B.24
02:23:43        37385  169.50    0.50    0.00  170.00    28  bt-mz.B.24
02:23:43        37386  172.50    0.00    0.00  172.50    40  bt-mz.B.24
02:23:43        37388  170.50    0.00    0.00  170.50    29  bt-mz.B.24
02:23:43        37390  170.50    0.00    0.00  170.50    41  bt-mz.B.24
02:23:43        37392  170.50    0.00    0.00  170.50    30  bt-mz.B.24
02:23:43        37393  171.00    0.00    0.00  171.00    18  bt-mz.B.24

02:23:43          PID    %usr %system  %guest    %CPU   CPU  Command
02:23:45            9    0.00    0.50    0.00    0.50     1  ksoftirqd/1
02:23:45         4116    0.00    0.50    0.00    0.50     5  kondemand/5
02:23:45         4117    0.00    0.50    0.00    0.50     6  kondemand/6
02:23:45         4130    0.00    0.50    0.00    0.50    19  kondemand/19
02:23:45         4133    0.00    0.50    0.00    0.50    22  kondemand/22
02:23:45         4138    0.00    0.50    0.00    0.50    27  kondemand/27
02:23:45         4142    0.00    0.50    0.00    0.50    31  kondemand/31
02:23:45        23393    0.50    0.00    0.00    0.50    15  gmond
02:23:45        37362    0.50    1.00    0.00    1.50    40  top
02:23:45        37364    1.00    3.00    0.00    4.00    25  pidstat
02:23:45        37366    1.00    2.50    0.00    3.50    39  pidstat
02:23:45        37368    0.00    0.50    0.00    0.50    26  iostat
02:23:45        37376  196.00    0.00    0.00  196.00    24  bt-mz.B.24
02:23:45        37377  181.50    0.00    0.00  181.50    12  bt-mz.B.24
02:23:45        37378  178.00    0.00    0.00  178.00     1  bt-mz.B.24
02:23:45        37379  171.00    0.00    0.00  171.00    37  bt-mz.B.24
02:23:45        37380  171.50    0.50    0.00  172.00     2  bt-mz.B.24
02:23:45        37381  171.50    0.00    0.00  171.50    14  bt-mz.B.24
02:23:45        37382  169.50    0.00    0.00  169.50     3  bt-mz.B.24
02:23:45        37383  168.00    0.00    0.00  168.00    15  bt-mz.B.24
02:23:45        37385  168.00    0.00    0.00  168.00    28  bt-mz.B.24
02:23:45        37386  171.50    0.50    0.00  172.00    40  bt-mz.B.24
02:23:45        37388  169.50    0.00    0.00  169.50    29  bt-mz.B.24
02:23:45        37390  170.00    0.00    0.00  170.00    41  bt-mz.B.24
02:23:45        37392  169.00    0.00    0.00  169.00    30  bt-mz.B.24
02:23:45        37393  170.00    0.00    0.00  170.00    18  bt-mz.B.24
