Linux 2.6.32-279.14.1.el6.x86_64 (compute-641-14.local) 	04/21/20 	_x86_64_	(32 CPU)

02:17:09          PID    %usr %system  %guest    %CPU   CPU  Command
02:17:11         3140    0.00    0.49    0.00    0.49     7  kondemand/7
02:17:11         3143    0.00    0.49    0.00    0.49    10  kondemand/10
02:17:11         3145    0.00    0.49    0.00    0.49    12  kondemand/12
02:17:11         3153    0.00    0.49    0.00    0.49    20  kondemand/20
02:17:11         3158    0.00    0.49    0.00    0.49    25  kondemand/25
02:17:11         4128    0.00    0.49    0.00    0.49    16  gmond
02:17:11        12187    2.96    1.97    0.00    4.93    16  mpirun
02:17:11        12193    0.99    0.99    0.00    1.97    25  top
02:17:11        12195    0.99    1.97    0.00    2.96    19  pidstat
02:17:11        12197    0.99    1.48    0.00    2.46    21  pidstat
02:17:11        12207  135.96    9.85    0.00  145.81    16  bt-mz.B.32
02:17:11        12208  136.45   15.76    0.00  152.22    17  bt-mz.B.32
02:17:11        12209  133.00   17.24    0.00  150.25    18  bt-mz.B.32
02:17:11        12210  116.75   21.18    0.00  137.93     3  bt-mz.B.32
02:17:11        12211  116.75   21.18    0.00  137.93    20  bt-mz.B.32
02:17:11        12212  114.78   20.69    0.00  135.47     5  bt-mz.B.32
02:17:11        12213  106.40   22.66    0.00  129.06    22  bt-mz.B.32
02:17:11        12214  104.43   24.14    0.00  128.57    23  bt-mz.B.32
02:17:11        12215  102.96   25.62    0.00  128.57    24  bt-mz.B.32
02:17:11        12218   98.03   27.59    0.00  125.62     9  bt-mz.B.32
02:17:11        12219   97.54   30.05    0.00  127.59    10  bt-mz.B.32
02:17:11        12221   99.01   28.57    0.00  127.59    27  bt-mz.B.32
02:17:11        12222   95.57   31.03    0.00  126.60    28  bt-mz.B.32
02:17:11        12223   94.58   32.02    0.00  126.60    29  bt-mz.B.32

02:17:11          PID    %usr %system  %guest    %CPU   CPU  Command
02:17:13         3148    0.00    0.50    0.00    0.50    15  kondemand/15
02:17:13         3180    0.00    0.50    0.00    0.50    25  kipmi0
02:17:13        12193    0.50    0.50    0.00    1.00    25  top
02:17:13        12195    0.50    1.50    0.00    2.00    19  pidstat
02:17:13        12197    0.50    1.50    0.00    2.00    21  pidstat
02:17:13        12207  168.50    3.00    0.00  171.50    16  bt-mz.B.32
02:17:13        12208  167.50   12.00    0.00  179.50    17  bt-mz.B.32
02:17:13        12209  165.50   12.50    0.00  178.00    18  bt-mz.B.32
02:17:13        12210  144.00   17.50    0.00  161.50     3  bt-mz.B.32
02:17:13        12211  145.00   18.00    0.00  163.00    20  bt-mz.B.32
02:17:13        12212  142.00   19.50    0.00  161.50     5  bt-mz.B.32
02:17:13        12213  132.00   20.50    0.00  152.50    22  bt-mz.B.32
02:17:13        12214  128.50   22.50    0.00  151.00    23  bt-mz.B.32
02:17:13        12215  128.00   24.00    0.00  152.00    24  bt-mz.B.32
02:17:13        12218  120.50   27.00    0.00  147.50     9  bt-mz.B.32
02:17:13        12219  118.50   32.00    0.00  150.50    10  bt-mz.B.32
02:17:13        12221  120.50   31.00    0.00  151.50    27  bt-mz.B.32
02:17:13        12222  119.00   30.50    0.00  149.50    28  bt-mz.B.32
02:17:13        12223  118.00   32.00    0.00  150.00    29  bt-mz.B.32

02:17:13          PID    %usr %system  %guest    %CPU   CPU  Command
02:17:15         3133    0.00    0.50    0.00    0.50     0  kondemand/0
02:17:15         3144    0.00    0.50    0.00    0.50    11  kondemand/11
02:17:15         3160    0.00    0.50    0.00    0.50    27  kondemand/27
02:17:15         3163    0.00    0.50    0.00    0.50    30  kondemand/30
02:17:15         3180    0.00    0.50    0.00    0.50    25  kipmi0
02:17:15         4128    0.00    0.50    0.00    0.50     0  gmond
02:17:15        12193    0.50    0.50    0.00    1.00    25  top
02:17:15        12195    0.50    2.00    0.00    2.50    19  pidstat
02:17:15        12197    1.00    2.50    0.00    3.50    21  pidstat
02:17:15        12207  173.50    1.50    0.00  175.00     0  bt-mz.B.32
02:17:15        12208  173.00   11.50    0.00  184.50    17  bt-mz.B.32
02:17:15        12209  170.00   11.00    0.00  181.00    18  bt-mz.B.32
02:17:15        12210  150.00   15.00    0.00  165.00     3  bt-mz.B.32
02:17:15        12211  148.00   18.00    0.00  166.00    20  bt-mz.B.32
02:17:15        12212  145.50   17.00    0.00  162.50     5  bt-mz.B.32
02:17:15        12213  134.50   19.50    0.00  154.00    22  bt-mz.B.32
02:17:15        12214  131.50   22.00    0.00  153.50    23  bt-mz.B.32
02:17:15        12215  129.00   24.50    0.00  153.50    24  bt-mz.B.32
02:17:15        12218  122.00   27.50    0.00  149.50     9  bt-mz.B.32
02:17:15        12219  123.00   30.00    0.00  153.00    10  bt-mz.B.32
02:17:15        12221  124.00   29.00    0.00  153.00    27  bt-mz.B.32
02:17:15        12222  119.50   32.50    0.00  152.00    28  bt-mz.B.32
02:17:15        12223  121.50   30.00    0.00  151.50    29  bt-mz.B.32

02:17:15          PID    %usr %system  %guest    %CPU   CPU  Command
02:17:17         3136    0.00    0.50    0.00    0.50     3  kondemand/3
02:17:17         3137    0.00    0.50    0.00    0.50     4  kondemand/4
02:17:17         3139    0.00    0.50    0.00    0.50     6  kondemand/6
02:17:17         3147    0.00    0.50    0.00    0.50    14  kondemand/14
02:17:17         3156    0.00    0.50    0.00    0.50    23  kondemand/23
02:17:17         3162    0.00    0.50    0.00    0.50    29  kondemand/29
02:17:17         4128    0.50    0.00    0.00    0.50     0  gmond
02:17:17        12193    0.50    1.00    0.00    1.50    25  top
02:17:17        12195    1.00    1.50    0.00    2.50    19  pidstat
02:17:17        12197    0.50    2.00    0.00    2.50    21  pidstat
02:17:17        12207  172.50    1.50    0.00  174.00     0  bt-mz.B.32
02:17:17        12208  173.00    9.50    0.00  182.50    17  bt-mz.B.32
02:17:17        12209  170.50   10.00    0.00  180.50    18  bt-mz.B.32
02:17:17        12210  149.50   15.00    0.00  164.50     3  bt-mz.B.32
02:17:17        12211  148.00   17.50    0.00  165.50    20  bt-mz.B.32
02:17:17        12212  145.50   18.00    0.00  163.50     5  bt-mz.B.32
02:17:17        12213  134.00   20.00    0.00  154.00    22  bt-mz.B.32
02:17:17        12214  131.50   21.50    0.00  153.00    23  bt-mz.B.32
02:17:17        12215  130.50   23.00    0.00  153.50    24  bt-mz.B.32
02:17:17        12218  124.00   25.50    0.00  149.50     9  bt-mz.B.32
02:17:17        12219  121.50   30.50    0.00  152.00    10  bt-mz.B.32
02:17:17        12221  123.00   30.00    0.00  153.00    27  bt-mz.B.32
02:17:17        12222  119.00   32.00    0.00  151.00    28  bt-mz.B.32
02:17:17        12223  120.00   31.50    0.00  151.50    29  bt-mz.B.32

02:17:17          PID    %usr %system  %guest    %CPU   CPU  Command
02:17:19         3134    0.00    0.50    0.00    0.50     1  kondemand/1
02:17:19         3138    0.00    0.50    0.00    0.50     5  kondemand/5
02:17:19         3154    0.00    0.50    0.00    0.50    21  kondemand/21
02:17:19         3180    0.00    0.50    0.00    0.50    25  kipmi0
02:17:19         4128    0.00    0.50    0.00    0.50     0  gmond
02:17:19        12193    0.50    0.50    0.00    1.00    25  top
02:17:19        12195    0.50    1.50    0.00    2.00     3  pidstat
02:17:19        12197    0.50    1.50    0.00    2.00    21  pidstat
02:17:19        12207  174.00    1.50    0.00  175.50     0  bt-mz.B.32
02:17:19        12208  174.50   10.00    0.00  184.50    17  bt-mz.B.32
02:17:19        12209  170.00   11.50    0.00  181.50    18  bt-mz.B.32
02:17:19        12210  151.00   15.00    0.00  166.00    19  bt-mz.B.32
02:17:19        12211  149.50   17.00    0.00  166.50    20  bt-mz.B.32
02:17:19        12212  147.00   17.50    0.00  164.50     5  bt-mz.B.32
02:17:19        12213  136.00   19.50    0.00  155.50    22  bt-mz.B.32
02:17:19        12214  132.00   22.50    0.00  154.50    23  bt-mz.B.32
02:17:19        12215  132.50   23.00    0.00  155.50    24  bt-mz.B.32
02:17:19        12218  126.00   25.50    0.00  151.50     9  bt-mz.B.32
02:17:19        12219  123.00   30.00    0.00  153.00    10  bt-mz.B.32
02:17:19        12221  125.50   29.00    0.00  154.50    27  bt-mz.B.32
02:17:19        12222  120.50   32.50    0.00  153.00    28  bt-mz.B.32
02:17:19        12223  121.50   31.00    0.00  152.50    29  bt-mz.B.32
