Linux 2.6.32-279.14.1.el6.x86_64 (compute-641-14.local) 	04/21/20 	_x86_64_	(32 CPU)

03:15:56     CPU    %usr   %nice    %sys %iowait    %irq   %soft  %steal  %guest   %idle
03:15:58     all   57.69    0.00    5.43    0.00    0.00    0.08    0.00    0.00   36.81
03:16:00     all   77.10    0.00    0.17    0.00    0.00    0.00    0.00    0.00   22.73
03:16:02     all   81.66    0.00    0.19    0.00    0.00    0.00    0.00    0.00   18.15
03:16:04     all   79.84    0.00    0.19    0.00    0.00    0.00    0.00    0.00   19.97
03:16:06     all   83.04    0.00    0.20    0.00    0.00    0.00    0.00    0.00   16.76
03:16:08     all   82.78    0.00    0.17    0.02    0.00    0.00    0.00    0.00   17.03
03:16:10     all   78.69    0.00    0.16    0.00    0.00    0.00    0.00    0.00   21.15
03:16:12     all   81.09    0.00    0.19    0.00    0.00    0.00    0.00    0.00   18.72
03:16:14     all   83.92    0.00    0.19    0.00    0.00    0.00    0.00    0.00   15.90
03:16:16     all   82.54    0.00    0.19    0.00    0.00    0.00    0.00    0.00   17.27
03:16:18     all   81.26    0.00    0.19    0.00    0.00    0.00    0.00    0.00   18.55
03:16:20     all   80.54    0.00    0.17    0.00    0.00    0.00    0.00    0.00   19.29
03:16:22     all   81.28    0.00    0.19    0.00    0.00    0.00    0.00    0.00   18.54
03:16:24     all   80.76    0.00    0.17    0.00    0.00    0.00    0.00    0.00   19.07
03:16:26     all   80.53    0.00    0.20    0.00    0.00    0.00    0.00    0.00   19.27
03:16:28     all   80.87    0.00    0.17    0.00    0.00    0.00    0.00    0.00   18.96
03:16:30     all   80.79    0.00    0.19    0.00    0.00    0.00    0.00    0.00   19.02
03:16:32     all   81.23    0.00    0.22    0.00    0.00    0.00    0.00    0.00   18.55
03:16:34     all   80.92    0.00    0.17    0.00    0.00    0.00    0.00    0.00   18.91
03:16:36     all   80.10    0.00    0.19    0.00    0.00    0.00    0.00    0.00   19.71
03:16:38     all   81.48    0.00    0.20    0.00    0.00    0.00    0.00    0.00   18.32
03:16:40     all   80.43    0.00    0.16    0.00    0.00    0.00    0.00    0.00   19.41
03:16:42     all   79.75    0.00    0.17    0.00    0.00    0.00    0.00    0.00   20.08
03:16:44     all   82.49    0.00    0.19    0.00    0.00    0.00    0.00    0.00   17.33
03:16:46     all   79.76    0.00    0.19    0.02    0.00    0.00    0.00    0.00   20.03
