Linux 2.6.32-279.14.1.el6.x86_64 (compute-641-14.local) 	04/21/20 	_x86_64_	(32 CPU)

02:36:56          PID    %usr %system  %guest    %CPU   CPU  Command
02:36:58           69    0.00    0.49    0.00    0.49    16  ksoftirqd/16
02:36:58          129    0.00    0.49    0.00    0.49    31  ksoftirqd/31
02:36:58         3133    0.00    0.49    0.00    0.49     0  kondemand/0
02:36:58         3180    0.00    0.49    0.00    0.49     0  kipmi0
02:36:58         3852    0.49    0.00    0.00    0.49    24  pbs_mom
02:36:58         4128    0.49    0.49    0.00    0.99     0  gmond
02:36:58        18296    2.96    1.97    0.00    4.93    16  mpirun
02:36:58        18302    0.49    0.49    0.00    0.99    13  top
02:36:58        18304    0.99    1.48    0.00    2.46    21  pidstat
02:36:58        18306    0.99    1.48    0.00    2.46    10  pidstat
02:36:58        18316  128.57   10.84    0.00  139.41     0  bt-mz.B.32
02:36:58        18317  130.54   15.76    0.00  146.31    17  bt-mz.B.32
02:36:58        18318  125.62   18.72    0.00  144.33    18  bt-mz.B.32
02:36:58        18319  112.32   21.67    0.00  133.99    19  bt-mz.B.32
02:36:58        18320  114.78   18.72    0.00  133.50    20  bt-mz.B.32
02:36:58        18321  109.85   21.67    0.00  131.53     5  bt-mz.B.32
02:36:58        18322  101.97   23.65    0.00  125.62    22  bt-mz.B.32
02:36:58        18323  100.49   24.14    0.00  124.63     7  bt-mz.B.32
02:36:58        18324   98.03   26.60    0.00  124.63     8  bt-mz.B.32
02:36:58        18325  100.00   22.66    0.00  122.66     9  bt-mz.B.32
02:36:58        18328   94.09   29.06    0.00  123.15    26  bt-mz.B.32
02:36:58        18330   96.55   28.08    0.00  124.63    11  bt-mz.B.32
02:36:58        18331   90.64   32.51    0.00  123.15    28  bt-mz.B.32

02:36:58          PID    %usr %system  %guest    %CPU   CPU  Command
02:37:00         3138    0.00    0.50    0.00    0.50     5  kondemand/5
02:37:00         3152    0.00    0.50    0.00    0.50    19  kondemand/19
02:37:00         3163    0.00    0.50    0.00    0.50    30  kondemand/30
02:37:00         4128    0.00    0.50    0.00    0.50    16  gmond
02:37:00        18302    0.50    1.00    0.00    1.50    13  top
02:37:00        18304    0.50    1.50    0.00    2.00    21  pidstat
02:37:00        18306    0.50    1.50    0.00    2.00    26  pidstat
02:37:00        18316  172.00    2.00    0.00  174.00    16  bt-mz.B.32
02:37:00        18317  172.50    9.50    0.00  182.00    17  bt-mz.B.32
02:37:00        18318  165.00   14.00    0.00  179.00    18  bt-mz.B.32
02:37:00        18319  150.50   16.00    0.00  166.50    19  bt-mz.B.32
02:37:00        18320  149.50   16.00    0.00  165.50    20  bt-mz.B.32
02:37:00        18321  146.50   17.00    0.00  163.50     5  bt-mz.B.32
02:37:00        18322  135.00   19.00    0.00  154.00    22  bt-mz.B.32
02:37:00        18323  131.50   21.50    0.00  153.00     7  bt-mz.B.32
02:37:00        18324  128.50   24.50    0.00  153.00     8  bt-mz.B.32
02:37:00        18325  126.50   22.50    0.00  149.00     9  bt-mz.B.32
02:37:00        18328  120.00   32.00    0.00  152.00    10  bt-mz.B.32
02:37:00        18330  124.00   28.50    0.00  152.50    11  bt-mz.B.32
02:37:00        18331  118.50   32.50    0.00  151.00    28  bt-mz.B.32

02:37:00          PID    %usr %system  %guest    %CPU   CPU  Command
02:37:02          147    0.00    0.50    0.00    0.50    16  events/16
02:37:02         3135    0.00    0.50    0.00    0.50     2  kondemand/2
02:37:02         3142    0.00    0.50    0.00    0.50     9  kondemand/9
02:37:02         3149    0.00    0.50    0.00    0.50    16  kondemand/16
02:37:02         3808    0.50    0.00    0.00    0.50     8  crond
02:37:02        18302    0.50    0.50    0.00    1.00    13  top
02:37:02        18304    0.50    2.00    0.00    2.50    21  pidstat
02:37:02        18306    1.00    3.00    0.00    4.00    10  pidstat
02:37:02        18316  173.00    1.50    0.00  174.50     0  bt-mz.B.32
02:37:02        18317  176.50    8.50    0.00  185.00    17  bt-mz.B.32
02:37:02        18318  170.50   12.00    0.00  182.50    18  bt-mz.B.32
02:37:02        18319  149.50   17.00    0.00  166.50    19  bt-mz.B.32
02:37:02        18320  152.00   15.50    0.00  167.50    20  bt-mz.B.32
02:37:02        18321  149.50   16.00    0.00  165.50     5  bt-mz.B.32
02:37:02        18322  135.00   20.00    0.00  155.00    22  bt-mz.B.32
02:37:02        18323  133.00   22.50    0.00  155.50     7  bt-mz.B.32
02:37:02        18324  125.50   27.00    0.00  152.50     8  bt-mz.B.32
02:37:02        18325  129.00   23.00    0.00  152.00     9  bt-mz.B.32
02:37:02        18328  125.50   27.50    0.00  153.00    26  bt-mz.B.32
02:37:02        18330  128.00   26.50    0.00  154.50    11  bt-mz.B.32
02:37:02        18331  121.00   31.50    0.00  152.50    12  bt-mz.B.32

02:37:02          PID    %usr %system  %guest    %CPU   CPU  Command
02:37:04         3144    0.00    0.50    0.00    0.50    11  kondemand/11
02:37:04         3147    0.00    0.50    0.00    0.50    14  kondemand/14
02:37:04         3158    0.00    0.50    0.00    0.50    25  kondemand/25
02:37:04         3161    0.00    0.50    0.00    0.50    28  kondemand/28
02:37:04         3162    0.00    0.50    0.00    0.50    29  kondemand/29
02:37:04         3180    0.00    0.50    0.00    0.50    16  kipmi0
02:37:04         4128    0.00    0.50    0.00    0.50    16  gmond
02:37:04        18302    0.50    1.00    0.00    1.50    13  top
02:37:04        18304    0.50    2.00    0.00    2.50     5  pidstat
02:37:04        18306    0.50    1.50    0.00    2.00    10  pidstat
02:37:04        18316  171.50    2.00    0.00  173.50    16  bt-mz.B.32
02:37:04        18317  174.50    8.50    0.00  183.00    17  bt-mz.B.32
02:37:04        18318  167.50   12.00    0.00  179.50    18  bt-mz.B.32
02:37:04        18319  148.00   17.00    0.00  165.00    19  bt-mz.B.32
02:37:04        18320  149.50   15.50    0.00  165.00    20  bt-mz.B.32
02:37:04        18321  145.50   17.00    0.00  162.50    21  bt-mz.B.32
02:37:04        18322  132.50   20.50    0.00  153.00    22  bt-mz.B.32
02:37:04        18323  131.00   20.50    0.00  151.50     7  bt-mz.B.32
02:37:04        18324  126.00   26.00    0.00  152.00     8  bt-mz.B.32
02:37:04        18325  127.00   21.00    0.00  148.00     9  bt-mz.B.32
02:37:04        18328  123.00   28.00    0.00  151.00    26  bt-mz.B.32
02:37:04        18330  126.00   26.00    0.00  152.00    11  bt-mz.B.32
02:37:04        18331  117.50   33.00    0.00  150.50    12  bt-mz.B.32

02:37:04          PID    %usr %system  %guest    %CPU   CPU  Command
02:37:06         3134    0.00    0.50    0.00    0.50     1  kondemand/1
02:37:06         3136    0.00    0.50    0.00    0.50     3  kondemand/3
02:37:06         3143    0.00    0.50    0.00    0.50    10  kondemand/10
02:37:06         3146    0.00    0.50    0.00    0.50    13  kondemand/13
02:37:06         4128    0.00    0.50    0.00    0.50    16  gmond
02:37:06        18302    1.00    0.50    0.00    1.50    13  top
02:37:06        18304    0.50    1.50    0.00    2.00     5  pidstat
02:37:06        18306    0.00    1.50    0.00    1.50    10  pidstat
02:37:06        18316  172.50    1.50    0.00  174.00     0  bt-mz.B.32
02:37:06        18317  174.00    8.00    0.00  182.00    17  bt-mz.B.32
02:37:06        18318  166.50   13.00    0.00  179.50    18  bt-mz.B.32
02:37:06        18319  148.00   18.00    0.00  166.00    19  bt-mz.B.32
02:37:06        18320  149.50   15.00    0.00  164.50    20  bt-mz.B.32
02:37:06        18321  148.00   16.00    0.00  164.00    21  bt-mz.B.32
02:37:06        18322  134.50   20.00    0.00  154.50    22  bt-mz.B.32
02:37:06        18323  131.50   21.50    0.00  153.00     7  bt-mz.B.32
02:37:06        18324  127.00   25.50    0.00  152.50     8  bt-mz.B.32
02:37:06        18325  127.50   22.50    0.00  150.00     9  bt-mz.B.32
02:37:06        18328  123.00   29.00    0.00  152.00    26  bt-mz.B.32
02:37:06        18330  125.00   27.00    0.00  152.00    11  bt-mz.B.32
02:37:06        18331  117.50   33.50    0.00  151.00    12  bt-mz.B.32
