procs -----------memory---------- ---swap-- -----io---- --system-- -----cpu-----
 r  b   swpd   free   buff  cache   si   so    bi    bo   in   cs us sy id wa st
 7  0      0 64420668 215516 513528    0    0     0     1    0    0 38  2 60  0  0	
37  0      0 64077032 215516 540188    0    0     0     0 29885 33953 63  4 33  0  0	
28  0      0 64077528 215516 540420    0    0     0   138 27189 8704 81  0 18  0  0	
46  0      0 64080172 215516 540484    0    0     0    22 28187 9034 84  0 16  0  0	
50  0      0 64082712 215516 540544    0    0     0     0 26303 8646 79  0 21  0  0	
26  0      0 64084692 215516 540608    0    0     0     0 27109 8640 81  0 19  0  0	
34  0      0 64087112 215516 540668    0    0     0    16 26960 8916 81  0 19  0  0	
42  0      0 64089204 215516 540732    0    0     0     0 27676 8972 82  0 18  0  0	
26  0      0 64090572 215516 540796    0    0     0     0 27053 8463 81  0 19  0  0	
27  0      0 64092120 215516 540860    0    0     0    10 26407 9074 79  0 21  0  0	
39  0      0 64093148 215516 540920    0    0     0     0 26202 8599 78  0 22  0  0	
30  0      0 64093372 215516 540984    0    0     0     0 27409 8846 81  0 18  0  0	
46  0      0 64093588 215516 541044    0    0     0     0 27262 8648 81  0 19  0  0	
27  0      0 64093448 215516 541108    0    0     0     8 27000 8810 81  0 19  0  0	
46  0      0 64093448 215516 541172    0    0     0   120 27260 8709 81  0 19  0  0	
24  0      0 64093448 215516 541176    0    0     0     0 26920 8582 80  0 19  0  0	
45  0      0 64093116 215516 541248    0    0     0     0 27165 8792 80  0 19  0  0	
34  0      0 64092364 215516 541308    0    0     0  6128 28714 8856 78  0 21  0  0	
28  0      0 64092348 215516 541376    0    0     0    14 27162 8742 81  0 19  0  0	
31  0      0 64092472 215516 541436    0    0     0     0 26605 8608 79  0 20  0  0	
27  0      0 64092092 215516 541500    0    0     0  1350 27832 8522 80  0 20  0  0	
procs -----------memory---------- ---swap-- -----io---- --system-- -----cpu-----
 r  b   swpd   free   buff  cache   si   so    bi    bo   in   cs us sy id wa st
27  0      0 64092092 215516 541624    0    0     0     0 27001 8805 81  0 19  0  0	
26  0      0 64092124 215516 541692    0    0     0    16 27065 8898 81  0 19  0  0	
39  0      0 64092132 215516 541692    0    0     0     0 27382 8916 82  0 18  0  0	
26  0      0 64092000 215516 541756    0    0     0     0 27413 9245 82  0 18  0  0	
