Linux 2.6.32-279.14.1.el6.x86_64 (compute-662-5.local) 	04/21/20 	_x86_64_	(48 CPU)

02:11:46     CPU    %usr   %nice    %sys %iowait    %irq   %soft  %steal  %guest   %idle
02:11:48     all    5.00    0.00    3.31    0.00    0.00    0.04    0.00    0.00   91.65
02:11:50     all   85.98    0.00    0.36    0.00    0.00    0.00    0.00    0.00   13.66
02:11:52     all   86.75    0.00    0.21    0.00    0.00    0.00    0.00    0.00   13.04
02:11:54     all   86.26    0.00    0.20    0.00    0.00    0.00    0.00    0.00   13.54
02:11:56     all   85.67    0.00    0.18    0.00    0.00    0.00    0.00    0.00   14.15
02:11:58     all   86.74    0.00    0.21    0.00    0.00    0.00    0.00    0.00   13.05
02:12:00     all   85.23    0.00    0.19    0.00    0.00    0.00    0.00    0.00   14.58
02:12:02     all   86.80    0.00    0.18    0.00    0.00    0.00    0.00    0.00   13.02
02:12:04     all   86.21    0.00    0.20    0.00    0.00    0.00    0.00    0.00   13.60
02:12:06     all   85.87    0.00    0.19    0.00    0.00    0.00    0.00    0.00   13.94
02:12:08     all   86.82    0.00    0.19    0.00    0.00    0.00    0.00    0.00   12.99
02:12:10     all   85.26    0.00    0.19    0.00    0.00    0.00    0.00    0.00   14.56
02:12:12     all   86.92    0.00    0.20    0.00    0.00    0.01    0.00    0.00   12.87
02:12:14     all   85.69    0.00    0.21    0.00    0.00    0.00    0.00    0.00   14.11
02:12:16     all   86.39    0.00    0.19    0.00    0.00    0.00    0.00    0.00   13.42
02:12:18     all   86.61    0.00    0.20    0.00    0.00    0.00    0.00    0.00   13.19
02:12:20     all   85.54    0.00    0.17    0.00    0.00    0.00    0.00    0.00   14.29
02:12:22     all   86.69    0.00    0.20    0.06    0.00    0.01    0.00    0.00   13.04
02:12:24     all   85.33    0.00    0.19    0.00    0.00    0.00    0.00    0.00   14.48
02:12:26     all   86.60    0.00    0.20    0.00    0.00    0.00    0.00    0.00   13.20
02:12:28     all   86.42    0.00    0.20    0.00    0.00    0.00    0.00    0.00   13.38
02:12:30     all   85.62    0.00    0.17    0.00    0.00    0.00    0.00    0.00   14.21
02:12:32     all   86.75    0.00    0.19    0.00    0.00    0.00    0.00    0.00   13.06
02:12:34     all   85.17    0.00    0.20    0.01    0.00    0.00    0.00    0.00   14.62
02:12:36     all   84.35    0.00    0.20    0.00    0.00    0.00    0.00    0.00   15.45
