procs -----------memory---------- ---swap-- -----io---- --system-- -----cpu-----
 r  b   swpd   free   buff  cache   si   so    bi    bo   in   cs us sy id wa st
 9  0      0 64502852 215356 428408    0    0     0     1    0    0 38  2 60  0  0	
28  0      0 64154872 215356 455252    0    0     0     0 29878 23663 62  6 33  0  0	
46  0      0 64154508 215356 455312    0    0     0     0 26899 8813 80  0 20  0  0	
27  0      0 64158104 215360 455372    0    0     0   122 27318 8856 81  0 18  0  0	
25  0      0 64161328 215360 455436    0    0     0     0 26987 8946 81  0 19  0  0	
35  0      0 64162496 215360 455496    0    0     0     0 26936 9213 81  0 19  0  0	
27  0      0 64165760 215360 455556    0    0     0    14 26722 8874 80  0 20  0  0	
34  0      0 64168116 215360 455620    0    0     0     0 26693 8824 80  0 20  0  0	
29  0      0 64169436 215360 455684    0    0     0     0 26628 8863 80  0 20  0  0	
32  0      0 64171904 215360 455744    0    0     0    12 26150 9108 78  0 22  0  0	
37  0      0 64172500 215360 455804    0    0     0     0 26721 9208 80  0 20  0  0	
26  0      0 64173040 215360 455868    0    0     0    84 27446 9151 82  0 18  0  0	
48  0      0 64173156 215360 455928    0    0     0    10 27306 8751 82  0 18  0  0	
27  0      0 64172912 215360 455992    0    0     0     0 27041 8855 81  0 19  0  0	
26  0      0 64173044 215360 456056    0    0     0     0 27119 8579 81  0 19  0  0	
51  0      0 64173052 215360 456120    0    0     0     0 26908 8787 80  0 20  0  0	
34  0      0 64173052 215360 456180    0    0     0  6096 30027 9108 81  0 19  0  0	
28  0      0 64172928 215360 456248    0    0     0     0 27782 9060 83  0 17  0  0	
30  0      0 64172804 215360 456312    0    0     0     0 27873 8926 83  0 17  0  0	
25  0      0 64172804 215360 456376    0    0     0  1376 28388 8957 81  0 19  0  0	
27  0      0 64172920 215360 456376    0    0     0     0 27173 8812 81  0 18  0  0	
procs -----------memory---------- ---swap-- -----io---- --system-- -----cpu-----
 r  b   swpd   free   buff  cache   si   so    bi    bo   in   cs us sy id wa st
42  0      0 64172804 215360 456440    0    0     0    12 27417 8577 82  0 18  0  0	
27  0      0 64172804 215360 456500    0    0     0     0 27687 8751 82  0 18  0  0	
30  0      0 64172680 215360 456560    0    0     0     0 26943 9149 80  0 19  0  0	
25  0      0 64172680 215360 456624    0    0     0     8 27424 9287 82  0 18  0  0	
40  0      0 64172424 215360 456684    0    0     0     8 27377 8732 82  0 18  0  0	
