Linux 2.6.32-279.14.1.el6.x86_64 (compute-641-14.local) 	04/21/20 	_x86_64_	(32 CPU)

02:07:24     CPU    %usr   %nice    %sys %iowait    %irq   %soft  %steal  %guest   %idle
02:07:26     all   52.19    0.00   11.55    0.00    0.00    0.06    0.00    0.00   36.19
02:07:28     all   70.27    0.00   10.14    0.00    0.00    0.05    0.00    0.00   19.54
02:07:30     all   70.19    0.00   10.22    0.00    0.00    0.03    0.00    0.00   19.56
02:07:32     all   71.40    0.00    9.58    0.00    0.00    0.03    0.00    0.00   18.98
02:07:34     all   71.55    0.00    9.50    0.00    0.00    0.03    0.00    0.00   18.91
02:07:36     all   70.17    0.00   10.20    0.00    0.00    0.05    0.00    0.00   19.58
02:07:38     all   70.42    0.00   10.13    0.00    0.00    0.05    0.00    0.00   19.40
02:07:40     all   71.39    0.00    9.66    0.00    0.00    0.03    0.00    0.00   18.92
02:07:42     all   71.14    0.00    9.88    0.00    0.00    0.03    0.00    0.00   18.96
02:07:44     all   70.46    0.00   10.00    0.00    0.00    0.03    0.00    0.00   19.51
02:07:46     all   70.51    0.00   10.00    0.00    0.00    0.05    0.00    0.00   19.44
02:07:48     all   71.72    0.00    9.60    0.02    0.00    0.06    0.00    0.00   18.60
02:07:50     all   70.99    0.00    9.88    0.00    0.00    0.03    0.00    0.00   19.10
02:07:52     all   70.13    0.00   10.21    0.00    0.00    0.03    0.00    0.00   19.63
02:07:54     all   71.14    0.00    9.85    0.00    0.00    0.05    0.00    0.00   18.96
02:07:56     all   71.75    0.00    9.58    0.00    0.00    0.03    0.00    0.00   18.63
02:07:58     all   70.69    0.00    9.97    0.00    0.00    0.03    0.00    0.00   19.30
02:08:00     all   70.01    0.00   10.27    0.00    0.00    0.06    0.00    0.00   19.66
02:08:02     all   69.99    0.00   10.20    0.00    0.00    0.03    0.00    0.00   19.78
02:08:04     all   71.71    0.00    9.55    0.00    0.00    0.05    0.00    0.00   18.69
02:08:06     all   69.46    0.00   10.33    0.00    0.00    0.03    0.00    0.00   20.18
02:08:08     all   71.35    0.00    9.66    0.00    0.00    0.03    0.00    0.00   18.96
