Linux 2.6.32-279.14.1.el6.x86_64 (compute-641-14.local) 	04/21/20 	_x86_64_	(32 CPU)

02:40:44          PID    %usr %system  %guest    %CPU   CPU  Command
02:40:46           85    0.00    0.49    0.00    0.49    20  ksoftirqd/20
02:40:46          145    0.00    0.49    0.00    0.49    14  events/14
02:40:46         3139    0.00    0.49    0.00    0.49     6  kondemand/6
02:40:46         3159    0.00    0.49    0.00    0.49    26  kondemand/26
02:40:46         3161    0.00    0.49    0.00    0.49    28  kondemand/28
02:40:46         3180    0.00    0.49    0.00    0.49     1  kipmi0
02:40:46         4128    0.00    0.49    0.00    0.49     0  gmond
02:40:46        20461    2.96    1.48    0.00    4.43    29  mpirun
02:40:46        20467    0.99    0.99    0.00    1.97    17  top
02:40:46        20469    0.99    1.97    0.00    2.96    28  pidstat
02:40:46        20471    0.99    1.48    0.00    2.46    20  pidstat
02:40:46        20481   98.03    6.40    0.00  104.43    18  bt-mz.B.24
02:40:46        20482  104.43    5.42    0.00  109.85    26  bt-mz.B.24
02:40:46        20483  102.96    5.42    0.00  108.37    11  bt-mz.B.24
02:40:46        20484   87.68    6.40    0.00   94.09    16  bt-mz.B.24
02:40:46        20485  101.48    5.42    0.00  106.90    13  bt-mz.B.24
02:40:46        20486   85.71    4.93    0.00   90.64     5  bt-mz.B.24
02:40:46        20487   89.16    4.93    0.00   94.09     1  bt-mz.B.24
02:40:46        20488   98.03    5.42    0.00  103.45    14  bt-mz.B.24
02:40:46        20489   85.22    4.93    0.00   90.15    17  bt-mz.B.24
02:40:46        20490   87.19    5.42    0.00   92.61     5  bt-mz.B.24
02:40:46        20491   87.19    5.91    0.00   93.10     0  bt-mz.B.24
02:40:46        20492   85.22    4.93    0.00   90.15    22  bt-mz.B.24
02:40:46        20493   94.58    4.93    0.00   99.51    15  bt-mz.B.24

02:40:46          PID    %usr %system  %guest    %CPU   CPU  Command
02:40:48         3137    0.00    0.50    0.00    0.50     4  kondemand/4
02:40:48         3144    0.00    0.50    0.00    0.50    11  kondemand/11
02:40:48         3146    0.00    0.50    0.00    0.50    13  kondemand/13
02:40:48         3155    0.00    0.50    0.00    0.50    22  kondemand/22
02:40:48        20467    0.50    0.50    0.00    1.00     1  top
02:40:48        20469    0.50    1.50    0.00    2.00    28  pidstat
02:40:48        20471    0.50    1.50    0.00    2.00     3  pidstat
02:40:48        20481  119.50    0.00    0.00  119.50    18  bt-mz.B.24
02:40:48        20482  121.50    0.50    0.00  122.00    10  bt-mz.B.24
02:40:48        20483  125.00    0.00    0.00  125.00    11  bt-mz.B.24
02:40:48        20484  106.00    0.00    0.00  106.00    16  bt-mz.B.24
02:40:48        20485  122.00    0.00    0.00  122.00    26  bt-mz.B.24
02:40:48        20486  108.50    0.00    0.00  108.50     7  bt-mz.B.24
02:40:48        20487  114.50    0.00    0.00  114.50    17  bt-mz.B.24
02:40:48        20488  121.00    0.00    0.00  121.00    25  bt-mz.B.24
02:40:48        20489   99.50    0.00    0.00   99.50     1  bt-mz.B.24
02:40:48        20490  105.00    0.50    0.00  105.50    21  bt-mz.B.24
02:40:48        20491  113.50    0.00    0.00  113.50     0  bt-mz.B.24
02:40:48        20492   96.50    0.00    0.00   96.50     5  bt-mz.B.24
02:40:48        20493  125.00    0.00    0.00  125.00    31  bt-mz.B.24

02:40:48          PID    %usr %system  %guest    %CPU   CPU  Command
02:40:50         3133    0.00    0.50    0.00    0.50     0  kondemand/0
02:40:50         3163    0.00    0.50    0.00    0.50    30  kondemand/30
02:40:50         3180    0.00    0.50    0.00    0.50    17  kipmi0
02:40:50         4128    0.50    0.50    0.00    1.00     0  gmond
02:40:50        20467    0.50    0.50    0.00    1.00     1  top
02:40:50        20469    1.00    1.50    0.00    2.50    12  pidstat
02:40:50        20471    1.00    3.00    0.00    4.00     3  pidstat
02:40:50        20481  122.00    0.00    0.00  122.00    20  bt-mz.B.24
02:40:50        20482  125.00    0.00    0.00  125.00    15  bt-mz.B.24
02:40:50        20483  114.50    0.00    0.00  114.50    27  bt-mz.B.24
02:40:50        20484  121.50    0.00    0.00  121.50     0  bt-mz.B.24
02:40:50        20485  125.00    0.00    0.00  125.00    10  bt-mz.B.24
02:40:50        20486   91.00    0.50    0.00   91.50    19  bt-mz.B.24
02:40:50        20487  121.00    0.00    0.00  121.00    28  bt-mz.B.24
02:40:50        20488  124.00    0.50    0.00  124.50     9  bt-mz.B.24
02:40:50        20489  112.00    0.00    0.00  112.00    17  bt-mz.B.24
02:40:50        20490  117.50    0.00    0.00  117.50     5  bt-mz.B.24
02:40:50        20491  108.50    0.00    0.00  108.50     6  bt-mz.B.24
02:40:50        20492   88.00    0.50    0.00   88.50    22  bt-mz.B.24
02:40:50        20493  119.00    0.00    0.00  119.00    27  bt-mz.B.24

02:40:50          PID    %usr %system  %guest    %CPU   CPU  Command
02:40:52         3142    0.00    0.50    0.00    0.50     9  kondemand/9
02:40:52         3147    0.00    0.50    0.00    0.50    14  kondemand/14
02:40:52        20467    0.50    1.00    0.00    1.50     1  top
02:40:52        20469    0.50    2.00    0.00    2.50    28  pidstat
02:40:52        20471    0.50    0.50    0.00    1.00     3  pidstat
02:40:52        20481  138.00    0.00    0.00  138.00    23  bt-mz.B.24
02:40:52        20482  121.50    0.00    0.00  121.50    27  bt-mz.B.24
02:40:52        20483  116.50    0.00    0.00  116.50    14  bt-mz.B.24
02:40:52        20484  127.50    0.00    0.00  127.50    20  bt-mz.B.24
02:40:52        20485  110.00    0.00    0.00  110.00    29  bt-mz.B.24
02:40:52        20486  130.50    0.00    0.00  130.50    19  bt-mz.B.24
02:40:52        20487  104.00    0.00    0.00  104.00    26  bt-mz.B.24
02:40:52        20488  114.00    0.00    0.00  114.00     3  bt-mz.B.24
02:40:52        20489  125.50    0.50    0.00  126.00     1  bt-mz.B.24
02:40:52        20490  129.00    0.00    0.00  129.00     2  bt-mz.B.24
02:40:52        20491  125.50    0.00    0.00  125.50    21  bt-mz.B.24
02:40:52        20492  123.50    0.00    0.00  123.50     0  bt-mz.B.24
02:40:52        20493  112.50    0.00    0.00  112.50    10  bt-mz.B.24

02:40:52          PID    %usr %system  %guest    %CPU   CPU  Command
02:40:54         3157    0.00    0.50    0.00    0.50    24  kondemand/24
02:40:54         3195    0.50    0.00    0.00    0.50    12  irqbalance
02:40:54         4128    0.00    0.50    0.00    0.50    16  gmond
02:40:54        20467    0.50    0.50    0.00    1.00     1  top
02:40:54        20469    1.00    1.50    0.00    2.50    28  pidstat
02:40:54        20471    0.50    2.00    0.00    2.50     3  pidstat
02:40:54        20481  142.50    0.00    0.00  142.50    23  bt-mz.B.24
02:40:54        20482  117.00    0.00    0.00  117.00     9  bt-mz.B.24
02:40:54        20483  109.50    0.00    0.00  109.50    25  bt-mz.B.24
02:40:54        20484  119.00    0.00    0.00  119.00    17  bt-mz.B.24
02:40:54        20485  103.50    0.00    0.00  103.50    29  bt-mz.B.24
02:40:54        20486  124.50    0.00    0.00  124.50     5  bt-mz.B.24
02:40:54        20487  104.00    0.00    0.00  104.00    10  bt-mz.B.24
02:40:54        20488  123.00    0.00    0.00  123.00     3  bt-mz.B.24
02:40:54        20489  118.00    0.00    0.00  118.00     0  bt-mz.B.24
02:40:54        20490  133.00    0.00    0.00  133.00     2  bt-mz.B.24
02:40:54        20491  117.50    0.00    0.00  117.50     7  bt-mz.B.24
02:40:54        20492  119.50    0.00    0.00  119.50    19  bt-mz.B.24
02:40:54        20493  112.50    0.00    0.00  112.50    25  bt-mz.B.24

02:40:54          PID    %usr %system  %guest    %CPU   CPU  Command
02:40:56         3135    0.00    0.50    0.00    0.50     2  kondemand/2
02:40:56         3149    0.00    0.50    0.00    0.50    16  kondemand/16
02:40:56         3852    0.50    0.50    0.00    1.00     7  pbs_mom
02:40:56         4128    0.50    0.00    0.00    0.50    16  gmond
02:40:56        20467    1.00    0.50    0.00    1.50    17  top
02:40:56        20469    0.50    2.00    0.00    2.50    12  pidstat
02:40:56        20471    1.00    2.00    0.00    3.00     6  pidstat
02:40:56        20481  128.00    0.00    0.00  128.00    19  bt-mz.B.24
02:40:56        20482  129.00    0.00    0.00  129.00     9  bt-mz.B.24
02:40:56        20483  115.00    0.00    0.00  115.00    25  bt-mz.B.24
02:40:56        20484  123.50    0.00    0.00  123.50     1  bt-mz.B.24
02:40:56        20485  120.50    0.00    0.00  120.50    30  bt-mz.B.24
02:40:56        20486  123.00    0.00    0.00  123.00     3  bt-mz.B.24
02:40:56        20487  108.00    0.00    0.00  108.00    27  bt-mz.B.24
02:40:56        20488  129.00    0.00    0.00  129.00     5  bt-mz.B.24
02:40:56        20489  129.00    0.00    0.00  129.00    16  bt-mz.B.24
02:40:56        20490  126.00    0.00    0.00  126.00     0  bt-mz.B.24
02:40:56        20491  126.50    0.00    0.00  126.50    23  bt-mz.B.24
02:40:56        20492  130.00    0.00    0.00  130.00    21  bt-mz.B.24
02:40:56        20493  116.50    0.00    0.00  116.50    11  bt-mz.B.24

02:40:56          PID    %usr %system  %guest    %CPU   CPU  Command
02:40:58         3141    0.00    0.50    0.00    0.50     8  kondemand/8
02:40:58         3145    0.00    0.50    0.00    0.50    12  kondemand/12
02:40:58         3158    0.00    0.50    0.00    0.50    25  kondemand/25
02:40:58         3160    0.00    0.50    0.00    0.50    27  kondemand/27
02:40:58         4128    0.00    0.50    0.00    0.50    16  gmond
02:40:58        20467    0.50    0.50    0.00    1.00    17  top
02:40:58        20469    1.00    1.50    0.00    2.50    12  pidstat
02:40:58        20471    1.00    2.00    0.00    3.00     6  pidstat
02:40:58        20481  135.00    0.00    0.00  135.00    17  bt-mz.B.24
02:40:58        20482  125.00    0.00    0.00  125.00    28  bt-mz.B.24
02:40:58        20483  120.50    0.50    0.00  121.00    25  bt-mz.B.24
02:40:58        20484  127.50    0.00    0.00  127.50    19  bt-mz.B.24
02:40:58        20485  120.50    0.00    0.00  120.50    12  bt-mz.B.24
02:40:58        20486  136.50    0.00    0.00  136.50    18  bt-mz.B.24
02:40:58        20487  107.50    0.00    0.00  107.50     9  bt-mz.B.24
02:40:58        20488  113.00    0.00    0.00  113.00    21  bt-mz.B.24
02:40:58        20489  125.00    0.00    0.00  125.00     4  bt-mz.B.24
02:40:58        20490  122.00    0.00    0.00  122.00     7  bt-mz.B.24
02:40:58        20491  130.00    0.00    0.00  130.00     3  bt-mz.B.24
02:40:58        20492  115.00    0.50    0.00  115.50     1  bt-mz.B.24
02:40:58        20493  115.00    0.00    0.00  115.00    11  bt-mz.B.24

02:40:58          PID    %usr %system  %guest    %CPU   CPU  Command
02:41:00         3180    0.00    0.50    0.00    0.50     0  kipmi0
02:41:00        20467    0.50    1.00    0.00    1.50    17  top
02:41:00        20469    0.50    1.50    0.00    2.00    12  pidstat
02:41:00        20471    0.50    2.00    0.00    2.50     6  pidstat
02:41:00        20481  131.50    0.00    0.00  131.50     1  bt-mz.B.24
02:41:00        20482  120.00    0.00    0.00  120.00    13  bt-mz.B.24
02:41:00        20483  121.00    0.00    0.00  121.00    30  bt-mz.B.24
02:41:00        20484  119.00    0.50    0.00  119.50     7  bt-mz.B.24
02:41:00        20485  120.50    0.00    0.00  120.50     9  bt-mz.B.24
02:41:00        20486  116.50    0.00    0.00  116.50    21  bt-mz.B.24
02:41:00        20487  118.00    0.00    0.00  118.00     8  bt-mz.B.24
02:41:00        20488  116.00    0.00    0.00  116.00     0  bt-mz.B.24
02:41:00        20489  118.00    0.00    0.00  118.00     4  bt-mz.B.24
02:41:00        20490  118.50    0.00    0.00  118.50    16  bt-mz.B.24
02:41:00        20491  126.00    0.00    0.00  126.00    17  bt-mz.B.24
02:41:00        20492  112.50    0.00    0.00  112.50     3  bt-mz.B.24
02:41:00        20493  117.00    0.00    0.00  117.00    25  bt-mz.B.24

02:41:00          PID    %usr %system  %guest    %CPU   CPU  Command
02:41:02           89    0.00    0.50    0.00    0.50    21  ksoftirqd/21
02:41:02         3140    0.00    0.50    0.00    0.50     7  kondemand/7
02:41:02         3808    0.50    0.00    0.00    0.50     8  crond
02:41:02         4128    0.00    0.50    0.00    0.50     0  gmond
02:41:02        20467    0.50    0.50    0.00    1.00    17  top
02:41:02        20469    0.50    2.00    0.00    2.50    12  pidstat
02:41:02        20471    0.50    1.50    0.00    2.00    22  pidstat
02:41:02        20481  135.50    0.00    0.00  135.50     3  bt-mz.B.24
02:41:02        20482  129.00    0.50    0.00  129.50    30  bt-mz.B.24
02:41:02        20483  117.50    0.00    0.00  117.50    26  bt-mz.B.24
02:41:02        20484  117.50    0.00    0.00  117.50     6  bt-mz.B.24
02:41:02        20485  122.50    0.00    0.00  122.50    13  bt-mz.B.24
02:41:02        20486  123.00    0.00    0.00  123.00     7  bt-mz.B.24
02:41:02        20487  110.00    0.00    0.00  110.00    25  bt-mz.B.24
02:41:02        20488  121.00    0.00    0.00  121.00    18  bt-mz.B.24
02:41:02        20489  114.00    0.00    0.00  114.00     4  bt-mz.B.24
02:41:02        20490  122.00    0.00    0.00  122.00     0  bt-mz.B.24
02:41:02        20491  111.50    0.50    0.00  112.00    17  bt-mz.B.24
02:41:02        20492  108.50    0.00    0.00  108.50     2  bt-mz.B.24
02:41:02        20493  121.00    0.00    0.00  121.00    29  bt-mz.B.24

02:41:02          PID    %usr %system  %guest    %CPU   CPU  Command
02:41:04         3136    0.00    0.50    0.00    0.50     3  kondemand/3
02:41:04         3150    0.00    0.50    0.00    0.50    17  kondemand/17
02:41:04         3180    0.00    0.50    0.00    0.50    16  kipmi0
02:41:04        20467    0.50    1.00    0.00    1.50    17  top
02:41:04        20469    1.00    2.00    0.00    3.00    12  pidstat
02:41:04        20471    1.00    2.00    0.00    3.00     6  pidstat
02:41:04        20481  135.00    0.00    0.00  135.00    21  bt-mz.B.24
02:41:04        20482  124.00    0.00    0.00  124.00    14  bt-mz.B.24
02:41:04        20483  128.00    0.00    0.00  128.00    13  bt-mz.B.24
02:41:04        20484  119.50    0.00    0.00  119.50     3  bt-mz.B.24
02:41:04        20485  120.50    0.00    0.00  120.50    28  bt-mz.B.24
02:41:04        20486  116.00    0.00    0.00  116.00     7  bt-mz.B.24
02:41:04        20487  127.00    0.00    0.00  127.00     9  bt-mz.B.24
02:41:04        20488  108.00    0.00    0.00  108.00    23  bt-mz.B.24
02:41:04        20489  109.50    0.00    0.00  109.50    22  bt-mz.B.24
02:41:04        20490  130.50    0.00    0.00  130.50    16  bt-mz.B.24
02:41:04        20491  118.00    0.00    0.00  118.00    17  bt-mz.B.24
02:41:04        20492  117.00    0.00    0.00  117.00    18  bt-mz.B.24
02:41:04        20493  113.00    0.00    0.00  113.00     8  bt-mz.B.24

02:41:04          PID    %usr %system  %guest    %CPU   CPU  Command
02:41:06          132    0.00    0.50    0.00    0.50     1  events/1
02:41:06         4128    0.00    0.50    0.00    0.50     0  gmond
02:41:06        20467    1.00    0.50    0.00    1.50    17  top
02:41:06        20469    0.50    1.50    0.00    2.00    12  pidstat
02:41:06        20471    1.00    2.00    0.00    3.00     6  pidstat
02:41:06        20473    0.00    0.50    0.00    0.50    18  iostat
02:41:06        20481  130.00    0.00    0.00  130.00     7  bt-mz.B.24
02:41:06        20482  122.00    0.00    0.00  122.00    26  bt-mz.B.24
02:41:06        20483  123.50    0.00    0.00  123.50    29  bt-mz.B.24
02:41:06        20484  120.50    0.00    0.00  120.50    19  bt-mz.B.24
02:41:06        20485  122.50    0.00    0.00  122.50    30  bt-mz.B.24
02:41:06        20486  113.00    0.00    0.00  113.00     3  bt-mz.B.24
02:41:06        20487  128.00    0.50    0.00  128.50    25  bt-mz.B.24
02:41:06        20488  119.50    0.00    0.00  119.50     1  bt-mz.B.24
02:41:06        20489  117.50    0.00    0.00  117.50    22  bt-mz.B.24
02:41:06        20490  124.50    0.00    0.00  124.50     2  bt-mz.B.24
02:41:06        20491  120.50    0.00    0.00  120.50     0  bt-mz.B.24
02:41:06        20492  119.00    0.00    0.00  119.00     5  bt-mz.B.24
02:41:06        20493  122.50    0.00    0.00  122.50     8  bt-mz.B.24

02:41:06          PID    %usr %system  %guest    %CPU   CPU  Command
02:41:08         2319    0.00    0.50    0.00    0.50    12  jbd2/sda2-8
02:41:08         3151    0.00    0.50    0.00    0.50    18  kondemand/18
02:41:08        20467    0.50    1.00    0.00    1.50    17  top
02:41:08        20469    1.00    1.50    0.00    2.50    12  pidstat
02:41:08        20471    0.50    2.00    0.00    2.50     6  pidstat
02:41:08        20481  125.50    0.00    0.00  125.50     2  bt-mz.B.24
02:41:08        20482  116.00    0.00    0.00  116.00    10  bt-mz.B.24
02:41:08        20483  132.50    0.00    0.00  132.50    24  bt-mz.B.24
02:41:08        20484  118.00    0.00    0.00  118.00     3  bt-mz.B.24
02:41:08        20485  126.50    0.50    0.00  127.00    15  bt-mz.B.24
02:41:08        20486  113.00    0.00    0.00  113.00     7  bt-mz.B.24
02:41:08        20487  116.00    0.00    0.00  116.00    13  bt-mz.B.24
02:41:08        20488  115.50    0.00    0.00  115.50    19  bt-mz.B.24
02:41:08        20489  118.00    0.00    0.00  118.00     1  bt-mz.B.24
02:41:08        20490  112.00    0.00    0.00  112.00     5  bt-mz.B.24
02:41:08        20491  124.00    0.00    0.00  124.00    16  bt-mz.B.24
02:41:08        20492  112.00    0.50    0.00  112.50    22  bt-mz.B.24
02:41:08        20493  123.00    0.00    0.00  123.00     8  bt-mz.B.24

02:41:08          PID    %usr %system  %guest    %CPU   CPU  Command
02:41:10         3134    0.00    0.50    0.00    0.50     1  kondemand/1
02:41:10         3143    0.00    0.50    0.00    0.50    10  kondemand/10
02:41:10         3152    0.00    0.50    0.00    0.50    19  kondemand/19
02:41:10         3154    0.00    0.50    0.00    0.50    21  kondemand/21
02:41:10         3684    0.00    0.50    0.00    0.50    22  snmpd
02:41:10         4128    0.00    0.50    0.00    0.50     0  gmond
02:41:10        20467    0.50    0.50    0.00    1.00    17  top
02:41:10        20469    0.50    1.50    0.00    2.00    12  pidstat
02:41:10        20471    0.50    2.50    0.00    3.00     6  pidstat
02:41:10        20481  137.00    0.00    0.00  137.00    18  bt-mz.B.24
02:41:10        20482  122.00    0.00    0.00  122.00    28  bt-mz.B.24
02:41:10        20483  123.50    0.00    0.00  123.50     8  bt-mz.B.24
02:41:10        20484  127.00    0.00    0.00  127.00    19  bt-mz.B.24
02:41:10        20485  126.00    0.00    0.00  126.00    14  bt-mz.B.24
02:41:10        20486  123.50    0.00    0.00  123.50    21  bt-mz.B.24
02:41:10        20487  117.00    0.00    0.00  117.00    10  bt-mz.B.24
02:41:10        20488  118.50    0.00    0.00  118.50    17  bt-mz.B.24
02:41:10        20489  113.50    0.00    0.00  113.50    22  bt-mz.B.24
02:41:10        20490  128.00    0.00    0.00  128.00    20  bt-mz.B.24
02:41:10        20491  116.00    0.00    0.00  116.00     5  bt-mz.B.24
02:41:10        20492  120.50    0.00    0.00  120.50    16  bt-mz.B.24
02:41:10        20493  117.00    0.00    0.00  117.00    28  bt-mz.B.24

02:41:10          PID    %usr %system  %guest    %CPU   CPU  Command
02:41:12         3138    0.00    0.50    0.00    0.50     5  kondemand/5
02:41:12         3153    0.00    0.50    0.00    0.50    20  kondemand/20
02:41:12         4128    0.00    0.50    0.00    0.50     0  gmond
02:41:12        20467    0.50    1.00    0.00    1.50    17  top
02:41:12        20469    0.50    2.00    0.00    2.50    12  pidstat
02:41:12        20471    0.50    1.50    0.00    2.00     6  pidstat
02:41:12        20481  133.50    0.00    0.00  133.50    22  bt-mz.B.24
02:41:12        20482  125.50    0.00    0.00  125.50    14  bt-mz.B.24
02:41:12        20483  130.50    0.00    0.00  130.50    13  bt-mz.B.24
02:41:12        20484  123.00    0.00    0.00  123.00     3  bt-mz.B.24
02:41:12        20485  115.00    0.00    0.00  115.00    25  bt-mz.B.24
02:41:12        20486  116.00    0.00    0.00  116.00    21  bt-mz.B.24
02:41:12        20487  122.50    0.00    0.00  122.50    27  bt-mz.B.24
02:41:12        20488  122.50    0.00    0.00  122.50     1  bt-mz.B.24
02:41:12        20489  116.50    0.00    0.00  116.50     2  bt-mz.B.24
02:41:12        20490  116.00    0.00    0.00  116.00    16  bt-mz.B.24
02:41:12        20491  122.50    0.00    0.00  122.50     0  bt-mz.B.24
02:41:12        20492  118.00    0.00    0.00  118.00     4  bt-mz.B.24
02:41:12        20493  129.00    0.00    0.00  129.00    28  bt-mz.B.24

02:41:12          PID    %usr %system  %guest    %CPU   CPU  Command
02:41:14         3148    0.00    0.50    0.00    0.50    15  kondemand/15
02:41:14         3162    0.00    0.50    0.00    0.50    29  kondemand/29
02:41:14         3852    0.00    0.50    0.00    0.50    25  pbs_mom
02:41:14         4128    0.50    0.00    0.00    0.50     0  gmond
02:41:14        20467    0.50    0.50    0.00    1.00     1  top
02:41:14        20469    0.50    1.49    0.00    1.99    13  pidstat
02:41:14        20471    0.50    1.99    0.00    2.49     6  pidstat
02:41:14        20481  123.88    0.50    0.00  124.38     6  bt-mz.B.24
02:41:14        20482  119.90    0.00    0.00  119.90    14  bt-mz.B.24
02:41:14        20483  123.88    0.00    0.00  123.88    12  bt-mz.B.24
02:41:14        20484  122.39    0.00    0.00  122.39     3  bt-mz.B.24
02:41:14        20485  122.39    0.00    0.00  122.39    27  bt-mz.B.24
02:41:14        20486  129.85    0.00    0.00  129.85    21  bt-mz.B.24
02:41:14        20487  116.42    0.00    0.00  116.42     9  bt-mz.B.24
02:41:14        20488  119.90    0.00    0.00  119.90    17  bt-mz.B.24
02:41:14        20489  116.42    0.00    0.00  116.42    20  bt-mz.B.24
02:41:14        20490  114.43    0.00    0.00  114.43    22  bt-mz.B.24
02:41:14        20491  129.35    0.00    0.00  129.35    16  bt-mz.B.24
02:41:14        20492  118.41    0.00    0.00  118.41    18  bt-mz.B.24
02:41:14        20493  119.90    0.00    0.00  119.90     9  bt-mz.B.24

02:41:14          PID    %usr %system  %guest    %CPU   CPU  Command
02:41:16           29    0.00    0.50    0.00    0.50     6  ksoftirqd/6
02:41:16         3021    0.00    1.50    0.00    1.50    12  flush-8:0
02:41:16         3133    0.00    0.50    0.00    0.50     0  kondemand/0
02:41:16         3139    0.00    0.50    0.00    0.50     6  kondemand/6
02:41:16        20467    0.50    1.00    0.00    1.50     1  top
02:41:16        20469    1.00    2.00    0.00    3.00    12  pidstat
02:41:16        20471    0.50    1.50    0.00    2.00     6  pidstat
02:41:16        20481  122.50    0.00    0.00  122.50     2  bt-mz.B.24
02:41:16        20482  116.50    0.00    0.00  116.50    30  bt-mz.B.24
02:41:16        20483  116.50    0.00    0.00  116.50    28  bt-mz.B.24
02:41:16        20484  127.00    0.00    0.00  127.00     1  bt-mz.B.24
02:41:16        20485  107.00    0.00    0.00  107.00    25  bt-mz.B.24
02:41:16        20486  112.00    0.00    0.00  112.00     5  bt-mz.B.24
02:41:16        20487  125.50    0.00    0.00  125.50     8  bt-mz.B.24
02:41:16        20488  121.00    0.00    0.00  121.00    17  bt-mz.B.24
02:41:16        20489  111.00    0.00    0.00  111.00     2  bt-mz.B.24
02:41:16        20490  116.00    0.00    0.00  116.00    22  bt-mz.B.24
02:41:16        20491  120.50    0.00    0.00  120.50    16  bt-mz.B.24
02:41:16        20492  103.00    0.00    0.00  103.00     3  bt-mz.B.24
02:41:16        20493  112.00    0.00    0.00  112.00    24  bt-mz.B.24

02:41:16          PID    %usr %system  %guest    %CPU   CPU  Command
02:41:18         3137    0.00    0.50    0.00    0.50     4  kondemand/4
02:41:18         3144    0.00    0.50    0.00    0.50    11  kondemand/11
02:41:18         3146    0.00    0.50    0.00    0.50    13  kondemand/13
02:41:18         3156    0.00    0.50    0.00    0.50    23  kondemand/23
02:41:18         3159    0.00    0.50    0.00    0.50    26  kondemand/26
02:41:18         3161    0.00    0.50    0.00    0.50    28  kondemand/28
02:41:18         3164    0.00    0.50    0.00    0.50    31  kondemand/31
02:41:18         3287    0.00    0.50    0.00    0.50     3  rpciod/3
02:41:18         4128    0.00    0.50    0.00    0.50    16  gmond
02:41:18        20461    0.00    0.50    0.00    0.50    11  mpirun
02:41:18        20467    0.50    0.50    0.00    1.00     1  top
02:41:18        20469    0.50    1.50    0.00    2.00    12  pidstat
02:41:18        20471    1.00    2.50    0.00    3.50    22  pidstat
02:41:18        20481  138.00    0.00    0.00  138.00     7  bt-mz.B.24
02:41:18        20482  129.50    0.00    0.00  129.50    27  bt-mz.B.24
02:41:18        20483  132.50    0.00    0.00  132.50    28  bt-mz.B.24
02:41:18        20484  112.00    0.00    0.00  112.00     3  bt-mz.B.24
02:41:18        20485  126.00    0.00    0.00  126.00     9  bt-mz.B.24
02:41:18        20486  122.00    0.00    0.00  122.00    21  bt-mz.B.24
02:41:18        20487  117.00    0.00    0.00  117.00    10  bt-mz.B.24
02:41:18        20488  108.00    0.50    0.00  108.50    17  bt-mz.B.24
02:41:18        20489  116.50    0.00    0.00  116.50    19  bt-mz.B.24
02:41:18        20490  126.00    0.00    0.00  126.00     0  bt-mz.B.24
02:41:18        20491  115.50    0.00    0.00  115.50     4  bt-mz.B.24
02:41:18        20492  120.00    0.00    0.00  120.00     1  bt-mz.B.24
02:41:18        20493  121.00    0.50    0.00  121.50    14  bt-mz.B.24

02:41:18          PID    %usr %system  %guest    %CPU   CPU  Command
02:41:20         3142    0.00    0.50    0.00    0.50     9  kondemand/9
02:41:20         3147    0.00    0.50    0.00    0.50    14  kondemand/14
02:41:20         3155    0.00    0.50    0.00    0.50    22  kondemand/22
02:41:20         3180    0.00    0.50    0.00    0.50     0  kipmi0
02:41:20        20467    1.00    0.50    0.00    1.50     1  top
02:41:20        20469    0.50    2.00    0.00    2.50    28  pidstat
02:41:20        20471    1.00    1.50    0.00    2.50     6  pidstat
02:41:20        20481  129.50    0.00    0.00  129.50    18  bt-mz.B.24
02:41:20        20482  128.50    0.00    0.00  128.50    11  bt-mz.B.24
02:41:20        20483  115.00    0.00    0.00  115.00    24  bt-mz.B.24
02:41:20        20484  115.00    0.00    0.00  115.00     7  bt-mz.B.24
02:41:20        20485  125.00    0.00    0.00  125.00     9  bt-mz.B.24
02:41:20        20486  115.50    0.00    0.00  115.50     7  bt-mz.B.24
02:41:20        20487  102.00    0.00    0.00  102.00    27  bt-mz.B.24
02:41:20        20488  117.00    0.00    0.00  117.00     5  bt-mz.B.24
02:41:20        20489  128.50    0.00    0.00  128.50     2  bt-mz.B.24
02:41:20        20490  116.00    0.00    0.00  116.00    17  bt-mz.B.24
02:41:20        20491  124.50    0.00    0.00  124.50    23  bt-mz.B.24
02:41:20        20492  115.50    0.00    0.00  115.50    20  bt-mz.B.24
02:41:20        20493  122.00    0.00    0.00  122.00    14  bt-mz.B.24

02:41:20          PID    %usr %system  %guest    %CPU   CPU  Command
02:41:22          150    0.00    0.50    0.00    0.50    19  events/19
02:41:22         3163    0.00    0.50    0.00    0.50    30  kondemand/30
02:41:22         3684    0.50    0.00    0.00    0.50    22  snmpd
02:41:22         4128    0.00    0.50    0.00    0.50    16  gmond
02:41:22        20467    0.50    0.50    0.00    1.00     1  top
02:41:22        20469    0.50    2.00    0.00    2.50    28  pidstat
02:41:22        20471    0.50    2.00    0.00    2.50     2  pidstat
02:41:22        20481  129.00    0.00    0.00  129.00     0  bt-mz.B.24
02:41:22        20482  129.00    0.00    0.00  129.00    11  bt-mz.B.24
02:41:22        20483  102.00    0.00    0.00  102.00    25  bt-mz.B.24
02:41:22        20484  114.00    0.00    0.00  114.00    20  bt-mz.B.24
02:41:22        20485  126.50    0.00    0.00  126.50     9  bt-mz.B.24
02:41:22        20486  109.00    0.00    0.00  109.00     1  bt-mz.B.24
02:41:22        20487  110.50    0.00    0.00  110.50    14  bt-mz.B.24
02:41:22        20488  113.50    0.00    0.00  113.50    17  bt-mz.B.24
02:41:22        20489  114.50    0.00    0.00  114.50    21  bt-mz.B.24
02:41:22        20490  112.00    0.00    0.00  112.00    16  bt-mz.B.24
02:41:22        20491  118.00    0.00    0.00  118.00    23  bt-mz.B.24
02:41:22        20492  113.50    0.00    0.00  113.50     5  bt-mz.B.24
02:41:22        20493  113.50    0.00    0.00  113.50    10  bt-mz.B.24

02:41:22          PID    %usr %system  %guest    %CPU   CPU  Command
02:41:24         3195    0.00    0.50    0.00    0.50    12  irqbalance
02:41:24         4128    0.50    0.50    0.00    1.00    16  gmond
02:41:24        20467    0.50    0.50    0.00    1.00    17  top
02:41:24        20469    0.50    2.00    0.00    2.50    28  pidstat
02:41:24        20471    0.50    1.00    0.00    1.50     2  pidstat
02:41:24        20481  143.00    0.00    0.00  143.00    23  bt-mz.B.24
02:41:24        20482  131.50    0.00    0.00  131.50    27  bt-mz.B.24
02:41:24        20483  129.00    0.00    0.00  129.00    24  bt-mz.B.24
02:41:24        20484  130.50    0.00    0.00  130.50    16  bt-mz.B.24
02:41:24        20485  120.50    0.00    0.00  120.50    25  bt-mz.B.24
02:41:24        20486  115.00    0.00    0.00  115.00    22  bt-mz.B.24
02:41:24        20487  116.00    0.00    0.00  116.00    11  bt-mz.B.24
02:41:24        20488  120.50    0.00    0.00  120.50     7  bt-mz.B.24
02:41:24        20489  116.00    0.00    0.00  116.00     6  bt-mz.B.24
02:41:24        20490  112.50    0.50    0.00  113.00    17  bt-mz.B.24
02:41:24        20491  120.00    0.00    0.00  120.00    18  bt-mz.B.24
02:41:24        20492  116.00    0.00    0.00  116.00    19  bt-mz.B.24
02:41:24        20493  120.00    0.00    0.00  120.00     8  bt-mz.B.24

02:41:24          PID    %usr %system  %guest    %CPU   CPU  Command
02:41:26         3135    0.00    0.50    0.00    0.50     2  kondemand/2
02:41:26         3141    0.00    0.50    0.00    0.50     8  kondemand/8
02:41:26         3145    0.00    0.50    0.00    0.50    12  kondemand/12
02:41:26         3157    0.00    0.50    0.00    0.50    24  kondemand/24
02:41:26        20467    1.00    0.50    0.00    1.50    17  top
02:41:26        20469    0.50    1.50    0.00    2.00    12  pidstat
02:41:26        20471    1.00    2.50    0.00    3.50     2  pidstat
02:41:26        20481  130.50    0.00    0.00  130.50     1  bt-mz.B.24
02:41:26        20482  123.00    0.00    0.00  123.00    11  bt-mz.B.24
02:41:26        20483  120.50    0.00    0.00  120.50     8  bt-mz.B.24
02:41:26        20484  113.50    0.00    0.00  113.50    22  bt-mz.B.24
02:41:26        20485  105.00    0.00    0.00  105.00     9  bt-mz.B.24
02:41:26        20486  134.50    0.00    0.00  134.50     6  bt-mz.B.24
02:41:26        20487  115.00    0.00    0.00  115.00    30  bt-mz.B.24
02:41:26        20488  108.00    0.00    0.00  108.00     5  bt-mz.B.24
02:41:26        20489  127.50    0.00    0.00  127.50    21  bt-mz.B.24
02:41:26        20490  124.00    0.00    0.00  124.00    17  bt-mz.B.24
02:41:26        20491  116.00    0.00    0.00  116.00    19  bt-mz.B.24
02:41:26        20492  121.50    0.00    0.00  121.50    18  bt-mz.B.24
02:41:26        20493  107.00    0.00    0.00  107.00    27  bt-mz.B.24

02:41:26          PID    %usr %system  %guest    %CPU   CPU  Command
02:41:28         3149    0.00    0.50    0.00    0.50    16  kondemand/16
02:41:28         4128    0.00    0.50    0.00    0.50    16  gmond
02:41:28        20467    0.50    1.00    0.00    1.50    17  top
02:41:28        20469    0.50    2.00    0.00    2.50    12  pidstat
02:41:28        20471    0.50    1.50    0.00    2.00    23  pidstat
02:41:28        20473    0.00    0.50    0.00    0.50     2  iostat
02:41:28        20481  131.50    0.00    0.00  131.50    19  bt-mz.B.24
02:41:28        20482  138.50    0.00    0.00  138.50     9  bt-mz.B.24
02:41:28        20483  135.00    0.00    0.00  135.00     8  bt-mz.B.24
02:41:28        20484  119.00    0.00    0.00  119.00     0  bt-mz.B.24
02:41:28        20485  154.00    0.00    0.00  154.00    11  bt-mz.B.24
02:41:28        20486  134.00    0.00    0.00  134.00     7  bt-mz.B.24
02:41:28        20487  121.50    0.00    0.00  121.50    26  bt-mz.B.24
02:41:28        20488  119.00    0.00    0.00  119.00     0  bt-mz.B.24
02:41:28        20489  118.50    0.00    0.00  118.50     2  bt-mz.B.24
02:41:28        20490  127.00    0.00    0.00  127.00     6  bt-mz.B.24
02:41:28        20491  125.50    0.00    0.00  125.50     3  bt-mz.B.24
02:41:28        20492  118.50    0.00    0.00  118.50     1  bt-mz.B.24
02:41:28        20493  109.00    0.00    0.00  109.00    24  bt-mz.B.24

02:41:28          PID    %usr %system  %guest    %CPU   CPU  Command
02:41:30         3158    0.00    0.50    0.00    0.50    25  kondemand/25
02:41:30         3180    0.00    0.50    0.00    0.50    16  kipmi0
02:41:30        20467    0.50    0.50    0.00    1.00    17  top
02:41:30        20469    1.00    1.50    0.00    2.50    12  pidstat
02:41:30        20471    0.50    2.00    0.00    2.50     7  pidstat
02:41:30        20481  131.50    0.00    0.00  131.50     5  bt-mz.B.24
02:41:30        20482  125.50    0.00    0.00  125.50    28  bt-mz.B.24
02:41:30        20483  125.00    0.00    0.00  125.00    26  bt-mz.B.24
02:41:30        20484  115.00    0.00    0.00  115.00    18  bt-mz.B.24
02:41:30        20485  112.50    0.00    0.00  112.50    14  bt-mz.B.24
02:41:30        20486  115.00    0.00    0.00  115.00     3  bt-mz.B.24
02:41:30        20487  121.00    0.00    0.00  121.00     9  bt-mz.B.24
02:41:30        20488  118.00    0.00    0.00  118.00    22  bt-mz.B.24
02:41:30        20489  118.50    0.00    0.00  118.50     7  bt-mz.B.24
02:41:30        20490  115.00    0.00    0.00  115.00     5  bt-mz.B.24
02:41:30        20491  113.00    0.00    0.00  113.00     4  bt-mz.B.24
02:41:30        20492  120.00    0.50    0.00  120.50     1  bt-mz.B.24
02:41:30        20493  118.50    0.00    0.00  118.50    27  bt-mz.B.24

02:41:30          PID    %usr %system  %guest    %CPU   CPU  Command
02:41:32         3140    0.00    0.50    0.00    0.50     7  kondemand/7
02:41:32         3160    0.00    0.50    0.00    0.50    27  kondemand/27
02:41:32         4128    0.00    0.50    0.00    0.50    16  gmond
02:41:32        20467    0.50    1.00    0.00    1.50     1  top
02:41:32        20469    0.50    1.50    0.00    2.00    12  pidstat
02:41:32        20471    1.00    1.00    0.00    2.00    23  pidstat
02:41:32        20481  135.00    0.00    0.00  135.00    23  bt-mz.B.24
02:41:32        20482  128.50    0.00    0.00  128.50    30  bt-mz.B.24
02:41:32        20483  136.50    0.00    0.00  136.50    26  bt-mz.B.24
02:41:32        20484  119.00    0.00    0.00  119.00     0  bt-mz.B.24
02:41:32        20485  120.50    0.00    0.00  120.50    15  bt-mz.B.24
02:41:32        20486  116.50    0.00    0.00  116.50    18  bt-mz.B.24
02:41:32        20487  115.00    0.00    0.00  115.00    31  bt-mz.B.24
02:41:32        20488  121.00    0.00    0.00  121.00    21  bt-mz.B.24
02:41:32        20489  126.00    0.50    0.00  126.50    22  bt-mz.B.24
02:41:32        20490  125.50    0.00    0.00  125.50     3  bt-mz.B.24
02:41:32        20491  110.00    0.00    0.00  110.00     7  bt-mz.B.24
02:41:32        20492  127.50    0.00    0.00  127.50     1  bt-mz.B.24
02:41:32        20493  121.00    0.00    0.00  121.00    28  bt-mz.B.24

02:41:32          PID    %usr %system  %guest    %CPU   CPU  Command
02:41:34         3136    0.00    0.50    0.00    0.50     3  kondemand/3
02:41:34         3180    0.00    0.50    0.00    0.50    16  kipmi0
02:41:34         4128    0.50    0.00    0.00    0.50    16  gmond
02:41:34        20467    1.00    0.50    0.00    1.50    17  top
02:41:34        20469    0.50    2.00    0.00    2.50    12  pidstat
02:41:34        20471    1.00    2.50    0.00    3.50     7  pidstat
02:41:34        20481  129.50    0.00    0.00  129.50     6  bt-mz.B.24
02:41:34        20482  129.50    0.00    0.00  129.50    24  bt-mz.B.24
02:41:34        20483  125.50    0.00    0.00  125.50    13  bt-mz.B.24
02:41:34        20484  120.50    0.00    0.00  120.50    21  bt-mz.B.24
02:41:34        20485  117.00    0.00    0.00  117.00    31  bt-mz.B.24
02:41:34        20486  128.00    0.50    0.00  128.50     5  bt-mz.B.24
02:41:34        20487  126.00    0.00    0.00  126.00    28  bt-mz.B.24
02:41:34        20488  111.00    0.00    0.00  111.00    19  bt-mz.B.24
02:41:34        20489  120.50    0.00    0.00  120.50    22  bt-mz.B.24
02:41:34        20490  128.00    0.00    0.00  128.00     3  bt-mz.B.24
02:41:34        20491  124.00    0.50    0.00  124.50    23  bt-mz.B.24
02:41:34        20492  119.00    0.00    0.00  119.00     2  bt-mz.B.24
02:41:34        20493  120.00    0.00    0.00  120.00    25  bt-mz.B.24

02:41:34          PID    %usr %system  %guest    %CPU   CPU  Command
02:41:36         3150    0.00    0.50    0.00    0.50    17  kondemand/17
02:41:36         4128    0.00    0.50    0.00    0.50    16  gmond
02:41:36        20467    0.50    0.50    0.00    1.00    17  top
02:41:36        20469    1.00    1.50    0.00    2.50    28  pidstat
02:41:36        20471    0.50    2.50    0.00    3.00     7  pidstat
02:41:36        20481  117.50    0.50    0.00  118.00    22  bt-mz.B.24
02:41:36        20482  116.00    0.00    0.00  116.00     8  bt-mz.B.24
02:41:36        20483  117.50    0.00    0.00  117.50    13  bt-mz.B.24
02:41:36        20484  118.00    0.50    0.00  118.50     6  bt-mz.B.24
02:41:36        20485  124.00    0.50    0.00  124.50    31  bt-mz.B.24
02:41:36        20486  110.50    0.00    0.00  110.50     4  bt-mz.B.24
02:41:36        20487  123.00    0.00    0.00  123.00    12  bt-mz.B.24
02:41:36        20488  124.00    0.00    0.00  124.00    21  bt-mz.B.24
02:41:36        20489  114.50    0.00    0.00  114.50    18  bt-mz.B.24
02:41:36        20490  125.50    0.00    0.00  125.50     3  bt-mz.B.24
02:41:36        20491  113.50    0.00    0.00  113.50     7  bt-mz.B.24
02:41:36        20492  109.50    0.00    0.00  109.50     3  bt-mz.B.24
02:41:36        20493  118.00    0.00    0.00  118.00    30  bt-mz.B.24

02:41:36          PID    %usr %system  %guest    %CPU   CPU  Command
02:41:38         3143    0.00    0.50    0.00    0.50    10  kondemand/10
02:41:38        20467    0.50    0.50    0.00    1.00    17  top
02:41:38        20469    1.00    1.50    0.00    2.50    28  pidstat
02:41:38        20471    0.50    2.00    0.00    2.50    23  pidstat
02:41:38        20481  124.50    0.00    0.00  124.50    21  bt-mz.B.24
02:41:38        20482  128.00    0.00    0.00  128.00     9  bt-mz.B.24
02:41:38        20483  121.50    0.00    0.00  121.50    24  bt-mz.B.24
02:41:38        20484  122.00    0.00    0.00  122.00    22  bt-mz.B.24
02:41:38        20485  128.00    0.00    0.00  128.00    31  bt-mz.B.24
02:41:38        20486  117.00    0.00    0.00  117.00     2  bt-mz.B.24
02:41:38        20487  117.50    0.50    0.00  118.00    28  bt-mz.B.24
02:41:38        20488  120.50    0.00    0.00  120.50     4  bt-mz.B.24
02:41:38        20489  111.00    0.00    0.00  111.00     3  bt-mz.B.24
02:41:38        20490  125.00    0.00    0.00  125.00     5  bt-mz.B.24
02:41:38        20491  117.50    0.00    0.00  117.50    18  bt-mz.B.24
02:41:38        20492  119.00    0.00    0.00  119.00    20  bt-mz.B.24
02:41:38        20493  125.50    0.00    0.00  125.50    11  bt-mz.B.24

02:41:38          PID    %usr %system  %guest    %CPU   CPU  Command
02:41:40         3133    0.00    0.50    0.00    0.50     0  kondemand/0
02:41:40        20467    1.00    0.50    0.00    1.50     1  top
02:41:40        20469    0.50    2.00    0.00    2.50    28  pidstat
02:41:40        20471    0.50    2.00    0.00    2.50     7  pidstat
02:41:40        20481  128.50    0.00    0.00  128.50    16  bt-mz.B.24
02:41:40        20482  129.00    0.00    0.00  129.00    12  bt-mz.B.24
02:41:40        20483  121.00    0.00    0.00  121.00    25  bt-mz.B.24
02:41:40        20484  118.00    0.00    0.00  118.00    23  bt-mz.B.24
02:41:40        20485  124.50    0.00    0.00  124.50    31  bt-mz.B.24
02:41:40        20486  108.00    0.00    0.00  108.00    23  bt-mz.B.24
02:41:40        20487  115.00    0.00    0.00  115.00    11  bt-mz.B.24
02:41:40        20488  120.50    0.00    0.00  120.50    22  bt-mz.B.24
02:41:40        20489  113.50    0.00    0.00  113.50     0  bt-mz.B.24
02:41:40        20490  121.00    0.00    0.00  121.00     3  bt-mz.B.24
02:41:40        20491  118.50    0.00    0.00  118.50     1  bt-mz.B.24
02:41:40        20492  114.00    0.00    0.00  114.00     2  bt-mz.B.24
02:41:40        20493  115.50    0.00    0.00  115.50    27  bt-mz.B.24

02:41:40          PID    %usr %system  %guest    %CPU   CPU  Command
02:41:42         3134    0.00    0.50    0.00    0.50     1  kondemand/1
02:41:42         3138    0.00    0.50    0.00    0.50     5  kondemand/5
02:41:42         3151    0.00    0.50    0.00    0.50    18  kondemand/18
02:41:42         3152    0.00    0.50    0.00    0.50    19  kondemand/19
02:41:42         3180    0.00    0.50    0.00    0.50    21  kipmi0
02:41:42         3852    0.50    0.50    0.00    1.00    24  pbs_mom
02:41:42         4128    0.50    0.50    0.00    1.00    16  gmond
02:41:42        20467    0.50    1.00    0.00    1.50     1  top
02:41:42        20469    0.50    1.50    0.00    2.00    28  pidstat
02:41:42        20471    0.50    2.00    0.00    2.50     7  pidstat
02:41:42        20476    0.00    0.50    0.00    0.50     7  vmstat
02:41:42        20481  132.50    0.00    0.00  132.50     0  bt-mz.B.24
02:41:42        20482  123.00    0.00    0.00  123.00    10  bt-mz.B.24
02:41:42        20483  123.50    0.00    0.00  123.50    25  bt-mz.B.24
02:41:42        20484  109.50    0.50    0.00  110.00     4  bt-mz.B.24
02:41:42        20485  112.00    0.00    0.00  112.00    31  bt-mz.B.24
02:41:42        20486  116.00    0.00    0.00  116.00     2  bt-mz.B.24
02:41:42        20487  112.00    0.00    0.00  112.00     9  bt-mz.B.24
02:41:42        20488  120.50    0.00    0.00  120.50    22  bt-mz.B.24
02:41:42        20489  113.50    0.00    0.00  113.50    23  bt-mz.B.24
02:41:42        20490  121.00    0.00    0.00  121.00    16  bt-mz.B.24
02:41:42        20491  122.50    0.00    0.00  122.50    17  bt-mz.B.24
02:41:42        20492  122.00    0.00    0.00  122.00    18  bt-mz.B.24
02:41:42        20493  116.00    0.00    0.00  116.00    28  bt-mz.B.24

02:41:42          PID    %usr %system  %guest    %CPU   CPU  Command
02:41:44         3154    0.00    0.50    0.00    0.50    21  kondemand/21
02:41:44        20467    0.50    0.50    0.00    1.00     1  top
02:41:44        20469    0.50    2.00    0.00    2.50    28  pidstat
02:41:44        20471    0.50    1.50    0.00    2.00     7  pidstat
02:41:44        20481  128.50    0.00    0.00  128.50    17  bt-mz.B.24
02:41:44        20482  112.50    0.00    0.00  112.50    11  bt-mz.B.24
02:41:44        20483  126.50    0.00    0.00  126.50    25  bt-mz.B.24
02:41:44        20484  124.00    0.00    0.00  124.00    20  bt-mz.B.24
02:41:44        20485  106.00    0.00    0.00  106.00    27  bt-mz.B.24
02:41:44        20486  118.50    0.00    0.00  118.50     3  bt-mz.B.24
02:41:44        20487  109.50    0.00    0.00  109.50    26  bt-mz.B.24
02:41:44        20488  109.50    0.50    0.00  110.00    22  bt-mz.B.24
02:41:44        20489  109.00    0.00    0.00  109.00     4  bt-mz.B.24
02:41:44        20490  112.50    0.00    0.00  112.50    23  bt-mz.B.24
02:41:44        20491  113.00    0.00    0.00  113.00     1  bt-mz.B.24
02:41:44        20492  115.00    0.00    0.00  115.00     2  bt-mz.B.24
02:41:44        20493  117.00    0.00    0.00  117.00    12  bt-mz.B.24

02:41:44          PID    %usr %system  %guest    %CPU   CPU  Command
02:41:46         3139    0.00    0.50    0.00    0.50     6  kondemand/6
02:41:46         3148    0.00    0.50    0.00    0.50    15  kondemand/15
02:41:46         3153    0.00    0.50    0.00    0.50    20  kondemand/20
02:41:46         3684    0.00    0.50    0.00    0.50     6  snmpd
02:41:46         4128    0.00    0.50    0.00    0.50    16  gmond
02:41:46        20467    1.00    0.50    0.00    1.50     1  top
02:41:46        20469    0.50    2.00    0.00    2.50    28  pidstat
02:41:46        20471    1.00    2.00    0.00    3.00     7  pidstat
02:41:46        20481  133.00    0.50    0.00  133.50     5  bt-mz.B.24
02:41:46        20482  129.50    0.00    0.00  129.50    24  bt-mz.B.24
02:41:46        20483  114.00    0.00    0.00  114.00     9  bt-mz.B.24
02:41:46        20484  124.00    0.00    0.00  124.00     0  bt-mz.B.24
02:41:46        20485  130.50    0.00    0.00  130.50    27  bt-mz.B.24
02:41:46        20486  112.00    0.00    0.00  112.00    23  bt-mz.B.24
02:41:46        20487  125.50    0.00    0.00  125.50    10  bt-mz.B.24
02:41:46        20488  116.50    0.00    0.00  116.50     4  bt-mz.B.24
02:41:46        20489  117.00    0.00    0.00  117.00     0  bt-mz.B.24
02:41:46        20490  120.00    0.50    0.00  120.50     7  bt-mz.B.24
02:41:46        20491  132.00    0.00    0.00  132.00    17  bt-mz.B.24
02:41:46        20492  120.50    0.00    0.00  120.50    18  bt-mz.B.24
02:41:46        20493  110.00    0.00    0.00  110.00    15  bt-mz.B.24

02:41:46          PID    %usr %system  %guest    %CPU   CPU  Command
02:41:48         3137    0.00    0.50    0.00    0.50     4  kondemand/4
02:41:48         3144    0.00    0.50    0.00    0.50    11  kondemand/11
02:41:48        20467    0.50    1.00    0.00    1.50     1  top
02:41:48        20469    0.50    2.00    0.00    2.50    28  pidstat
02:41:48        20471    0.50    2.00    0.00    2.50     7  pidstat
02:41:48        20481  124.00    0.00    0.00  124.00    18  bt-mz.B.24
02:41:48        20482  118.00    0.50    0.00  118.50    11  bt-mz.B.24
02:41:48        20483  120.50    0.00    0.00  120.50     8  bt-mz.B.24
02:41:48        20484  121.00    0.00    0.00  121.00     3  bt-mz.B.24
02:41:48        20485  119.50    0.00    0.00  119.50    27  bt-mz.B.24
02:41:48        20486  111.50    0.00    0.00  111.50     4  bt-mz.B.24
02:41:48        20487  117.00    0.00    0.00  117.00    14  bt-mz.B.24
02:41:48        20488  121.00    0.00    0.00  121.00    17  bt-mz.B.24
02:41:48        20489  118.50    0.00    0.00  118.50    19  bt-mz.B.24
02:41:48        20490  120.00    0.00    0.00  120.00     6  bt-mz.B.24
02:41:48        20491  110.00    0.00    0.00  110.00     1  bt-mz.B.24
02:41:48        20492  118.50    0.00    0.00  118.50     2  bt-mz.B.24
02:41:48        20493  119.50    0.00    0.00  119.50    26  bt-mz.B.24

02:41:48          PID    %usr %system  %guest    %CPU   CPU  Command
02:41:50         3142    0.00    0.50    0.00    0.50     9  kondemand/9
02:41:50         3146    0.00    0.50    0.00    0.50    13  kondemand/13
02:41:50         3147    0.00    0.50    0.00    0.50    14  kondemand/14
02:41:50         3159    0.00    0.50    0.00    0.50    26  kondemand/26
02:41:50         3162    0.00    0.50    0.00    0.50    29  kondemand/29
02:41:50         4128    0.00    0.50    0.00    0.50     0  gmond
02:41:50        20467    0.50    0.50    0.00    1.00     1  top
02:41:50        20469    0.50    1.50    0.00    2.00    28  pidstat
02:41:50        20471    0.50    1.50    0.00    2.00     7  pidstat
02:41:50        20481  110.00    0.00    0.00  110.00     1  bt-mz.B.24
02:41:50        20482  126.50    0.00    0.00  126.50    29  bt-mz.B.24
02:41:50        20483  131.50    0.00    0.00  131.50     8  bt-mz.B.24
02:41:50        20484  114.00    0.00    0.00  114.00    21  bt-mz.B.24
02:41:50        20485  119.00    0.00    0.00  119.00    14  bt-mz.B.24
02:41:50        20486  122.50    0.00    0.00  122.50    20  bt-mz.B.24
02:41:50        20487  118.00    0.00    0.00  118.00    11  bt-mz.B.24
02:41:50        20488  120.50    0.00    0.00  120.50    22  bt-mz.B.24
02:41:50        20489  113.50    0.00    0.00  113.50     4  bt-mz.B.24
02:41:50        20490  125.50    0.00    0.00  125.50    16  bt-mz.B.24
02:41:50        20491  124.00    0.00    0.00  124.00    17  bt-mz.B.24
02:41:50        20492  116.50    0.00    0.00  116.50     2  bt-mz.B.24
02:41:50        20493  119.50    0.00    0.00  119.50    31  bt-mz.B.24

02:41:50          PID    %usr %system  %guest    %CPU   CPU  Command
02:41:52         3156    0.00    0.50    0.00    0.50    23  kondemand/23
02:41:52         3161    0.00    0.50    0.00    0.50    28  kondemand/28
02:41:52         3164    0.00    0.50    0.00    0.50    31  kondemand/31
02:41:52         3180    0.00    0.50    0.00    0.50    21  kipmi0
02:41:52        20467    0.50    1.00    0.00    1.50     1  top
02:41:52        20469    0.50    2.00    0.00    2.50    11  pidstat
02:41:52        20471    1.00    2.00    0.00    3.00    23  pidstat
02:41:52        20481  135.50    0.00    0.00  135.50     3  bt-mz.B.24
02:41:52        20482  133.50    0.00    0.00  133.50    29  bt-mz.B.24
02:41:52        20483  118.50    0.00    0.00  118.50    15  bt-mz.B.24
02:41:52        20484  121.50    0.00    0.00  121.50    21  bt-mz.B.24
02:41:52        20485  121.00    0.00    0.00  121.00    13  bt-mz.B.24
02:41:52        20486  125.00    0.00    0.00  125.00     1  bt-mz.B.24
02:41:52        20487  126.50    0.00    0.00  126.50    10  bt-mz.B.24
02:41:52        20488  127.00    0.00    0.00  127.00     6  bt-mz.B.24
02:41:52        20489  111.50    0.00    0.00  111.50    16  bt-mz.B.24
02:41:52        20490  127.00    0.00    0.00  127.00    22  bt-mz.B.24
02:41:52        20491  124.00    0.00    0.00  124.00     0  bt-mz.B.24
02:41:52        20492  133.00    0.50    0.00  133.50    18  bt-mz.B.24
02:41:52        20493  124.50    0.00    0.00  124.50    12  bt-mz.B.24

02:41:52          PID    %usr %system  %guest    %CPU   CPU  Command
02:41:54         3141    0.00    0.50    0.00    0.50     8  kondemand/8
02:41:54         3155    0.00    0.50    0.00    0.50    22  kondemand/22
02:41:54         4128    0.50    0.50    0.00    1.00     0  gmond
02:41:54        20467    0.50    0.50    0.00    1.00     1  top
02:41:54        20469    1.00    1.50    0.00    2.50    28  pidstat
02:41:54        20471    0.50    2.00    0.00    2.50    23  pidstat
02:41:54        20481  128.00    0.00    0.00  128.00    16  bt-mz.B.24
02:41:54        20482  124.00    0.00    0.00  124.00    25  bt-mz.B.24
02:41:54        20483  118.50    0.00    0.00  118.50    15  bt-mz.B.24
02:41:54        20484  113.00    0.00    0.00  113.00    22  bt-mz.B.24
02:41:54        20485  112.50    0.00    0.00  112.50     8  bt-mz.B.24
02:41:54        20486  128.00    0.00    0.00  128.00     1  bt-mz.B.24
02:41:54        20487  106.50    0.00    0.00  106.50    12  bt-mz.B.24
02:41:54        20488  114.00    0.00    0.00  114.00     5  bt-mz.B.24
02:41:54        20489  113.50    0.50    0.00  114.00    17  bt-mz.B.24
02:41:54        20490  118.50    0.00    0.00  118.50     2  bt-mz.B.24
02:41:54        20491  108.50    0.00    0.00  108.50    21  bt-mz.B.24
02:41:54        20492  118.00    0.00    0.00  118.00    18  bt-mz.B.24
02:41:54        20493  118.50    0.00    0.00  118.50    13  bt-mz.B.24

02:41:54          PID    %usr %system  %guest    %CPU   CPU  Command
02:41:56         3135    0.00    0.50    0.00    0.50     2  kondemand/2
02:41:56         3145    0.00    0.50    0.00    0.50    12  kondemand/12
02:41:56         3163    0.00    0.50    0.00    0.50    30  kondemand/30
02:41:56        20467    0.50    1.00    0.00    1.50     5  top
02:41:56        20469    0.50    2.00    0.00    2.50    28  pidstat
02:41:56        20471    0.50    2.00    0.00    2.50    23  pidstat
02:41:56        20473    0.00    0.50    0.00    0.50    18  iostat
02:41:56        20481  135.00    0.00    0.00  135.00    17  bt-mz.B.24
02:41:56        20482  128.00    0.00    0.00  128.00    15  bt-mz.B.24
02:41:56        20483  130.50    0.00    0.00  130.50    14  bt-mz.B.24
02:41:56        20484  121.50    0.00    0.00  121.50     7  bt-mz.B.24
02:41:56        20485  117.00    0.00    0.00  117.00    13  bt-mz.B.24
02:41:56        20486  120.50    0.00    0.00  120.50     5  bt-mz.B.24
02:41:56        20487  129.50    0.00    0.00  129.50    12  bt-mz.B.24
02:41:56        20488  123.50    0.00    0.00  123.50    16  bt-mz.B.24
02:41:56        20489  116.00    0.00    0.00  116.00    18  bt-mz.B.24
02:41:56        20490  121.50    0.00    0.00  121.50     4  bt-mz.B.24
02:41:56        20491  118.50    0.00    0.00  118.50    19  bt-mz.B.24
02:41:56        20492  114.50    0.00    0.00  114.50     7  bt-mz.B.24
02:41:56        20493  121.50    0.00    0.00  121.50    13  bt-mz.B.24

02:41:56          PID    %usr %system  %guest    %CPU   CPU  Command
02:41:58         4128    0.00    0.50    0.00    0.50    16  gmond
02:41:58        20467    0.50    0.50    0.00    1.00    21  top
02:41:58        20469    1.00    1.50    0.00    2.50    28  pidstat
02:41:58        20471    1.00    1.50    0.00    2.50    23  pidstat
02:41:58        20481  131.00    0.00    0.00  131.00     1  bt-mz.B.24
02:41:58        20482  127.00    0.00    0.00  127.00     9  bt-mz.B.24
02:41:58        20483  128.00    0.00    0.00  128.00    31  bt-mz.B.24
02:41:58        20484  120.50    0.00    0.00  120.50    17  bt-mz.B.24
02:41:58        20485  120.00    0.00    0.00  120.00    12  bt-mz.B.24
02:41:58        20486  114.50    0.00    0.00  114.50     0  bt-mz.B.24
02:41:58        20487  115.50    0.00    0.00  115.50    31  bt-mz.B.24
02:41:58        20488  120.00    0.00    0.00  120.00    16  bt-mz.B.24
02:41:58        20489  114.50    0.00    0.00  114.50     7  bt-mz.B.24
02:41:58        20490  123.50    0.00    0.00  123.50    20  bt-mz.B.24
02:41:58        20491  121.00    0.00    0.00  121.00    19  bt-mz.B.24
02:41:58        20492  109.00    0.00    0.00  109.00     3  bt-mz.B.24
02:41:58        20493  123.00    0.00    0.00  123.00    24  bt-mz.B.24

02:41:58          PID    %usr %system  %guest    %CPU   CPU  Command
02:42:00         3140    0.00    0.50    0.00    0.50     7  kondemand/7
02:42:00         3149    0.00    0.50    0.00    0.50    16  kondemand/16
02:42:00         3157    0.00    0.50    0.00    0.50    24  kondemand/24
02:42:00        20467    0.50    1.00    0.00    1.50    21  top
02:42:00        20469    0.50    1.50    0.00    2.00    28  pidstat
02:42:00        20471    1.00    2.50    0.00    3.50    23  pidstat
02:42:00        20472    0.50    0.00    0.00    0.50     6  mpstat
02:42:00        20481  136.50    0.00    0.00  136.50    21  bt-mz.B.24
02:42:00        20482  124.50    0.00    0.00  124.50    12  bt-mz.B.24
02:42:00        20483  112.50    0.00    0.00  112.50    14  bt-mz.B.24
02:42:00        20484  118.50    0.00    0.00  118.50     5  bt-mz.B.24
02:42:00        20485  126.00    0.00    0.00  126.00    10  bt-mz.B.24
02:42:00        20486  112.00    0.00    0.00  112.00    17  bt-mz.B.24
02:42:00        20487  125.00    0.00    0.00  125.00    13  bt-mz.B.24
02:42:00        20488  121.50    0.00    0.00  121.50    19  bt-mz.B.24
02:42:00        20489  121.00    0.00    0.00  121.00     7  bt-mz.B.24
02:42:00        20490  122.00    0.00    0.00  122.00     4  bt-mz.B.24
02:42:00        20491  131.50    0.00    0.00  131.50    18  bt-mz.B.24
02:42:00        20492  112.00    0.00    0.00  112.00    17  bt-mz.B.24
02:42:00        20493  118.00    0.00    0.00  118.00     9  bt-mz.B.24

02:42:00          PID    %usr %system  %guest    %CPU   CPU  Command
02:42:02         3180    0.00    0.50    0.00    0.50    21  kipmi0
02:42:02         4128    0.00    0.50    0.00    0.50    16  gmond
02:42:02        20467    0.50    0.50    0.00    1.00     5  top
02:42:02        20469    1.00    2.00    0.00    3.00    28  pidstat
02:42:02        20471    0.50    1.50    0.00    2.00    23  pidstat
02:42:02        20481  134.50    0.00    0.00  134.50    18  bt-mz.B.24
02:42:02        20482  131.50    0.00    0.00  131.50    12  bt-mz.B.24
02:42:02        20483  123.00    0.00    0.00  123.00    24  bt-mz.B.24
02:42:02        20484  129.00    0.00    0.00  129.00    19  bt-mz.B.24
02:42:02        20485  124.00    0.50    0.00  124.50    26  bt-mz.B.24
02:42:02        20486  115.00    0.00    0.00  115.00     3  bt-mz.B.24
02:42:02        20487  122.50    0.00    0.00  122.50    15  bt-mz.B.24
02:42:02        20488  115.50    0.00    0.00  115.50    17  bt-mz.B.24
02:42:02        20489  108.50    0.00    0.00  108.50    16  bt-mz.B.24
02:42:02        20490  119.50    0.00    0.00  119.50     1  bt-mz.B.24
02:42:02        20491  121.50    0.00    0.00  121.50     5  bt-mz.B.24
02:42:02        20492  114.00    0.00    0.00  114.00     2  bt-mz.B.24
02:42:02        20493  113.00    0.00    0.00  113.00    11  bt-mz.B.24

02:42:02          PID    %usr %system  %guest    %CPU   CPU  Command
02:42:04         3158    0.00    0.50    0.00    0.50    25  kondemand/25
02:42:04         4128    0.00    0.50    0.00    0.50    16  gmond
02:42:04        20467    1.00    0.50    0.00    1.50     5  top
02:42:04        20469    0.50    1.50    0.00    2.00    28  pidstat
02:42:04        20471    0.50    2.00    0.00    2.50     7  pidstat
02:42:04        20473    0.50    0.00    0.00    0.50    18  iostat
02:42:04        20481  125.50    0.00    0.00  125.50    21  bt-mz.B.24
02:42:04        20482  124.00    0.00    0.00  124.00    12  bt-mz.B.24
02:42:04        20483  128.00    0.00    0.00  128.00    25  bt-mz.B.24
02:42:04        20484  123.00    0.00    0.00  123.00    19  bt-mz.B.24
02:42:04        20485  112.00    0.00    0.00  112.00    26  bt-mz.B.24
02:42:04        20486  109.00    0.50    0.00  109.50    21  bt-mz.B.24
02:42:04        20487  121.50    0.00    0.00  121.50    13  bt-mz.B.24
02:42:04        20488  124.50    0.00    0.00  124.50    23  bt-mz.B.24
02:42:04        20489  116.00    0.00    0.00  116.00     0  bt-mz.B.24
02:42:04        20490  126.50    0.00    0.00  126.50    17  bt-mz.B.24
02:42:04        20491  123.00    0.00    0.00  123.00     3  bt-mz.B.24
02:42:04        20492  113.50    0.00    0.00  113.50    18  bt-mz.B.24
02:42:04        20493  120.50    0.50    0.00  121.00    14  bt-mz.B.24

02:42:04          PID    %usr %system  %guest    %CPU   CPU  Command
02:42:06         3133    0.00    0.50    0.00    0.50     0  kondemand/0
02:42:06         3136    0.00    0.50    0.00    0.50     3  kondemand/3
02:42:06         3160    0.00    0.50    0.00    0.50    27  kondemand/27
02:42:06        20467    0.00    0.50    0.00    0.50     5  top
02:42:06        20469    1.00    1.50    0.00    2.50    28  pidstat
02:42:06        20471    0.50    2.00    0.00    2.50    23  pidstat
02:42:06        20481  138.00    0.00    0.00  138.00    21  bt-mz.B.24
02:42:06        20482  129.00    0.00    0.00  129.00    12  bt-mz.B.24
02:42:06        20483  123.50    0.00    0.00  123.50    27  bt-mz.B.24
02:42:06        20484  127.00    0.00    0.00  127.00     4  bt-mz.B.24
02:42:06        20485  125.50    0.00    0.00  125.50    26  bt-mz.B.24
02:42:06        20486  116.00    0.00    0.00  116.00    17  bt-mz.B.24
02:42:06        20487  124.50    0.00    0.00  124.50    29  bt-mz.B.24
02:42:06        20488  121.50    0.00    0.00  121.50     5  bt-mz.B.24
02:42:06        20489  121.00    0.00    0.00  121.00    16  bt-mz.B.24
02:42:06        20490  120.00    0.00    0.00  120.00     2  bt-mz.B.24
02:42:06        20491  123.00    0.00    0.00  123.00     3  bt-mz.B.24
02:42:06        20492  115.00    0.00    0.00  115.00    20  bt-mz.B.24
02:42:06        20493  116.50    0.00    0.00  116.50    31  bt-mz.B.24

02:42:06          PID    %usr %system  %guest    %CPU   CPU  Command
02:42:08           97    0.00    0.50    0.00    0.50    23  ksoftirqd/23
02:42:08         3143    0.00    0.50    0.00    0.50    10  kondemand/10
02:42:08         4128    0.00    0.50    0.00    0.50    16  gmond
02:42:08        20467    0.50    0.00    0.00    0.50     5  top
02:42:08        20469    0.00    1.50    0.00    1.50    28  pidstat
02:42:08        20471    0.50    1.50    0.00    2.00    23  pidstat
02:42:08        20481  126.50    0.00    0.00  126.50     5  bt-mz.B.24
02:42:08        20482  109.00    0.00    0.00  109.00    12  bt-mz.B.24
02:42:08        20483  108.50    0.00    0.00  108.50    27  bt-mz.B.24
02:42:08        20484  111.50    0.50    0.00  112.00     7  bt-mz.B.24
02:42:08        20487  114.50    0.00    0.00  114.50    24  bt-mz.B.24
02:42:08        20488  110.50    0.50    0.00  111.00     1  bt-mz.B.24
02:42:08        20489  108.00    0.00    0.00  108.00     2  bt-mz.B.24
02:42:08        20490  115.50    0.50    0.00  116.00    22  bt-mz.B.24
