procs -----------memory---------- ---swap-- -----io---- --system-- -----cpu-----
 r  b   swpd   free   buff  cache   si   so    bi    bo   in   cs us sy id wa st
 8  0      0 64463440 215396 464532    0    0     0     1    0    0 38  2 60  0  0	
27  0      0 64124552 215396 491432    0    0     0     0 31618 170131 68  4 28  0  0	
30  0      0 64125424 215396 491492    0    0     0     0 30081 9188 90  0 10  0  0	
41  0      0 64126796 215396 491552    0    0     0   118 30164 9345 90  0  9  0  0	
50  0      0 64129460 215396 491616    0    0     0     0 30262 9224 91  0  9  0  0	
36  0      0 64132388 215396 491676    0    0     0     0 30116 9337 90  0  9  0  0	
31  0      0 64134436 215396 491740    0    0     0     6 29915 9262 90  0 10  0  0	
42  0      0 64136840 215396 491804    0    0     0     0 28980 8863 87  0 13  0  0	
27  0      0 64139076 215396 491864    0    0     0     0 30129 9382 90  0  9  0  0	
25  0      0 64141184 215396 491928    0    0     0     0 30048 9161 90  0 10  0  0	
45  0      0 64142400 215396 491988    0    0     0     0 29607 9158 89  0 11  0  0	
27  0      0 64143040 215396 492048    0    0     0     0 29818 9034 90  0 10  0  0	
25  0      0 64143132 215396 492112    0    0     0     6 30225 9131 91  0  9  0  0	
25  0      0 64143132 215396 492176    0    0     0    86 30343 9080 91  0  9  0  0	
25  0      0 64143164 215396 492236    0    0     0     0 28887 9013 87  0 13  0  0	
32  0      0 64142908 215396 492304    0    0     0     0 30184 9426 91  0  9  0  0	
45  0      0 64142776 215396 492364    0    0     0     6 31063 9575 93  0  7  0  0	
45  0      0 64142652 215396 492432    0    0     0     0 30030 9167 90  0 10  0  0	
44  0      0 64141788 215396 492496    0    0     0  6108 32804 9259 91  0  9  0  0	
40  0      0 64141672 215396 492560    0    0     0     0 30815 9326 92  0  7  0  0	
27  0      0 64141688 215396 492624    0    0     0  1368 31263 9244 90  0 10  0  0	
procs -----------memory---------- ---swap-- -----io---- --system-- -----cpu-----
 r  b   swpd   free   buff  cache   si   so    bi    bo   in   cs us sy id wa st
26  0      0 64141432 215396 492688    0    0     0     0 30122 9194 90  0 10  0  0	
43  0      0 64141424 215396 492748    0    0     0     0 28583 8940 86  0 14  0  0	
24  0      0 64141292 215396 492812    0    0     0    10 29798 8911 90  0 10  0  0	
36  0      0 64141300 215396 492872    0    0     0    10 30018 9210 90  0 10  0  0	
46  0      0 64141052 215396 492940    0    0     0     0 29536 9084 89  0 11  0  0	
40  0      0 64141176 215396 493000    0    0     0     0 30573 9396 92  0  8  0  0	
43  0      0 64140928 215396 493060    0    0     0     0 30183 9088 90  0 10  0  0	
47  0      0 64141052 215396 493124    0    0     0     6 29644 9133 89  0 11  0  0	
39  0      0 64140928 215396 493184    0    0     0     0 30696 9494 92  0  8  0  0	
43  0      0 64140952 215396 493256    0    0     0     6 30125 9286 90  0 10  0  0	
28  0      0 64140804 215396 493316    0    0     0     0 30448 9374 91  0  8  0  0	
40  0      0 64140804 215396 493316    0    0     0     6 29880 9343 90  0 10  0  0	
45  0      0 64140804 215396 493384    0    0     0  1274 30921 9184 90  0 10  0  0	
44  0      0 64140680 215396 493444    0    0     0     0 30292 9246 91  0  9  0  0	
45  0      0 64140680 215396 493504    0    0     0    22 30391 9313 91  0  9  0  0	
35  0      0 64140556 215396 493572    0    0     0     0 30820 9375 93  0  7  0  0	
38  0      0 64140556 215396 493632    0    0     0     0 30310 9272 91  0  9  0  0	
30  0      0 64140440 215400 493696    0    0     0    82 30282 9204 91  0  9  0  0	
45  0      0 64140440 215400 493760    0    0     0     0 30846 9313 92  0  7  0  0	
31  0      0 64140448 215400 493820    0    0     0     8 30615 9229 92  0  8  0  0	
36  0      0 64140440 215400 493884    0    0     0     0 30469 9292 91  0  9  0  0	
