procs -----------memory---------- ---swap-- -----io---- --system-- -----cpu-----
 r  b   swpd   free   buff  cache   si   so    bi    bo   in   cs us sy id wa st
 6  0      0 64467756 215396 459204    0    0     0     1    0    0 38  2 60  0  0	
30  0      0 64128652 215396 486136    0    0     0    12 31884 38760 69  5 26  0  0	
29  0      0 64130408 215396 486196    0    0     0     0 28957 8820 87  0 13  0  0	
28  0      0 64131588 215396 486256    0    0     0   118 30076 9201 90  0 10  0  0	
43  0      0 64134448 215396 486320    0    0     0     0 29666 9253 89  0 11  0  0	
44  0      0 64137064 215396 486380    0    0     0     0 29967 9407 90  0 10  0  0	
45  0      0 64138288 215396 486440    0    0     0     8 30001 9157 90  0 10  0  0	
43  0      0 64141220 215396 486508    0    0     0     0 29645 9018 89  0 11  0  0	
40  0      0 64143492 215396 486568    0    0     0     0 29821 9104 90  0 10  0  0	
26  0      0 64144796 215396 486628    0    0     0     0 29473 9088 88  0 12  0  0	
43  0      0 64146024 215396 486692    0    0     0     0 29412 9191 88  0 11  0  0	
37  0      0 64145924 215396 486752    0    0     0    18 30420 9238 91  0  9  0  0	
47  0      0 64145964 215396 486816    0    0     0     8 29995 9304 89  0 10  0  0	
29  0      0 64145956 215396 486880    0    0     0    86 29554 9216 89  0 11  0  0	
42  0      0 64145816 215396 486940    0    0     0     0 29858 9120 89  0 11  0  0	
38  0      0 64145828 215396 487008    0    0     0     0 30656 9241 92  0  8  0  0	
32  0      0 64145572 215396 487068    0    0     0  6108 33521 9158 91  0  9  0  0	
44  0      0 64145440 215396 487132    0    0     0     0 30694 9345 92  0  8  0  0	
33  0      0 64145440 215396 487200    0    0     0     0 30068 9158 90  0 10  0  0	
40  0      0 64145440 215396 487264    0    0     0  1352 32146 9455 93  0  7  0  0	
46  0      0 64145440 215396 487324    0    0     0     0 29841 9170 90  0 10  0  0	
procs -----------memory---------- ---swap-- -----io---- --system-- -----cpu-----
 r  b   swpd   free   buff  cache   si   so    bi    bo   in   cs us sy id wa st
40  0      0 64145448 215396 487388    0    0     0     0 29647 9094 89  0 11  0  0	
29  0      0 64145324 215396 487448    0    0     0    10 30574 9400 91  0  9  0  0	
32  0      0 64145324 215396 487512    0    0     0     0 30467 9324 91  0  8  0  0	
49  0      0 64145348 215396 487572    0    0     0     0 30493 9302 92  0  8  0  0	
47  0      0 64145332 215396 487636    0    0     0     8 30408 9320 91  0  9  0  0	
27  0      0 64145208 215396 487700    0    0     0     0 29772 9286 89  0 10  0  0	
31  0      0 64145208 215396 487760    0    0     0     0 30268 9194 91  0  9  0  0	
47  0      0 64145208 215396 487760    0    0     0    18 30534 9343 92  0  8  0  0	
32  0      0 64145332 215396 487824    0    0     0     0 30805 9429 92  0  7  0  0	
41  0      0 64145216 215396 487888    0    0     0     0 30016 9191 90  0 10  0  0	
41  0      0 64145216 215396 487952    0    0     0  1272 31091 9238 90  0  9  0  0	
32  0      0 64145084 215396 488016    0    0     0     8 29529 9048 88  0 11  0  0	
31  0      0 64144588 215396 488080    0    0     0    10 30096 9134 90  0  9  0  0	
43  0      0 64144456 215396 488140    0    0     0     0 29944 9258 90  0 10  0  0	
31  0      0 64144584 215396 488204    0    0     0     0 29531 8917 89  0 11  0  0	
44  0      0 64144576 215396 488268    0    0     0    74 30405 9364 91  0  8  0  0	
44  0      0 64144576 215396 488328    0    0     0     0 31195 9593 94  0  6  0  0	
42  0      0 64144740 215396 488392    0    0     0     0 30480 9309 91  0  8  0  0	
41  0      0 64144624 215396 488456    0    0     0     8 30478 9229 91  0  8  0  0	
28  0      0 64144748 215396 488516    0    0     0     8 30551 9235 92  0  8  0  0	
44  0      0 64144880 215396 488580    0    0     0     0 30661 9362 92  0  8  0  0	
