Linux 2.6.32-279.14.1.el6.x86_64 (compute-662-5.local) 	04/21/20 	_x86_64_	(48 CPU)

02:17:33          PID    %usr %system  %guest    %CPU   CPU  Command
02:17:36          165    0.00    0.49    0.00    0.49    40  ksoftirqd/40
02:17:36          236    0.00    0.49    0.00    0.49    41  events/41
02:17:36         4126    0.00    0.49    0.00    0.49    15  kondemand/15
02:17:36         4137    0.00    0.49    0.00    0.49    26  kondemand/26
02:17:36         4150    0.00    0.49    0.00    0.49    39  kondemand/39
02:17:36         4158    0.00    0.49    0.00    0.49    47  kondemand/47
02:17:36         4174    0.00    0.98    0.00    0.98    24  kipmi0
02:17:36        23393    0.49    0.00    0.00    0.49    39  gmond
02:17:36        32244    4.88    1.95    0.00    6.83    22  mpirun
02:17:36        32250    0.49    0.49    0.00    0.98     5  top
02:17:36        32252    0.98    2.93    0.00    3.90    29  pidstat
02:17:36        32254    0.98    2.93    0.00    3.90    12  pidstat
02:17:36        32264   19.02    5.85    0.00   24.88     0  bt-mz.B.24
02:17:36        32265   18.05    8.78    0.00   26.83    36  bt-mz.B.24
02:17:36        32266   17.56    6.83    0.00   24.39    25  bt-mz.B.24
02:17:36        32267   17.07    8.29    0.00   25.37    37  bt-mz.B.24
02:17:36        32268   17.07    6.83    0.00   23.90    26  bt-mz.B.24
02:17:36        32269   16.59    6.34    0.00   22.93    14  bt-mz.B.24
02:17:36        32270   17.07    6.34    0.00   23.41    27  bt-mz.B.24
02:17:36        32271   17.07    5.85    0.00   22.93    39  bt-mz.B.24
02:17:36        32273   17.56    5.85    0.00   23.41    28  bt-mz.B.24
02:17:36        32274   16.59    6.34    0.00   22.93    40  bt-mz.B.24
02:17:36        32275   16.10    7.32    0.00   23.41     5  bt-mz.B.24
02:17:36        32278   16.59    6.34    0.00   22.93    41  bt-mz.B.24
02:17:36        32280   17.07    6.83    0.00   23.90    30  bt-mz.B.24
02:17:36        32283   16.59    6.34    0.00   22.93    42  bt-mz.B.24

02:17:36          PID    %usr %system  %guest    %CPU   CPU  Command
02:17:38         4114    0.00    0.50    0.00    0.50     3  kondemand/3
02:17:38         4119    0.00    0.50    0.00    0.50     8  kondemand/8
02:17:38         4121    0.00    0.50    0.00    0.50    10  kondemand/10
02:17:38         4123    0.00    0.50    0.00    0.50    12  kondemand/12
02:17:38         4131    0.00    0.50    0.00    0.50    20  kondemand/20
02:17:38         4132    0.00    0.50    0.00    0.50    21  kondemand/21
02:17:38         4133    0.00    0.50    0.00    0.50    22  kondemand/22
02:17:38         4139    0.00    0.50    0.00    0.50    28  kondemand/28
02:17:38         4143    0.00    0.50    0.00    0.50    32  kondemand/32
02:17:38        23393    0.50    0.00    0.00    0.50    15  gmond
02:17:38        32250    1.00    1.50    0.00    2.50    29  top
02:17:38        32252    0.50    3.00    0.00    3.50    29  pidstat
02:17:38        32254    1.00    3.50    0.00    4.50    12  pidstat
02:17:38        32264  196.50    0.00    0.00  196.50     0  bt-mz.B.24
02:17:38        32265  178.50    0.00    0.00  178.50    36  bt-mz.B.24
02:17:38        32266  179.50    0.00    0.00  179.50    25  bt-mz.B.24
02:17:38        32267  170.00    0.50    0.00  170.50    37  bt-mz.B.24
02:17:38        32268  171.50    0.00    0.00  171.50    26  bt-mz.B.24
02:17:38        32269  170.00    0.00    0.00  170.00    14  bt-mz.B.24
02:17:38        32270  169.50    0.00    0.00  169.50    27  bt-mz.B.24
02:17:38        32271  167.50    0.00    0.00  167.50    39  bt-mz.B.24
02:17:38        32273  169.00    0.00    0.00  169.00    28  bt-mz.B.24
02:17:38        32274  171.50    0.00    0.00  171.50    40  bt-mz.B.24
02:17:38        32275  168.00    0.00    0.00  168.00     5  bt-mz.B.24
02:17:38        32278  169.00    0.00    0.00  169.00    41  bt-mz.B.24
02:17:38        32280  169.00    0.00    0.00  169.00    30  bt-mz.B.24
02:17:38        32283  169.50    0.00    0.00  169.50    42  bt-mz.B.24

02:17:38          PID    %usr %system  %guest    %CPU   CPU  Command
02:17:40         4111    0.00    0.50    0.00    0.50     0  kondemand/0
02:17:40         4120    0.00    0.50    0.00    0.50     9  kondemand/9
02:17:40         4127    0.00    0.50    0.00    0.50    16  kondemand/16
02:17:40         4154    0.00    0.50    0.00    0.50    43  kondemand/43
02:17:40        23393    0.50    0.00    0.00    0.50    15  gmond
02:17:40        32250    0.50    1.00    0.00    1.50    29  top
02:17:40        32252    1.50    2.50    0.00    4.00     5  pidstat
02:17:40        32254    1.00    3.00    0.00    4.00    12  pidstat
02:17:40        32264  198.50    0.00    0.00  198.50     0  bt-mz.B.24
02:17:40        32265  180.00    0.00    0.00  180.00    36  bt-mz.B.24
02:17:40        32266  181.50    0.00    0.00  181.50    25  bt-mz.B.24
02:17:40        32267  172.50    0.00    0.00  172.50    37  bt-mz.B.24
02:17:40        32268  173.00    0.00    0.00  173.00    26  bt-mz.B.24
02:17:40        32269  172.50    0.50    0.00  173.00    14  bt-mz.B.24
02:17:40        32270  171.00    0.00    0.00  171.00    27  bt-mz.B.24
02:17:40        32271  169.50    0.00    0.00  169.50    39  bt-mz.B.24
02:17:40        32273  170.50    0.00    0.00  170.50    28  bt-mz.B.24
02:17:40        32274  173.50    0.50    0.00  174.00    40  bt-mz.B.24
02:17:40        32275  168.50    0.00    0.00  168.50    29  bt-mz.B.24
02:17:40        32278  171.00    0.00    0.00  171.00    41  bt-mz.B.24
02:17:40        32280  170.00    0.00    0.00  170.00    30  bt-mz.B.24
02:17:40        32283  171.50    0.00    0.00  171.50    42  bt-mz.B.24

02:17:40          PID    %usr %system  %guest    %CPU   CPU  Command
02:17:42         4129    0.00    0.50    0.00    0.50    18  kondemand/18
02:17:42         4694    0.00    0.50    0.00    0.50    10  snmpd
02:17:42        23393    0.50    0.00    0.00    0.50    15  gmond
02:17:42        32250    1.00    1.00    0.00    2.00    29  top
02:17:42        32252    1.00    2.50    0.00    3.50     5  pidstat
02:17:42        32254    1.00    3.50    0.00    4.50    12  pidstat
02:17:42        32264  196.00    0.50    0.00  196.50     0  bt-mz.B.24
02:17:42        32265  180.00    0.00    0.00  180.00    36  bt-mz.B.24
02:17:42        32266  179.00    0.00    0.00  179.00    25  bt-mz.B.24
02:17:42        32267  171.00    0.00    0.00  171.00    37  bt-mz.B.24
02:17:42        32268  171.00    0.00    0.00  171.00    26  bt-mz.B.24
02:17:42        32269  170.50    0.00    0.00  170.50    14  bt-mz.B.24
02:17:42        32270  169.00    0.00    0.00  169.00    27  bt-mz.B.24
02:17:42        32271  168.00    0.00    0.00  168.00    39  bt-mz.B.24
02:17:42        32273  168.50    0.50    0.00  169.00    28  bt-mz.B.24
02:17:42        32274  171.50    0.00    0.00  171.50    40  bt-mz.B.24
02:17:42        32275  169.00    0.00    0.00  169.00    29  bt-mz.B.24
02:17:42        32278  169.00    0.00    0.00  169.00    41  bt-mz.B.24
02:17:42        32280  168.50    0.50    0.00  169.00    30  bt-mz.B.24
02:17:42        32283  170.00    0.00    0.00  170.00    42  bt-mz.B.24

02:17:42          PID    %usr %system  %guest    %CPU   CPU  Command
02:17:44         4112    0.00    0.50    0.00    0.50     1  kondemand/1
02:17:44         4113    0.00    0.50    0.00    0.50     2  kondemand/2
02:17:44         4118    0.00    0.50    0.00    0.50     7  kondemand/7
02:17:44         4122    0.00    0.50    0.00    0.50    11  kondemand/11
02:17:44         4130    0.00    0.50    0.00    0.50    19  kondemand/19
02:17:44         4135    0.00    0.50    0.00    0.50    24  kondemand/24
02:17:44         4189    0.50    0.00    0.00    0.50     2  irqbalance
02:17:44        32250    1.00    1.00    0.00    2.00    29  top
02:17:44        32252    1.00    3.00    0.00    4.00     5  pidstat
02:17:44        32254    1.00    2.50    0.00    3.50    12  pidstat
02:17:44        32264  198.00    0.00    0.00  198.00     0  bt-mz.B.24
02:17:44        32265  180.00    0.00    0.00  180.00    36  bt-mz.B.24
02:17:44        32266  181.50    0.00    0.00  181.50    25  bt-mz.B.24
02:17:44        32267  172.50    0.00    0.00  172.50    37  bt-mz.B.24
02:17:44        32268  173.00    0.00    0.00  173.00    26  bt-mz.B.24
02:17:44        32269  172.50    0.00    0.00  172.50    14  bt-mz.B.24
02:17:44        32270  170.50    0.50    0.00  171.00    27  bt-mz.B.24
02:17:44        32271  170.00    0.00    0.00  170.00    39  bt-mz.B.24
02:17:44        32273  170.00    0.00    0.00  170.00    28  bt-mz.B.24
02:17:44        32274  173.50    0.00    0.00  173.50    40  bt-mz.B.24
02:17:44        32275  168.50    0.00    0.00  168.50    29  bt-mz.B.24
02:17:44        32278  171.00    0.00    0.00  171.00    41  bt-mz.B.24
02:17:44        32280  170.50    0.00    0.00  170.50    30  bt-mz.B.24
02:17:44        32283  171.50    0.00    0.00  171.50    42  bt-mz.B.24

02:17:44          PID    %usr %system  %guest    %CPU   CPU  Command
02:17:46         4115    0.00    0.50    0.00    0.50     4  kondemand/4
02:17:46         4128    0.00    0.50    0.00    0.50    17  kondemand/17
02:17:46         4147    0.00    0.50    0.00    0.50    36  kondemand/36
02:17:46         4149    0.00    0.50    0.00    0.50    38  kondemand/38
02:17:46         4152    0.00    0.50    0.00    0.50    41  kondemand/41
02:17:46        23393    0.50    0.00    0.00    0.50    15  gmond
02:17:46        32250    1.00    1.00    0.00    2.00    29  top
02:17:46        32252    1.00    3.00    0.00    4.00     5  pidstat
02:17:46        32254    1.50    3.00    0.00    4.50    12  pidstat
02:17:46        32256    0.00    0.50    0.00    0.50    17  iostat
02:17:46        32264  196.00    0.00    0.00  196.00     0  bt-mz.B.24
02:17:46        32265  180.00    0.00    0.00  180.00    36  bt-mz.B.24
02:17:46        32266  179.00    0.00    0.00  179.00    25  bt-mz.B.24
02:17:46        32267  170.50    0.00    0.00  170.50    37  bt-mz.B.24
02:17:46        32268  171.50    0.00    0.00  171.50    26  bt-mz.B.24
02:17:46        32269  170.50    0.00    0.00  170.50    14  bt-mz.B.24
02:17:46        32270  169.00    0.00    0.00  169.00    27  bt-mz.B.24
02:17:46        32271  168.00    0.00    0.00  168.00    39  bt-mz.B.24
02:17:46        32273  169.00    0.00    0.00  169.00    28  bt-mz.B.24
02:17:46        32274  171.50    0.00    0.00  171.50    40  bt-mz.B.24
02:17:46        32275  169.00    0.00    0.00  169.00    29  bt-mz.B.24
02:17:46        32278  169.00    0.00    0.00  169.00    41  bt-mz.B.24
02:17:46        32280  168.50    0.00    0.00  168.50    30  bt-mz.B.24
02:17:46        32283  170.00    0.00    0.00  170.00    42  bt-mz.B.24

02:17:46          PID    %usr %system  %guest    %CPU   CPU  Command
02:17:48          222    0.00    0.50    0.00    0.50    27  events/27
02:17:48         4116    0.00    0.50    0.00    0.50     5  kondemand/5
02:17:48         4123    0.00    0.50    0.00    0.50    12  kondemand/12
02:17:48         4134    0.00    0.50    0.00    0.50    23  kondemand/23
02:17:48         4140    0.00    0.50    0.00    0.50    29  kondemand/29
02:17:48         4142    0.00    0.50    0.00    0.50    31  kondemand/31
02:17:48         4155    0.00    0.50    0.00    0.50    44  kondemand/44
02:17:48         4157    0.00    0.50    0.00    0.50    46  kondemand/46
02:17:48        23393    0.50    0.00    0.00    0.50    15  gmond
02:17:48        32244    0.00    0.50    0.00    0.50     1  mpirun
02:17:48        32250    1.00    1.00    0.00    2.00     5  top
02:17:48        32252    1.00    1.50    0.00    2.50    29  pidstat
02:17:48        32254    1.00    2.00    0.00    3.00    36  pidstat
02:17:48        32264  193.00    0.00    0.00  193.00    24  bt-mz.B.24
02:17:48        32265  177.50    0.00    0.00  177.50    12  bt-mz.B.24
02:17:48        32266  176.50    0.00    0.00  176.50    25  bt-mz.B.24
02:17:48        32267  168.00    0.00    0.00  168.00    37  bt-mz.B.24
02:17:48        32268  168.50    0.00    0.00  168.50    26  bt-mz.B.24
02:17:48        32269  167.50    0.00    0.00  167.50    14  bt-mz.B.24
02:17:48        32270  166.00    0.00    0.00  166.00    27  bt-mz.B.24
02:17:48        32271  165.00    0.00    0.00  165.00    39  bt-mz.B.24
02:17:48        32273  165.50    0.00    0.00  165.50    28  bt-mz.B.24
02:17:48        32274  169.00    0.00    0.00  169.00    40  bt-mz.B.24
02:17:48        32275  166.00    0.50    0.00  166.50     5  bt-mz.B.24
02:17:48        32278  166.50    0.50    0.00  167.00    41  bt-mz.B.24
02:17:48        32280  165.50    0.50    0.00  166.00    30  bt-mz.B.24
02:17:48        32283  166.50    0.50    0.00  167.00    42  bt-mz.B.24
