procs -----------memory---------- ---swap-- -----io---- --system-- -----cpu-----
 r  b   swpd   free   buff  cache   si   so    bi    bo   in   cs us sy id wa st
 7  0  13768 64980240  36820 105920    0    0     0     1    0    0 65  1 34  0  0	
48  0  13768 64624812  36820 134984    0    0     0     0 49338 37228 66  4 30  0  0	
28  0  13768 64626948  36840 135072    0    0     0   122 42644 11171 86  0 13  0  0	
48  0  13768 64629280  36840 135160    0    0     0     0 42444 11170 86  0 14  0  0	
44  0  13768 64633452  36840 135252    0    0     0     0 42854 11194 87  0 13  0  0	
47  0  13768 64635568  36840 135340    0    0     0     0 42137 11110 85  0 14  0  0	
46  0  13768 64637780  36848 135428    0    0     0    48 42807 11181 87  0 13  0  0	
25  0  13768 64640272  36848 135520    0    0     0     0 42257 11122 86  0 14  0  0	
48  0  13768 64641720  36848 135608    0    0     0     0 42653 11189 86  0 13  0  0	
27  0  13768 64643204  36848 135696    0    0     0     0 42714 11245 87  0 13  0  0	
48  0  13768 64644188  36848 135788    0    0     0     0 42218 11089 86  0 14  0  0	
47  0  13768 64644196  36856 135876    0    0     0    76 42764 11173 87  0 13  0  0	
25  0  13768 64644332  36856 135968    0    0     0     0 42163 11065 85  0 14  0  0	
47  0  13768 64644084  36864 136056    0    0     0   198 42847 11201 87  0 13  0  0	
25  0  13768 64643960  36864 136144    0    0     0     0 42577 11154 86  0 14  0  0	
49  0  13768 64643828  36864 136240    0    0     0     0 42392 11204 86  0 14  0  0	
48  0  13768 64643448  36864 136332    0    0     0  6092 47823 11154 87  0 13  0  0	
48  0  13768 64643456  36864 136424    0    0     0     0 42188 11089 85  0 15  0  0	
48  0  13768 64643448  36880 136516    0    0     0  1350 44740 11184 87  0 13  0  0	
26  0  13768 64643448  36880 136608    0    0     0     0 42562 11135 86  0 14  0  0	
48  0  13768 64643192  36880 136700    0    0     0     0 42253 11087 86  0 14  0  0	
procs -----------memory---------- ---swap-- -----io---- --system-- -----cpu-----
 r  b   swpd   free   buff  cache   si   so    bi    bo   in   cs us sy id wa st
48  0  13768 64643192  36888 136700    0    0     0    10 42980 11342 87  0 13  0  0	
48  0  13768 64643232  36888 136788    0    0     0     0 42078 11013 85  0 15  0  0	
47  0  13768 64643224  36896 136880    0    0     0    24 42935 11209 87  0 13  0  0	
26  0  13768 64643224  36904 136968    0    0     0     6 42451 11117 86  0 14  0  0	
