procs -----------memory---------- ---swap-- -----io---- --system-- -----cpu-----
 r  b   swpd   free   buff  cache   si   so    bi    bo   in   cs us sy id wa st
 9  0      0 64485508 215376 444972    0    0     0     1    0    0 38  2 60  0  0	
31  0      0 64144044 215376 471808    0    0     0     0 28949 24277 64  4 32  0  0	
29  0      0 64143796 215376 471868    0    0     0     0 27277 8904 82  0 18  0  0	
30  0      0 64147252 215376 471928    0    0     0   126 27652 8748 82  0 18  0  0	
27  0      0 64150468 215376 471996    0    0     0     0 27226 8944 82  0 18  0  0	
29  0      0 64150912 215376 472056    0    0     0     0 26840 8773 80  0 20  0  0	
28  0      0 64154068 215376 472116    0    0     0    36 27519 9042 81  0 18  0  0	
43  0      0 64156388 215376 472184    0    0     0     0 27598 8840 82  0 17  0  0	
27  0      0 64157692 215376 472244    0    0     0     0 27672 9206 82  0 17  0  0	
25  0      0 64159488 215376 472304    0    0     0     0 27119 8948 81  0 19  0  0	
30  0      0 64160588 215376 472368    0    0     0     6 26914 9313 80  0 19  0  0	
27  0      0 64160996 215376 472428    0    0     0    86 27268 9076 81  0 18  0  0	
26  0      0 64161144 215376 472488    0    0     0     0 27198 8949 81  0 19  0  0	
32  0      0 64161144 215376 472556    0    0     0     0 27327 9305 82  0 18  0  0	
28  0      0 64161020 215376 472616    0    0     0     0 27341 8945 82  0 18  0  0	
28  0      0 64160896 215376 472680    0    0     0     6 26502 8683 79  0 20  0  0	
42  0      0 64160756 215376 472744    0    0     0  6106 29557 8849 82  0 18  0  0	
30  0      0 64160392 215376 472808    0    0     0     0 27642 8953 83  0 17  0  0	
28  0      0 64160252 215376 472872    0    0     0     0 27459 8930 82  0 18  0  0	
28  0      0 64160128 215376 472940    0    0     0  1360 27999 9249 81  0 19  0  0	
27  0      0 64160128 215376 472940    0    0     0     0 27410 8980 82  0 18  0  0	
procs -----------memory---------- ---swap-- -----io---- --system-- -----cpu-----
 r  b   swpd   free   buff  cache   si   so    bi    bo   in   cs us sy id wa st
29  0      0 64159996 215376 473000    0    0     0     0 27164 8778 81  0 19  0  0	
26  0      0 64159996 215376 473064    0    0     0    10 27655 9009 82  0 18  0  0	
39  0      0 64159532 215376 473124    0    0     0    10 27010 9153 81  0 19  0  0	
25  0      0 64159532 215376 473184    0    0     0     0 27249 8813 81  0 19  0  0	
27  0      0 64159404 215376 473248    0    0     0     6 27563 9012 81  0 18  0  0	
