Linux 2.6.32-279.14.1.el6.x86_64 (compute-641-14.local) 	04/21/20 	_x86_64_	(32 CPU)

02:06:40          PID    %usr %system  %guest    %CPU   CPU  Command
02:06:42           77    0.00    0.49    0.00    0.49    18  ksoftirqd/18
02:06:42         2319    0.00    0.49    0.00    0.49    12  jbd2/sda2-8
02:06:42         3142    0.00    0.49    0.00    0.49     9  kondemand/9
02:06:42         3157    0.00    0.49    0.00    0.49    24  kondemand/24
02:06:42         3161    0.00    0.49    0.00    0.49    28  kondemand/28
02:06:42         3163    0.00    0.49    0.00    0.49    30  kondemand/30
02:06:42         4128    0.49    0.00    0.00    0.49     0  gmond
02:06:42         9886    3.43    1.47    0.00    4.90    12  mpirun
02:06:42         9892    0.98    0.49    0.00    1.47     7  top
02:06:42         9894    0.98    1.47    0.00    2.45    13  pidstat
02:06:42         9896    0.98    1.47    0.00    2.45     9  pidstat
02:06:42         9906  147.06    7.84    0.00  154.90     0  bt-mz.B.32
02:06:42         9907  136.27   13.24    0.00  149.51    17  bt-mz.B.32
02:06:42         9908  134.31   13.24    0.00  147.55    18  bt-mz.B.32
02:06:42         9909  124.02   16.67    0.00  140.69    19  bt-mz.B.32
02:06:42         9910  119.61   18.14    0.00  137.75    20  bt-mz.B.32
02:06:42         9911  116.18   20.59    0.00  136.76    21  bt-mz.B.32
02:06:42         9912  110.29   19.61    0.00  129.90    22  bt-mz.B.32
02:06:42         9913  109.80   20.10    0.00  129.90    23  bt-mz.B.32
02:06:42         9914  106.37   23.53    0.00  129.90     8  bt-mz.B.32
02:06:42         9915  104.41   19.61    0.00  124.02     9  bt-mz.B.32
02:06:42         9918  104.90   25.00    0.00  129.90    10  bt-mz.B.32
02:06:42         9920  104.90   25.00    0.00  129.90    27  bt-mz.B.32
02:06:42         9921  101.96   26.96    0.00  128.92    28  bt-mz.B.32
02:06:42         9923  102.45   25.49    0.00  127.94    29  bt-mz.B.32
02:06:42         9925  100.00   28.43    0.00  128.43    30  bt-mz.B.32
02:06:42         9927   97.06   27.94    0.00  125.00    31  bt-mz.B.32

02:06:42          PID    %usr %system  %guest    %CPU   CPU  Command
02:06:44         3133    0.00    0.50    0.00    0.50     0  kondemand/0
02:06:44         4128    0.00    0.50    0.00    0.50     0  gmond
02:06:44         9892    0.50    0.50    0.00    1.00     7  top
02:06:44         9894    1.00    2.00    0.00    3.00    29  pidstat
02:06:44         9896    0.00    2.00    0.00    2.00    25  pidstat
02:06:44         9906  191.00    0.50    0.00  191.50    16  bt-mz.B.32
02:06:44         9907  173.50    7.50    0.00  181.00    17  bt-mz.B.32
02:06:44         9908  171.50    8.00    0.00  179.50    18  bt-mz.B.32
02:06:44         9909  150.00   14.00    0.00  164.00    19  bt-mz.B.32
02:06:44         9910  149.50   15.00    0.00  164.50    20  bt-mz.B.32
02:06:44         9911  147.00   16.00    0.00  163.00    21  bt-mz.B.32
02:06:44         9912  131.50   19.00    0.00  150.50    22  bt-mz.B.32
02:06:44         9913  132.50   19.00    0.00  151.50    23  bt-mz.B.32
02:06:44         9914  128.50   23.00    0.00  151.50     8  bt-mz.B.32
02:06:44         9915  129.50   20.50    0.00  150.00     9  bt-mz.B.32
02:06:44         9918  123.50   28.00    0.00  151.50    10  bt-mz.B.32
02:06:44         9920  123.50   28.50    0.00  152.00    27  bt-mz.B.32
02:06:44         9921  124.00   28.00    0.00  152.00    28  bt-mz.B.32
02:06:44         9923  123.00   28.00    0.00  151.00    13  bt-mz.B.32
02:06:44         9925  120.00   32.50    0.00  152.50    30  bt-mz.B.32
02:06:44         9927  114.00   32.50    0.00  146.50    31  bt-mz.B.32

02:06:44          PID    %usr %system  %guest    %CPU   CPU  Command
02:06:46         3144    0.00    0.50    0.00    0.50    11  kondemand/11
02:06:46         3164    0.00    0.50    0.00    0.50    31  kondemand/31
02:06:46         3180    0.00    0.50    0.00    0.50    16  kipmi0
02:06:46         4128    0.00    0.50    0.00    0.50     0  gmond
02:06:46         9892    0.00    1.00    0.00    1.00     7  top
02:06:46         9894    0.50    2.00    0.00    2.50    29  pidstat
02:06:46         9896    1.00    2.50    0.00    3.50    25  pidstat
02:06:46         9906  192.50    0.00    0.00  192.50     0  bt-mz.B.32
02:06:46         9907  172.50    9.00    0.00  181.50    17  bt-mz.B.32
02:06:46         9908  170.00    9.50    0.00  179.50    18  bt-mz.B.32
02:06:46         9909  152.00   14.00    0.00  166.00    19  bt-mz.B.32
02:06:46         9910  148.00   15.50    0.00  163.50    20  bt-mz.B.32
02:06:46         9911  144.50   17.50    0.00  162.00    21  bt-mz.B.32
02:06:46         9912  135.50   18.50    0.00  154.00    22  bt-mz.B.32
02:06:46         9913  136.00   18.50    0.00  154.50    23  bt-mz.B.32
02:06:46         9914  131.00   23.50    0.00  154.50     8  bt-mz.B.32
02:06:46         9915  128.00   22.00    0.00  150.00     9  bt-mz.B.32
02:06:46         9918  128.50   26.00    0.00  154.50    10  bt-mz.B.32
02:06:46         9920  128.00   27.00    0.00  155.00    27  bt-mz.B.32
02:06:46         9921  123.50   29.00    0.00  152.50    28  bt-mz.B.32
02:06:46         9923  124.00   29.00    0.00  153.00    13  bt-mz.B.32
02:06:46         9925  120.00   31.50    0.00  151.50    30  bt-mz.B.32
02:06:46         9927  116.50   32.00    0.00  148.50    31  bt-mz.B.32

02:06:46          PID    %usr %system  %guest    %CPU   CPU  Command
02:06:48         3153    0.00    0.50    0.00    0.50    20  kondemand/20
02:06:48         9892    0.50    0.50    0.00    1.00     7  top
02:06:48         9894    0.50    1.50    0.00    2.00    29  pidstat
02:06:48         9896    0.50    1.50    0.00    2.00    25  pidstat
02:06:48         9906  190.50    0.50    0.00  191.00     0  bt-mz.B.32
02:06:48         9907  174.00    7.50    0.00  181.50    17  bt-mz.B.32
02:06:48         9908  171.50    7.50    0.00  179.00    18  bt-mz.B.32
02:06:48         9909  150.50   15.00    0.00  165.50    19  bt-mz.B.32
02:06:48         9910  149.00   15.50    0.00  164.50    20  bt-mz.B.32
02:06:48         9911  148.50   14.50    0.00  163.00    21  bt-mz.B.32
02:06:48         9912  135.00   18.00    0.00  153.00    22  bt-mz.B.32
02:06:48         9913  134.00   19.00    0.00  153.00    23  bt-mz.B.32
02:06:48         9914  130.00   23.50    0.00  153.50     8  bt-mz.B.32
02:06:48         9915  128.00   20.50    0.00  148.50     9  bt-mz.B.32
02:06:48         9918  129.00   25.50    0.00  154.50    10  bt-mz.B.32
02:06:48         9920  128.50   26.00    0.00  154.50    27  bt-mz.B.32
02:06:48         9921  125.50   27.50    0.00  153.00    28  bt-mz.B.32
02:06:48         9923  125.50   26.00    0.00  151.50    13  bt-mz.B.32
02:06:48         9925  123.50   30.00    0.00  153.50    30  bt-mz.B.32
02:06:48         9927  116.50   31.50    0.00  148.00    31  bt-mz.B.32

02:06:48          PID    %usr %system  %guest    %CPU   CPU  Command
02:06:50         3148    0.00    0.50    0.00    0.50    15  kondemand/15
02:06:50         3152    0.00    0.50    0.00    0.50    19  kondemand/19
02:06:50         3158    0.00    0.50    0.00    0.50    25  kondemand/25
02:06:50         4128    0.00    0.50    0.00    0.50     0  gmond
02:06:50         9892    0.50    1.00    0.00    1.50     7  top
02:06:50         9894    1.00    2.00    0.00    3.00    29  pidstat
02:06:50         9896    0.50    1.50    0.00    2.00    25  pidstat
02:06:50         9906  195.50    0.00    0.00  195.50     0  bt-mz.B.32
02:06:50         9907  176.50    7.50    0.00  184.00    17  bt-mz.B.32
02:06:50         9908  174.50    7.50    0.00  182.00    18  bt-mz.B.32
02:06:50         9909  155.00   13.00    0.00  168.00    19  bt-mz.B.32
02:06:50         9910  153.50   13.50    0.00  167.00    20  bt-mz.B.32
02:06:50         9911  151.00   15.50    0.00  166.50    21  bt-mz.B.32
02:06:50         9912  134.50   19.50    0.00  154.00    22  bt-mz.B.32
02:06:50         9913  130.50   21.00    0.00  151.50    23  bt-mz.B.32
02:06:50         9914  131.50   23.00    0.00  154.50     8  bt-mz.B.32
02:06:50         9915  134.00   18.50    0.00  152.50    25  bt-mz.B.32
02:06:50         9918  128.00   26.50    0.00  154.50    10  bt-mz.B.32
02:06:50         9920  128.50   26.50    0.00  155.00    27  bt-mz.B.32
02:06:50         9921  129.50   27.00    0.00  156.50    28  bt-mz.B.32
02:06:50         9923  128.00   27.00    0.00  155.00    13  bt-mz.B.32
02:06:50         9925  127.50   29.00    0.00  156.50    30  bt-mz.B.32
02:06:50         9927  116.50   32.00    0.00  148.50    31  bt-mz.B.32

02:06:50          PID    %usr %system  %guest    %CPU   CPU  Command
02:06:52         3136    0.00    0.50    0.00    0.50     3  kondemand/3
02:06:52         3137    0.00    0.50    0.00    0.50     4  kondemand/4
02:06:52         3143    0.00    0.50    0.00    0.50    10  kondemand/10
02:06:52         3146    0.00    0.50    0.00    0.50    13  kondemand/13
02:06:52         3156    0.00    0.50    0.00    0.50    23  kondemand/23
02:06:52         4128    0.00    0.50    0.00    0.50     0  gmond
02:06:52         9892    0.50    0.50    0.00    1.00     7  top
02:06:52         9894    0.50    2.00    0.00    2.50    29  pidstat
02:06:52         9896    1.00    2.00    0.00    3.00     9  pidstat
02:06:52         9906  188.00    0.50    0.00  188.50     0  bt-mz.B.32
02:06:52         9907  172.50    8.00    0.00  180.50    17  bt-mz.B.32
02:06:52         9908  170.50    8.50    0.00  179.00    18  bt-mz.B.32
02:06:52         9909  149.00   15.00    0.00  164.00    19  bt-mz.B.32
02:06:52         9910  149.00   15.50    0.00  164.50    20  bt-mz.B.32
02:06:52         9911  147.50   15.00    0.00  162.50    21  bt-mz.B.32
02:06:52         9912  132.00   19.50    0.00  151.50    22  bt-mz.B.32
02:06:52         9913  132.00   20.00    0.00  152.00    23  bt-mz.B.32
02:06:52         9914  129.00   23.00    0.00  152.00     8  bt-mz.B.32
02:06:52         9915  128.50   20.50    0.00  149.00    25  bt-mz.B.32
02:06:52         9918  123.50   28.50    0.00  152.00    10  bt-mz.B.32
02:06:52         9920  124.50   27.50    0.00  152.00    27  bt-mz.B.32
02:06:52         9921  122.00   29.50    0.00  151.50    28  bt-mz.B.32
02:06:52         9923  122.50   28.00    0.00  150.50    13  bt-mz.B.32
02:06:52         9925  118.50   32.50    0.00  151.00    30  bt-mz.B.32
02:06:52         9927  114.00   32.50    0.00  146.50    31  bt-mz.B.32

02:06:52          PID    %usr %system  %guest    %CPU   CPU  Command
02:06:54         3134    0.00    0.50    0.00    0.50     1  kondemand/1
02:06:54         3139    0.00    0.50    0.00    0.50     6  kondemand/6
02:06:54         3141    0.00    0.50    0.00    0.50     8  kondemand/8
02:06:54         3151    0.00    0.50    0.00    0.50    18  kondemand/18
02:06:54         3593    0.00    0.50    0.00    0.50    16  fma
02:06:54         9892    0.50    1.00    0.00    1.50     7  top
02:06:54         9894    0.50    2.00    0.00    2.50    29  pidstat
02:06:54         9896    0.50    2.00    0.00    2.50     9  pidstat
02:06:54         9906  192.50    0.50    0.00  193.00     0  bt-mz.B.32
02:06:54         9907  173.00    8.50    0.00  181.50    17  bt-mz.B.32
02:06:54         9908  170.00    9.00    0.00  179.00    18  bt-mz.B.32
02:06:54         9909  152.50   13.50    0.00  166.00    19  bt-mz.B.32
02:06:54         9910  147.50   16.00    0.00  163.50    20  bt-mz.B.32
02:06:54         9911  145.50   16.50    0.00  162.00    21  bt-mz.B.32
02:06:54         9912  134.50   19.00    0.00  153.50    22  bt-mz.B.32
02:06:54         9913  137.50   17.50    0.00  155.00    23  bt-mz.B.32
02:06:54         9914  132.50   21.50    0.00  154.00     8  bt-mz.B.32
02:06:54         9915  128.00   22.00    0.00  150.00    25  bt-mz.B.32
02:06:54         9918  129.00   25.50    0.00  154.50    10  bt-mz.B.32
02:06:54         9920  128.00   27.50    0.00  155.50    27  bt-mz.B.32
02:06:54         9921  123.50   28.50    0.00  152.00    28  bt-mz.B.32
02:06:54         9923  126.50   27.00    0.00  153.50    13  bt-mz.B.32
02:06:54         9925  121.00   31.00    0.00  152.00    30  bt-mz.B.32
02:06:54         9927  118.50   30.50    0.00  149.00    31  bt-mz.B.32

02:06:54          PID    %usr %system  %guest    %CPU   CPU  Command
02:06:56         3135    0.00    0.50    0.00    0.50     2  kondemand/2
02:06:56         3140    0.00    0.50    0.00    0.50     7  kondemand/7
02:06:56         4128    0.00    0.50    0.00    0.50     0  gmond
02:06:56         9892    0.50    0.50    0.00    1.00     7  top
02:06:56         9894    0.50    2.00    0.00    2.50    29  pidstat
02:06:56         9896    0.50    2.00    0.00    2.50     9  pidstat
02:06:56         9906  191.50    0.50    0.00  192.00    16  bt-mz.B.32
02:06:56         9907  173.50    8.00    0.00  181.50    17  bt-mz.B.32
02:06:56         9908  172.00    7.00    0.00  179.00    18  bt-mz.B.32
02:06:56         9909  151.50   14.50    0.00  166.00    19  bt-mz.B.32
02:06:56         9910  151.00   13.50    0.00  164.50    20  bt-mz.B.32
02:06:56         9911  148.00   15.50    0.00  163.50    21  bt-mz.B.32
02:06:56         9912  135.50   17.50    0.00  153.00    22  bt-mz.B.32
02:06:56         9913  133.00   18.50    0.00  151.50     7  bt-mz.B.32
02:06:56         9914  130.00   23.50    0.00  153.50     8  bt-mz.B.32
02:06:56         9915  129.00   19.50    0.00  148.50    25  bt-mz.B.32
02:06:56         9918  127.50   26.00    0.00  153.50    10  bt-mz.B.32
02:06:56         9920  126.00   27.50    0.00  153.50    27  bt-mz.B.32
02:06:56         9921  126.50   27.00    0.00  153.50    28  bt-mz.B.32
02:06:56         9923  124.50   26.50    0.00  151.00    29  bt-mz.B.32
02:06:56         9925  122.50   30.50    0.00  153.00    30  bt-mz.B.32
02:06:56         9927  115.50   32.50    0.00  148.00    31  bt-mz.B.32

02:06:56          PID    %usr %system  %guest    %CPU   CPU  Command
02:06:58         3162    0.00    0.50    0.00    0.50    29  kondemand/29
02:06:58         4128    0.50    0.00    0.00    0.50     0  gmond
02:06:58         9892    0.50    1.00    0.00    1.50    23  top
02:06:58         9894    0.50    1.50    0.00    2.00    29  pidstat
02:06:58         9896    1.00    1.50    0.00    2.50     9  pidstat
02:06:58         9906  188.00    1.50    0.00  189.50     0  bt-mz.B.32
02:06:58         9907  171.50    9.00    0.00  180.50    17  bt-mz.B.32
02:06:58         9908  169.50    8.50    0.00  178.00    18  bt-mz.B.32
02:06:58         9909  149.50   15.00    0.00  164.50    19  bt-mz.B.32
02:06:58         9910  148.00   16.00    0.00  164.00    20  bt-mz.B.32
02:06:58         9911  146.00   16.00    0.00  162.00    21  bt-mz.B.32
02:06:58         9912  133.50   19.00    0.00  152.50    22  bt-mz.B.32
02:06:58         9913  130.50   21.50    0.00  152.00     7  bt-mz.B.32
02:06:58         9914  128.50   24.50    0.00  153.00     8  bt-mz.B.32
02:06:58         9915  127.00   21.50    0.00  148.50    25  bt-mz.B.32
02:06:58         9918  126.00   27.00    0.00  153.00    10  bt-mz.B.32
02:06:58         9920  125.00   28.50    0.00  153.50    27  bt-mz.B.32
02:06:58         9921  124.00   28.50    0.00  152.50    28  bt-mz.B.32
02:06:58         9923  122.50   28.00    0.00  150.50    13  bt-mz.B.32
02:06:58         9925  120.50   32.50    0.00  153.00    30  bt-mz.B.32
02:06:58         9927  116.00   31.50    0.00  147.50    31  bt-mz.B.32

02:06:58          PID    %usr %system  %guest    %CPU   CPU  Command
02:07:00         3145    0.00    0.50    0.00    0.50    12  kondemand/12
02:07:00         3147    0.00    0.50    0.00    0.50    14  kondemand/14
02:07:00         3150    0.00    0.50    0.00    0.50    17  kondemand/17
02:07:00         4128    0.00    0.50    0.00    0.50     0  gmond
02:07:00         9892    0.50    0.50    0.00    1.00    23  top
02:07:00         9894    0.50    2.00    0.00    2.50    13  pidstat
02:07:00         9896    0.50    2.00    0.00    2.50     9  pidstat
02:07:00         9906  190.50    0.00    0.00  190.50     0  bt-mz.B.32
02:07:00         9907  176.00    6.50    0.00  182.50    17  bt-mz.B.32
02:07:00         9908  172.50    8.50    0.00  181.00    18  bt-mz.B.32
02:07:00         9909  153.00   13.50    0.00  166.50    19  bt-mz.B.32
02:07:00         9910  152.00   14.00    0.00  166.00    20  bt-mz.B.32
02:07:00         9911  148.50   16.00    0.00  164.50    21  bt-mz.B.32
02:07:00         9912  133.50   19.00    0.00  152.50    22  bt-mz.B.32
02:07:00         9913  131.00   21.00    0.00  152.00     7  bt-mz.B.32
02:07:00         9914  129.00   24.50    0.00  153.50     8  bt-mz.B.32
02:07:00         9915  132.50   19.00    0.00  151.50    25  bt-mz.B.32
02:07:00         9918  126.50   27.00    0.00  153.50    10  bt-mz.B.32
02:07:00         9920  127.50   27.00    0.00  154.50    27  bt-mz.B.32
02:07:00         9921  126.50   28.00    0.00  154.50    28  bt-mz.B.32
02:07:00         9923  127.50   26.50    0.00  154.00    29  bt-mz.B.32
02:07:00         9925  125.00   29.50    0.00  154.50    30  bt-mz.B.32
02:07:00         9927  114.00   33.00    0.00  147.00    31  bt-mz.B.32

02:07:00          PID    %usr %system  %guest    %CPU   CPU  Command
02:07:02         3159    0.00    0.50    0.00    0.50    26  kondemand/26
02:07:02         3180    0.00    0.50    0.00    0.50    16  kipmi0
02:07:02         9892    0.50    1.00    0.00    1.50     7  top
02:07:02         9894    0.50    2.00    0.00    2.50    13  pidstat
02:07:02         9896    0.50    2.50    0.00    3.00    25  pidstat
02:07:02         9906  191.00    0.00    0.00  191.00     0  bt-mz.B.32
02:07:02         9907  175.00    7.00    0.00  182.00    17  bt-mz.B.32
02:07:02         9908  173.00    7.00    0.00  180.00    18  bt-mz.B.32
02:07:02         9909  150.50   14.00    0.00  164.50    19  bt-mz.B.32
02:07:02         9910  150.50   14.00    0.00  164.50    20  bt-mz.B.32
02:07:02         9911  147.00   16.00    0.00  163.00    21  bt-mz.B.32
02:07:02         9912  132.00   19.00    0.00  151.00    22  bt-mz.B.32
02:07:02         9913  132.50   19.50    0.00  152.00     7  bt-mz.B.32
02:07:02         9914  128.50   23.50    0.00  152.00     8  bt-mz.B.32
02:07:02         9915  130.50   19.50    0.00  150.00     9  bt-mz.B.32
02:07:02         9918  125.50   26.50    0.00  152.00    10  bt-mz.B.32
02:07:02         9920  125.00   27.00    0.00  152.00    27  bt-mz.B.32
02:07:02         9921  122.50   29.50    0.00  152.00    28  bt-mz.B.32
02:07:02         9923  122.50   29.00    0.00  151.50    29  bt-mz.B.32
02:07:02         9925  118.00   34.00    0.00  152.00    30  bt-mz.B.32
02:07:02         9927  114.00   32.50    0.00  146.50    31  bt-mz.B.32

02:07:02          PID    %usr %system  %guest    %CPU   CPU  Command
02:07:04         3133    0.00    0.50    0.00    0.50     0  kondemand/0
02:07:04         3195    0.00    0.50    0.00    0.50    12  irqbalance
02:07:04         3852    0.50    0.00    0.00    0.50    23  pbs_mom
02:07:04         4128    0.00    0.50    0.00    0.50     0  gmond
02:07:04         9892    0.50    1.00    0.00    1.50    23  top
02:07:04         9894    0.50    2.00    0.00    2.50    13  pidstat
02:07:04         9896    0.00    1.50    0.00    1.50    25  pidstat
02:07:04         9898    0.00    0.50    0.00    0.50    26  iostat
02:07:04         9906  191.50    0.50    0.00  192.00    16  bt-mz.B.32
02:07:04         9907  173.00    8.00    0.00  181.00    17  bt-mz.B.32
02:07:04         9908  170.00    8.50    0.00  178.50    18  bt-mz.B.32
02:07:04         9909  154.00   12.50    0.00  166.50    19  bt-mz.B.32
02:07:04         9910  149.00   14.50    0.00  163.50    20  bt-mz.B.32
02:07:04         9911  146.50   16.00    0.00  162.50    21  bt-mz.B.32
02:07:04         9912  136.00   18.50    0.00  154.50    22  bt-mz.B.32
02:07:04         9913  135.00   19.50    0.00  154.50     7  bt-mz.B.32
02:07:04         9914  131.00   23.50    0.00  154.50     8  bt-mz.B.32
02:07:04         9915  130.50   19.00    0.00  149.50     9  bt-mz.B.32
02:07:04         9918  127.50   27.50    0.00  155.00    10  bt-mz.B.32
02:07:04         9920  129.00   26.50    0.00  155.50    27  bt-mz.B.32
02:07:04         9921  125.00   27.00    0.00  152.00    28  bt-mz.B.32
02:07:04         9923  126.00   26.00    0.00  152.00    29  bt-mz.B.32
02:07:04         9925  120.00   32.00    0.00  152.00    30  bt-mz.B.32
02:07:04         9927  118.50   31.00    0.00  149.50    31  bt-mz.B.32

02:07:04          PID    %usr %system  %guest    %CPU   CPU  Command
02:07:06         3138    0.00    0.50    0.00    0.50     5  kondemand/5
02:07:06         3149    0.00    0.50    0.00    0.50    16  kondemand/16
02:07:06         9892    0.50    0.50    0.00    1.00    23  top
02:07:06         9894    1.00    2.00    0.00    3.00    29  pidstat
02:07:06         9896    1.00    2.50    0.00    3.50     9  pidstat
02:07:06         9906  194.00    0.00    0.00  194.00     0  bt-mz.B.32
02:07:06         9907  177.50    7.50    0.00  185.00    17  bt-mz.B.32
02:07:06         9908  174.50    8.00    0.00  182.50    18  bt-mz.B.32
02:07:06         9909  155.50   13.50    0.00  169.00    19  bt-mz.B.32
02:07:06         9910  153.00   15.50    0.00  168.50    20  bt-mz.B.32
02:07:06         9911  152.00   15.00    0.00  167.00    21  bt-mz.B.32
02:07:06         9912  137.00   18.50    0.00  155.50    22  bt-mz.B.32
02:07:06         9913  132.50   20.50    0.00  153.00    23  bt-mz.B.32
02:07:06         9914  133.00   23.50    0.00  156.50     8  bt-mz.B.32
02:07:06         9915  132.50   19.00    0.00  151.50    25  bt-mz.B.32
02:07:06         9918  129.50   27.00    0.00  156.50    10  bt-mz.B.32
02:07:06         9920  129.50   27.50    0.00  157.00    27  bt-mz.B.32
02:07:06         9921  131.00   26.50    0.00  157.50    28  bt-mz.B.32
02:07:06         9923  131.00   25.50    0.00  156.50    13  bt-mz.B.32
02:07:06         9925  128.00   29.50    0.00  157.50    30  bt-mz.B.32
02:07:06         9927  120.00   30.00    0.00  150.00    31  bt-mz.B.32

02:07:06          PID    %usr %system  %guest    %CPU   CPU  Command
02:07:08           33    0.00    0.50    0.00    0.50     7  ksoftirqd/7
02:07:08         3155    0.00    0.50    0.00    0.50    22  kondemand/22
02:07:08         3160    0.00    0.50    0.00    0.50    27  kondemand/27
02:07:08         4128    0.00    0.50    0.00    0.50     0  gmond
02:07:08         9892    1.00    0.50    0.00    1.50     7  top
02:07:08         9894    0.50    2.00    0.00    2.50    13  pidstat
02:07:08         9896    0.50    1.50    0.00    2.00     9  pidstat
02:07:08         9906  190.50    0.50    0.00  191.00     0  bt-mz.B.32
02:07:08         9907  173.50    7.00    0.00  180.50    17  bt-mz.B.32
02:07:08         9908  171.00    8.00    0.00  179.00    18  bt-mz.B.32
02:07:08         9909  148.50   15.00    0.00  163.50    19  bt-mz.B.32
02:07:08         9910  150.00   14.00    0.00  164.00    20  bt-mz.B.32
02:07:08         9911  147.00   15.50    0.00  162.50    21  bt-mz.B.32
02:07:08         9912  132.00   18.50    0.00  150.50    22  bt-mz.B.32
02:07:08         9913  132.50   18.00    0.00  150.50    23  bt-mz.B.32
02:07:08         9914  127.50   23.50    0.00  151.00     8  bt-mz.B.32
02:07:08         9915  129.50   20.00    0.00  149.50    25  bt-mz.B.32
02:07:08         9918  124.50   27.00    0.00  151.50    10  bt-mz.B.32
02:07:08         9920  124.00   27.00    0.00  151.00    27  bt-mz.B.32
02:07:08         9921  124.00   28.00    0.00  152.00    28  bt-mz.B.32
02:07:08         9923  122.00   28.50    0.00  150.50    29  bt-mz.B.32
02:07:08         9925  120.00   31.50    0.00  151.50    30  bt-mz.B.32
02:07:08         9927  114.00   32.00    0.00  146.00    31  bt-mz.B.32

02:07:08          PID    %usr %system  %guest    %CPU   CPU  Command
02:07:10          153    0.00    0.50    0.00    0.50    22  events/22
02:07:10         3684    0.00    0.50    0.00    0.50     6  snmpd
02:07:10         4128    0.50    0.00    0.00    0.50     0  gmond
02:07:10         9892    0.50    1.00    0.00    1.50     7  top
02:07:10         9894    0.50    1.50    0.00    2.00    13  pidstat
02:07:10         9896    1.50    2.00    0.00    3.50     9  pidstat
02:07:10         9906  192.50    0.00    0.00  192.50    16  bt-mz.B.32
02:07:10         9907  173.00    9.00    0.00  182.00    17  bt-mz.B.32
02:07:10         9908  171.00    8.50    0.00  179.50    18  bt-mz.B.32
02:07:10         9909  153.50   13.00    0.00  166.50    19  bt-mz.B.32
02:07:10         9910  148.50   15.00    0.00  163.50    20  bt-mz.B.32
02:07:10         9911  144.50   17.50    0.00  162.00    21  bt-mz.B.32
02:07:10         9912  135.00   19.50    0.00  154.50    22  bt-mz.B.32
02:07:10         9913  136.00   19.00    0.00  155.00     7  bt-mz.B.32
02:07:10         9914  132.50   22.00    0.00  154.50     8  bt-mz.B.32
02:07:10         9915  128.50   21.50    0.00  150.00    25  bt-mz.B.32
02:07:10         9918  128.50   26.00    0.00  154.50    10  bt-mz.B.32
02:07:10         9920  128.00   27.50    0.00  155.50    27  bt-mz.B.32
02:07:10         9921  123.00   29.00    0.00  152.00    28  bt-mz.B.32
02:07:10         9923  125.00   28.00    0.00  153.00    29  bt-mz.B.32
02:07:10         9925  119.50   32.50    0.00  152.00    30  bt-mz.B.32
02:07:10         9927  115.50   33.00    0.00  148.50    31  bt-mz.B.32

02:07:10          PID    %usr %system  %guest    %CPU   CPU  Command
02:07:12         3154    0.00    0.50    0.00    0.50    21  kondemand/21
02:07:12         3161    0.00    0.50    0.00    0.50    28  kondemand/28
02:07:12         3163    0.00    0.50    0.00    0.50    30  kondemand/30
02:07:12         3852    0.00    1.00    0.00    1.00    24  pbs_mom
02:07:12         4128    0.00    0.50    0.00    0.50     0  gmond
02:07:12         9892    0.50    0.50    0.00    1.00     7  top
02:07:12         9894    0.50    2.00    0.00    2.50    13  pidstat
02:07:12         9896    0.50    1.50    0.00    2.00     9  pidstat
02:07:12         9906  191.50    0.50    0.00  192.00     0  bt-mz.B.32
02:07:12         9907  173.50    7.50    0.00  181.00    17  bt-mz.B.32
02:07:12         9908  171.00    8.00    0.00  179.00    18  bt-mz.B.32
02:07:12         9909  152.50   13.50    0.00  166.00    19  bt-mz.B.32
02:07:12         9910  150.50   14.00    0.00  164.50    20  bt-mz.B.32
02:07:12         9911  148.00   15.00    0.00  163.00    21  bt-mz.B.32
02:07:12         9912  134.50   18.50    0.00  153.00    22  bt-mz.B.32
02:07:12         9913  133.50   19.00    0.00  152.50    23  bt-mz.B.32
02:07:12         9914  132.50   21.50    0.00  154.00     8  bt-mz.B.32
02:07:12         9915  130.50   18.00    0.00  148.50    25  bt-mz.B.32
02:07:12         9918  127.00   26.50    0.00  153.50    10  bt-mz.B.32
02:07:12         9920  127.00   27.00    0.00  154.00    27  bt-mz.B.32
02:07:12         9921  125.00   28.00    0.00  153.00    28  bt-mz.B.32
02:07:12         9923  124.50   27.00    0.00  151.50    13  bt-mz.B.32
02:07:12         9925  121.00   32.50    0.00  153.50    30  bt-mz.B.32
02:07:12         9927  117.00   31.50    0.00  148.50    31  bt-mz.B.32

02:07:12          PID    %usr %system  %guest    %CPU   CPU  Command
02:07:14          109    0.00    0.50    0.00    0.50    26  ksoftirqd/26
02:07:14         9892    1.00    0.50    0.00    1.50     7  top
02:07:14         9894    0.50    2.00    0.00    2.50    13  pidstat
02:07:14         9896    0.50    2.00    0.00    2.50     9  pidstat
02:07:14         9906  191.50    0.50    0.00  192.00    16  bt-mz.B.32
02:07:14         9907  174.00    8.00    0.00  182.00    17  bt-mz.B.32
02:07:14         9908  171.50    8.50    0.00  180.00    18  bt-mz.B.32
02:07:14         9909  153.50   13.50    0.00  167.00    19  bt-mz.B.32
02:07:14         9910  151.00   15.00    0.00  166.00    20  bt-mz.B.32
02:07:14         9911  149.00   15.50    0.00  164.50    21  bt-mz.B.32
02:07:14         9912  135.50   17.50    0.00  153.00    22  bt-mz.B.32
02:07:14         9913  132.00   20.00    0.00  152.00    23  bt-mz.B.32
02:07:14         9914  131.00   22.50    0.00  153.50     8  bt-mz.B.32
02:07:14         9915  133.00   18.00    0.00  151.00    25  bt-mz.B.32
02:07:14         9918  128.00   26.50    0.00  154.50    10  bt-mz.B.32
02:07:14         9920  127.50   27.00    0.00  154.50    27  bt-mz.B.32
02:07:14         9921  127.00   27.50    0.00  154.50    28  bt-mz.B.32
02:07:14         9923  126.00   27.00    0.00  153.00    29  bt-mz.B.32
02:07:14         9925  123.50   30.50    0.00  154.00    30  bt-mz.B.32
02:07:14         9927  116.00   31.50    0.00  147.50    31  bt-mz.B.32

02:07:14          PID    %usr %system  %guest    %CPU   CPU  Command
02:07:16           29    0.00    0.50    0.00    0.50     6  ksoftirqd/6
02:07:16         3021    0.00    0.50    0.00    0.50    15  flush-8:0
02:07:16         3142    0.00    0.50    0.00    0.50     9  kondemand/9
02:07:16         3157    0.00    0.50    0.00    0.50    24  kondemand/24
02:07:16         4128    0.00    0.50    0.00    0.50     0  gmond
02:07:16         9892    0.50    0.50    0.00    1.00    23  top
02:07:16         9894    1.00    2.00    0.00    3.00    13  pidstat
02:07:16         9896    0.50    2.00    0.00    2.50     9  pidstat
02:07:16         9906  192.00    0.00    0.00  192.00     0  bt-mz.B.32
02:07:16         9907  175.00    7.50    0.00  182.50    17  bt-mz.B.32
02:07:16         9908  172.50    8.00    0.00  180.50    18  bt-mz.B.32
02:07:16         9909  150.00   14.00    0.00  164.00    19  bt-mz.B.32
02:07:16         9910  152.00   13.00    0.00  165.00    20  bt-mz.B.32
02:07:16         9911  148.50   15.50    0.00  164.00    21  bt-mz.B.32
02:07:16         9912  130.50   21.00    0.00  151.50    22  bt-mz.B.32
02:07:16         9913  133.50   18.50    0.00  152.00    23  bt-mz.B.32
02:07:16         9914  128.50   23.50    0.00  152.00     8  bt-mz.B.32
02:07:16         9915  131.50   19.50    0.00  151.00    25  bt-mz.B.32
02:07:16         9918  125.50   26.50    0.00  152.00    10  bt-mz.B.32
02:07:16         9920  124.50   28.00    0.00  152.50    27  bt-mz.B.32
02:07:16         9921  125.50   27.50    0.00  153.00    28  bt-mz.B.32
02:07:16         9923  123.00   29.50    0.00  152.50    29  bt-mz.B.32
02:07:16         9925  121.00   31.50    0.00  152.50    30  bt-mz.B.32
02:07:16         9927  115.00   32.00    0.00  147.00    31  bt-mz.B.32

02:07:16          PID    %usr %system  %guest    %CPU   CPU  Command
02:07:18          146    0.00    0.50    0.00    0.50    15  events/15
02:07:18         3134    0.00    0.50    0.00    0.50     1  kondemand/1
02:07:18         4128    0.00    0.50    0.00    0.50     0  gmond
02:07:18         9892    0.50    1.00    0.00    1.50     7  top
02:07:18         9894    0.50    2.00    0.00    2.50    13  pidstat
02:07:18         9896    1.00    1.50    0.00    2.50     9  pidstat
02:07:18         9906  192.00    0.50    0.00  192.50    16  bt-mz.B.32
02:07:18         9907  174.50    8.00    0.00  182.50    17  bt-mz.B.32
02:07:18         9908  171.00    9.00    0.00  180.00    18  bt-mz.B.32
02:07:18         9909  153.50   13.50    0.00  167.00    19  bt-mz.B.32
02:07:18         9910  149.00   16.00    0.00  165.00    20  bt-mz.B.32
02:07:18         9911  145.50   17.50    0.00  163.00    21  bt-mz.B.32
02:07:18         9912  137.00   18.00    0.00  155.00    22  bt-mz.B.32
02:07:18         9913  137.00   18.50    0.00  155.50    23  bt-mz.B.32
02:07:18         9914  133.00   22.50    0.00  155.50     8  bt-mz.B.32
02:07:18         9915  130.00   20.50    0.00  150.50    25  bt-mz.B.32
02:07:18         9918  128.00   27.50    0.00  155.50    10  bt-mz.B.32
02:07:18         9920  129.00   26.50    0.00  155.50    27  bt-mz.B.32
02:07:18         9921  124.50   28.50    0.00  153.00    28  bt-mz.B.32
02:07:18         9923  126.00   26.50    0.00  152.50    29  bt-mz.B.32
02:07:18         9925  122.00   31.00    0.00  153.00    30  bt-mz.B.32
02:07:18         9927  118.50   31.00    0.00  149.50    31  bt-mz.B.32

02:07:18          PID    %usr %system  %guest    %CPU   CPU  Command
02:07:20         3153    0.00    0.50    0.00    0.50    20  kondemand/20
02:07:20         9892    0.50    0.50    0.00    1.00    23  top
02:07:20         9894    0.50    1.50    0.00    2.00    13  pidstat
02:07:20         9896    0.50    2.00    0.00    2.50     9  pidstat
02:07:20         9906  190.00    0.50    0.00  190.50     0  bt-mz.B.32
02:07:20         9907  172.50    8.00    0.00  180.50    17  bt-mz.B.32
02:07:20         9908  169.50    9.00    0.00  178.50    18  bt-mz.B.32
02:07:20         9909  151.50   13.50    0.00  165.00    19  bt-mz.B.32
02:07:20         9910  149.50   14.00    0.00  163.50    20  bt-mz.B.32
02:07:20         9911  146.50   16.00    0.00  162.50    21  bt-mz.B.32
02:07:20         9912  133.50   18.50    0.00  152.00    22  bt-mz.B.32
02:07:20         9913  132.00   19.50    0.00  151.50    23  bt-mz.B.32
02:07:20         9914  131.00   22.00    0.00  153.00     8  bt-mz.B.32
02:07:20         9915  130.00   18.00    0.00  148.00    25  bt-mz.B.32
02:07:20         9918  128.00   25.50    0.00  153.50    10  bt-mz.B.32
02:07:20         9920  127.00   26.50    0.00  153.50    27  bt-mz.B.32
02:07:20         9921  125.00   27.50    0.00  152.50    28  bt-mz.B.32
02:07:20         9923  124.50   27.00    0.00  151.50    29  bt-mz.B.32
02:07:20         9925  120.00   33.00    0.00  153.00    30  bt-mz.B.32
02:07:20         9927  118.00   29.50    0.00  147.50    31  bt-mz.B.32

02:07:20          PID    %usr %system  %guest    %CPU   CPU  Command
02:07:22           41    0.00    0.50    0.00    0.50     9  ksoftirqd/9
02:07:22         3143    0.00    0.50    0.00    0.50    10  kondemand/10
02:07:22         3152    0.00    0.50    0.00    0.50    19  kondemand/19
02:07:22         3164    0.00    0.50    0.00    0.50    31  kondemand/31
02:07:22         3180    0.00    0.50    0.00    0.50     0  kipmi0
02:07:22         4128    0.00    0.50    0.00    0.50    16  gmond
02:07:22         9892    1.00    0.50    0.00    1.50    23  top
02:07:22         9894    1.00    2.00    0.00    3.00    13  pidstat
02:07:22         9896    1.00    1.50    0.00    2.50    10  pidstat
02:07:22         9906  193.50    0.50    0.00  194.00    16  bt-mz.B.32
02:07:22         9907  175.50    7.50    0.00  183.00    17  bt-mz.B.32
02:07:22         9908  174.00    7.50    0.00  181.50    18  bt-mz.B.32
02:07:22         9909  153.50   14.50    0.00  168.00    19  bt-mz.B.32
02:07:22         9910  152.50   14.50    0.00  167.00    20  bt-mz.B.32
02:07:22         9911  149.50   15.50    0.00  165.00    21  bt-mz.B.32
02:07:22         9912  135.50   18.00    0.00  153.50    22  bt-mz.B.32
02:07:22         9913  133.00   19.00    0.00  152.00    23  bt-mz.B.32
02:07:22         9914  131.00   23.50    0.00  154.50     8  bt-mz.B.32
02:07:22         9915  134.50   19.00    0.00  153.50     9  bt-mz.B.32
02:07:22         9918  129.50   25.00    0.00  154.50    26  bt-mz.B.32
02:07:22         9920  128.00   27.00    0.00  155.00    27  bt-mz.B.32
02:07:22         9921  129.50   27.00    0.00  156.50    28  bt-mz.B.32
02:07:22         9923  128.50   26.00    0.00  154.50    29  bt-mz.B.32
02:07:22         9925  126.00   30.00    0.00  156.00    30  bt-mz.B.32
02:07:22         9927  115.00   33.00    0.00  148.00    31  bt-mz.B.32

02:07:22          PID    %usr %system  %guest    %CPU   CPU  Command
02:07:24          341    0.00    0.50    0.00    0.50     0  khugepaged
02:07:24         3133    0.00    0.50    0.00    0.50     0  kondemand/0
02:07:24         3135    0.00    0.50    0.00    0.50     2  kondemand/2
02:07:24         3136    0.00    0.50    0.00    0.50     3  kondemand/3
02:07:24         3137    0.00    0.50    0.00    0.50     4  kondemand/4
02:07:24         3141    0.00    0.50    0.00    0.50     8  kondemand/8
02:07:24         3144    0.00    0.50    0.00    0.50    11  kondemand/11
02:07:24         3146    0.00    0.50    0.00    0.50    13  kondemand/13
02:07:24         3151    0.00    0.50    0.00    0.50    18  kondemand/18
02:07:24         9892    0.50    0.50    0.00    1.00     6  top
02:07:24         9894    0.50    2.00    0.00    2.50    29  pidstat
02:07:24         9896    0.50    2.00    0.00    2.50    11  pidstat
02:07:24         9906  190.50    0.00    0.00  190.50     0  bt-mz.B.32
02:07:24         9907  175.50    7.00    0.00  182.50    17  bt-mz.B.32
02:07:24         9908  172.50    7.50    0.00  180.00    18  bt-mz.B.32
02:07:24         9909  150.50   14.50    0.00  165.00    19  bt-mz.B.32
02:07:24         9910  151.50   14.00    0.00  165.50    20  bt-mz.B.32
02:07:24         9911  150.00   14.50    0.00  164.50    21  bt-mz.B.32
02:07:24         9912  134.00   18.50    0.00  152.50    22  bt-mz.B.32
02:07:24         9913  132.50   20.50    0.00  153.00    23  bt-mz.B.32
02:07:24         9914  131.00   22.00    0.00  153.00     8  bt-mz.B.32
02:07:24         9915  130.00   20.50    0.00  150.50     9  bt-mz.B.32
02:07:24         9918  126.00   27.00    0.00  153.00    10  bt-mz.B.32
02:07:24         9920  125.00   28.50    0.00  153.50    27  bt-mz.B.32
02:07:24         9921  124.00   29.00    0.00  153.00    28  bt-mz.B.32
02:07:24         9923  125.50   27.50    0.00  153.00    13  bt-mz.B.32
02:07:24         9925  122.00   30.50    0.00  152.50    30  bt-mz.B.32
02:07:24         9927  115.50   32.00    0.00  147.50    31  bt-mz.B.32
