Linux 2.6.32-279.14.1.el6.x86_64 (compute-641-14.local) 	04/21/20 	_x86_64_	(32 CPU)

02:18:38          PID    %usr %system  %guest    %CPU   CPU  Command
02:18:40            9    0.00    0.49    0.00    0.49     1  ksoftirqd/1
02:18:40          109    0.00    0.49    0.00    0.49    26  ksoftirqd/26
02:18:40         3133    0.00    0.49    0.00    0.49     0  kondemand/0
02:18:40         3134    0.00    0.49    0.00    0.49     1  kondemand/1
02:18:40         3157    0.00    0.49    0.00    0.49    24  kondemand/24
02:18:40         3164    0.00    0.49    0.00    0.49    31  kondemand/31
02:18:40         3180    0.00    0.49    0.00    0.49    16  kipmi0
02:18:40         4128    0.00    0.49    0.00    0.49    16  gmond
02:18:40        12957    2.96    1.48    0.00    4.43     0  mpirun
02:18:40        12963    0.49    0.49    0.00    0.99    11  top
02:18:40        12965    0.99    1.48    0.00    2.46    11  pidstat
02:18:40        12967    0.99    1.97    0.00    2.96     4  pidstat
02:18:40        12977  128.57   12.32    0.00  140.89     0  bt-mz.B.32
02:18:40        12978  129.56   17.73    0.00  147.29    17  bt-mz.B.32
02:18:40        12979  126.60   19.70    0.00  146.31    18  bt-mz.B.32
02:18:40        12980  116.26   22.17    0.00  138.42    19  bt-mz.B.32
02:18:40        12981  116.75   20.20    0.00  136.95    20  bt-mz.B.32
02:18:40        12982  113.30   23.15    0.00  136.45    21  bt-mz.B.32
02:18:40        12983  102.96   24.63    0.00  127.59    22  bt-mz.B.32
02:18:40        12984  101.97   25.12    0.00  127.09    23  bt-mz.B.32
02:18:40        12985   98.52   27.59    0.00  126.11    24  bt-mz.B.32
02:18:40        12988   98.03   26.11    0.00  124.14     9  bt-mz.B.32
02:18:40        12989   90.64   33.99    0.00  124.63    10  bt-mz.B.32
02:18:40        12991   92.12   33.50    0.00  125.62    27  bt-mz.B.32
02:18:40        12992   92.12   32.02    0.00  124.14    28  bt-mz.B.32
02:18:40        12993   91.13   33.00    0.00  124.14    29  bt-mz.B.32

02:18:40          PID    %usr %system  %guest    %CPU   CPU  Command
02:18:42         3143    0.00    0.50    0.00    0.50    10  kondemand/10
02:18:42         3145    0.00    0.50    0.00    0.50    12  kondemand/12
02:18:42         3155    0.00    0.50    0.00    0.50    22  kondemand/22
02:18:42         3180    0.00    0.50    0.00    0.50    16  kipmi0
02:18:42         4128    0.50    0.50    0.00    1.00    16  gmond
02:18:42        12963    0.50    1.00    0.00    1.50    11  top
02:18:42        12965    0.00    2.00    0.00    2.00    11  pidstat
02:18:42        12967    0.50    1.50    0.00    2.00     4  pidstat
02:18:42        12977  169.50    2.50    0.00  172.00     0  bt-mz.B.32
02:18:42        12978  169.00   13.00    0.00  182.00    17  bt-mz.B.32
02:18:42        12979  166.00   12.50    0.00  178.50    18  bt-mz.B.32
02:18:42        12980  146.00   16.50    0.00  162.50    19  bt-mz.B.32
02:18:42        12981  145.00   16.50    0.00  161.50    20  bt-mz.B.32
02:18:42        12982  142.00   20.00    0.00  162.00    21  bt-mz.B.32
02:18:42        12983  127.00   25.00    0.00  152.00    22  bt-mz.B.32
02:18:42        12984  127.50   23.50    0.00  151.00    23  bt-mz.B.32
02:18:42        12985  121.50   29.00    0.00  150.50    24  bt-mz.B.32
02:18:42        12988  121.50   26.00    0.00  147.50     9  bt-mz.B.32
02:18:42        12989  118.50   33.00    0.00  151.50    10  bt-mz.B.32
02:18:42        12991  119.00   31.00    0.00  150.00    27  bt-mz.B.32
02:18:42        12992  118.00   32.00    0.00  150.00    28  bt-mz.B.32
02:18:42        12993  117.00   33.50    0.00  150.50    29  bt-mz.B.32

02:18:42          PID    %usr %system  %guest    %CPU   CPU  Command
02:18:44         3138    0.00    0.50    0.00    0.50     5  kondemand/5
02:18:44         3147    0.00    0.50    0.00    0.50    14  kondemand/14
02:18:44         3152    0.00    0.50    0.00    0.50    19  kondemand/19
02:18:44         3153    0.00    0.50    0.00    0.50    20  kondemand/20
02:18:44         3180    0.00    0.50    0.00    0.50    16  kipmi0
02:18:44         3195    0.00    0.50    0.00    0.50    12  irqbalance
02:18:44        12963    0.50    0.50    0.00    1.00    11  top
02:18:44        12965    1.00    2.00    0.00    3.00    27  pidstat
02:18:44        12967    0.50    2.00    0.00    2.50     4  pidstat
02:18:44        12977  173.50    1.50    0.00  175.00     0  bt-mz.B.32
02:18:44        12978  173.50    9.50    0.00  183.00    17  bt-mz.B.32
02:18:44        12979  168.50   12.50    0.00  181.00    18  bt-mz.B.32
02:18:44        12980  149.50   17.50    0.00  167.00    19  bt-mz.B.32
02:18:44        12981  149.50   16.50    0.00  166.00    20  bt-mz.B.32
02:18:44        12982  146.00   19.00    0.00  165.00    21  bt-mz.B.32
02:18:44        12983  131.50   23.50    0.00  155.00    22  bt-mz.B.32
02:18:44        12984  130.50   24.00    0.00  154.50    23  bt-mz.B.32
02:18:44        12985  126.00   27.50    0.00  153.50    24  bt-mz.B.32
02:18:44        12988  127.00   23.50    0.00  150.50     9  bt-mz.B.32
02:18:44        12989  120.00   33.00    0.00  153.00    10  bt-mz.B.32
02:18:44        12991  123.00   29.50    0.00  152.50    11  bt-mz.B.32
02:18:44        12992  122.00   30.00    0.00  152.00    28  bt-mz.B.32
02:18:44        12993  120.50   32.00    0.00  152.50    29  bt-mz.B.32

02:18:44          PID    %usr %system  %guest    %CPU   CPU  Command
02:18:46         3137    0.00    0.50    0.00    0.50     4  kondemand/4
02:18:46         3144    0.00    0.50    0.00    0.50    11  kondemand/11
02:18:46         3149    0.00    0.50    0.00    0.50    16  kondemand/16
02:18:46         3180    0.00    0.50    0.00    0.50     0  kipmi0
02:18:46         4128    0.50    0.00    0.00    0.50    16  gmond
02:18:46        12957    0.00    0.50    0.00    0.50    16  mpirun
02:18:46        12963    0.50    1.00    0.00    1.50    27  top
02:18:46        12965    0.50    1.50    0.00    2.00    27  pidstat
02:18:46        12967    1.00    2.00    0.00    3.00     4  pidstat
02:18:46        12977  174.00    1.50    0.00  175.50     0  bt-mz.B.32
02:18:46        12978  172.00   11.50    0.00  183.50    17  bt-mz.B.32
02:18:46        12979  169.50   12.00    0.00  181.50    18  bt-mz.B.32
02:18:46        12980  148.50   17.50    0.00  166.00    19  bt-mz.B.32
02:18:46        12981  150.50   16.00    0.00  166.50    20  bt-mz.B.32
02:18:46        12982  146.50   19.50    0.00  166.00    21  bt-mz.B.32
02:18:46        12983  131.00   23.50    0.00  154.50    22  bt-mz.B.32
02:18:46        12984  131.50   22.50    0.00  154.00    23  bt-mz.B.32
02:18:46        12985  125.50   27.50    0.00  153.00    24  bt-mz.B.32
02:18:46        12988  125.00   25.50    0.00  150.50     9  bt-mz.B.32
02:18:46        12989  118.50   34.00    0.00  152.50    10  bt-mz.B.32
02:18:46        12991  121.50   31.50    0.00  153.00    11  bt-mz.B.32
02:18:46        12992  120.00   31.50    0.00  151.50    28  bt-mz.B.32
02:18:46        12993  119.50   32.50    0.00  152.00    29  bt-mz.B.32

02:18:46          PID    %usr %system  %guest    %CPU   CPU  Command
02:18:48         3135    0.00    0.50    0.00    0.50     2  kondemand/2
02:18:48         3136    0.00    0.50    0.00    0.50     3  kondemand/3
02:18:48         3140    0.00    0.50    0.00    0.50     7  kondemand/7
02:18:48         3160    0.00    0.50    0.00    0.50    27  kondemand/27
02:18:48         4128    0.00    0.50    0.00    0.50    16  gmond
02:18:48        12963    1.00    0.50    0.00    1.50    27  top
02:18:48        12965    0.50    2.00    0.00    2.50    27  pidstat
02:18:48        12967    0.50    1.50    0.00    2.00     4  pidstat
02:18:48        12977  171.00    2.50    0.00  173.50    16  bt-mz.B.32
02:18:48        12978  172.50    9.50    0.00  182.00    17  bt-mz.B.32
02:18:48        12979  168.50   11.00    0.00  179.50    18  bt-mz.B.32
02:18:48        12980  147.50   18.00    0.00  165.50    19  bt-mz.B.32
02:18:48        12981  148.00   16.00    0.00  164.00    20  bt-mz.B.32
02:18:48        12982  143.00   20.00    0.00  163.00    21  bt-mz.B.32
02:18:48        12983  131.00   22.00    0.00  153.00    22  bt-mz.B.32
02:18:48        12984  130.00   21.50    0.00  151.50    23  bt-mz.B.32
02:18:48        12985  124.50   26.50    0.00  151.00    24  bt-mz.B.32
02:18:48        12988  123.50   25.50    0.00  149.00     9  bt-mz.B.32
02:18:48        12989  119.00   32.50    0.00  151.50    10  bt-mz.B.32
02:18:48        12991  122.00   29.50    0.00  151.50    11  bt-mz.B.32
02:18:48        12992  119.00   31.50    0.00  150.50    28  bt-mz.B.32
02:18:48        12993  118.00   32.50    0.00  150.50    29  bt-mz.B.32
