Linux 2.6.32-279.14.1.el6.x86_64 (compute-641-14.local) 	04/21/20 	_x86_64_	(32 CPU)

04:04:20     CPU    %usr   %nice    %sys %iowait    %irq   %soft  %steal  %guest   %idle
04:04:22     all   62.52    0.00    4.98    0.00    0.00    0.06    0.00    0.00   32.44
04:04:24     all   81.93    0.00    0.20    0.00    0.00    0.00    0.00    0.00   17.86
04:04:26     all   80.01    0.00    0.16    0.00    0.00    0.00    0.00    0.00   19.83
04:04:28     all   80.42    0.00    0.19    0.00    0.00    0.00    0.00    0.00   19.39
04:04:30     all   81.78    0.00    0.17    0.00    0.00    0.00    0.00    0.00   18.05
04:04:32     all   80.29    0.00    0.17    0.00    0.00    0.00    0.00    0.00   19.54
04:04:34     all   80.00    0.00    0.17    0.00    0.00    0.00    0.00    0.00   19.83
04:04:36     all   80.72    0.00    0.19    0.00    0.00    0.00    0.00    0.00   19.10
04:04:38     all   79.77    0.00    0.14    0.00    0.00    0.00    0.00    0.00   20.08
04:04:40     all   80.98    0.00    0.19    0.00    0.00    0.00    0.00    0.00   18.83
04:04:42     all   79.45    0.00    0.19    0.00    0.00    0.00    0.00    0.00   20.36
04:04:44     all   82.14    0.00    0.20    0.00    0.00    0.00    0.00    0.00   17.66
04:04:46     all   80.30    0.00    0.19    0.00    0.00    0.00    0.00    0.00   19.51
04:04:48     all   80.26    0.00    0.20    0.00    0.00    0.00    0.00    0.00   19.54
04:04:50     all   80.20    0.00    0.16    0.00    0.00    0.00    0.00    0.00   19.65
04:04:52     all   80.83    0.00    0.19    0.00    0.00    0.02    0.00    0.00   18.97
04:04:54     all   80.70    0.00    0.17    0.00    0.00    0.00    0.00    0.00   19.13
04:04:56     all   78.63    0.00    0.19    0.00    0.00    0.00    0.00    0.00   21.18
04:04:58     all   83.54    0.00    0.22    0.02    0.00    0.00    0.00    0.00   16.22
04:05:00     all   80.10    0.00    0.20    0.00    0.00    0.00    0.00    0.00   19.69
04:05:02     all   82.56    0.00    0.19    0.00    0.00    0.00    0.00    0.00   17.26
04:05:04     all   80.56    0.00    0.19    0.00    0.00    0.00    0.00    0.00   19.25
04:05:06     all   81.31    0.00    0.17    0.00    0.00    0.00    0.00    0.00   18.52
04:05:08     all   80.51    0.00    0.14    0.00    0.00    0.00    0.00    0.00   19.35
04:05:10     all   81.90    0.00    0.17    0.00    0.00    0.00    0.00    0.00   17.92
