Linux 2.6.32-279.14.1.el6.x86_64 (compute-641-14.local) 	04/21/20 	_x86_64_	(32 CPU)

02:35:25          PID    %usr %system  %guest    %CPU   CPU  Command
02:35:27         3140    0.00    0.49    0.00    0.49     7  kondemand/7
02:35:27         3141    0.00    0.49    0.00    0.49     8  kondemand/8
02:35:27         3164    0.00    0.49    0.00    0.49    31  kondemand/31
02:35:27         3180    0.00    0.49    0.00    0.49     0  kipmi0
02:35:27         3684    0.00    0.49    0.00    0.49    18  snmpd
02:35:27         4128    0.00    0.49    0.00    0.49    16  gmond
02:35:27        17676    2.45    2.45    0.00    4.90    26  mpirun
02:35:27        17682    0.49    0.98    0.00    1.47     6  top
02:35:27        17684    0.49    1.47    0.00    1.96     5  pidstat
02:35:27        17686    0.49    1.47    0.00    1.96     8  pidstat
02:35:27        17696  134.80    9.31    0.00  144.12     0  bt-mz.B.32
02:35:27        17697  136.27   12.75    0.00  149.02    17  bt-mz.B.32
02:35:27        17698  134.31   13.73    0.00  148.04    18  bt-mz.B.32
02:35:27        17699  119.12   17.65    0.00  136.76    19  bt-mz.B.32
02:35:27        17700  118.14   18.63    0.00  136.76    20  bt-mz.B.32
02:35:27        17701  113.24   21.57    0.00  134.80    21  bt-mz.B.32
02:35:27        17702  107.35   21.08    0.00  128.43    22  bt-mz.B.32
02:35:27        17703  105.88   21.57    0.00  127.45    23  bt-mz.B.32
02:35:27        17704   99.51   23.53    0.00  123.04    24  bt-mz.B.32
02:35:27        17706   95.59   25.98    0.00  121.57    25  bt-mz.B.32
02:35:27        17708   94.61   28.92    0.00  123.53    10  bt-mz.B.32
02:35:27        17710   95.10   29.41    0.00  124.51    27  bt-mz.B.32
02:35:27        17712   93.63   29.90    0.00  123.53    28  bt-mz.B.32
02:35:27        17714   92.65   30.88    0.00  123.53    13  bt-mz.B.32

02:35:27          PID    %usr %system  %guest    %CPU   CPU  Command
02:35:29         3134    0.00    0.50    0.00    0.50     1  kondemand/1
02:35:29         3137    0.00    0.50    0.00    0.50     4  kondemand/4
02:35:29         3145    0.00    0.50    0.00    0.50    12  kondemand/12
02:35:29         3153    0.00    0.50    0.00    0.50    20  kondemand/20
02:35:29         3157    0.00    0.50    0.00    0.50    24  kondemand/24
02:35:29         4128    0.00    0.50    0.00    0.50    16  gmond
02:35:29        17676    0.50    0.00    0.00    0.50    12  mpirun
02:35:29        17682    0.50    1.00    0.00    1.50     6  top
02:35:29        17684    0.50    2.00    0.00    2.50     5  pidstat
02:35:29        17686    1.00    2.00    0.00    3.00     8  pidstat
02:35:29        17696  173.50    2.00    0.00  175.50    16  bt-mz.B.32
02:35:29        17697  173.50   10.00    0.00  183.50    17  bt-mz.B.32
02:35:29        17698  169.50   11.50    0.00  181.00    18  bt-mz.B.32
02:35:29        17699  150.00   16.50    0.00  166.50    19  bt-mz.B.32
02:35:29        17700  150.00   16.00    0.00  166.00    20  bt-mz.B.32
02:35:29        17701  146.00   18.50    0.00  164.50    21  bt-mz.B.32
02:35:29        17702  134.50   20.50    0.00  155.00    22  bt-mz.B.32
02:35:29        17703  134.00   21.00    0.00  155.00    23  bt-mz.B.32
02:35:29        17704  131.00   22.50    0.00  153.50    24  bt-mz.B.32
02:35:29        17706  128.00   23.50    0.00  151.50    25  bt-mz.B.32
02:35:29        17708  127.00   27.50    0.00  154.50    10  bt-mz.B.32
02:35:29        17710  126.00   28.50    0.00  154.50    27  bt-mz.B.32
02:35:29        17712  124.50   29.00    0.00  153.50    28  bt-mz.B.32
02:35:29        17714  123.00   30.50    0.00  153.50    13  bt-mz.B.32

02:35:29          PID    %usr %system  %guest    %CPU   CPU  Command
02:35:31         3158    0.00    0.50    0.00    0.50    25  kondemand/25
02:35:31         4128    0.50    0.00    0.00    0.50    16  gmond
02:35:31        17682    0.50    0.50    0.00    1.00     6  top
02:35:31        17684    0.50    1.50    0.00    2.00     5  pidstat
02:35:31        17686    0.50    1.00    0.00    1.50    31  pidstat
02:35:31        17696  163.00    5.00    0.00  168.00     0  bt-mz.B.32
02:35:31        17697  164.50   10.50    0.00  175.00    17  bt-mz.B.32
02:35:31        17698  160.50   13.00    0.00  173.50    18  bt-mz.B.32
02:35:31        17699  144.50   15.50    0.00  160.00    19  bt-mz.B.32
02:35:31        17700  140.50   19.00    0.00  159.50    20  bt-mz.B.32
02:35:31        17701  139.00   19.00    0.00  158.00    21  bt-mz.B.32
02:35:31        17702  128.50   20.50    0.00  149.00    22  bt-mz.B.32
02:35:31        17703  125.50   23.00    0.00  148.50    23  bt-mz.B.32
02:35:31        17704  124.00   24.00    0.00  148.00     8  bt-mz.B.32
02:35:31        17706  120.50   24.50    0.00  145.00    25  bt-mz.B.32
02:35:31        17708  115.00   31.50    0.00  146.50    10  bt-mz.B.32
02:35:31        17710  118.50   29.00    0.00  147.50    27  bt-mz.B.32
02:35:31        17712  117.00   29.00    0.00  146.00    28  bt-mz.B.32
02:35:31        17714  114.00   32.00    0.00  146.00    13  bt-mz.B.32

02:35:31          PID    %usr %system  %guest    %CPU   CPU  Command
02:35:33         3135    0.00    0.50    0.00    0.50     2  kondemand/2
02:35:33         3136    0.00    0.50    0.00    0.50     3  kondemand/3
02:35:33         3152    0.00    0.50    0.00    0.50    19  kondemand/19
02:35:33         4128    0.00    0.50    0.00    0.50    16  gmond
02:35:33        17682    0.50    0.50    0.00    1.00     6  top
02:35:33        17684    0.50    1.50    0.00    2.00     5  pidstat
02:35:33        17686    1.00    2.00    0.00    3.00    12  pidstat
02:35:33        17696  174.00    1.00    0.00  175.00    16  bt-mz.B.32
02:35:33        17697  173.00   11.00    0.00  184.00    17  bt-mz.B.32
02:35:33        17698  170.50   10.50    0.00  181.00    18  bt-mz.B.32
02:35:33        17699  149.50   16.00    0.00  165.50    19  bt-mz.B.32
02:35:33        17700  150.00   16.00    0.00  166.00    20  bt-mz.B.32
02:35:33        17701  148.00   17.00    0.00  165.00    21  bt-mz.B.32
02:35:33        17702  136.00   19.00    0.00  155.00    22  bt-mz.B.32
02:35:33        17703  131.00   22.50    0.00  153.50    23  bt-mz.B.32
02:35:33        17704  130.50   22.50    0.00  153.00     8  bt-mz.B.32
02:35:33        17706  129.00   21.00    0.00  150.00    25  bt-mz.B.32
02:35:33        17708  123.00   30.00    0.00  153.00    10  bt-mz.B.32
02:35:33        17710  126.50   26.50    0.00  153.00    27  bt-mz.B.32
02:35:33        17712  125.00   27.00    0.00  152.00    28  bt-mz.B.32
02:35:33        17714  122.50   30.00    0.00  152.50    13  bt-mz.B.32

02:35:33          PID    %usr %system  %guest    %CPU   CPU  Command
02:35:35         3133    0.00    0.50    0.00    0.50     0  kondemand/0
02:35:35         3138    0.00    0.50    0.00    0.50     5  kondemand/5
02:35:35         3142    0.00    0.50    0.00    0.50     9  kondemand/9
02:35:35         3151    0.00    0.50    0.00    0.50    18  kondemand/18
02:35:35         3156    0.00    0.50    0.00    0.50    23  kondemand/23
02:35:35         3159    0.00    0.50    0.00    0.50    26  kondemand/26
02:35:35         3180    0.00    0.50    0.00    0.50     0  kipmi0
02:35:35         4128    0.00    0.50    0.00    0.50    16  gmond
02:35:35        17682    0.50    1.00    0.00    1.50     6  top
02:35:35        17684    1.00    2.00    0.00    3.00     5  pidstat
02:35:35        17686    0.50    2.00    0.00    2.50     9  pidstat
02:35:35        17696  174.00    1.50    0.00  175.50     0  bt-mz.B.32
02:35:35        17697  173.00   10.50    0.00  183.50    17  bt-mz.B.32
02:35:35        17698  170.50   10.50    0.00  181.00    18  bt-mz.B.32
02:35:35        17699  150.50   16.00    0.00  166.50    19  bt-mz.B.32
02:35:35        17700  149.50   16.50    0.00  166.00    20  bt-mz.B.32
02:35:35        17701  146.50   17.50    0.00  164.00    21  bt-mz.B.32
02:35:35        17702  135.50   19.00    0.00  154.50    22  bt-mz.B.32
02:35:35        17703  134.00   19.50    0.00  153.50    23  bt-mz.B.32
02:35:35        17704  131.50   21.50    0.00  153.00     8  bt-mz.B.32
02:35:35        17706  127.50   22.50    0.00  150.00    25  bt-mz.B.32
02:35:35        17708  125.00   28.00    0.00  153.00    10  bt-mz.B.32
02:35:35        17710  126.50   27.00    0.00  153.50    27  bt-mz.B.32
02:35:35        17712  124.50   26.50    0.00  151.00    12  bt-mz.B.32
02:35:35        17714  121.50   30.00    0.00  151.50    13  bt-mz.B.32
