Linux 2.6.32-279.14.1.el6.x86_64 (compute-641-14.local) 	04/21/20 	_x86_64_	(32 CPU)

02:44:55     CPU    %usr   %nice    %sys %iowait    %irq   %soft  %steal  %guest   %idle
02:44:57     all   68.62    0.00    4.85    0.00    0.00    0.06    0.00    0.00   26.47
02:44:59     all   91.58    0.00    0.19    0.00    0.00    0.00    0.00    0.00    8.23
02:45:01     all   90.70    0.00    0.14    0.00    0.00    0.00    0.00    0.00    9.16
02:45:03     all   90.48    0.00    0.17    0.00    0.00    0.00    0.00    0.00    9.34
02:45:05     all   90.39    0.00    0.17    0.00    0.00    0.00    0.00    0.00    9.44
02:45:07     all   88.22    0.00    0.17    0.00    0.00    0.00    0.00    0.00   11.61
02:45:09     all   90.94    0.00    0.17    0.00    0.00    0.00    0.00    0.00    8.89
02:45:11     all   90.26    0.00    0.14    0.00    0.00    0.00    0.00    0.00    9.60
02:45:13     all   87.78    0.00    0.17    0.00    0.00    0.00    0.00    0.00   12.05
02:45:15     all   90.86    0.00    0.16    0.00    0.00    0.00    0.00    0.00    8.99
02:45:17     all   88.73    0.00    0.16    0.00    0.00    0.00    0.00    0.00   11.11
02:45:19     all   90.07    0.00    0.17    0.00    0.00    0.00    0.00    0.00    9.75
02:45:21     all   90.61    0.00    0.16    0.00    0.00    0.00    0.00    0.00    9.24
02:45:23     all   90.92    0.00    0.19    0.00    0.00    0.00    0.00    0.00    8.89
02:45:25     all   90.73    0.00    0.17    0.00    0.00    0.00    0.00    0.00    9.10
02:45:27     all   90.11    0.00    0.19    0.00    0.00    0.00    0.00    0.00    9.71
02:45:29     all   90.58    0.00    0.17    0.00    0.00    0.00    0.00    0.00    9.25
02:45:31     all   90.45    0.00    0.19    0.00    0.00    0.00    0.00    0.00    9.36
02:45:33     all   90.67    0.00    0.17    0.00    0.00    0.00    0.00    0.00    9.16
02:45:35     all   90.64    0.00    0.16    0.00    0.00    0.00    0.00    0.00    9.21
02:45:37     all   89.93    0.00    0.17    0.00    0.00    0.00    0.00    0.00    9.90
02:45:39     all   90.18    0.00    0.17    0.00    0.00    0.00    0.00    0.00    9.65
02:45:41     all   89.38    0.00    0.16    0.00    0.00    0.00    0.00    0.00   10.47
02:45:43     all   88.15    0.00    0.17    0.00    0.00    0.00    0.00    0.00   11.67
02:45:45     all   90.32    0.00    0.19    0.00    0.00    0.00    0.00    0.00    9.49
02:45:47     all   90.94    0.00    0.17    0.00    0.00    0.00    0.00    0.00    8.89
02:45:49     all   90.23    0.00    0.16    0.00    0.00    0.00    0.00    0.00    9.61
02:45:51     all   89.81    0.00    0.16    0.00    0.00    0.00    0.00    0.00   10.03
02:45:53     all   90.25    0.00    0.17    0.00    0.00    0.00    0.00    0.00    9.58
02:45:55     all   89.46    0.00    0.16    0.00    0.00    0.00    0.00    0.00   10.38
02:45:57     all   91.12    0.00    0.17    0.00    0.00    0.00    0.00    0.00    8.71
02:45:59     all   90.30    0.00    0.16    0.00    0.00    0.02    0.00    0.00    9.53
02:46:01     all   88.97    0.00    0.17    0.00    0.00    0.00    0.00    0.00   10.86
02:46:03     all   91.20    0.00    0.16    0.00    0.00    0.00    0.00    0.00    8.64
02:46:05     all   91.78    0.00    0.16    0.00    0.00    0.00    0.00    0.00    8.06
02:46:07     all   90.84    0.00    0.17    0.00    0.00    0.00    0.00    0.00    8.99
02:46:09     all   88.43    0.00    0.17    0.00    0.00    0.00    0.00    0.00   11.40
02:46:11     all   90.22    0.00    0.19    0.00    0.00    0.00    0.00    0.00    9.60
02:46:13     all   90.92    0.00    0.19    0.02    0.00    0.00    0.00    0.00    8.88
02:46:15     all   90.45    0.00    0.16    0.00    0.00    0.00    0.00    0.00    9.39
02:46:17     all   92.29    0.00    0.17    0.00    0.00    0.00    0.00    0.00    7.53
