procs -----------memory---------- ---swap-- -----io---- --system-- -----cpu-----
 r  b   swpd   free   buff  cache   si   so    bi    bo   in   cs us sy id wa st
 7  0      0 64650656 214900 294380    0    0     0     1    0    0 38  2 60  0  0	
32  0      0 64441468 214900 304272    0    0     0     0 30093 17981 56 11 33  0  0	
32  0      0 64441888 214900 304332    0    0     0    72 28565 8231 70 10 20  0  0	
30  0      0 64443924 214900 304392    0    0     0    36 28845 8422 70 10 19  0  0	
24  0      0 64445616 214904 304452    0    0     0     6 28796 8269 70 10 20  0  0	
25  0      0 64445584 214904 304516    0    0     0     0 28467 8205 69 11 20  0  0	
21  0      0 64445964 214904 304580    0    0     0    76 28724 8222 70 10 20  0  0	
21  0      0 64446584 214904 304640    0    0     0     6 28580 8177 69 11 20  0  0	
25  0      0 64446524 214904 304700    0    0     0    12 28771 8210 70 10 20  0  0	
33  0      0 64447300 214904 304764    0    0     0    32 28810 8299 71 10 19  0  0	
32  0      0 64443612 214904 304824    0    0     0     6 28757 8292 71 10 19  0  0	
26  0      0 64443356 214904 304884    0    0     0     0 28778 8350 70 10 20  0  0	
24  0      0 64443232 214904 304948    0    0     0     6 28673 8229 70 10 20  0  0	
22  0      0 64443984 214904 305008    0    0     0     8 28702 8271 70 11 20  0  0	
25  0      0 64443488 214904 305068    0    0     0     0 28762 8196 70 10 20  0  0	
33  0      0 64439268 214904 305136    0    0     0     6 28728 8290 70 10 20  0  0	
31  0      0 64439492 214904 305196    0    0     0  3398 30534 8455 71 10 19  0  0	
25  0      0 64438740 214904 305264    0    0     0    16 28891 8260 71 10 19  0  0	
32  0      0 64438864 214904 305328    0    0     0   592 28890 8305 68 11 21  0  0	
27  0      0 64438376 214904 305388    0    0     0     0 28815 8333 70 10 19  0  0	
22  0      0 64436576 214904 305392    0    0     0     6 28698 8211 70 11 20  0  0	
procs -----------memory---------- ---swap-- -----io---- --system-- -----cpu-----
 r  b   swpd   free   buff  cache   si   so    bi    bo   in   cs us sy id wa st
25  0      0 64437320 214904 305452    0    0     0     8 28927 8357 70 10 19  0  0	
31  0      0 64436888 214904 305516    0    0     0     0 29013 8379 71 10 19  0  0	
