procs -----------memory---------- ---swap-- -----io---- --system-- -----cpu-----
 r  b   swpd   free   buff  cache   si   so    bi    bo   in   cs us sy id wa st
 9  0      0 64427576 215500 502324    0    0     0     1    0    0 38  2 60  0  0	
25  0      0 64091588 215500 528580    0    0     0     0 30467 52221 61  4 34  0  0	
25  0      0 64091844 215500 528640    0    0     0     0 26893 8641 80  0 19  0  0	
40  0      0 64095008 215500 528704    0    0     0   116 27025 8920 81  0 19  0  0	
26  0      0 64097976 215500 528764    0    0     0     0 26871 8827 80  0 20  0  0	
33  0      0 64098508 215500 528828    0    0     0     0 27171 9177 81  0 19  0  0	
34  0      0 64101120 215500 528888    0    0     0     6 27329 9077 82  0 18  0  0	
28  0      0 64103500 215500 528952    0    0     0     0 27419 8956 82  0 18  0  0	
37  0      0 64103704 215500 529016    0    0     0     0 27156 9353 81  0 19  0  0	
26  0      0 64105996 215500 529080    0    0     0     0 27165 9252 81  0 19  0  0	
40  0      0 64106908 215500 529140    0    0     0     8 27018 8966 80  0 19  0  0	
39  0      0 64106972 215500 529204    0    0     0     0 26952 8804 81  0 19  0  0	
25  0      0 64106840 215500 529264    0    0     0   112 27677 8826 82  0 17  0  0	
26  0      0 64106700 215500 529328    0    0     0     0 27666 8995 82  0 18  0  0	
40  0      0 64106692 215500 529388    0    0     0    12 27537 8931 82  0 18  0  0	
37  0      0 64106568 215500 529460    0    0     0     0 27457 9201 82  0 18  0  0	
38  0      0 64106436 215500 529524    0    0     0     0 27167 8725 81  0 19  0  0	
27  0      0 64105568 215500 529588    0    0     0  6116 30144 8737 80  0 20  0  0	
32  0      0 64105316 215500 529656    0    0     0    14 26646 8816 80  0 20  0  0	
35  0      0 64105192 215500 529716    0    0     0  1346 27819 8862 80  0 20  0  0	
26  0      0 64105192 215500 529780    0    0     0     0 26299 8646 79  0 21  0  0	
procs -----------memory---------- ---swap-- -----io---- --system-- -----cpu-----
 r  b   swpd   free   buff  cache   si   so    bi    bo   in   cs us sy id wa st
29  0      0 64105160 215500 529844    0    0     0     0 27849 8901 83  0 17  0  0	
28  0      0 64105160 215500 529848    0    0     0    10 27019 8891 81  0 19  0  0	
43  0      0 64105292 215500 529912    0    0     0     0 26288 8806 79  0 21  0  0	
26  0      0 64105168 215500 529976    0    0     0     8 26907 8957 80  0 19  0  0	
30  0      0 64105152 215504 530032    0    0     0    10 26937 8742 80  0 19  0  0	
