procs -----------memory---------- ---swap-- -----io---- --system-- -----cpu-----
 r  b   swpd   free   buff  cache   si   so    bi    bo   in   cs us sy id wa st
 9  0      0 64646824 214904 299280    0    0     0     1    0    0 38  2 60  0  0	
26  0      0 64436484 214904 308524    0    0     0    24 30230 18397 54 11 35  0  0	
27  0      0 64436708 214904 308584    0    0     0    82 28484 8230 69 11 20  0  0	
25  0      0 64439028 214904 308644    0    0     0     0 28586 8240 70 11 20  0  0	
32  0      0 64440624 214904 308708    0    0     0    30 28798 8329 71 10 19  0  0	
30  0      0 64441076 214904 308768    0    0     0     0 28708 8263 70 10 19  0  0	
24  0      0 64442228 214904 308828    0    0     0     0 28675 8274 70 10 20  0  0	
21  0      0 64442192 214904 308892    0    0     0    18 28638 8201 70 11 20  0  0	
21  0      0 64438880 214904 308952    0    0     0     0 28612 8224 70 11 20  0  0	
22  0      0 64438880 214904 309012    0    0     0    64 28492 8219 69 11 20  0  0	
21  0      0 64439124 214904 309076    0    0     0    16 28610 8232 70 11 20  0  0	
25  0      0 64439268 214904 309136    0    0     0     0 28743 8242 70 11 20  0  0	
33  0      0 64439152 214904 309200    0    0     0     0 28698 8260 70 10 19  0  0	
32  0      0 64434808 214904 309260    0    0     0     6 28742 8266 70 10 19  0  0	
25  0      0 64435420 214904 309320    0    0     0    30 28720 8307 70 11 19  0  0	
23  0      0 64435420 214904 309388    0    0     0    14 28678 8264 70 10 20  0  0	
27  0      0 64434808 214904 309448    0    0     0     0 28758 8271 70 10 20  0  0	
26  0      0 64435048 214908 309512    0    0     2  3202 30058 8207 70 11 20  0  0	
31  0      0 64432372 214908 309580    0    0     0   588 29313 8409 71 10 19  0  0	
27  0      0 64432240 214908 309640    0    0     0    14 28895 8407 71 10 19  0  0	
21  0      0 64432492 214908 309704    0    0     0     6 28763 8386 70 10 20  0  0	
procs -----------memory---------- ---swap-- -----io---- --system-- -----cpu-----
 r  b   swpd   free   buff  cache   si   so    bi    bo   in   cs us sy id wa st
26  0      0 64432452 214908 309704    0    0     0     0 28851 8357 70 10 19  0  0	
32  0      0 64432592 214908 309764    0    0     0     0 29117 8483 72 10 19  0  0	
