Linux 2.6.32-279.14.1.el6.x86_64 (compute-641-14.local) 	04/21/20 	_x86_64_	(32 CPU)

02:18:15          PID    %usr %system  %guest    %CPU   CPU  Command
02:18:17         3133    0.00    0.49    0.00    0.49     0  kondemand/0
02:18:17         3135    0.00    0.49    0.00    0.49     2  kondemand/2
02:18:17         4128    0.00    0.49    0.00    0.49    16  gmond
02:18:17        12739    2.94    0.98    0.00    3.92    16  mpirun
02:18:17        12745    0.00    0.98    0.00    0.98     1  top
02:18:17        12747    0.49    1.47    0.00    1.96     9  pidstat
02:18:17        12749    0.49    1.96    0.00    2.45    18  pidstat
02:18:17        12759  135.29    9.31    0.00  144.61    16  bt-mz.B.32
02:18:17        12760  134.80   16.67    0.00  151.47    17  bt-mz.B.32
02:18:17        12761  131.86   16.18    0.00  148.04     2  bt-mz.B.32
02:18:17        12762  119.12   20.10    0.00  139.22    19  bt-mz.B.32
02:18:17        12763  117.16   21.08    0.00  138.24     4  bt-mz.B.32
02:18:17        12764  117.16   20.59    0.00  137.75    21  bt-mz.B.32
02:18:17        12765  105.39   23.53    0.00  128.92    22  bt-mz.B.32
02:18:17        12766  106.86   21.57    0.00  128.43    23  bt-mz.B.32
02:18:17        12767  103.43   25.00    0.00  128.43    24  bt-mz.B.32
02:18:17        12769  100.49   24.02    0.00  124.51    25  bt-mz.B.32
02:18:17        12771   99.02   28.43    0.00  127.45    26  bt-mz.B.32
02:18:17        12772   96.57   30.88    0.00  127.45    27  bt-mz.B.32
02:18:17        12774   97.06   29.41    0.00  126.47    28  bt-mz.B.32
02:18:17        12775   97.06   29.41    0.00  126.47    29  bt-mz.B.32

02:18:17          PID    %usr %system  %guest    %CPU   CPU  Command
02:18:19         3141    0.00    0.50    0.00    0.50     8  kondemand/8
02:18:19         3151    0.00    0.50    0.00    0.50    18  kondemand/18
02:18:19         3157    0.00    0.50    0.00    0.50    24  kondemand/24
02:18:19         3161    0.00    0.50    0.00    0.50    28  kondemand/28
02:18:19         3180    0.00    0.50    0.00    0.50     0  kipmi0
02:18:19         4128    0.50    0.00    0.00    0.50    16  gmond
02:18:19        12745    0.50    0.50    0.00    1.00     1  top
02:18:19        12747    0.50    2.00    0.00    2.50     9  pidstat
02:18:19        12749    1.00    2.00    0.00    3.00    18  pidstat
02:18:19        12759  170.50    2.50    0.00  173.00     0  bt-mz.B.32
02:18:19        12760  170.00   11.00    0.00  181.00     1  bt-mz.B.32
02:18:19        12761  167.50   10.50    0.00  178.00     2  bt-mz.B.32
02:18:19        12762  148.00   16.50    0.00  164.50    19  bt-mz.B.32
02:18:19        12763  150.00   15.00    0.00  165.00     4  bt-mz.B.32
02:18:19        12764  146.50   17.50    0.00  164.00    21  bt-mz.B.32
02:18:19        12765  132.50   20.50    0.00  153.00    22  bt-mz.B.32
02:18:19        12766  133.00   20.50    0.00  153.50    23  bt-mz.B.32
02:18:19        12767  127.50   24.50    0.00  152.00    24  bt-mz.B.32
02:18:19        12769  125.50   23.50    0.00  149.00    25  bt-mz.B.32
02:18:19        12771  121.50   30.00    0.00  151.50    26  bt-mz.B.32
02:18:19        12772  120.00   32.50    0.00  152.50    27  bt-mz.B.32
02:18:19        12774  117.50   33.00    0.00  150.50    28  bt-mz.B.32
02:18:19        12775  122.00   29.00    0.00  151.00    29  bt-mz.B.32

02:18:19          PID    %usr %system  %guest    %CPU   CPU  Command
02:18:21           77    0.00    0.50    0.00    0.50    18  ksoftirqd/18
02:18:21         1063    0.00    0.50    0.00    0.50    12  jbd2/sda1-8
02:18:21         3145    0.00    0.50    0.00    0.50    12  kondemand/12
02:18:21         3152    0.00    0.50    0.00    0.50    19  kondemand/19
02:18:21         4128    0.00    0.50    0.00    0.50     0  gmond
02:18:21        12745    1.00    1.00    0.00    2.00    17  top
02:18:21        12747    1.00    1.50    0.00    2.50     9  pidstat
02:18:21        12749    0.50    2.00    0.00    2.50    18  pidstat
02:18:21        12759  165.00    4.00    0.00  169.00    16  bt-mz.B.32
02:18:21        12760  164.50   13.00    0.00  177.50    17  bt-mz.B.32
02:18:21        12761  159.00   14.00    0.00  173.00     2  bt-mz.B.32
02:18:21        12762  143.00   18.00    0.00  161.00    19  bt-mz.B.32
02:18:21        12763  143.00   18.00    0.00  161.00     4  bt-mz.B.32
02:18:21        12764  140.50   19.00    0.00  159.50    21  bt-mz.B.32
02:18:21        12765  128.50   21.50    0.00  150.00    22  bt-mz.B.32
02:18:21        12766  126.50   22.00    0.00  148.50    23  bt-mz.B.32
02:18:21        12767  122.50   26.50    0.00  149.00    24  bt-mz.B.32
02:18:21        12769  120.50   25.00    0.00  145.50    25  bt-mz.B.32
02:18:21        12771  116.00   33.00    0.00  149.00    26  bt-mz.B.32
02:18:21        12772  114.50   35.00    0.00  149.50    27  bt-mz.B.32
02:18:21        12774  112.50   34.50    0.00  147.00    28  bt-mz.B.32
02:18:21        12775  117.50   30.50    0.00  148.00    29  bt-mz.B.32

02:18:21          PID    %usr %system  %guest    %CPU   CPU  Command
02:18:23         3144    0.00    0.50    0.00    0.50    11  kondemand/11
02:18:23         3153    0.00    0.50    0.00    0.50    20  kondemand/20
02:18:23         3155    0.00    0.50    0.00    0.50    22  kondemand/22
02:18:23         3164    0.00    0.50    0.00    0.50    31  kondemand/31
02:18:23         3180    0.00    0.50    0.00    0.50    16  kipmi0
02:18:23         4128    0.00    0.50    0.00    0.50     0  gmond
02:18:23        12745    0.50    0.50    0.00    1.00    17  top
02:18:23        12747    0.50    2.00    0.00    2.50     9  pidstat
02:18:23        12749    1.00    1.50    0.00    2.50    18  pidstat
02:18:23        12759  170.00    2.00    0.00  172.00    16  bt-mz.B.32
02:18:23        12760  170.00   11.00    0.00  181.00     1  bt-mz.B.32
02:18:23        12761  168.50   10.50    0.00  179.00     2  bt-mz.B.32
02:18:23        12762  146.50   18.00    0.00  164.50    19  bt-mz.B.32
02:18:23        12763  148.50   16.50    0.00  165.00     4  bt-mz.B.32
02:18:23        12764  147.50   16.00    0.00  163.50    21  bt-mz.B.32
02:18:23        12765  131.50   21.50    0.00  153.00    22  bt-mz.B.32
02:18:23        12766  134.50   19.00    0.00  153.50    23  bt-mz.B.32
02:18:23        12767  128.00   24.00    0.00  152.00    24  bt-mz.B.32
02:18:23        12769  125.50   23.00    0.00  148.50    25  bt-mz.B.32
02:18:23        12771  120.50   31.00    0.00  151.50    26  bt-mz.B.32
02:18:23        12772  119.50   32.00    0.00  151.50    27  bt-mz.B.32
02:18:23        12774  119.00   31.50    0.00  150.50    28  bt-mz.B.32
02:18:23        12775  123.00   28.00    0.00  151.00    29  bt-mz.B.32

02:18:23          PID    %usr %system  %guest    %CPU   CPU  Command
02:18:25          150    0.00    0.50    0.00    0.50    19  events/19
02:18:25         3134    0.00    0.50    0.00    0.50     1  kondemand/1
02:18:25         3143    0.00    0.50    0.00    0.50    10  kondemand/10
02:18:25         3147    0.00    0.50    0.00    0.50    14  kondemand/14
02:18:25         3180    0.00    0.50    0.00    0.50    16  kipmi0
02:18:25         4128    0.00    0.50    0.00    0.50     0  gmond
02:18:25        12745    0.50    1.00    0.00    1.50    17  top
02:18:25        12747    0.50    1.50    0.00    2.00     9  pidstat
02:18:25        12749    0.50    2.50    0.00    3.00    18  pidstat
02:18:25        12759  174.00    2.50    0.00  176.50     0  bt-mz.B.32
02:18:25        12760  173.00   11.00    0.00  184.00     1  bt-mz.B.32
02:18:25        12761  170.50   11.00    0.00  181.50     2  bt-mz.B.32
02:18:25        12762  150.50   17.00    0.00  167.50    19  bt-mz.B.32
02:18:25        12763  151.50   16.00    0.00  167.50     4  bt-mz.B.32
02:18:25        12764  147.00   18.50    0.00  165.50    21  bt-mz.B.32
02:18:25        12765  135.50   20.50    0.00  156.00    22  bt-mz.B.32
02:18:25        12766  134.50   20.50    0.00  155.00    23  bt-mz.B.32
02:18:25        12767  131.00   23.50    0.00  154.50    24  bt-mz.B.32
02:18:25        12769  126.50   25.00    0.00  151.50    25  bt-mz.B.32
02:18:25        12771  124.50   29.50    0.00  154.00    26  bt-mz.B.32
02:18:25        12772  122.50   32.50    0.00  155.00    27  bt-mz.B.32
02:18:25        12774  120.50   33.00    0.00  153.50    28  bt-mz.B.32
02:18:25        12775  125.00   28.50    0.00  153.50    29  bt-mz.B.32
