Linux 2.6.32-279.14.1.el6.x86_64 (compute-641-14.local) 	04/21/20 	_x86_64_	(32 CPU)

03:52:16     CPU    %usr   %nice    %sys %iowait    %irq   %soft  %steal  %guest   %idle
03:52:18     all   62.13    0.00    4.94    0.00    0.00    0.06    0.00    0.00   32.86
03:52:20     all   78.01    0.00    0.17    0.00    0.00    0.00    0.00    0.00   21.82
03:52:22     all   78.44    0.00    0.19    0.00    0.00    0.00    0.00    0.00   21.38
03:52:24     all   78.29    0.00    0.16    0.00    0.00    0.00    0.00    0.00   21.56
03:52:26     all   80.61    0.00    0.19    0.00    0.00    0.00    0.00    0.00   19.21
03:52:28     all   80.54    0.00    0.19    0.00    0.00    0.00    0.00    0.00   19.27
03:52:30     all   80.68    0.00    0.17    0.00    0.00    0.00    0.00    0.00   19.15
03:52:32     all   81.28    0.00    0.16    0.00    0.00    0.00    0.00    0.00   18.56
03:52:34     all   81.29    0.00    0.20    0.00    0.00    0.00    0.00    0.00   18.51
03:52:36     all   82.71    0.00    0.17    0.00    0.00    0.00    0.00    0.00   17.11
03:52:38     all   81.78    0.00    0.19    0.00    0.00    0.00    0.00    0.00   18.03
03:52:40     all   80.43    0.00    0.19    0.00    0.00    0.00    0.00    0.00   19.38
03:52:42     all   80.92    0.00    0.19    0.00    0.00    0.00    0.00    0.00   18.90
03:52:44     all   81.03    0.00    0.20    0.00    0.00    0.00    0.00    0.00   18.77
03:52:46     all   78.89    0.00    0.19    0.00    0.00    0.02    0.00    0.00   20.90
03:52:48     all   80.11    0.00    0.19    0.00    0.00    0.00    0.00    0.00   19.71
03:52:50     all   81.99    0.00    0.17    0.00    0.00    0.00    0.00    0.00   17.83
03:52:52     all   80.43    0.00    0.20    0.00    0.00    0.00    0.00    0.00   19.37
03:52:54     all   80.40    0.00    0.20    0.00    0.00    0.00    0.00    0.00   19.39
03:52:56     all   81.20    0.00    0.22    0.00    0.00    0.00    0.00    0.00   18.58
03:52:58     all   82.43    0.00    0.19    0.00    0.00    0.00    0.00    0.00   17.38
03:53:00     all   81.70    0.00    0.19    0.02    0.00    0.00    0.00    0.00   18.09
03:53:02     all   81.50    0.00    0.19    0.00    0.00    0.00    0.00    0.00   18.31
03:53:04     all   81.62    0.00    0.19    0.00    0.00    0.00    0.00    0.00   18.19
03:53:06     all   79.91    0.00    0.19    0.00    0.00    0.00    0.00    0.00   19.90
03:53:08     all   79.62    0.00    0.16    0.00    0.00    0.00    0.00    0.00   20.23
03:53:10     all   79.27    0.00    0.23    0.00    0.00    0.02    0.00    0.00   20.48
