procs -----------memory---------- ---swap-- -----io---- --system-- -----cpu-----
 r  b   swpd   free   buff  cache   si   so    bi    bo   in   cs us sy id wa st
11  0      0 64616468 214972 331800    0    0     0     1    0    0 38  2 60  0  0	
25  0      0 64410592 214976 341024    0    0     0    98 29435 18695 52 12 36  0  0	
21  0      0 64410476 214976 341084    0    0     0     0 28751 8358 70 11 20  0  0	
26  0      0 64410528 214976 341144    0    0     0    64 28754 8273 70 10 19  0  0	
32  0      0 64411212 214976 341208    0    0     0    12 28890 8312 71 10 19  0  0	
25  0      0 64411820 214976 341268    0    0     0     0 28808 8274 71 10 19  0  0	
24  0      0 64412296 214976 341328    0    0     0     0 28642 8200 70 11 20  0  0	
32  0      0 64412336 214976 341392    0    0     0     6 28836 8274 71 10 19  0  0	
25  0      0 64412924 214976 341452    0    0     0     6 28817 8268 71 10 19  0  0	
21  0      0 64413004 214976 341516    0    0     0     0 28743 8357 70 10 19  0  0	
25  0      0 64413108 214976 341576    0    0     0     6 28705 8233 70 10 19  0  0	
31  0      0 64413308 214976 341636    0    0     0     0 28839 8303 71 10 19  0  0	
25  0      0 64413032 214976 341700    0    0     0    12 28814 8297 71 10 19  0  0	
21  0      0 64412280 214976 341760    0    0     0    12 28596 8206 70 11 20  0  0	
31  0      0 64412428 214976 341828    0    0     0     0 28723 8255 70 11 20  0  0	
32  0      0 64412372 214976 341888    0    0     0    18 28864 8331 72 10 19  0  0	
22  0      0 64412132 214976 341888    0    0     0     0 28752 8246 71 10 19  0  0	
26  0      0 64412528 214976 341952    0    0     0     0 28685 8239 70 10 20  0  0	
33  0      0 64412348 214976 342016    0    0     0  3198 30346 8316 71 10 19  0  0	
24  0      0 64411976 214976 342080    0    0     0    14 28832 8287 71 10 19  0  0	
20  0      0 64411968 214976 342204    0    0     0   618 29133 8356 70 11 20  0  0	
procs -----------memory---------- ---swap-- -----io---- --system-- -----cpu-----
 r  b   swpd   free   buff  cache   si   so    bi    bo   in   cs us sy id wa st
33  0      0 64411672 214976 342264    0    0     0     0 28852 8357 70 10 19  0  0	
33  0      0 64411716 214976 342328    0    0     0     0 28905 8372 71 10 19  0  0	
