Linux 2.6.32-279.14.1.el6.x86_64 (compute-641-14.local) 	04/21/20 	_x86_64_	(32 CPU)

03:53:11     CPU    %usr   %nice    %sys %iowait    %irq   %soft  %steal  %guest   %idle
03:53:13     all   62.91    0.00    4.94    0.00    0.00    0.06    0.00    0.00   32.09
03:53:15     all   78.94    0.00    0.16    0.00    0.00    0.00    0.00    0.00   20.90
03:53:17     all   79.68    0.00    0.14    0.00    0.00    0.00    0.00    0.00   20.18
03:53:19     all   82.10    0.00    0.17    0.00    0.00    0.00    0.00    0.00   17.73
03:53:21     all   79.58    0.00    0.20    0.00    0.00    0.00    0.00    0.00   20.22
03:53:23     all   81.06    0.00    0.17    0.00    0.00    0.00    0.00    0.00   18.77
03:53:25     all   79.18    0.00    0.17    0.00    0.00    0.00    0.00    0.00   20.64
03:53:27     all   80.96    0.00    0.17    0.00    0.00    0.00    0.00    0.00   18.87
03:53:29     all   78.89    0.00    0.19    0.00    0.00    0.00    0.00    0.00   20.92
03:53:31     all   80.39    0.00    0.13    0.00    0.00    0.00    0.00    0.00   19.49
03:53:33     all   80.37    0.00    0.17    0.00    0.00    0.00    0.00    0.00   19.46
03:53:35     all   80.34    0.00    0.16    0.00    0.00    0.00    0.00    0.00   19.50
03:53:37     all   80.93    0.00    0.16    0.00    0.00    0.00    0.00    0.00   18.91
03:53:39     all   79.83    0.00    0.16    0.00    0.00    0.00    0.00    0.00   20.01
03:53:41     all   79.10    0.00    0.19    0.00    0.00    0.00    0.00    0.00   20.72
03:53:43     all   80.59    0.00    0.22    0.00    0.00    0.02    0.00    0.00   19.17
03:53:45     all   81.72    0.00    0.17    0.00    0.00    0.00    0.00    0.00   18.11
03:53:47     all   79.72    0.00    0.17    0.00    0.00    0.00    0.00    0.00   20.10
03:53:49     all   79.06    0.00    0.16    0.00    0.00    0.00    0.00    0.00   20.78
03:53:51     all   82.38    0.00    0.19    0.00    0.00    0.00    0.00    0.00   17.44
03:53:53     all   80.65    0.00    0.20    0.00    0.00    0.00    0.00    0.00   19.15
03:53:55     all   79.07    0.00    0.16    0.00    0.00    0.00    0.00    0.00   20.77
03:53:57     all   81.53    0.00    0.20    0.00    0.00    0.00    0.00    0.00   18.27
03:53:59     all   83.23    0.00    0.14    0.02    0.00    0.00    0.00    0.00   16.61
03:54:01     all   82.87    0.00    0.16    0.00    0.00    0.00    0.00    0.00   16.97
