procs -----------memory---------- ---swap-- -----io---- --system-- -----cpu-----
 r  b   swpd   free   buff  cache   si   so    bi    bo   in   cs us sy id wa st
 9  0      0 64505448 215344 425116    0    0     0     1    0    0 38  2 60  0  0	
38  0      0 64162924 215344 451968    0    0     0    92 29081 24271 58  6 37  0  0	
45  0      0 64162896 215344 452028    0    0     0     0 25872 8180 77  0 23  0  0	
26  0      0 64166332 215344 452088    0    0     0    34 27332 8955 82  0 18  0  0	
25  0      0 64168976 215344 452148    0    0     0    20 26795 8928 80  0 20  0  0	
27  0      0 64169780 215344 452212    0    0     0     0 27750 9008 83  0 17  0  0	
31  0      0 64172860 215344 452272    0    0     0     6 27720 8731 83  0 17  0  0	
34  0      0 64174924 215344 452336    0    0     0     0 26280 8783 79  0 21  0  0	
38  0      0 64175664 215344 452400    0    0     0     0 27115 9155 81  0 19  0  0	
27  0      0 64178192 215344 452460    0    0     0     0 27992 9488 84  0 16  0  0	
26  0      0 64179028 215344 452520    0    0     0    10 27668 8943 83  0 17  0  0	
26  0      0 64179148 215344 452584    0    0     0    10 27209 8934 81  0 19  0  0	
27  0      0 64179272 215344 452644    0    0     0     0 27244 8717 81  0 19  0  0	
28  0      0 64179148 215344 452708    0    0     0    86 27207 8578 81  0 19  0  0	
28  0      0 64179140 215344 452768    0    0     0     0 27190 8658 81  0 19  0  0	
36  0      0 64179016 215344 452836    0    0     0    36 26914 9157 81  0 19  0  0	
25  0      0 64178924 215344 452896    0    0     0     0 27103 8711 81  0 19  0  0	
37  0      0 64178784 215344 452956    0    0     0     0 27027 9074 81  0 19  0  0	
48  0      0 64178288 215344 453028    0    0     0  6116 29477 8720 81  0 19  0  0	
27  0      0 64178272 215344 453092    0    0     0     0 27172 8956 81  0 19  0  0	
27  0      0 64178148 215344 453152    0    0     0  1340 27819 8805 80  0 20  0  0	
procs -----------memory---------- ---swap-- -----io---- --system-- -----cpu-----
 r  b   swpd   free   buff  cache   si   so    bi    bo   in   cs us sy id wa st
36  0      0 64178280 215344 453156    0    0     0     8 27389 8628 82  0 18  0  0	
52  0      0 64178296 215344 453216    0    0     0     0 26908 8630 80  0 19  0  0	
27  0      0 64178172 215344 453276    0    0     0     8 26589 8883 80  0 20  0  0	
28  0      0 64178040 215344 453336    0    0     0     0 27549 8628 83  0 17  0  0	
26  0      0 64178164 215344 453400    0    0     0    10 26871 8689 80  0 20  0  0	
