Linux 2.6.32-279.14.1.el6.x86_64 (compute-641-14.local) 	04/21/20 	_x86_64_	(32 CPU)

04:06:03          PID    %usr %system  %guest    %CPU   CPU  Command
04:06:05         3133    0.00    0.49    0.00    0.49     0  kondemand/0
04:06:05         3138    0.00    0.49    0.00    0.49     5  kondemand/5
04:06:05         3154    0.00    0.49    0.00    0.49    21  kondemand/21
04:06:05         3163    0.00    0.49    0.00    0.49    30  kondemand/30
04:06:05         3684    0.49    0.00    0.00    0.49    22  snmpd
04:06:05         3883    2.94    1.96    0.00    4.90     0  mpirun
04:06:05         3893    0.49    0.49    0.00    0.98    20  top
04:06:05         3895    0.49    0.98    0.00    1.47    26  pidstat
04:06:05         3897    0.00    0.98    0.00    0.98    29  pidstat
04:06:05         3906   82.84    5.88    0.00   88.73    21  bt-mz.B.24
04:06:05         3907   64.22    6.37    0.00   70.59    29  bt-mz.B.24
04:06:05         3908   84.31    6.37    0.00   90.69    23  bt-mz.B.24
04:06:05         3909   59.31    5.88    0.00   65.20     6  bt-mz.B.24
04:06:05         3910   79.90    6.37    0.00   86.27     4  bt-mz.B.24
04:06:05         3911   80.88    5.88    0.00   86.76    19  bt-mz.B.24
04:06:05         3912   79.90    5.88    0.00   85.78     2  bt-mz.B.24
04:06:05         3913   85.78    5.88    0.00   91.67     1  bt-mz.B.24
04:06:05         3914   76.96    5.39    0.00   82.35     0  bt-mz.B.24
04:06:05         3915   78.92    5.88    0.00   84.80     3  bt-mz.B.24
04:06:05         3916   81.86    6.37    0.00   88.24    16  bt-mz.B.24
04:06:05         3918   81.86    5.88    0.00   87.75    18  bt-mz.B.24
04:06:05         3920   88.24    5.88    0.00   94.12    24  bt-mz.B.24
04:06:05         3923   84.80    5.39    0.00   90.20    17  bt-mz.B.24
04:06:05         3925   87.75    4.41    0.00   92.16    30  bt-mz.B.24
04:06:05         3926   84.80    5.88    0.00   90.69    14  bt-mz.B.24
04:06:05         3928   89.71    5.39    0.00   95.10    11  bt-mz.B.24
04:06:05         3930   87.25    5.88    0.00   93.14    25  bt-mz.B.24
04:06:05         3931   84.80    5.88    0.00   90.69    28  bt-mz.B.24
04:06:05         3935   86.76    5.88    0.00   92.65    13  bt-mz.B.24
04:06:05         3936   75.98    5.88    0.00   81.86    20  bt-mz.B.24
04:06:05         3937   82.35    6.37    0.00   88.73     7  bt-mz.B.24
04:06:05         3939   89.22    5.39    0.00   94.61    31  bt-mz.B.24
04:06:05         3941   77.94    5.39    0.00   83.33    22  bt-mz.B.24

04:06:05          PID    %usr %system  %guest    %CPU   CPU  Command
04:06:07         3155    0.00    0.50    0.00    0.50    22  kondemand/22
04:06:07         3180    0.00    0.50    0.00    0.50    27  kipmi0
04:06:07         3893    0.50    1.00    0.00    1.50    18  top
04:06:07         3895    0.50    2.00    0.00    2.50    26  pidstat
04:06:07         3897    1.50    2.50    0.00    4.00    29  pidstat
04:06:07         3906  101.50    0.00    0.00  101.50     3  bt-mz.B.24
04:06:07         3907  114.50    0.00    0.00  114.50    15  bt-mz.B.24
04:06:07         3908  117.00    0.00    0.00  117.00    16  bt-mz.B.24
04:06:07         3909  100.00    0.00    0.00  100.00    22  bt-mz.B.24
04:06:07         3910  106.00    0.50    0.00  106.50    20  bt-mz.B.24
04:06:07         3911   86.50    0.00    0.00   86.50     6  bt-mz.B.24
04:06:07         3912  104.50    0.00    0.00  104.50     2  bt-mz.B.24
04:06:07         3913   99.00    0.00    0.00   99.00    21  bt-mz.B.24
04:06:07         3914   88.50    0.00    0.00   88.50    14  bt-mz.B.24
04:06:07         3915  104.00    0.50    0.00  104.50     5  bt-mz.B.24
04:06:07         3916   94.50    0.00    0.00   94.50     0  bt-mz.B.24
04:06:07         3918   98.00    0.00    0.00   98.00    23  bt-mz.B.24
04:06:07         3920  115.50    0.00    0.00  115.50     8  bt-mz.B.24
04:06:07         3923  109.50    0.00    0.00  109.50    19  bt-mz.B.24
04:06:07         3925  113.00    0.00    0.00  113.00    10  bt-mz.B.24
04:06:07         3926  114.00    0.00    0.00  114.00    30  bt-mz.B.24
04:06:07         3928  117.00    0.00    0.00  117.00    11  bt-mz.B.24
04:06:07         3930  113.00    0.00    0.00  113.00    25  bt-mz.B.24
04:06:07         3931  115.50    0.50    0.00  116.00    12  bt-mz.B.24
04:06:07         3935  117.00    0.00    0.00  117.00    13  bt-mz.B.24
04:06:07         3936   98.00    0.00    0.00   98.00     4  bt-mz.B.24
04:06:07         3937  104.50    0.00    0.00  104.50    17  bt-mz.B.24
04:06:07         3939  114.50    0.00    0.00  114.50    31  bt-mz.B.24
04:06:07         3941  104.00    0.00    0.00  104.00    18  bt-mz.B.24

04:06:07          PID    %usr %system  %guest    %CPU   CPU  Command
04:06:09          113    0.00    0.50    0.00    0.50    27  ksoftirqd/27
04:06:09         3153    0.00    0.50    0.00    0.50    20  kondemand/20
04:06:09         3893    1.00    0.50    0.00    1.50    18  top
04:06:09         3895    0.50    1.50    0.00    2.00    26  pidstat
04:06:09         3897    0.50    1.00    0.00    1.50    29  pidstat
04:06:09         3906  112.50    0.00    0.00  112.50     4  bt-mz.B.24
04:06:09         3907  116.00    0.00    0.00  116.00    27  bt-mz.B.24
04:06:09         3908  109.50    0.00    0.00  109.50    16  bt-mz.B.24
04:06:09         3909  103.50    0.00    0.00  103.50    22  bt-mz.B.24
04:06:09         3910  108.00    0.00    0.00  108.00    23  bt-mz.B.24
04:06:09         3911  101.50    0.00    0.00  101.50     7  bt-mz.B.24
04:06:09         3912  105.50    0.00    0.00  105.50     6  bt-mz.B.24
04:06:09         3913  107.00    0.50    0.00  107.50     5  bt-mz.B.24
04:06:09         3914  114.50    0.00    0.00  114.50    30  bt-mz.B.24
04:06:09         3915  101.00    0.00    0.00  101.00     2  bt-mz.B.24
04:06:09         3916  109.00    0.00    0.00  109.00     0  bt-mz.B.24
04:06:09         3918  106.00    0.50    0.00  106.50     3  bt-mz.B.24
04:06:09         3920  115.50    0.00    0.00  115.50    28  bt-mz.B.24
04:06:09         3923  110.50    0.50    0.00  111.00     1  bt-mz.B.24
04:06:09         3925  113.50    0.00    0.00  113.50    11  bt-mz.B.24
04:06:09         3926  112.50    0.00    0.00  112.50    24  bt-mz.B.24
04:06:09         3928  113.00    0.00    0.00  113.00    25  bt-mz.B.24
04:06:09         3930  114.00    0.00    0.00  114.00    31  bt-mz.B.24
04:06:09         3931  114.00    0.00    0.00  114.00     9  bt-mz.B.24
04:06:09         3935  117.00    0.00    0.00  117.00    15  bt-mz.B.24
04:06:09         3936  107.50    0.00    0.00  107.50    18  bt-mz.B.24
04:06:09         3937  105.50    0.00    0.00  105.50    19  bt-mz.B.24
04:06:09         3939  112.00    0.00    0.00  112.00    14  bt-mz.B.24
04:06:09         3941  106.50    0.50    0.00  107.00    20  bt-mz.B.24

04:06:09          PID    %usr %system  %guest    %CPU   CPU  Command
04:06:11         3134    0.00    0.50    0.00    0.50     1  kondemand/1
04:06:11         3136    0.00    0.50    0.00    0.50     3  kondemand/3
04:06:11         3180    0.00    0.50    0.00    0.50    15  kipmi0
04:06:11         3893    0.50    0.50    0.00    1.00    18  top
04:06:11         3895    0.50    1.50    0.00    2.00    10  pidstat
04:06:11         3897    0.50    1.00    0.00    1.50    13  pidstat
04:06:11         3906   89.50    0.00    0.00   89.50    18  bt-mz.B.24
04:06:11         3907  109.00    0.00    0.00  109.00     8  bt-mz.B.24
04:06:11         3908  105.00    0.00    0.00  105.00     0  bt-mz.B.24
04:06:11         3909  108.50    0.00    0.00  108.50    20  bt-mz.B.24
04:06:11         3910  111.00    0.00    0.00  111.00     1  bt-mz.B.24
04:06:11         3911   91.00    0.00    0.00   91.00    19  bt-mz.B.24
04:06:11         3912  102.00    0.00    0.00  102.00     7  bt-mz.B.24
04:06:11         3913  102.00    0.00    0.00  102.00     6  bt-mz.B.24
04:06:11         3914  112.00    0.00    0.00  112.00    26  bt-mz.B.24
04:06:11         3915   94.50    0.00    0.00   94.50    22  bt-mz.B.24
04:06:11         3916   84.00    0.00    0.00   84.00    16  bt-mz.B.24
04:06:11         3918  108.50    0.00    0.00  108.50     3  bt-mz.B.24
04:06:11         3920  108.50    0.00    0.00  108.50    11  bt-mz.B.24
04:06:11         3923   89.00    0.00    0.00   89.00    21  bt-mz.B.24
04:06:11         3925  109.50    0.00    0.00  109.50    28  bt-mz.B.24
04:06:11         3926  108.50    0.00    0.00  108.50    30  bt-mz.B.24
04:06:11         3928  112.00    0.00    0.00  112.00    27  bt-mz.B.24
04:06:11         3930  111.50    0.50    0.00  112.00    31  bt-mz.B.24
04:06:11         3931  109.00    0.00    0.00  109.00    29  bt-mz.B.24
04:06:11         3935  109.00    0.00    0.00  109.00     9  bt-mz.B.24
04:06:11         3936  109.00    0.00    0.00  109.00     2  bt-mz.B.24
04:06:11         3937  107.00    0.00    0.00  107.00    17  bt-mz.B.24
04:06:11         3939  111.50    0.50    0.00  112.00    24  bt-mz.B.24
04:06:11         3941  105.50    0.00    0.00  105.50    14  bt-mz.B.24

04:06:11          PID    %usr %system  %guest    %CPU   CPU  Command
04:06:13          147    0.00    0.50    0.00    0.50    16  events/16
04:06:13         3144    0.00    0.50    0.00    0.50    11  kondemand/11
04:06:13         3145    0.00    0.50    0.00    0.50    12  kondemand/12
04:06:13         3180    0.00    1.00    0.00    1.00    31  kipmi0
04:06:13         3893    0.50    0.50    0.00    1.00     2  top
04:06:13         3895    0.50    2.00    0.00    2.50    26  pidstat
04:06:13         3897    1.00    1.50    0.00    2.50    13  pidstat
04:06:13         3906  115.00    0.00    0.00  115.00    18  bt-mz.B.24
04:06:13         3907  117.50    0.00    0.00  117.50    11  bt-mz.B.24
04:06:13         3908  114.50    0.00    0.00  114.50     4  bt-mz.B.24
04:06:13         3909  108.00    0.00    0.00  108.00    19  bt-mz.B.24
04:06:13         3910  106.00    0.00    0.00  106.00     1  bt-mz.B.24
04:06:13         3911  104.00    0.00    0.00  104.00    16  bt-mz.B.24
04:06:13         3912  104.50    0.00    0.00  104.50     2  bt-mz.B.24
04:06:13         3913  103.50    0.00    0.00  103.50    17  bt-mz.B.24
04:06:13         3914  109.50    0.00    0.00  109.50    14  bt-mz.B.24
04:06:13         3915  116.50    0.00    0.00  116.50    22  bt-mz.B.24
04:06:13         3916  107.00    0.00    0.00  107.00     3  bt-mz.B.24
04:06:13         3918  109.00    0.00    0.00  109.00    23  bt-mz.B.24
04:06:13         3920  107.00    0.00    0.00  107.00    27  bt-mz.B.24
04:06:13         3923  114.50    0.00    0.00  114.50     0  bt-mz.B.24
04:06:13         3925  114.00    0.50    0.00  114.50    12  bt-mz.B.24
04:06:13         3926  112.00    0.00    0.00  112.00    31  bt-mz.B.24
04:06:13         3928  110.50    0.00    0.00  110.50    30  bt-mz.B.24
04:06:13         3930  116.50    0.50    0.00  117.00    15  bt-mz.B.24
04:06:13         3931  114.00    0.00    0.00  114.00    13  bt-mz.B.24
04:06:13         3935  116.50    0.00    0.00  116.50    25  bt-mz.B.24
04:06:13         3936  106.00    0.50    0.00  106.50    20  bt-mz.B.24
04:06:13         3937  108.00    0.00    0.00  108.00    21  bt-mz.B.24
04:06:13         3939  115.50    0.00    0.00  115.50    10  bt-mz.B.24
04:06:13         3941  114.50    0.00    0.00  114.50    29  bt-mz.B.24

04:06:13          PID    %usr %system  %guest    %CPU   CPU  Command
04:06:15         3142    0.00    0.50    0.00    0.50     9  kondemand/9
04:06:15         3152    0.00    0.50    0.00    0.50    19  kondemand/19
04:06:15         3893    0.50    1.00    0.00    1.50     2  top
04:06:15         3895    0.50    1.50    0.00    2.00    10  pidstat
04:06:15         3897    1.50    2.00    0.00    3.50    25  pidstat
04:06:15         3906  116.50    0.00    0.00  116.50     2  bt-mz.B.24
04:06:15         3907  120.50    0.00    0.00  120.50    12  bt-mz.B.24
04:06:15         3908  112.50    0.00    0.00  112.50     7  bt-mz.B.24
04:06:15         3909  104.50    0.00    0.00  104.50     0  bt-mz.B.24
04:06:15         3910  108.50    0.00    0.00  108.50     6  bt-mz.B.24
04:06:15         3911  105.00    0.00    0.00  105.00    21  bt-mz.B.24
04:06:15         3912  108.50    0.00    0.00  108.50    19  bt-mz.B.24
04:06:15         3913  108.00    0.00    0.00  108.00    23  bt-mz.B.24
04:06:15         3914  113.00    0.00    0.00  113.00    26  bt-mz.B.24
04:06:15         3915  107.00    0.00    0.00  107.00    20  bt-mz.B.24
04:06:15         3916  110.50    0.00    0.00  110.50     1  bt-mz.B.24
04:06:15         3918  111.00    0.00    0.00  111.00    22  bt-mz.B.24
04:06:15         3920  116.50    0.00    0.00  116.50     9  bt-mz.B.24
04:06:15         3923  109.50    0.00    0.00  109.50     1  bt-mz.B.24
04:06:15         3925  108.50    0.00    0.00  108.50    29  bt-mz.B.24
04:06:15         3926  114.00    0.00    0.00  114.00    27  bt-mz.B.24
04:06:15         3928  118.00    0.50    0.00  118.50    15  bt-mz.B.24
04:06:15         3930  109.00    0.00    0.00  109.00    31  bt-mz.B.24
04:06:15         3931  101.50    0.00    0.00  101.50     8  bt-mz.B.24
04:06:15         3935  109.50    0.00    0.00  109.50    24  bt-mz.B.24
04:06:15         3936  106.50    0.00    0.00  106.50    18  bt-mz.B.24
04:06:15         3937  110.00    0.50    0.00  110.50    16  bt-mz.B.24
04:06:15         3939  116.50    0.00    0.00  116.50    13  bt-mz.B.24
04:06:15         3941  107.50    0.00    0.00  107.50    14  bt-mz.B.24

04:06:15          PID    %usr %system  %guest    %CPU   CPU  Command
04:06:17          148    0.00    0.50    0.00    0.50    17  events/17
04:06:17         3140    0.00    0.50    0.00    0.50     7  kondemand/7
04:06:17         3893    0.50    1.00    0.00    1.50     2  top
04:06:17         3895    1.00    1.50    0.00    2.50    10  pidstat
04:06:17         3897    0.50    1.50    0.00    2.00    25  pidstat
04:06:17         3906  117.50    0.00    0.00  117.50     2  bt-mz.B.24
04:06:17         3907  107.50    0.00    0.00  107.50    28  bt-mz.B.24
04:06:17         3908  108.50    0.00    0.00  108.50     5  bt-mz.B.24
04:06:17         3909  113.50    0.00    0.00  113.50     0  bt-mz.B.24
04:06:17         3910  110.50    0.00    0.00  110.50    16  bt-mz.B.24
04:06:17         3911  109.00    0.00    0.00  109.00     5  bt-mz.B.24
04:06:17         3912  108.50    0.00    0.00  108.50     3  bt-mz.B.24
04:06:17         3913  106.00    0.00    0.00  106.00     7  bt-mz.B.24
04:06:17         3914  111.50    0.00    0.00  111.50    13  bt-mz.B.24
04:06:17         3915  104.50    0.00    0.00  104.50    20  bt-mz.B.24
04:06:17         3916  101.00    0.50    0.00  101.50     1  bt-mz.B.24
04:06:17         3918  103.50    0.00    0.00  103.50     6  bt-mz.B.24
04:06:17         3920  111.00    0.50    0.00  111.50     9  bt-mz.B.24
04:06:17         3923  100.00    0.00    0.00  100.00    17  bt-mz.B.24
04:06:17         3925  107.50    0.00    0.00  107.50    13  bt-mz.B.24
04:06:17         3926  112.50    0.00    0.00  112.50    27  bt-mz.B.24
04:06:17         3928  110.50    0.00    0.00  110.50    15  bt-mz.B.24
04:06:17         3930  102.00    0.00    0.00  102.00    31  bt-mz.B.24
04:06:17         3931  108.00    0.00    0.00  108.00    26  bt-mz.B.24
04:06:17         3935  111.50    0.00    0.00  111.50     8  bt-mz.B.24
04:06:17         3936  100.00    0.00    0.00  100.00    18  bt-mz.B.24
04:06:17         3937   99.00    0.00    0.00   99.00     4  bt-mz.B.24
04:06:17         3939  109.00    0.00    0.00  109.00    12  bt-mz.B.24
04:06:17         3941  113.00    0.00    0.00  113.00    14  bt-mz.B.24

04:06:17          PID    %usr %system  %guest    %CPU   CPU  Command
04:06:19         3893    0.50    0.50    0.00    1.00    18  top
04:06:19         3895    0.50    2.00    0.00    2.50    10  pidstat
04:06:19         3897    0.50    2.00    0.00    2.50    25  pidstat
04:06:19         3906  110.50    0.00    0.00  110.50    19  bt-mz.B.24
04:06:19         3907  110.50    0.00    0.00  110.50    27  bt-mz.B.24
04:06:19         3908  107.50    0.00    0.00  107.50    16  bt-mz.B.24
04:06:19         3909   99.50    0.00    0.00   99.50     6  bt-mz.B.24
04:06:19         3910  110.00    0.00    0.00  110.00     0  bt-mz.B.24
04:06:19         3911  103.50    0.00    0.00  103.50    21  bt-mz.B.24
04:06:19         3912  110.50    0.00    0.00  110.50     4  bt-mz.B.24
04:06:19         3913  108.50    0.00    0.00  108.50    23  bt-mz.B.24
04:06:19         3914  110.50    0.00    0.00  110.50    26  bt-mz.B.24
04:06:19         3915  100.50    0.00    0.00  100.50     2  bt-mz.B.24
04:06:19         3916  102.50    0.00    0.00  102.50     3  bt-mz.B.24
04:06:19         3918   98.00    0.00    0.00   98.00     6  bt-mz.B.24
04:06:19         3920  112.50    0.00    0.00  112.50    12  bt-mz.B.24
04:06:19         3923  107.00    0.00    0.00  107.00    17  bt-mz.B.24
04:06:19         3925  113.50    0.00    0.00  113.50    14  bt-mz.B.24
04:06:19         3926  105.50    0.50    0.00  106.00    11  bt-mz.B.24
04:06:19         3928  109.00    0.00    0.00  109.00    31  bt-mz.B.24
04:06:19         3930  106.50    0.00    0.00  106.50    13  bt-mz.B.24
04:06:19         3931  111.00    0.00    0.00  111.00    28  bt-mz.B.24
04:06:19         3935  109.50    0.00    0.00  109.50    24  bt-mz.B.24
04:06:19         3936  105.50    0.00    0.00  105.50    22  bt-mz.B.24
04:06:19         3937  103.50    0.00    0.00  103.50     5  bt-mz.B.24
04:06:19         3939  112.00    0.00    0.00  112.00    15  bt-mz.B.24
04:06:19         3941  114.50    0.00    0.00  114.50     9  bt-mz.B.24

04:06:19          PID    %usr %system  %guest    %CPU   CPU  Command
04:06:21         3151    0.00    0.50    0.00    0.50    18  kondemand/18
04:06:21         3160    0.00    0.50    0.00    0.50    27  kondemand/27
04:06:21         3180    0.00    0.50    0.00    0.50    31  kipmi0
04:06:21         3893    0.50    1.00    0.00    1.50     2  top
04:06:21         3895    0.50    2.00    0.00    2.50    10  pidstat
04:06:21         3897    0.00    1.00    0.00    1.00    25  pidstat
04:06:21         3899    0.00    0.50    0.00    0.50    22  iostat
04:06:21         3906  118.50    0.00    0.00  118.50     4  bt-mz.B.24
04:06:21         3907  112.50    0.50    0.00  113.00    28  bt-mz.B.24
04:06:21         3908  113.00    0.00    0.00  113.00    20  bt-mz.B.24
04:06:21         3909  105.00    0.00    0.00  105.00     3  bt-mz.B.24
04:06:21         3910  103.50    0.00    0.00  103.50     0  bt-mz.B.24
04:06:21         3911  100.00    0.00    0.00  100.00    19  bt-mz.B.24
04:06:21         3912  104.50    0.00    0.00  104.50    16  bt-mz.B.24
04:06:21         3913  110.00    0.00    0.00  110.00    21  bt-mz.B.24
04:06:21         3914  107.50    0.50    0.00  108.00    25  bt-mz.B.24
04:06:21         3915  110.50    0.00    0.00  110.50     6  bt-mz.B.24
04:06:21         3916   99.50    0.00    0.00   99.50     7  bt-mz.B.24
04:06:21         3918  102.00    0.00    0.00  102.00    17  bt-mz.B.24
04:06:21         3920  111.00    0.00    0.00  111.00    11  bt-mz.B.24
04:06:21         3923  111.00    0.00    0.00  111.00     2  bt-mz.B.24
04:06:21         3925  114.00    0.00    0.00  114.00    30  bt-mz.B.24
04:06:21         3926  111.00    0.00    0.00  111.00    15  bt-mz.B.24
04:06:21         3928  110.50    0.00    0.00  110.50    26  bt-mz.B.24
04:06:21         3930  114.00    0.00    0.00  114.00    13  bt-mz.B.24
04:06:21         3931  107.00    0.00    0.00  107.00    31  bt-mz.B.24
04:06:21         3935  108.00    0.50    0.00  108.50    24  bt-mz.B.24
04:06:21         3936  103.50    0.00    0.00  103.50    22  bt-mz.B.24
04:06:21         3937  109.00    0.00    0.00  109.00     5  bt-mz.B.24
04:06:21         3939  114.00    0.00    0.00  114.00    27  bt-mz.B.24
04:06:21         3941  113.00    0.00    0.00  113.00     9  bt-mz.B.24

04:06:21          PID    %usr %system  %guest    %CPU   CPU  Command
04:06:23         3141    0.00    0.50    0.00    0.50     8  kondemand/8
04:06:23         3143    0.00    0.50    0.00    0.50    10  kondemand/10
04:06:23         3157    0.00    0.50    0.00    0.50    24  kondemand/24
04:06:23         3159    0.00    0.50    0.00    0.50    26  kondemand/26
04:06:23         3180    0.00    0.50    0.00    0.50    15  kipmi0
04:06:23         3195    0.00    0.50    0.00    0.50    26  irqbalance
04:06:23         3893    0.50    0.50    0.00    1.00     0  top
04:06:23         3895    0.50    1.50    0.00    2.00    26  pidstat
04:06:23         3897    1.50    2.50    0.00    4.00     9  pidstat
04:06:23         3906  122.50    0.00    0.00  122.50    19  bt-mz.B.24
04:06:23         3907  111.50    0.00    0.00  111.50    26  bt-mz.B.24
04:06:23         3908  110.50    0.00    0.00  110.50    16  bt-mz.B.24
04:06:23         3909  110.00    0.00    0.00  110.00     2  bt-mz.B.24
04:06:23         3910  110.50    0.00    0.00  110.50     4  bt-mz.B.24
04:06:23         3911  110.50    0.00    0.00  110.50    17  bt-mz.B.24
04:06:23         3912  104.00    0.00    0.00  104.00    18  bt-mz.B.24
04:06:23         3913  103.00    0.00    0.00  103.00     0  bt-mz.B.24
04:06:23         3914  112.00    0.00    0.00  112.00    11  bt-mz.B.24
04:06:23         3915  111.00    0.00    0.00  111.00     1  bt-mz.B.24
04:06:23         3916  117.50    0.00    0.00  117.50     7  bt-mz.B.24
04:06:23         3918  106.00    0.00    0.00  106.00    18  bt-mz.B.24
04:06:23         3920  108.50    0.00    0.00  108.50    10  bt-mz.B.24
04:06:23         3923  101.00    0.00    0.00  101.00    23  bt-mz.B.24
04:06:23         3925  115.50    0.00    0.00  115.50    24  bt-mz.B.24
04:06:23         3926  115.50    0.00    0.00  115.50    30  bt-mz.B.24
04:06:23         3928  114.50    0.00    0.00  114.50    25  bt-mz.B.24
04:06:23         3930  116.00    0.00    0.00  116.00    13  bt-mz.B.24
04:06:23         3931  116.50    0.00    0.00  116.50    12  bt-mz.B.24
04:06:23         3935  111.50    0.00    0.00  111.50    14  bt-mz.B.24
04:06:23         3936  112.00    0.00    0.00  112.00     6  bt-mz.B.24
04:06:23         3937  111.00    0.00    0.00  111.00     5  bt-mz.B.24
04:06:23         3939  110.00    0.00    0.00  110.00     8  bt-mz.B.24
04:06:23         3941  115.50    0.50    0.00  116.00    31  bt-mz.B.24

04:06:23          PID    %usr %system  %guest    %CPU   CPU  Command
04:06:25         3146    0.00    0.50    0.00    0.50    13  kondemand/13
04:06:25         3180    0.00    0.50    0.00    0.50    31  kipmi0
04:06:25         3893    0.50    1.00    0.00    1.50     0  top
04:06:25         3895    0.50    2.00    0.00    2.50    10  pidstat
04:06:25         3897    0.50    0.50    0.00    1.00     9  pidstat
04:06:25         3906  115.50    0.00    0.00  115.50     0  bt-mz.B.24
04:06:25         3907  112.50    0.00    0.00  112.50    11  bt-mz.B.24
04:06:25         3908  107.00    0.00    0.00  107.00     6  bt-mz.B.24
04:06:25         3909  104.00    0.00    0.00  104.00    18  bt-mz.B.24
04:06:25         3910  109.50    0.00    0.00  109.50    16  bt-mz.B.24
04:06:25         3911  108.50    0.00    0.00  108.50    22  bt-mz.B.24
04:06:25         3912  112.50    0.00    0.00  112.50     2  bt-mz.B.24
04:06:25         3913  105.50    0.00    0.00  105.50     4  bt-mz.B.24
04:06:25         3914  101.50    0.00    0.00  101.50    25  bt-mz.B.24
04:06:25         3915  106.50    0.00    0.00  106.50    20  bt-mz.B.24
04:06:25         3916  109.00    0.00    0.00  109.00    19  bt-mz.B.24
04:06:25         3918  107.00    0.00    0.00  107.00    23  bt-mz.B.24
04:06:25         3920  114.00    0.00    0.00  114.00    26  bt-mz.B.24
04:06:25         3923  108.00    0.00    0.00  108.00     7  bt-mz.B.24
04:06:25         3925  100.00    0.00    0.00  100.00    29  bt-mz.B.24
04:06:25         3926  116.00    0.00    0.00  116.00    30  bt-mz.B.24
04:06:25         3928  112.50    0.00    0.00  112.50     9  bt-mz.B.24
04:06:25         3930  101.00    0.50    0.00  101.50    27  bt-mz.B.24
04:06:25         3931  118.00    0.50    0.00  118.50    28  bt-mz.B.24
04:06:25         3935  105.00    0.00    0.00  105.00    13  bt-mz.B.24
04:06:25         3936  111.50    0.00    0.00  111.50    21  bt-mz.B.24
04:06:25         3937  114.00    0.00    0.00  114.00     1  bt-mz.B.24
04:06:25         3939  118.00    0.00    0.00  118.00    15  bt-mz.B.24
04:06:25         3941  118.50    0.00    0.00  118.50    24  bt-mz.B.24

04:06:25          PID    %usr %system  %guest    %CPU   CPU  Command
04:06:27         3180    0.00    1.00    0.00    1.00    31  kipmi0
04:06:27         3852    0.50    1.00    0.00    1.50    24  pbs_mom
04:06:27         3893    0.50    0.50    0.00    1.00     0  top
04:06:27         3895    0.50    1.50    0.00    2.00    10  pidstat
04:06:27         3897    0.50    1.50    0.00    2.00     9  pidstat
04:06:27         3906  117.50    0.00    0.00  117.50     0  bt-mz.B.24
04:06:27         3907  114.50    0.00    0.00  114.50    26  bt-mz.B.24
04:06:27         3908  108.50    0.00    0.00  108.50     3  bt-mz.B.24
04:06:27         3909  101.50    0.00    0.00  101.50     2  bt-mz.B.24
04:06:27         3910  105.00    0.00    0.00  105.00    16  bt-mz.B.24
04:06:27         3911  106.00    0.00    0.00  106.00    17  bt-mz.B.24
04:06:27         3912  109.00    0.50    0.00  109.50    20  bt-mz.B.24
04:06:27         3913  111.50    0.00    0.00  111.50    22  bt-mz.B.24
04:06:27         3914  113.50    0.00    0.00  113.50    28  bt-mz.B.24
04:06:27         3915  104.00    0.00    0.00  104.00     6  bt-mz.B.24
04:06:27         3916  103.50    0.00    0.00  103.50     5  bt-mz.B.24
04:06:27         3918  107.00    0.50    0.00  107.50    19  bt-mz.B.24
04:06:27         3920  115.00    0.00    0.00  115.00    15  bt-mz.B.24
04:06:27         3923  109.00    0.00    0.00  109.00    21  bt-mz.B.24
04:06:27         3925  112.50    0.00    0.00  112.50    31  bt-mz.B.24
04:06:27         3926  112.50    0.00    0.00  112.50    30  bt-mz.B.24
04:06:27         3928  108.50    0.00    0.00  108.50    25  bt-mz.B.24
04:06:27         3930  113.00    0.00    0.00  113.00    11  bt-mz.B.24
04:06:27         3931  111.50    0.00    0.00  111.50    29  bt-mz.B.24
04:06:27         3935  107.00    0.00    0.00  107.00     9  bt-mz.B.24
04:06:27         3936  105.00    0.00    0.00  105.00     1  bt-mz.B.24
04:06:27         3937  108.50    0.00    0.00  108.50     7  bt-mz.B.24
04:06:27         3939  110.50    0.00    0.00  110.50    12  bt-mz.B.24
04:06:27         3941  113.50    0.00    0.00  113.50     8  bt-mz.B.24

04:06:27          PID    %usr %system  %guest    %CPU   CPU  Command
04:06:29         3133    0.00    0.50    0.00    0.50     0  kondemand/0
04:06:29         3137    0.00    0.50    0.00    0.50     4  kondemand/4
04:06:29         3893    0.50    0.50    0.00    1.00     0  top
04:06:29         3895    0.50    2.00    0.00    2.50    10  pidstat
04:06:29         3897    1.00    2.50    0.00    3.50    25  pidstat
04:06:29         3906  108.50    0.00    0.00  108.50    18  bt-mz.B.24
04:06:29         3907  116.50    0.00    0.00  116.50    26  bt-mz.B.24
04:06:29         3908  102.50    0.50    0.00  103.00     0  bt-mz.B.24
04:06:29         3909  110.00    0.50    0.00  110.50     2  bt-mz.B.24
04:06:29         3910  108.50    0.00    0.00  108.50     3  bt-mz.B.24
04:06:29         3911  113.00    0.00    0.00  113.00     1  bt-mz.B.24
04:06:29         3912  112.00    0.00    0.00  112.00     4  bt-mz.B.24
04:06:29         3913  110.00    0.50    0.00  110.50     6  bt-mz.B.24
04:06:29         3914  109.00    0.00    0.00  109.00    10  bt-mz.B.24
04:06:29         3915  108.00    0.00    0.00  108.00    20  bt-mz.B.24
04:06:29         3916  105.00    0.50    0.00  105.50    19  bt-mz.B.24
04:06:29         3918  104.50    0.00    0.00  104.50     5  bt-mz.B.24
04:06:29         3920  113.50    0.00    0.00  113.50    15  bt-mz.B.24
04:06:29         3923  109.00    0.00    0.00  109.00     3  bt-mz.B.24
04:06:29         3925  110.00    0.00    0.00  110.00    11  bt-mz.B.24
04:06:29         3926  116.00    0.00    0.00  116.00    14  bt-mz.B.24
04:06:29         3928  113.50    0.50    0.00  114.00     9  bt-mz.B.24
04:06:29         3930  115.00    0.00    0.00  115.00    27  bt-mz.B.24
04:06:29         3931  117.50    0.00    0.00  117.50    13  bt-mz.B.24
04:06:29         3935  115.50    0.00    0.00  115.50    28  bt-mz.B.24
04:06:29         3936  108.50    0.00    0.00  108.50    21  bt-mz.B.24
04:06:29         3937  113.00    0.00    0.00  113.00    23  bt-mz.B.24
04:06:29         3939  108.50    0.00    0.00  108.50    29  bt-mz.B.24
04:06:29         3941  116.00    0.00    0.00  116.00    24  bt-mz.B.24

04:06:29          PID    %usr %system  %guest    %CPU   CPU  Command
04:06:31         3180    0.00    0.50    0.00    0.50    27  kipmi0
04:06:31         3893    0.50    1.00    0.00    1.50     0  top
04:06:31         3895    1.00    1.50    0.00    2.50    10  pidstat
04:06:31         3897    1.00    1.50    0.00    2.50     9  pidstat
04:06:31         3906  112.00    0.00    0.00  112.00    18  bt-mz.B.24
04:06:31         3907  109.50    0.00    0.00  109.50    26  bt-mz.B.24
04:06:31         3908  106.00    0.00    0.00  106.00     7  bt-mz.B.24
04:06:31         3909  107.50    0.00    0.00  107.50     2  bt-mz.B.24
04:06:31         3910   98.50    0.00    0.00   98.50    23  bt-mz.B.24
04:06:31         3911  104.50    0.50    0.00  105.00    23  bt-mz.B.24
04:06:31         3912  107.50    0.00    0.00  107.50     1  bt-mz.B.24
04:06:31         3913  103.50    0.00    0.00  103.50    19  bt-mz.B.24
04:06:31         3914  103.50    0.00    0.00  103.50    10  bt-mz.B.24
04:06:31         3915  104.50    0.50    0.00  105.00    22  bt-mz.B.24
04:06:31         3916  103.50    0.00    0.00  103.50     4  bt-mz.B.24
04:06:31         3918  105.50    0.00    0.00  105.50     0  bt-mz.B.24
04:06:31         3920  111.00    0.00    0.00  111.00    13  bt-mz.B.24
04:06:31         3923  105.50    0.00    0.00  105.50     3  bt-mz.B.24
04:06:31         3925  108.00    0.00    0.00  108.00    11  bt-mz.B.24
04:06:31         3926  106.50    0.00    0.00  106.50    14  bt-mz.B.24
04:06:31         3928  109.00    0.00    0.00  109.00    31  bt-mz.B.24
04:06:31         3930   98.00    0.00    0.00   98.00    25  bt-mz.B.24
04:06:31         3931  102.50    0.00    0.00  102.50     9  bt-mz.B.24
04:06:31         3935  111.50    0.00    0.00  111.50    12  bt-mz.B.24
04:06:31         3936  106.50    0.00    0.00  106.50    21  bt-mz.B.24
04:06:31         3937  102.50    0.00    0.00  102.50    20  bt-mz.B.24
04:06:31         3939  108.00    0.00    0.00  108.00    26  bt-mz.B.24
04:06:31         3941  110.50    0.00    0.00  110.50    24  bt-mz.B.24

04:06:31          PID    %usr %system  %guest    %CPU   CPU  Command
04:06:33         3135    0.00    0.50    0.00    0.50     2  kondemand/2
04:06:33         3150    0.00    0.50    0.00    0.50    17  kondemand/17
04:06:33         3161    0.00    0.50    0.00    0.50    28  kondemand/28
04:06:33         3180    0.00    0.50    0.00    0.50    10  kipmi0
04:06:33         3893    0.50    0.50    0.00    1.00     0  top
04:06:33         3895    1.00    1.50    0.00    2.50    10  pidstat
04:06:33         3897    0.50    1.50    0.00    2.00    25  pidstat
04:06:33         3906  114.00    0.50    0.00  114.50    20  bt-mz.B.24
04:06:33         3907  114.00    0.00    0.00  114.00    28  bt-mz.B.24
04:06:33         3908  108.00    0.00    0.00  108.00     1  bt-mz.B.24
04:06:33         3909  104.50    0.00    0.00  104.50     2  bt-mz.B.24
04:06:33         3910  109.00    0.00    0.00  109.00     5  bt-mz.B.24
04:06:33         3911  111.00    0.00    0.00  111.00    23  bt-mz.B.24
04:06:33         3912  109.50    0.00    0.00  109.50     2  bt-mz.B.24
04:06:33         3913   95.50    0.00    0.00   95.50    21  bt-mz.B.24
04:06:33         3914  109.50    0.00    0.00  109.50    14  bt-mz.B.24
04:06:33         3915  112.50    0.00    0.00  112.50     3  bt-mz.B.24
04:06:33         3916  104.50    0.00    0.00  104.50    22  bt-mz.B.24
04:06:33         3918  110.00    0.00    0.00  110.00     7  bt-mz.B.24
04:06:33         3920  114.00    0.00    0.00  114.00    29  bt-mz.B.24
04:06:33         3923  107.50    0.50    0.00  108.00     0  bt-mz.B.24
04:06:33         3925  114.00    0.50    0.00  114.50    13  bt-mz.B.24
04:06:33         3926  111.00    0.00    0.00  111.00    27  bt-mz.B.24
04:06:33         3928  111.50    0.00    0.00  111.50     9  bt-mz.B.24
04:06:33         3930  111.50    0.00    0.00  111.50    11  bt-mz.B.24
04:06:33         3931  107.50    0.50    0.00  108.00    12  bt-mz.B.24
04:06:33         3935  114.50    0.00    0.00  114.50     8  bt-mz.B.24
04:06:33         3936  106.00    0.50    0.00  106.50    17  bt-mz.B.24
04:06:33         3937  106.00    0.00    0.00  106.00     4  bt-mz.B.24
04:06:33         3939  114.00    0.00    0.00  114.00    26  bt-mz.B.24
04:06:33         3941  110.50    0.50    0.00  111.00    26  bt-mz.B.24

04:06:33          PID    %usr %system  %guest    %CPU   CPU  Command
04:06:35         3139    0.00    0.50    0.00    0.50     6  kondemand/6
04:06:35         3148    0.00    0.50    0.00    0.50    15  kondemand/15
04:06:35         3156    0.00    0.50    0.00    0.50    23  kondemand/23
04:06:35         3162    0.00    0.50    0.00    0.50    29  kondemand/29
04:06:35         3180    0.00    0.50    0.00    0.50    26  kipmi0
04:06:35         3684    0.00    0.50    0.00    0.50    22  snmpd
04:06:35         3893    0.50    0.50    0.00    1.00     0  top
04:06:35         3895    0.50    1.50    0.00    2.00    10  pidstat
04:06:35         3897    0.50    2.00    0.00    2.50    25  pidstat
04:06:35         3906  110.00    0.00    0.00  110.00     4  bt-mz.B.24
04:06:35         3907  110.00    0.00    0.00  110.00    28  bt-mz.B.24
04:06:35         3908  114.00    0.00    0.00  114.00     1  bt-mz.B.24
04:06:35         3909  106.50    0.00    0.00  106.50    19  bt-mz.B.24
04:06:35         3910  105.00    0.50    0.00  105.50     5  bt-mz.B.24
04:06:35         3911  106.00    0.00    0.00  106.00    22  bt-mz.B.24
04:06:35         3912  105.00    0.00    0.00  105.00    18  bt-mz.B.24
04:06:35         3913  108.00    0.00    0.00  108.00     0  bt-mz.B.24
04:06:35         3914  110.00    0.00    0.00  110.00    29  bt-mz.B.24
04:06:35         3915  112.00    0.00    0.00  112.00     3  bt-mz.B.24
04:06:35         3916  103.00    0.00    0.00  103.00    16  bt-mz.B.24
04:06:35         3918  111.50    0.00    0.00  111.50    23  bt-mz.B.24
04:06:35         3920  108.50    0.00    0.00  108.50    14  bt-mz.B.24
04:06:35         3923  105.50    0.00    0.00  105.50    20  bt-mz.B.24
04:06:35         3925  107.50    0.00    0.00  107.50    30  bt-mz.B.24
04:06:35         3926  108.50    0.00    0.00  108.50    24  bt-mz.B.24
04:06:35         3928  110.00    0.00    0.00  110.00    13  bt-mz.B.24
04:06:35         3930  113.00    0.00    0.00  113.00    27  bt-mz.B.24
04:06:35         3931  111.00    0.00    0.00  111.00    31  bt-mz.B.24
04:06:35         3935  112.00    0.00    0.00  112.00     9  bt-mz.B.24
04:06:35         3936  102.00    0.00    0.00  102.00    17  bt-mz.B.24
04:06:35         3937  105.50    0.50    0.00  106.00     2  bt-mz.B.24
04:06:35         3939  112.00    0.00    0.00  112.00    15  bt-mz.B.24
04:06:35         3941  107.00    0.00    0.00  107.00    26  bt-mz.B.24

04:06:35          PID    %usr %system  %guest    %CPU   CPU  Command
04:06:37          153    0.00    0.50    0.00    0.50    22  events/22
04:06:37         3147    0.00    0.50    0.00    0.50    14  kondemand/14
04:06:37         3149    0.00    0.50    0.00    0.50    16  kondemand/16
04:06:37         3158    0.00    0.50    0.00    0.50    25  kondemand/25
04:06:37         3893    0.50    1.00    0.00    1.50     0  top
04:06:37         3895    0.50    1.50    0.00    2.00    10  pidstat
04:06:37         3897    1.00    2.00    0.00    3.00    25  pidstat
04:06:37         3906  112.50    0.00    0.00  112.50     6  bt-mz.B.24
04:06:37         3907  114.00    0.00    0.00  114.00    31  bt-mz.B.24
04:06:37         3908  113.50    0.00    0.00  113.50     3  bt-mz.B.24
04:06:37         3909  108.50    0.00    0.00  108.50     1  bt-mz.B.24
04:06:37         3910  108.50    0.00    0.00  108.50    22  bt-mz.B.24
04:06:37         3911  108.00    0.00    0.00  108.00    23  bt-mz.B.24
04:06:37         3912  104.00    0.00    0.00  104.00     0  bt-mz.B.24
04:06:37         3913  103.00    0.00    0.00  103.00     4  bt-mz.B.24
04:06:37         3914  108.50    0.00    0.00  108.50    27  bt-mz.B.24
04:06:37         3915  105.50    0.00    0.00  105.50    17  bt-mz.B.24
04:06:37         3916  107.00    0.00    0.00  107.00     7  bt-mz.B.24
04:06:37         3918  108.50    0.00    0.00  108.50     2  bt-mz.B.24
04:06:37         3920  109.50    0.50    0.00  110.00    12  bt-mz.B.24
04:06:37         3923  102.50    0.00    0.00  102.50    16  bt-mz.B.24
04:06:37         3925  113.00    0.00    0.00  113.00    30  bt-mz.B.24
04:06:37         3926  112.00    0.00    0.00  112.00     8  bt-mz.B.24
04:06:37         3928  112.00    0.00    0.00  112.00    13  bt-mz.B.24
04:06:37         3930  112.50    0.50    0.00  113.00    11  bt-mz.B.24
04:06:37         3931  108.00    0.00    0.00  108.00    10  bt-mz.B.24
04:06:37         3935  113.00    0.00    0.00  113.00     9  bt-mz.B.24
04:06:37         3936  108.50    0.00    0.00  108.50    20  bt-mz.B.24
04:06:37         3937  109.00    0.00    0.00  109.00    21  bt-mz.B.24
04:06:37         3939  112.50    0.00    0.00  112.50    15  bt-mz.B.24
04:06:37         3941  107.50    0.00    0.00  107.50    26  bt-mz.B.24

04:06:37          PID    %usr %system  %guest    %CPU   CPU  Command
04:06:39         3021    0.00    1.00    0.00    1.00    19  flush-8:0
04:06:39         3138    0.00    0.50    0.00    0.50     5  kondemand/5
04:06:39         3164    0.00    0.50    0.00    0.50    31  kondemand/31
04:06:39         3180    0.00    0.50    0.00    0.50    26  kipmi0
04:06:39         3893    0.50    1.00    0.00    1.50     0  top
04:06:39         3895    0.50    2.00    0.00    2.50    10  pidstat
04:06:39         3897    0.00    1.50    0.00    1.50    25  pidstat
04:06:39         3906  116.00    0.00    0.00  116.00    18  bt-mz.B.24
04:06:39         3907  106.50    0.00    0.00  106.50     9  bt-mz.B.24
04:06:39         3908  100.50    0.00    0.00  100.50    29  bt-mz.B.24
04:06:39         3909  104.00    0.00    0.00  104.00     6  bt-mz.B.24
04:06:39         3910  105.00    0.00    0.00  105.00    17  bt-mz.B.24
04:06:39         3911  102.50    0.00    0.00  102.50     7  bt-mz.B.24
04:06:39         3912  105.50    0.00    0.00  105.50    16  bt-mz.B.24
04:06:39         3913  106.00    0.00    0.00  106.00     3  bt-mz.B.24
04:06:39         3914  106.00    0.00    0.00  106.00    27  bt-mz.B.24
04:06:39         3915  107.50    0.00    0.00  107.50    20  bt-mz.B.24
04:06:39         3916   99.50    0.00    0.00   99.50     1  bt-mz.B.24
04:06:39         3918  111.50    0.00    0.00  111.50    22  bt-mz.B.24
04:06:39         3920  108.50    0.00    0.00  108.50    28  bt-mz.B.24
04:06:39         3923  106.00    0.00    0.00  106.00    19  bt-mz.B.24
04:06:39         3925  108.00    0.00    0.00  108.00    31  bt-mz.B.24
04:06:39         3926  110.50    0.00    0.00  110.50     8  bt-mz.B.24
04:06:39         3928  109.00    0.00    0.00  109.00    11  bt-mz.B.24
04:06:39         3930  106.50    0.00    0.00  106.50    30  bt-mz.B.24
04:06:39         3931  103.00    0.00    0.00  103.00    14  bt-mz.B.24
04:06:39         3935  105.50    0.00    0.00  105.50    13  bt-mz.B.24
04:06:39         3936  102.00    0.00    0.00  102.00     0  bt-mz.B.24
04:06:39         3937  110.50    0.00    0.00  110.50     5  bt-mz.B.24
04:06:39         3939  107.00    0.00    0.00  107.00    24  bt-mz.B.24
04:06:39         3941  106.50    0.00    0.00  106.50    26  bt-mz.B.24

04:06:39          PID    %usr %system  %guest    %CPU   CPU  Command
04:06:41          105    0.00    0.50    0.00    0.50    25  ksoftirqd/25
04:06:41         3893    0.50    0.50    0.00    1.00     0  top
04:06:41         3895    0.50    2.00    0.00    2.50    10  pidstat
04:06:41         3897    0.50    1.50    0.00    2.00    25  pidstat
04:06:41         3906  109.00    0.00    0.00  109.00     2  bt-mz.B.24
04:06:41         3907  103.50    0.00    0.00  103.50    30  bt-mz.B.24
04:06:41         3908  106.50    0.00    0.00  106.50    13  bt-mz.B.24
04:06:41         3909  109.50    0.00    0.00  109.50     7  bt-mz.B.24
04:06:41         3910  105.00    0.00    0.00  105.00    18  bt-mz.B.24
04:06:41         3911  105.50    0.00    0.00  105.50    23  bt-mz.B.24
04:06:41         3912  112.00    0.00    0.00  112.00     0  bt-mz.B.24
04:06:41         3913  106.00    0.00    0.00  106.00     3  bt-mz.B.24
04:06:41         3914  109.00    0.00    0.00  109.00    26  bt-mz.B.24
04:06:41         3915  111.00    0.00    0.00  111.00     4  bt-mz.B.24
04:06:41         3916  113.50    0.00    0.00  113.50    17  bt-mz.B.24
04:06:41         3918  113.50    0.00    0.00  113.50     6  bt-mz.B.24
04:06:41         3920  114.00    0.00    0.00  114.00    28  bt-mz.B.24
04:06:41         3923  105.50    0.00    0.00  105.50    19  bt-mz.B.24
04:06:41         3925  114.00    0.00    0.00  114.00    31  bt-mz.B.24
04:06:41         3926  107.50    0.50    0.00  108.00    24  bt-mz.B.24
04:06:41         3928  106.00    0.50    0.00  106.50    25  bt-mz.B.24
04:06:41         3930  111.00    0.00    0.00  111.00     9  bt-mz.B.24
04:06:41         3931  106.50    0.00    0.00  106.50    14  bt-mz.B.24
04:06:41         3935  113.00    0.00    0.00  113.00    27  bt-mz.B.24
04:06:41         3936  103.50    0.00    0.00  103.50    16  bt-mz.B.24
04:06:41         3937  113.00    0.00    0.00  113.00     5  bt-mz.B.24
04:06:41         3939  109.00    0.00    0.00  109.00    29  bt-mz.B.24
04:06:41         3941  105.00    0.00    0.00  105.00    26  bt-mz.B.24

04:06:41          PID    %usr %system  %guest    %CPU   CPU  Command
04:06:43         1063    0.00    0.50    0.00    0.50     5  jbd2/sda1-8
04:06:43         3134    0.00    0.50    0.00    0.50     1  kondemand/1
04:06:43         3136    0.00    0.50    0.00    0.50     3  kondemand/3
04:06:43         3153    0.00    0.50    0.00    0.50    20  kondemand/20
04:06:43         3154    0.00    0.50    0.00    0.50    21  kondemand/21
04:06:43         3155    0.00    0.50    0.00    0.50    22  kondemand/22
04:06:43         3180    0.00    0.50    0.00    0.50    10  kipmi0
04:06:43         3893    0.50    0.50    0.00    1.00     0  top
04:06:43         3895    0.50    1.50    0.00    2.00    10  pidstat
04:06:43         3897    1.00    2.50    0.00    3.50     9  pidstat
04:06:43         3906  114.50    0.00    0.00  114.50     2  bt-mz.B.24
04:06:43         3907  113.50    0.00    0.00  113.50     9  bt-mz.B.24
04:06:43         3908  103.50    0.00    0.00  103.50    11  bt-mz.B.24
04:06:43         3909  108.00    0.00    0.00  108.00     3  bt-mz.B.24
04:06:43         3910  102.00    0.00    0.00  102.00     5  bt-mz.B.24
04:06:43         3911  109.00    0.00    0.00  109.00    23  bt-mz.B.24
04:06:43         3912  105.00    0.00    0.00  105.00    20  bt-mz.B.24
04:06:43         3913  104.00    0.00    0.00  104.00     0  bt-mz.B.24
04:06:43         3914  110.00    0.00    0.00  110.00    26  bt-mz.B.24
04:06:43         3915  107.00    0.00    0.00  107.00     7  bt-mz.B.24
04:06:43         3916  108.50    0.50    0.00  109.00     1  bt-mz.B.24
04:06:43         3918  110.00    0.00    0.00  110.00     6  bt-mz.B.24
04:06:43         3920  111.00    0.00    0.00  111.00    13  bt-mz.B.24
04:06:43         3923  107.00    0.00    0.00  107.00    19  bt-mz.B.24
04:06:43         3925  110.00    0.00    0.00  110.00    29  bt-mz.B.24
04:06:43         3926  111.00    0.00    0.00  111.00    14  bt-mz.B.24
04:06:43         3928  110.00    0.00    0.00  110.00     8  bt-mz.B.24
04:06:43         3930  107.00    0.00    0.00  107.00    27  bt-mz.B.24
04:06:43         3931  107.50    0.00    0.00  107.50    16  bt-mz.B.24
04:06:43         3935  108.50    0.50    0.00  109.00    30  bt-mz.B.24
04:06:43         3936  102.00    0.00    0.00  102.00     4  bt-mz.B.24
04:06:43         3937  108.50    0.00    0.00  108.50    21  bt-mz.B.24
04:06:43         3939  107.00    0.00    0.00  107.00    12  bt-mz.B.24
04:06:43         3941  105.50    0.00    0.00  105.50    15  bt-mz.B.24

04:06:43          PID    %usr %system  %guest    %CPU   CPU  Command
04:06:45         3163    0.00    0.50    0.00    0.50    30  kondemand/30
04:06:45         3180    0.00    1.00    0.00    1.00    26  kipmi0
04:06:45         3893    0.50    0.50    0.00    1.00     0  top
04:06:45         3895    1.00    1.50    0.00    2.50    10  pidstat
04:06:45         3897    0.50    1.50    0.00    2.00     9  pidstat
04:06:45         3898    0.00    0.50    0.00    0.50     5  mpstat
04:06:45         3906  106.00    0.00    0.00  106.00     2  bt-mz.B.24
04:06:45         3907  111.50    0.50    0.00  112.00    25  bt-mz.B.24
04:06:45         3908  111.00    0.50    0.00  111.50    11  bt-mz.B.24
04:06:45         3909  106.00    0.00    0.00  106.00     7  bt-mz.B.24
04:06:45         3910  105.00    0.00    0.00  105.00     3  bt-mz.B.24
04:06:45         3911  106.50    0.00    0.00  106.50    23  bt-mz.B.24
04:06:45         3912   95.50    0.00    0.00   95.50    16  bt-mz.B.24
04:06:45         3913   91.00    0.00    0.00   91.00    22  bt-mz.B.24
04:06:45         3914  111.00    0.00    0.00  111.00    26  bt-mz.B.24
04:06:45         3915  105.50    0.00    0.00  105.50     4  bt-mz.B.24
04:06:45         3916  110.50    0.00    0.00  110.50     1  bt-mz.B.24
04:06:45         3918  104.00    0.00    0.00  104.00    17  bt-mz.B.24
04:06:45         3920  104.00    0.00    0.00  104.00    28  bt-mz.B.24
04:06:45         3923  107.50    0.00    0.00  107.50     6  bt-mz.B.24
04:06:45         3925  107.00    0.00    0.00  107.00    13  bt-mz.B.24
04:06:45         3926  110.50    0.00    0.00  110.50    14  bt-mz.B.24
04:06:45         3928  107.50    0.00    0.00  107.50    12  bt-mz.B.24
04:06:45         3930  107.00    0.00    0.00  107.00    15  bt-mz.B.24
04:06:45         3931  103.00    0.00    0.00  103.00     0  bt-mz.B.24
04:06:45         3935  109.00    0.00    0.00  109.00     8  bt-mz.B.24
04:06:45         3936  105.50    0.00    0.00  105.50    18  bt-mz.B.24
04:06:45         3937  103.00    0.00    0.00  103.00    21  bt-mz.B.24
04:06:45         3939  111.50    0.50    0.00  112.00    31  bt-mz.B.24
04:06:45         3941  104.50    0.00    0.00  104.50    27  bt-mz.B.24

04:06:45          PID    %usr %system  %guest    %CPU   CPU  Command
04:06:47         3893    0.50    1.00    0.00    1.50     0  top
04:06:47         3895    0.50    1.50    0.00    2.00    10  pidstat
04:06:47         3897    1.00    1.50    0.00    2.50     9  pidstat
04:06:47         3906  110.00    0.00    0.00  110.00     2  bt-mz.B.24
04:06:47         3907  114.00    0.00    0.00  114.00    26  bt-mz.B.24
04:06:47         3908  113.00    0.00    0.00  113.00    25  bt-mz.B.24
04:06:47         3909  111.00    0.00    0.00  111.00    16  bt-mz.B.24
04:06:47         3910  106.50    0.00    0.00  106.50     6  bt-mz.B.24
04:06:47         3911  106.00    0.00    0.00  106.00    19  bt-mz.B.24
04:06:47         3912  105.50    0.00    0.00  105.50     3  bt-mz.B.24
04:06:47         3913  105.00    0.00    0.00  105.00    23  bt-mz.B.24
04:06:47         3914  101.00    0.50    0.00  101.50     9  bt-mz.B.24
04:06:47         3915  111.00    0.00    0.00  111.00     4  bt-mz.B.24
04:06:47         3916  115.00    0.00    0.00  115.00     1  bt-mz.B.24
04:06:47         3918  109.00    0.00    0.00  109.00     0  bt-mz.B.24
04:06:47         3920  118.50    0.00    0.00  118.50    12  bt-mz.B.24
04:06:47         3923  113.00    0.00    0.00  113.00    20  bt-mz.B.24
04:06:47         3925  118.50    0.00    0.00  118.50    11  bt-mz.B.24
04:06:47         3926  117.00    0.00    0.00  117.00    30  bt-mz.B.24
04:06:47         3928  113.00    0.00    0.00  113.00    26  bt-mz.B.24
04:06:47         3930  117.50    0.00    0.00  117.50    15  bt-mz.B.24
04:06:47         3931  107.50    0.00    0.00  107.50    22  bt-mz.B.24
04:06:47         3935  119.00    0.00    0.00  119.00     8  bt-mz.B.24
04:06:47         3936  109.50    0.00    0.00  109.50     7  bt-mz.B.24
04:06:47         3937  116.50    0.00    0.00  116.50    21  bt-mz.B.24
04:06:47         3939   95.00    0.00    0.00   95.00    31  bt-mz.B.24
04:06:47         3941  114.00    0.50    0.00  114.50    29  bt-mz.B.24
