Linux 2.6.32-279.14.1.el6.x86_64 (compute-641-14.local) 	04/21/20 	_x86_64_	(32 CPU)

02:40:44     CPU    %usr   %nice    %sys %iowait    %irq   %soft  %steal  %guest   %idle
02:40:46     all   67.45    0.00    4.48    0.02    0.00    0.08    0.00    0.00   27.98
02:40:48     all   84.98    0.00    0.17    0.00    0.00    0.00    0.00    0.00   14.84
02:40:50     all   85.59    0.00    0.17    0.00    0.00    0.00    0.00    0.00   14.24
02:40:52     all   89.56    0.00    0.17    0.00    0.00    0.00    0.00    0.00   10.27
02:40:54     all   89.90    0.00    0.16    0.00    0.00    0.00    0.00    0.00    9.94
02:40:56     all   89.78    0.00    0.16    0.00    0.00    0.00    0.00    0.00   10.06
02:40:58     all   89.70    0.00    0.20    0.00    0.00    0.00    0.00    0.00   10.10
02:41:00     all   93.56    0.00    0.17    0.00    0.00    0.00    0.00    0.00    6.27
02:41:02     all   89.12    0.00    0.16    0.00    0.00    0.00    0.00    0.00   10.72
02:41:04     all   89.89    0.00    0.19    0.00    0.00    0.00    0.00    0.00    9.92
02:41:06     all   90.51    0.00    0.17    0.00    0.00    0.00    0.00    0.00    9.32
02:41:08     all   88.18    0.00    0.16    0.00    0.00    0.00    0.00    0.00   11.66
02:41:10     all   93.94    0.00    0.17    0.00    0.00    0.00    0.00    0.00    5.89
02:41:12     all   90.88    0.00    0.17    0.00    0.00    0.00    0.00    0.00    8.95
02:41:14     all   92.01    0.00    0.17    0.00    0.00    0.00    0.00    0.00    7.81
02:41:16     all   89.09    0.00    0.20    0.00    0.00    0.00    0.00    0.00   10.71
02:41:18     all   92.29    0.00    0.17    0.00    0.00    0.00    0.00    0.00    7.53
02:41:20     all   87.86    0.00    0.19    0.00    0.00    0.02    0.00    0.00   11.94
02:41:22     all   89.71    0.00    0.17    0.00    0.00    0.00    0.00    0.00   10.11
02:41:24     all   89.82    0.00    0.16    0.02    0.00    0.00    0.00    0.00   10.00
02:41:26     all   90.47    0.00    0.16    0.00    0.00    0.00    0.00    0.00    9.37
02:41:28     all   91.21    0.00    0.16    0.00    0.00    0.00    0.00    0.00    8.64
02:41:30     all   90.61    0.00    0.17    0.00    0.00    0.00    0.00    0.00    9.22
02:41:32     all   92.29    0.00    0.17    0.00    0.00    0.00    0.00    0.00    7.53
02:41:34     all   92.06    0.00    0.17    0.00    0.00    0.00    0.00    0.00    7.77
02:41:36     all   87.22    0.00    0.16    0.00    0.00    0.00    0.00    0.00   12.63
02:41:38     all   90.44    0.00    0.19    0.00    0.00    0.00    0.00    0.00    9.38
02:41:40     all   90.81    0.00    0.16    0.00    0.00    0.00    0.00    0.00    9.03
02:41:42     all   88.20    0.00    0.22    0.00    0.00    0.00    0.00    0.00   11.58
02:41:44     all   87.40    0.00    0.17    0.00    0.00    0.00    0.00    0.00   12.43
02:41:46     all   90.08    0.00    0.17    0.00    0.00    0.00    0.00    0.00    9.75
02:41:48     all   89.58    0.00    0.17    0.00    0.00    0.00    0.00    0.00   10.25
02:41:50     all   90.15    0.00    0.16    0.00    0.00    0.00    0.00    0.00    9.69
02:41:52     all   92.03    0.00    0.17    0.00    0.00    0.00    0.00    0.00    7.80
02:41:54     all   91.76    0.00    0.19    0.00    0.00    0.00    0.00    0.00    8.05
02:41:56     all   91.08    0.00    0.19    0.00    0.00    0.00    0.00    0.00    8.74
02:41:58     all   89.03    0.00    0.17    0.00    0.00    0.00    0.00    0.00   10.80
02:42:00     all   91.18    0.00    0.16    0.00    0.00    0.00    0.00    0.00    8.66
02:42:02     all   91.95    0.00    0.17    0.00    0.00    0.00    0.00    0.00    7.88
02:42:04     all   89.38    0.00    0.16    0.00    0.00    0.00    0.00    0.00   10.47
02:42:06     all   90.82    0.00    0.16    0.00    0.00    0.00    0.00    0.00    9.02
02:42:08     all   87.53    0.00    0.16    0.00    0.00    0.00    0.00    0.00   12.32
