Linux 2.6.32-279.14.1.el6.x86_64 (compute-641-14.local) 	04/21/20 	_x86_64_	(32 CPU)

02:16:08          PID    %usr %system  %guest    %CPU   CPU  Command
02:16:10          113    0.00    0.49    0.00    0.49    27  ksoftirqd/27
02:16:10          142    0.00    0.49    0.00    0.49    11  events/11
02:16:10         3137    0.00    0.49    0.00    0.49     4  kondemand/4
02:16:10         3151    0.00    0.49    0.00    0.49    18  kondemand/18
02:16:10         3153    0.00    0.49    0.00    0.49    20  kondemand/20
02:16:10         3157    0.00    0.49    0.00    0.49    24  kondemand/24
02:16:10         3160    0.00    0.49    0.00    0.49    27  kondemand/27
02:16:10         3163    0.00    0.49    0.00    0.49    30  kondemand/30
02:16:10         3180    0.00    0.49    0.00    0.49     3  kipmi0
02:16:10         4128    0.49    0.49    0.00    0.99    16  gmond
02:16:10        11641    3.45    0.99    0.00    4.43     0  mpirun
02:16:10        11647    0.00    0.99    0.00    0.99    24  top
02:16:10        11649    0.49    1.48    0.00    1.97    22  pidstat
02:16:10        11651    0.49    1.97    0.00    2.46    26  pidstat
02:16:10        11661  132.02   11.82    0.00  143.84    16  bt-mz.B.32
02:16:10        11662  131.53   18.23    0.00  149.75    17  bt-mz.B.32
02:16:10        11663  130.54   17.73    0.00  148.28    18  bt-mz.B.32
02:16:10        11664  116.75   21.18    0.00  137.93    19  bt-mz.B.32
02:16:10        11665  117.24   20.20    0.00  137.44    20  bt-mz.B.32
02:16:10        11666  112.81   23.65    0.00  136.45    21  bt-mz.B.32
02:16:10        11667  102.96   25.12    0.00  128.08     6  bt-mz.B.32
02:16:10        11668  105.42   22.66    0.00  128.08    23  bt-mz.B.32
02:16:10        11669   96.55   31.03    0.00  127.59     8  bt-mz.B.32
02:16:10        11672   99.01   26.11    0.00  125.12     9  bt-mz.B.32
02:16:10        11674   92.12   34.48    0.00  126.60    10  bt-mz.B.32
02:16:10        11675   97.04   30.54    0.00  127.59    27  bt-mz.B.32
02:16:10        11679   95.07   31.03    0.00  126.11    28  bt-mz.B.32
02:16:10        11681   94.09   32.02    0.00  126.11    29  bt-mz.B.32

02:16:10          PID    %usr %system  %guest    %CPU   CPU  Command
02:16:12         3139    0.00    0.50    0.00    0.50     6  kondemand/6
02:16:12         3144    0.00    0.50    0.00    0.50    11  kondemand/11
02:16:12         3147    0.00    0.50    0.00    0.50    14  kondemand/14
02:16:12         3180    0.00    0.50    0.00    0.50     3  kipmi0
02:16:12         3852    0.50    0.50    0.00    1.00    24  pbs_mom
02:16:12        11647    0.50    1.00    0.00    1.50    24  top
02:16:12        11649    1.00    2.00    0.00    3.00    22  pidstat
02:16:12        11651    1.00    2.00    0.00    3.00    10  pidstat
02:16:12        11661  171.50    1.50    0.00  173.00     0  bt-mz.B.32
02:16:12        11662  171.50   10.00    0.00  181.50    17  bt-mz.B.32
02:16:12        11663  169.50    9.50    0.00  179.00    18  bt-mz.B.32
02:16:12        11664  147.50   17.00    0.00  164.50    19  bt-mz.B.32
02:16:12        11665  149.50   16.00    0.00  165.50    20  bt-mz.B.32
02:16:12        11666  145.00   18.50    0.00  163.50    21  bt-mz.B.32
02:16:12        11667  131.50   20.00    0.00  151.50     6  bt-mz.B.32
02:16:12        11668  130.50   21.50    0.00  152.00    23  bt-mz.B.32
02:16:12        11669  125.00   27.00    0.00  152.00    24  bt-mz.B.32
02:16:12        11672  125.50   23.50    0.00  149.00     9  bt-mz.B.32
02:16:12        11674  117.50   33.00    0.00  150.50    26  bt-mz.B.32
02:16:12        11675  123.50   28.50    0.00  152.00    27  bt-mz.B.32
02:16:12        11679  119.50   31.00    0.00  150.50    28  bt-mz.B.32
02:16:12        11681  119.00   31.50    0.00  150.50    29  bt-mz.B.32

02:16:12          PID    %usr %system  %guest    %CPU   CPU  Command
02:16:14          159    0.00    0.50    0.00    0.50    28  events/28
02:16:14         3155    0.00    0.50    0.00    0.50    22  kondemand/22
02:16:14         3159    0.00    0.50    0.00    0.50    26  kondemand/26
02:16:14         3162    0.00    0.50    0.00    0.50    29  kondemand/29
02:16:14         3195    0.00    0.50    0.00    0.50    12  irqbalance
02:16:14         4128    0.00    0.50    0.00    0.50    16  gmond
02:16:14        11647    1.00    0.50    0.00    1.50    24  top
02:16:14        11649    0.50    1.50    0.00    2.00    22  pidstat
02:16:14        11651    0.50    2.00    0.00    2.50    26  pidstat
02:16:14        11661  173.50    1.50    0.00  175.00     0  bt-mz.B.32
02:16:14        11662  172.00   10.50    0.00  182.50    17  bt-mz.B.32
02:16:14        11663  169.00   12.00    0.00  181.00    18  bt-mz.B.32
02:16:14        11664  149.00   17.00    0.00  166.00    19  bt-mz.B.32
02:16:14        11665  148.50   17.50    0.00  166.00    20  bt-mz.B.32
02:16:14        11666  145.50   19.00    0.00  164.50    21  bt-mz.B.32
02:16:14        11667  132.50   21.00    0.00  153.50     6  bt-mz.B.32
02:16:14        11668  132.00   22.00    0.00  154.00    23  bt-mz.B.32
02:16:14        11669  125.50   28.00    0.00  153.50    24  bt-mz.B.32
02:16:14        11672  125.00   25.00    0.00  150.00     9  bt-mz.B.32
02:16:14        11674  121.50   31.00    0.00  152.50    10  bt-mz.B.32
02:16:14        11675  124.00   29.50    0.00  153.50    27  bt-mz.B.32
02:16:14        11679  120.50   31.00    0.00  151.50    28  bt-mz.B.32
02:16:14        11681  118.50   33.00    0.00  151.50    29  bt-mz.B.32

02:16:14          PID    %usr %system  %guest    %CPU   CPU  Command
02:16:16         3133    0.00    0.50    0.00    0.50     0  kondemand/0
02:16:16         3135    0.00    0.50    0.00    0.50     2  kondemand/2
02:16:16         3146    0.00    0.50    0.00    0.50    13  kondemand/13
02:16:16         3149    0.00    0.50    0.00    0.50    16  kondemand/16
02:16:16         4128    0.00    0.50    0.00    0.50    16  gmond
02:16:16        11647    0.50    1.00    0.00    1.49    24  top
02:16:16        11649    0.50    1.99    0.00    2.49    22  pidstat
02:16:16        11651    0.50    1.99    0.00    2.49    26  pidstat
02:16:16        11661  173.13    1.00    0.00  174.13     0  bt-mz.B.32
02:16:16        11662  171.14   11.44    0.00  182.59    17  bt-mz.B.32
02:16:16        11663  168.66   11.44    0.00  180.10    18  bt-mz.B.32
02:16:16        11664  148.26   16.92    0.00  165.17    19  bt-mz.B.32
02:16:16        11665  148.26   17.41    0.00  165.67    20  bt-mz.B.32
02:16:16        11666  144.78   18.91    0.00  163.68    21  bt-mz.B.32
02:16:16        11667  131.34   21.39    0.00  152.74     6  bt-mz.B.32
02:16:16        11668  131.34   20.90    0.00  152.24    23  bt-mz.B.32
02:16:16        11669  124.38   26.87    0.00  151.24     8  bt-mz.B.32
02:16:16        11672  124.38   24.88    0.00  149.25     9  bt-mz.B.32
02:16:16        11674  117.91   33.33    0.00  151.24    10  bt-mz.B.32
02:16:16        11675  122.89   28.86    0.00  151.74    27  bt-mz.B.32
02:16:16        11679  118.91   31.34    0.00  150.25    28  bt-mz.B.32
02:16:16        11681  116.92   33.33    0.00  150.25    29  bt-mz.B.32

02:16:16          PID    %usr %system  %guest    %CPU   CPU  Command
02:16:18         3154    0.00    0.50    0.00    0.50    21  kondemand/21
02:16:18         3180    0.00    0.50    0.00    0.50     3  kipmi0
02:16:18         3852    0.00    0.50    0.00    0.50    24  pbs_mom
02:16:18        11647    0.50    0.50    0.00    1.00    24  top
02:16:18        11649    0.50    2.00    0.00    2.50    22  pidstat
02:16:18        11651    1.50    1.50    0.00    3.00    26  pidstat
02:16:18        11661  173.50    1.50    0.00  175.00     0  bt-mz.B.32
02:16:18        11662  171.50   10.50    0.00  182.00    17  bt-mz.B.32
02:16:18        11663  169.00   11.50    0.00  180.50    18  bt-mz.B.32
02:16:18        11664  148.00   17.00    0.00  165.00    19  bt-mz.B.32
02:16:18        11665  151.00   15.50    0.00  166.50    20  bt-mz.B.32
02:16:18        11666  146.00   18.50    0.00  164.50    21  bt-mz.B.32
02:16:18        11667  132.00   21.50    0.00  153.50     6  bt-mz.B.32
02:16:18        11668  131.50   22.00    0.00  153.50    23  bt-mz.B.32
02:16:18        11669  124.00   28.00    0.00  152.00     8  bt-mz.B.32
02:16:18        11672  126.00   23.50    0.00  149.50     9  bt-mz.B.32
02:16:18        11674  120.50   32.50    0.00  153.00    10  bt-mz.B.32
02:16:18        11675  123.50   29.00    0.00  152.50    27  bt-mz.B.32
02:16:18        11679  121.50   30.00    0.00  151.50    28  bt-mz.B.32
02:16:18        11681  118.50   33.00    0.00  151.50    29  bt-mz.B.32
