Linux 2.6.32-279.14.1.el6.x86_64 (compute-641-14.local) 	04/21/20 	_x86_64_	(32 CPU)

02:22:11          PID    %usr %system  %guest    %CPU   CPU  Command
02:22:13          101    0.00    0.49    0.00    0.49    24  ksoftirqd/24
02:22:13          129    0.00    0.49    0.00    0.49    31  ksoftirqd/31
02:22:13          136    0.00    0.49    0.00    0.49     5  events/5
02:22:13         3136    0.00    0.49    0.00    0.49     3  kondemand/3
02:22:13         3138    0.00    0.49    0.00    0.49     5  kondemand/5
02:22:13         3180    0.00    0.99    0.00    0.99    16  kipmi0
02:22:13         3852    0.00    0.49    0.00    0.49    24  pbs_mom
02:22:13         4128    0.00    0.49    0.00    0.49    16  gmond
02:22:13        14881    2.46    1.48    0.00    3.94    16  mpirun
02:22:13        14887    0.49    0.49    0.00    0.99     1  top
02:22:13        14889    0.99    1.48    0.00    2.46    21  pidstat
02:22:13        14891    1.48    1.48    0.00    2.96    27  pidstat
02:22:13        14901  134.48   10.34    0.00  144.83    16  bt-mz.B.32
02:22:13        14902  133.00   17.73    0.00  150.74    17  bt-mz.B.32
02:22:13        14903  133.00   15.76    0.00  148.77    18  bt-mz.B.32
02:22:13        14904  118.72   19.21    0.00  137.93    19  bt-mz.B.32
02:22:13        14905  116.26   21.18    0.00  137.44    20  bt-mz.B.32
02:22:13        14906  115.27   20.20    0.00  135.47     5  bt-mz.B.32
02:22:13        14907  103.94   24.63    0.00  128.57    22  bt-mz.B.32
02:22:13        14908  105.91   22.17    0.00  128.08    23  bt-mz.B.32
02:22:13        14909  102.46   25.12    0.00  127.59     8  bt-mz.B.32
02:22:13        14911   98.03   27.59    0.00  125.62     9  bt-mz.B.32
02:22:13        14914   93.60   33.00    0.00  126.60    26  bt-mz.B.32
02:22:13        14917   92.61   33.00    0.00  125.62    27  bt-mz.B.32
02:22:13        14919   93.10   32.51    0.00  125.62    28  bt-mz.B.32
02:22:13        14921   92.61   33.50    0.00  126.11    29  bt-mz.B.32

02:22:13          PID    %usr %system  %guest    %CPU   CPU  Command
02:22:15         3144    0.00    0.50    0.00    0.50    11  kondemand/11
02:22:15         3150    0.00    0.50    0.00    0.50    17  kondemand/17
02:22:15         3156    0.00    0.50    0.00    0.50    23  kondemand/23
02:22:15         3158    0.00    0.50    0.00    0.50    25  kondemand/25
02:22:15        14887    0.50    0.50    0.00    1.00     1  top
02:22:15        14889    0.50    2.00    0.00    2.50     5  pidstat
02:22:15        14891    0.00    1.50    0.00    1.50    27  pidstat
02:22:15        14901  172.50    1.50    0.00  174.00     0  bt-mz.B.32
02:22:15        14902  171.00   10.00    0.00  181.00     1  bt-mz.B.32
02:22:15        14903  167.50   11.00    0.00  178.50    18  bt-mz.B.32
02:22:15        14904  148.00   16.00    0.00  164.00    19  bt-mz.B.32
02:22:15        14905  148.50   16.00    0.00  164.50    20  bt-mz.B.32
02:22:15        14906  145.50   16.50    0.00  162.00    21  bt-mz.B.32
02:22:15        14907  131.00   21.50    0.00  152.50    22  bt-mz.B.32
02:22:15        14908  132.00   20.00    0.00  152.00    23  bt-mz.B.32
02:22:15        14909  126.00   24.50    0.00  150.50     8  bt-mz.B.32
02:22:15        14911  125.50   23.50    0.00  149.00     9  bt-mz.B.32
02:22:15        14914  118.50   33.00    0.00  151.50    26  bt-mz.B.32
02:22:15        14917  121.00   30.50    0.00  151.50    11  bt-mz.B.32
02:22:15        14919  118.00   32.50    0.00  150.50    28  bt-mz.B.32
02:22:15        14921  117.00   33.00    0.00  150.00    29  bt-mz.B.32

02:22:15          PID    %usr %system  %guest    %CPU   CPU  Command
02:22:17         3134    0.00    0.50    0.00    0.50     1  kondemand/1
02:22:17         3135    0.00    0.50    0.00    0.50     2  kondemand/2
02:22:17         3137    0.00    0.50    0.00    0.50     4  kondemand/4
02:22:17         3141    0.00    0.50    0.00    0.50     8  kondemand/8
02:22:17         3146    0.00    0.50    0.00    0.50    13  kondemand/13
02:22:17         3154    0.00    0.50    0.00    0.50    21  kondemand/21
02:22:17         3157    0.00    0.50    0.00    0.50    24  kondemand/24
02:22:17         3180    0.00    0.50    0.00    0.50     6  kipmi0
02:22:17         4128    0.00    0.50    0.00    0.50    16  gmond
02:22:17        14887    0.50    1.00    0.00    1.50     1  top
02:22:17        14889    0.50    2.00    0.00    2.50     5  pidstat
02:22:17        14891    0.50    2.50    0.00    3.00    27  pidstat
02:22:17        14901  173.50    2.00    0.00  175.50     0  bt-mz.B.32
02:22:17        14902  173.00    9.50    0.00  182.50     1  bt-mz.B.32
02:22:17        14903  168.50   12.00    0.00  180.50    18  bt-mz.B.32
02:22:17        14904  149.00   17.00    0.00  166.00    19  bt-mz.B.32
02:22:17        14905  148.00   18.00    0.00  166.00    20  bt-mz.B.32
02:22:17        14906  147.00   16.50    0.00  163.50    21  bt-mz.B.32
02:22:17        14907  131.00   22.50    0.00  153.50    22  bt-mz.B.32
02:22:17        14908  132.50   20.50    0.00  153.00    23  bt-mz.B.32
02:22:17        14909  130.00   23.50    0.00  153.50     8  bt-mz.B.32
02:22:17        14911  127.00   23.50    0.00  150.50     9  bt-mz.B.32
02:22:17        14914  119.00   33.00    0.00  152.00    26  bt-mz.B.32
02:22:17        14917  120.00   31.50    0.00  151.50    11  bt-mz.B.32
02:22:17        14919  119.50   31.50    0.00  151.00    28  bt-mz.B.32
02:22:17        14921  116.00   34.50    0.00  150.50    29  bt-mz.B.32

02:22:17          PID    %usr %system  %guest    %CPU   CPU  Command
02:22:19         1063    0.00    0.50    0.00    0.50    12  jbd2/sda1-8
02:22:19         4128    0.00    0.50    0.00    0.50    16  gmond
02:22:19        14887    0.00    1.00    0.00    1.00     1  top
02:22:19        14889    1.00    1.50    0.00    2.50     5  pidstat
02:22:19        14891    1.00    1.50    0.00    2.50    27  pidstat
02:22:19        14901  174.50    2.00    0.00  176.50    16  bt-mz.B.32
02:22:19        14902  171.50   11.00    0.00  182.50     1  bt-mz.B.32
02:22:19        14903  169.00   10.50    0.00  179.50    18  bt-mz.B.32
02:22:19        14904  147.50   18.00    0.00  165.50    19  bt-mz.B.32
02:22:19        14905  149.50   16.00    0.00  165.50    20  bt-mz.B.32
02:22:19        14906  147.50   16.50    0.00  164.00    21  bt-mz.B.32
02:22:19        14907  132.50   21.50    0.00  154.00    22  bt-mz.B.32
02:22:19        14908  133.00   20.50    0.00  153.50    23  bt-mz.B.32
02:22:19        14909  131.00   21.50    0.00  152.50     8  bt-mz.B.32
02:22:19        14911  125.00   25.50    0.00  150.50     9  bt-mz.B.32
02:22:19        14914  120.50   31.50    0.00  152.00    26  bt-mz.B.32
02:22:19        14917  120.00   32.50    0.00  152.50    11  bt-mz.B.32
02:22:19        14919  118.50   32.00    0.00  150.50    28  bt-mz.B.32
02:22:19        14921  116.00   34.50    0.00  150.50    29  bt-mz.B.32

02:22:19          PID    %usr %system  %guest    %CPU   CPU  Command
02:22:21         3140    0.00    0.50    0.00    0.50     7  kondemand/7
02:22:21         3142    0.00    0.50    0.00    0.50     9  kondemand/9
02:22:21         3145    0.00    0.50    0.00    0.50    12  kondemand/12
02:22:21         3147    0.00    0.50    0.00    0.50    14  kondemand/14
02:22:21         3152    0.00    0.50    0.00    0.50    19  kondemand/19
02:22:21         3180    0.00    0.50    0.00    0.50     6  kipmi0
02:22:21         3593    0.50    0.00    0.00    0.50     0  fma
02:22:21        14887    1.00    0.50    0.00    1.50    17  top
02:22:21        14889    0.50    2.00    0.00    2.50     5  pidstat
02:22:21        14891    0.50    2.50    0.00    3.00    11  pidstat
02:22:21        14901  175.50    1.00    0.00  176.50    16  bt-mz.B.32
02:22:21        14902  176.00    9.00    0.00  185.00     1  bt-mz.B.32
02:22:21        14903  171.50   10.50    0.00  182.00    18  bt-mz.B.32
02:22:21        14904  149.00   17.50    0.00  166.50    19  bt-mz.B.32
02:22:21        14905  152.00   15.00    0.00  167.00    20  bt-mz.B.32
02:22:21        14906  147.50   17.50    0.00  165.00    21  bt-mz.B.32
02:22:21        14907  133.00   21.50    0.00  154.50    22  bt-mz.B.32
02:22:21        14908  134.00   21.00    0.00  155.00    23  bt-mz.B.32
02:22:21        14909  130.50   22.50    0.00  153.00     8  bt-mz.B.32
02:22:21        14911  127.00   24.50    0.00  151.50     9  bt-mz.B.32
02:22:21        14914  121.50   32.50    0.00  154.00    26  bt-mz.B.32
02:22:21        14917  120.00   33.00    0.00  153.00    27  bt-mz.B.32
02:22:21        14919  121.50   31.50    0.00  153.00    28  bt-mz.B.32
02:22:21        14921  119.00   33.50    0.00  152.50    29  bt-mz.B.32

02:22:21          PID    %usr %system  %guest    %CPU   CPU  Command
02:22:23         3133    0.00    0.50    0.00    0.50     0  kondemand/0
02:22:23         3143    0.00    0.50    0.00    0.50    10  kondemand/10
02:22:23         3159    0.00    0.50    0.00    0.50    26  kondemand/26
02:22:23         4128    0.00    0.50    0.00    0.50    16  gmond
02:22:23        14887    0.50    1.00    0.00    1.50    17  top
02:22:23        14889    0.50    1.50    0.00    2.00     5  pidstat
02:22:23        14891    0.50    1.50    0.00    2.00    11  pidstat
02:22:23        14901  168.00    4.00    0.00  172.00    16  bt-mz.B.32
02:22:23        14902  165.00   12.50    0.00  177.50    17  bt-mz.B.32
02:22:23        14903  161.50   14.00    0.00  175.50    18  bt-mz.B.32
02:22:23        14904  144.00   18.50    0.00  162.50    19  bt-mz.B.32
02:22:23        14905  143.00   18.50    0.00  161.50    20  bt-mz.B.32
02:22:23        14906  141.50   18.50    0.00  160.00    21  bt-mz.B.32
02:22:23        14907  129.00   21.50    0.00  150.50    22  bt-mz.B.32
02:22:23        14908  126.50   22.50    0.00  149.00    23  bt-mz.B.32
02:22:23        14909  125.00   24.50    0.00  149.50     8  bt-mz.B.32
02:22:23        14911  123.00   24.00    0.00  147.00     9  bt-mz.B.32
02:22:23        14914  112.50   35.50    0.00  148.00    26  bt-mz.B.32
02:22:23        14917  114.50   35.00    0.00  149.50    27  bt-mz.B.32
02:22:23        14919  114.50   32.50    0.00  147.00    28  bt-mz.B.32
02:22:23        14921  112.00   35.50    0.00  147.50    29  bt-mz.B.32
