Linux 2.6.32-279.14.1.el6.x86_64 (compute-662-5.local) 	04/21/20 	_x86_64_	(48 CPU)

02:06:44          PID    %usr %system  %guest    %CPU   CPU  Command
02:06:46         4111    0.00    0.49    0.00    0.49     0  kondemand/0
02:06:46         4138    0.00    0.49    0.00    0.49    27  kondemand/27
02:06:46         4140    0.00    0.49    0.00    0.49    29  kondemand/29
02:06:46         4158    0.00    0.49    0.00    0.49    47  kondemand/47
02:06:46         4174    0.00    1.46    0.00    1.46    24  kipmi0
02:06:46        23393    0.00    0.98    0.00    0.98    15  gmond
02:06:46        29413    4.88    1.95    0.00    6.83    18  mpirun
02:06:46        29419    0.49    0.49    0.00    0.98    27  top
02:06:46        29421    0.98    2.93    0.00    3.90    17  pidstat
02:06:46        29423    1.46    2.93    0.00    4.39    14  pidstat
02:06:46        29433   22.44    6.34    0.00   28.78     0  bt-mz.B.24
02:06:46        29434   21.95    6.34    0.00   28.29    12  bt-mz.B.24
02:06:46        29435   20.98    6.83    0.00   27.80     1  bt-mz.B.24
02:06:46        29436   20.98    7.32    0.00   28.29    37  bt-mz.B.24
02:06:46        29437   20.49    6.34    0.00   26.83     2  bt-mz.B.24
02:06:46        29438   17.56    6.34    0.00   23.90    38  bt-mz.B.24
02:06:46        29439   20.98    6.34    0.00   27.32     3  bt-mz.B.24
02:06:46        29440   20.98    6.34    0.00   27.32    15  bt-mz.B.24
02:06:46        29441   20.00    4.88    0.00   24.88    28  bt-mz.B.24
02:06:46        29442   20.49    4.88    0.00   25.37    16  bt-mz.B.24
02:06:46        29445   19.51    5.37    0.00   24.88    29  bt-mz.B.24
02:06:46        29447   16.10    5.37    0.00   21.46    41  bt-mz.B.24
02:06:46        29448   19.02    5.85    0.00   24.88    30  bt-mz.B.24
02:06:46        29450   20.00    5.37    0.00   25.37    42  bt-mz.B.24

02:06:46          PID    %usr %system  %guest    %CPU   CPU  Command
02:06:48           61    0.00    0.50    0.00    0.50    14  ksoftirqd/14
02:06:48         4148    0.00    0.50    0.00    0.50    37  kondemand/37
02:06:48        23393    0.50    0.00    0.00    0.50    39  gmond
02:06:48        29419    1.00    1.00    0.00    2.00    25  top
02:06:48        29421    1.00    3.50    0.00    4.50    17  pidstat
02:06:48        29423    0.50    1.50    0.00    2.00    14  pidstat
02:06:48        29433  196.00    0.00    0.00  196.00     0  bt-mz.B.24
02:06:48        29434  179.50    0.00    0.00  179.50    12  bt-mz.B.24
02:06:48        29435  178.00    0.00    0.00  178.00     1  bt-mz.B.24
02:06:48        29436  172.00    0.00    0.00  172.00    37  bt-mz.B.24
02:06:48        29437  171.00    0.00    0.00  171.00     2  bt-mz.B.24
02:06:48        29438  171.00    0.00    0.00  171.00    38  bt-mz.B.24
02:06:48        29439  170.00    0.00    0.00  170.00     3  bt-mz.B.24
02:06:48        29440  169.00    0.00    0.00  169.00    15  bt-mz.B.24
02:06:48        29441  169.50    0.00    0.00  169.50    28  bt-mz.B.24
02:06:48        29442  173.50    0.00    0.00  173.50    16  bt-mz.B.24
02:06:48        29445  171.50    0.00    0.00  171.50    29  bt-mz.B.24
02:06:48        29447  170.00    0.00    0.00  170.00    41  bt-mz.B.24
02:06:48        29448  171.00    0.00    0.00  171.00    30  bt-mz.B.24
02:06:48        29450  172.00    0.00    0.00  172.00    42  bt-mz.B.24

02:06:48          PID    %usr %system  %guest    %CPU   CPU  Command
02:06:50         4149    0.00    0.50    0.00    0.50    38  kondemand/38
02:06:50         4151    0.00    0.50    0.00    0.50    40  kondemand/40
02:06:50        29419    0.50    1.50    0.00    2.00    25  top
02:06:50        29421    1.00    2.50    0.00    3.50    17  pidstat
02:06:50        29423    2.00    3.50    0.00    5.50    38  pidstat
02:06:50        29433  196.00    0.00    0.00  196.00     0  bt-mz.B.24
02:06:50        29434  178.50    0.00    0.00  178.50    12  bt-mz.B.24
02:06:50        29435  175.00    0.00    0.00  175.00     1  bt-mz.B.24
02:06:50        29436  169.50    0.00    0.00  169.50    37  bt-mz.B.24
02:06:50        29437  168.00    0.50    0.00  168.50     2  bt-mz.B.24
02:06:50        29438  168.00    0.00    0.00  168.00    14  bt-mz.B.24
02:06:50        29439  167.00    0.00    0.00  167.00     3  bt-mz.B.24
02:06:50        29440  166.50    0.00    0.00  166.50    15  bt-mz.B.24
02:06:50        29441  167.00    0.00    0.00  167.00    28  bt-mz.B.24
02:06:50        29442  171.50    0.00    0.00  171.50    16  bt-mz.B.24
02:06:50        29445  168.00    0.00    0.00  168.00    29  bt-mz.B.24
02:06:50        29447  169.50    0.00    0.00  169.50    41  bt-mz.B.24
02:06:50        29448  167.50    0.00    0.00  167.50    30  bt-mz.B.24
02:06:50        29450  170.00    0.00    0.00  170.00    42  bt-mz.B.24

02:06:50          PID    %usr %system  %guest    %CPU   CPU  Command
02:06:52         4117    0.00    0.50    0.00    0.50     6  kondemand/6
02:06:52         4128    0.00    0.50    0.00    0.50    17  kondemand/17
02:06:52         4133    0.00    0.50    0.00    0.50    22  kondemand/22
02:06:52         4135    0.00    0.50    0.00    0.50    24  kondemand/24
02:06:52         4150    0.00    0.50    0.00    0.50    39  kondemand/39
02:06:52        23393    0.50    0.50    0.00    1.00    39  gmond
02:06:52        29419    1.00    0.50    0.00    1.50    25  top
02:06:52        29421    1.00    3.00    0.00    4.00    17  pidstat
02:06:52        29423    1.00    3.00    0.00    4.00    38  pidstat
02:06:52        29433  198.00    0.00    0.00  198.00     0  bt-mz.B.24
02:06:52        29434  181.00    0.50    0.00  181.50    12  bt-mz.B.24
02:06:52        29435  177.50    0.00    0.00  177.50     1  bt-mz.B.24
02:06:52        29436  173.50    0.00    0.00  173.50    37  bt-mz.B.24
02:06:52        29437  172.00    0.00    0.00  172.00     2  bt-mz.B.24
02:06:52        29438  168.50    0.00    0.00  168.50    38  bt-mz.B.24
02:06:52        29439  171.50    0.00    0.00  171.50     3  bt-mz.B.24
02:06:52        29440  170.50    0.00    0.00  170.50    15  bt-mz.B.24
02:06:52        29441  170.50    0.00    0.00  170.50    28  bt-mz.B.24
02:06:52        29442  174.50    0.00    0.00  174.50    16  bt-mz.B.24
02:06:52        29445  172.50    0.00    0.00  172.50    29  bt-mz.B.24
02:06:52        29447  168.50    0.00    0.00  168.50    41  bt-mz.B.24
02:06:52        29448  172.00    0.00    0.00  172.00    30  bt-mz.B.24
02:06:52        29450  173.50    0.00    0.00  173.50    42  bt-mz.B.24

02:06:52          PID    %usr %system  %guest    %CPU   CPU  Command
02:06:54         4119    0.00    0.50    0.00    0.50     8  kondemand/8
02:06:54         4120    0.00    0.50    0.00    0.50     9  kondemand/9
02:06:54         4126    0.00    0.50    0.00    0.50    15  kondemand/15
02:06:54         4139    0.00    0.50    0.00    0.50    28  kondemand/28
02:06:54        29419    0.50    1.50    0.00    2.00    25  top
02:06:54        29421    1.00    3.00    0.00    4.00    17  pidstat
02:06:54        29423    1.00    2.00    0.00    3.00    38  pidstat
02:06:54        29425    0.00    0.50    0.00    0.50    26  iostat
02:06:54        29433  196.00    0.00    0.00  196.00     0  bt-mz.B.24
02:06:54        29434  180.00    0.00    0.00  180.00    12  bt-mz.B.24
02:06:54        29435  178.00    0.00    0.00  178.00     1  bt-mz.B.24
02:06:54        29436  171.50    0.00    0.00  171.50    37  bt-mz.B.24
02:06:54        29437  169.50    0.00    0.00  169.50     2  bt-mz.B.24
02:06:54        29438  171.00    0.00    0.00  171.00    14  bt-mz.B.24
02:06:54        29439  169.00    0.00    0.00  169.00     3  bt-mz.B.24
02:06:54        29440  168.00    0.00    0.00  168.00    15  bt-mz.B.24
02:06:54        29441  168.50    0.00    0.00  168.50    28  bt-mz.B.24
02:06:54        29442  173.00    0.00    0.00  173.00    16  bt-mz.B.24
02:06:54        29445  170.00    0.00    0.00  170.00    29  bt-mz.B.24
02:06:54        29447  169.50    0.00    0.00  169.50    41  bt-mz.B.24
02:06:54        29448  169.50    0.00    0.00  169.50    30  bt-mz.B.24
02:06:54        29450  171.00    0.00    0.00  171.00    42  bt-mz.B.24

02:06:54          PID    %usr %system  %guest    %CPU   CPU  Command
02:06:56         4141    0.00    0.50    0.00    0.50    30  kondemand/30
02:06:56         4147    0.00    0.50    0.00    0.50    36  kondemand/36
02:06:56        23393    0.00    0.50    0.00    0.50    39  gmond
02:06:56        29419    1.00    1.00    0.00    2.00     1  top
02:06:56        29421    1.00    3.00    0.00    4.00    17  pidstat
02:06:56        29423    1.50    3.00    0.00    4.50    14  pidstat
02:06:56        29433  197.50    0.00    0.00  197.50     0  bt-mz.B.24
02:06:56        29434  179.50    0.00    0.00  179.50    12  bt-mz.B.24
02:06:56        29435  176.00    0.00    0.00  176.00     1  bt-mz.B.24
02:06:56        29436  171.50    0.00    0.00  171.50    37  bt-mz.B.24
02:06:56        29437  170.50    0.00    0.00  170.50     2  bt-mz.B.24
02:06:56        29438  168.00    0.00    0.00  168.00    38  bt-mz.B.24
02:06:56        29439  169.50    0.00    0.00  169.50     3  bt-mz.B.24
02:06:56        29440  169.50    0.00    0.00  169.50    15  bt-mz.B.24
02:06:56        29441  169.50    0.00    0.00  169.50    28  bt-mz.B.24
02:06:56        29442  173.50    0.00    0.00  173.50    16  bt-mz.B.24
02:06:56        29445  171.00    0.00    0.00  171.00    29  bt-mz.B.24
02:06:56        29447  168.50    0.00    0.00  168.50    41  bt-mz.B.24
02:06:56        29448  170.00    0.00    0.00  170.00    30  bt-mz.B.24
02:06:56        29450  172.00    0.00    0.00  172.00    42  bt-mz.B.24

02:06:56          PID    %usr %system  %guest    %CPU   CPU  Command
02:06:58         4116    0.00    0.50    0.00    0.50     5  kondemand/5
02:06:58         4134    0.00    0.50    0.00    0.50    23  kondemand/23
02:06:58         4144    0.00    0.50    0.00    0.50    33  kondemand/33
02:06:58        23393    0.50    0.00    0.00    0.50    39  gmond
02:06:58        29419    1.00    1.00    0.00    2.00     1  top
02:06:58        29421    1.00    3.00    0.00    4.00    17  pidstat
02:06:58        29423    1.50    2.50    0.00    4.00    14  pidstat
02:06:58        29433  195.50    0.00    0.00  195.50     0  bt-mz.B.24
02:06:58        29434  179.00    0.00    0.00  179.00    12  bt-mz.B.24
02:06:58        29435  177.00    0.00    0.00  177.00    25  bt-mz.B.24
02:06:58        29436  172.00    0.00    0.00  172.00    37  bt-mz.B.24
02:06:58        29437  169.50    0.50    0.00  170.00     2  bt-mz.B.24
02:06:58        29438  169.00    0.00    0.00  169.00    38  bt-mz.B.24
02:06:58        29439  169.50    0.00    0.00  169.50     3  bt-mz.B.24
02:06:58        29440  168.50    0.00    0.00  168.50    15  bt-mz.B.24
02:06:58        29441  169.00    0.00    0.00  169.00    28  bt-mz.B.24
02:06:58        29442  173.00    0.00    0.00  173.00    16  bt-mz.B.24
02:06:58        29445  170.50    0.00    0.00  170.50    29  bt-mz.B.24
02:06:58        29447  168.00    0.00    0.00  168.00    41  bt-mz.B.24
02:06:58        29448  170.50    0.00    0.00  170.50    30  bt-mz.B.24
02:06:58        29450  172.00    0.00    0.00  172.00    42  bt-mz.B.24

02:06:58          PID    %usr %system  %guest    %CPU   CPU  Command
02:07:00         4112    0.00    0.50    0.00    0.50     1  kondemand/1
02:07:00         4124    0.00    0.50    0.00    0.50    13  kondemand/13
02:07:00         4132    0.00    0.50    0.00    0.50    21  kondemand/21
02:07:00         4152    0.00    0.50    0.00    0.50    41  kondemand/41
02:07:00         4155    0.00    0.50    0.00    0.50    44  kondemand/44
02:07:00        23393    0.00    0.50    0.00    0.50    39  gmond
02:07:00        29419    1.00    1.00    0.00    2.00     1  top
02:07:00        29421    1.50    2.50    0.00    4.00    17  pidstat
02:07:00        29423    1.50    3.00    0.00    4.50    14  pidstat
02:07:00        29433  198.00    0.00    0.00  198.00     0  bt-mz.B.24
02:07:00        29434  179.00    0.00    0.00  179.00    12  bt-mz.B.24
02:07:00        29435  177.50    0.00    0.00  177.50    25  bt-mz.B.24
02:07:00        29436  170.00    0.00    0.00  170.00    37  bt-mz.B.24
02:07:00        29437  169.00    0.00    0.00  169.00     2  bt-mz.B.24
02:07:00        29438  170.50    0.00    0.00  170.50    38  bt-mz.B.24
02:07:00        29439  168.00    0.00    0.00  168.00     3  bt-mz.B.24
02:07:00        29440  167.50    0.00    0.00  167.50    15  bt-mz.B.24
02:07:00        29441  167.50    0.00    0.00  167.50    28  bt-mz.B.24
02:07:00        29442  172.50    0.00    0.00  172.50    16  bt-mz.B.24
02:07:00        29445  169.00    0.00    0.00  169.00    29  bt-mz.B.24
02:07:00        29447  170.50    0.00    0.00  170.50    41  bt-mz.B.24
02:07:00        29448  168.00    0.00    0.00  168.00    30  bt-mz.B.24
02:07:00        29450  170.50    0.00    0.00  170.50    42  bt-mz.B.24

02:07:00          PID    %usr %system  %guest    %CPU   CPU  Command
02:07:02         4111    0.00    0.50    0.00    0.50     0  kondemand/0
02:07:02         4118    0.00    0.50    0.00    0.50     7  kondemand/7
02:07:02         4121    0.00    0.50    0.00    0.50    10  kondemand/10
02:07:02         4123    0.00    0.50    0.00    0.50    12  kondemand/12
02:07:02         4127    0.00    0.50    0.00    0.50    16  kondemand/16
02:07:02         4143    0.00    0.50    0.00    0.50    32  kondemand/32
02:07:02         4888    0.00    0.50    0.00    0.50    26  pbs_mom
02:07:02        23393    0.00    0.50    0.00    0.50    39  gmond
02:07:02        29419    1.00    1.00    0.00    2.00     1  top
02:07:02        29421    1.00    3.00    0.00    4.00    17  pidstat
02:07:02        29423    1.00    3.00    0.00    4.00    14  pidstat
02:07:02        29433  195.00    0.00    0.00  195.00     0  bt-mz.B.24
02:07:02        29434  179.00    0.00    0.00  179.00    12  bt-mz.B.24
02:07:02        29435  176.00    0.00    0.00  176.00     1  bt-mz.B.24
02:07:02        29436  171.50    0.00    0.00  171.50    37  bt-mz.B.24
02:07:02        29437  169.50    0.00    0.00  169.50     2  bt-mz.B.24
02:07:02        29438  168.00    0.00    0.00  168.00    38  bt-mz.B.24
02:07:02        29439  170.50    0.00    0.00  170.50     3  bt-mz.B.24
02:07:02        29440  169.50    0.00    0.00  169.50    15  bt-mz.B.24
02:07:02        29441  170.00    0.50    0.00  170.50    28  bt-mz.B.24
02:07:02        29442  173.50    0.00    0.00  173.50    16  bt-mz.B.24
02:07:02        29445  171.00    0.00    0.00  171.00    29  bt-mz.B.24
02:07:02        29447  167.50    0.00    0.00  167.50    41  bt-mz.B.24
02:07:02        29448  171.00    0.00    0.00  171.00    30  bt-mz.B.24
02:07:02        29450  172.50    0.00    0.00  172.50    42  bt-mz.B.24

02:07:02          PID    %usr %system  %guest    %CPU   CPU  Command
02:07:04         4145    0.00    0.50    0.00    0.50    34  kondemand/34
02:07:04         4156    0.00    0.50    0.00    0.50    45  kondemand/45
02:07:04        29419    1.00    1.00    0.00    2.00     1  top
02:07:04        29421    1.00    3.00    0.00    4.00    17  pidstat
02:07:04        29423    0.50    2.50    0.00    3.00    14  pidstat
02:07:04        29433  196.50    0.00    0.00  196.50     0  bt-mz.B.24
02:07:04        29434  179.50    0.00    0.00  179.50    12  bt-mz.B.24
02:07:04        29435  176.00    0.00    0.00  176.00     1  bt-mz.B.24
02:07:04        29436  171.00    0.00    0.00  171.00    37  bt-mz.B.24
02:07:04        29437  169.00    0.00    0.00  169.00     2  bt-mz.B.24
02:07:04        29438  169.00    0.00    0.00  169.00    38  bt-mz.B.24
02:07:04        29439  167.00    0.00    0.00  167.00     3  bt-mz.B.24
02:07:04        29440  166.50    0.50    0.00  167.00    15  bt-mz.B.24
02:07:04        29441  166.50    0.00    0.00  166.50    28  bt-mz.B.24
02:07:04        29442  171.50    0.00    0.00  171.50    16  bt-mz.B.24
02:07:04        29445  168.50    0.00    0.00  168.50    29  bt-mz.B.24
02:07:04        29447  168.50    0.00    0.00  168.50    41  bt-mz.B.24
02:07:04        29448  168.00    0.00    0.00  168.00    30  bt-mz.B.24
02:07:04        29450  169.50    0.00    0.00  169.50    42  bt-mz.B.24

02:07:04          PID    %usr %system  %guest    %CPU   CPU  Command
02:07:06         4122    0.00    0.50    0.00    0.50    11  kondemand/11
02:07:06         4146    0.00    0.50    0.00    0.50    35  kondemand/35
02:07:06        23393    0.00    0.50    0.00    0.50    39  gmond
02:07:06        29419    1.00    1.50    0.00    2.50    25  top
02:07:06        29421    0.50    3.50    0.00    4.00    41  pidstat
02:07:06        29423    1.50    2.50    0.00    4.00    38  pidstat
02:07:06        29433  196.00    0.00    0.00  196.00     0  bt-mz.B.24
02:07:06        29434  178.50    0.00    0.00  178.50    12  bt-mz.B.24
02:07:06        29435  175.50    0.00    0.00  175.50     1  bt-mz.B.24
02:07:06        29436  170.50    0.00    0.00  170.50    37  bt-mz.B.24
02:07:06        29437  169.00    0.50    0.00  169.50     2  bt-mz.B.24
02:07:06        29438  167.00    0.00    0.00  167.00    14  bt-mz.B.24
02:07:06        29439  169.00    0.00    0.00  169.00     3  bt-mz.B.24
02:07:06        29440  168.00    0.00    0.00  168.00    15  bt-mz.B.24
02:07:06        29441  168.50    0.00    0.00  168.50    28  bt-mz.B.24
02:07:06        29442  172.00    0.00    0.00  172.00    16  bt-mz.B.24
02:07:06        29445  170.00    0.00    0.00  170.00    29  bt-mz.B.24
02:07:06        29447  167.00    0.50    0.00  167.50    17  bt-mz.B.24
02:07:06        29448  169.00    0.00    0.00  169.00    30  bt-mz.B.24
02:07:06        29450  171.00    0.00    0.00  171.00    42  bt-mz.B.24

02:07:06          PID    %usr %system  %guest    %CPU   CPU  Command
02:07:08         4113    0.00    0.50    0.00    0.50     2  kondemand/2
02:07:08         4115    0.00    0.50    0.00    0.50     4  kondemand/4
02:07:08         4125    0.00    0.50    0.00    0.50    14  kondemand/14
02:07:08         4130    0.00    0.50    0.00    0.50    19  kondemand/19
02:07:08         4136    0.00    0.50    0.00    0.50    25  kondemand/25
02:07:08         4157    0.00    0.50    0.00    0.50    46  kondemand/46
02:07:08        23393    0.50    0.00    0.00    0.50    39  gmond
02:07:08        29419    0.50    1.00    0.00    1.50    25  top
02:07:08        29421    1.00    3.00    0.00    4.00    41  pidstat
02:07:08        29423    1.00    3.00    0.00    4.00    38  pidstat
02:07:08        29433  197.50    0.00    0.00  197.50     0  bt-mz.B.24
02:07:08        29434  181.00    0.00    0.00  181.00    12  bt-mz.B.24
02:07:08        29435  178.00    0.00    0.00  178.00     1  bt-mz.B.24
02:07:08        29436  174.00    0.00    0.00  174.00    37  bt-mz.B.24
02:07:08        29437  172.00    0.00    0.00  172.00     2  bt-mz.B.24
02:07:08        29438  172.00    0.00    0.00  172.00    38  bt-mz.B.24
02:07:08        29439  171.00    0.50    0.00  171.50     3  bt-mz.B.24
02:07:08        29440  170.50    0.00    0.00  170.50    15  bt-mz.B.24
02:07:08        29441  171.00    0.00    0.00  171.00    28  bt-mz.B.24
02:07:08        29442  175.50    0.00    0.00  175.50    16  bt-mz.B.24
02:07:08        29445  172.00    0.00    0.00  172.00    29  bt-mz.B.24
02:07:08        29447  171.50    0.00    0.00  171.50    17  bt-mz.B.24
02:07:08        29448  172.00    0.00    0.00  172.00    30  bt-mz.B.24
02:07:08        29450  174.00    0.00    0.00  174.00    42  bt-mz.B.24

02:07:08          PID    %usr %system  %guest    %CPU   CPU  Command
02:07:10         4129    0.00    0.50    0.00    0.50    18  kondemand/18
02:07:10         4142    0.00    0.50    0.00    0.50    31  kondemand/31
02:07:10        23393    0.00    0.50    0.00    0.50    39  gmond
02:07:10        29419    0.50    1.00    0.00    1.50    25  top
02:07:10        29421    1.00    2.50    0.00    3.50    17  pidstat
02:07:10        29423    1.50    3.00    0.00    4.50    14  pidstat
02:07:10        29425    0.00    0.50    0.00    0.50    26  iostat
02:07:10        29433  198.00    0.00    0.00  198.00     0  bt-mz.B.24
02:07:10        29434  179.00    0.00    0.00  179.00    12  bt-mz.B.24
02:07:10        29435  176.00    0.00    0.00  176.00     1  bt-mz.B.24
02:07:10        29436  170.50    0.00    0.00  170.50    37  bt-mz.B.24
02:07:10        29437  169.00    0.00    0.00  169.00     2  bt-mz.B.24
02:07:10        29438  169.00    0.00    0.00  169.00    38  bt-mz.B.24
02:07:10        29439  168.50    0.00    0.00  168.50     3  bt-mz.B.24
02:07:10        29440  168.00    0.00    0.00  168.00    15  bt-mz.B.24
02:07:10        29441  167.50    0.00    0.00  167.50    28  bt-mz.B.24
02:07:10        29442  172.00    0.00    0.00  172.00    16  bt-mz.B.24
02:07:10        29445  169.50    0.00    0.00  169.50    29  bt-mz.B.24
02:07:10        29447  169.50    0.00    0.00  169.50    41  bt-mz.B.24
02:07:10        29448  168.50    0.00    0.00  168.50    30  bt-mz.B.24
02:07:10        29450  170.50    0.00    0.00  170.50    42  bt-mz.B.24

02:07:10          PID    %usr %system  %guest    %CPU   CPU  Command
02:07:12         4114    0.00    0.50    0.00    0.50     3  kondemand/3
02:07:12         4131    0.00    0.50    0.00    0.50    20  kondemand/20
02:07:12         4694    0.00    0.50    0.00    0.50    35  snmpd
02:07:12        23393    0.50    0.00    0.00    0.50    39  gmond
02:07:12        29419    1.00    1.50    0.00    2.50     1  top
02:07:12        29421    1.50    3.00    0.00    4.50    17  pidstat
02:07:12        29423    1.00    3.00    0.00    4.00    14  pidstat
02:07:12        29433  195.00    0.00    0.00  195.00     0  bt-mz.B.24
02:07:12        29434  179.00    0.00    0.00  179.00    12  bt-mz.B.24
02:07:12        29435  175.50    0.00    0.00  175.50    25  bt-mz.B.24
02:07:12        29436  171.00    0.00    0.00  171.00    37  bt-mz.B.24
02:07:12        29437  169.50    0.00    0.00  169.50     2  bt-mz.B.24
02:07:12        29438  167.00    0.00    0.00  167.00    38  bt-mz.B.24
02:07:12        29439  169.00    0.00    0.00  169.00     3  bt-mz.B.24
02:07:12        29440  168.00    0.00    0.00  168.00    15  bt-mz.B.24
02:07:12        29441  169.00    0.00    0.00  169.00    28  bt-mz.B.24
02:07:12        29442  172.50    0.00    0.00  172.50    16  bt-mz.B.24
02:07:12        29445  170.00    0.00    0.00  170.00    29  bt-mz.B.24
02:07:12        29447  167.00    0.00    0.00  167.00    41  bt-mz.B.24
02:07:12        29448  169.50    0.50    0.00  170.00    30  bt-mz.B.24
02:07:12        29450  171.00    0.00    0.00  171.00    42  bt-mz.B.24

02:07:12          PID    %usr %system  %guest    %CPU   CPU  Command
02:07:14         4128    0.00    0.50    0.00    0.50    17  kondemand/17
02:07:14         4135    0.00    0.50    0.00    0.50    24  kondemand/24
02:07:14         4138    0.00    0.50    0.00    0.50    27  kondemand/27
02:07:14         4153    0.00    0.50    0.00    0.50    42  kondemand/42
02:07:14         4154    0.00    0.50    0.00    0.50    43  kondemand/43
02:07:14         4174    0.00    0.50    0.00    0.50    24  kipmi0
02:07:14         4189    0.00    0.50    0.00    0.50     0  irqbalance
02:07:14        29419    1.00    1.00    0.00    2.00     8  top
02:07:14        29421    1.00    3.00    0.00    4.00    17  pidstat
02:07:14        29423    1.00    3.00    0.00    4.00    14  pidstat
02:07:14        29428    0.00    0.50    0.00    0.50    39  vmstat
02:07:14        29433  196.00    0.00    0.00  196.00     0  bt-mz.B.24
02:07:14        29434  178.50    0.00    0.00  178.50    12  bt-mz.B.24
02:07:14        29435  176.50    0.00    0.00  176.50    25  bt-mz.B.24
02:07:14        29436  170.00    0.00    0.00  170.00    37  bt-mz.B.24
02:07:14        29437  168.50    0.50    0.00  169.00     2  bt-mz.B.24
02:07:14        29438  170.00    0.00    0.00  170.00    38  bt-mz.B.24
02:07:14        29439  167.50    0.00    0.00  167.50     3  bt-mz.B.24
02:07:14        29440  167.00    0.00    0.00  167.00    15  bt-mz.B.24
02:07:14        29441  167.00    0.00    0.00  167.00    28  bt-mz.B.24
02:07:14        29442  172.00    0.00    0.00  172.00    16  bt-mz.B.24
02:07:14        29445  168.50    0.00    0.00  168.50    29  bt-mz.B.24
02:07:14        29447  169.50    0.00    0.00  169.50    41  bt-mz.B.24
02:07:14        29448  168.00    0.00    0.00  168.00    30  bt-mz.B.24
02:07:14        29450  170.00    0.00    0.00  170.00    42  bt-mz.B.24

02:07:14          PID    %usr %system  %guest    %CPU   CPU  Command
02:07:16         4137    0.00    0.50    0.00    0.50    26  kondemand/26
02:07:16         4140    0.00    0.50    0.00    0.50    29  kondemand/29
02:07:16         4148    0.00    0.50    0.00    0.50    37  kondemand/37
02:07:16         4158    0.00    0.50    0.00    0.50    47  kondemand/47
02:07:16        23393    0.50    0.50    0.00    1.00    39  gmond
02:07:16        29419    0.50    1.00    0.00    1.50     8  top
02:07:16        29421    1.00    2.50    0.00    3.50    17  pidstat
02:07:16        29423    1.00    3.00    0.00    4.00    14  pidstat
02:07:16        29433  197.00    0.00    0.00  197.00     0  bt-mz.B.24
02:07:16        29434  180.00    0.00    0.00  180.00    12  bt-mz.B.24
02:07:16        29435  178.50    0.00    0.00  178.50    25  bt-mz.B.24
02:07:16        29436  172.00    0.00    0.00  172.00    37  bt-mz.B.24
02:07:16        29437  170.50    0.00    0.00  170.50     2  bt-mz.B.24
02:07:16        29438  167.50    0.00    0.00  167.50    38  bt-mz.B.24
02:07:16        29439  170.00    0.00    0.00  170.00     3  bt-mz.B.24
02:07:16        29440  169.50    0.00    0.00  169.50    15  bt-mz.B.24
02:07:16        29441  170.00    0.00    0.00  170.00    28  bt-mz.B.24
02:07:16        29442  174.00    0.00    0.00  174.00    16  bt-mz.B.24
02:07:16        29445  171.50    0.00    0.00  171.50    29  bt-mz.B.24
02:07:16        29447  167.50    0.00    0.00  167.50    41  bt-mz.B.24
02:07:16        29448  171.00    0.00    0.00  171.00    30  bt-mz.B.24
02:07:16        29450  172.50    0.00    0.00  172.50    42  bt-mz.B.24

02:07:16          PID    %usr %system  %guest    %CPU   CPU  Command
02:07:18          236    0.00    0.50    0.00    0.50    41  events/41
02:07:18         4117    0.00    0.50    0.00    0.50     6  kondemand/6
02:07:18         4119    0.00    0.50    0.00    0.50     8  kondemand/8
02:07:18         4149    0.00    0.50    0.00    0.50    38  kondemand/38
02:07:18         4151    0.00    0.50    0.00    0.50    40  kondemand/40
02:07:18        29419    1.00    1.00    0.00    2.00     8  top
02:07:18        29421    0.50    3.50    0.00    4.00    17  pidstat
02:07:18        29423    0.50    2.00    0.00    2.50    38  pidstat
02:07:18        29433  196.50    0.00    0.00  196.50     0  bt-mz.B.24
02:07:18        29434  180.50    0.00    0.00  180.50    12  bt-mz.B.24
02:07:18        29435  179.00    0.00    0.00  179.00    25  bt-mz.B.24
02:07:18        29436  172.00    0.00    0.00  172.00    37  bt-mz.B.24
02:07:18        29437  170.00    0.50    0.00  170.50     2  bt-mz.B.24
02:07:18        29438  171.50    0.00    0.00  171.50    14  bt-mz.B.24
02:07:18        29439  169.50    0.00    0.00  169.50     3  bt-mz.B.24
02:07:18        29440  168.50    0.00    0.00  168.50    15  bt-mz.B.24
02:07:18        29441  169.00    0.00    0.00  169.00    28  bt-mz.B.24
02:07:18        29442  173.50    0.00    0.00  173.50    16  bt-mz.B.24
02:07:18        29445  170.50    0.00    0.00  170.50    29  bt-mz.B.24
02:07:18        29447  170.00    0.00    0.00  170.00    41  bt-mz.B.24
02:07:18        29448  170.00    0.00    0.00  170.00    30  bt-mz.B.24
02:07:18        29450  172.00    0.00    0.00  172.00    42  bt-mz.B.24

02:07:18          PID    %usr %system  %guest    %CPU   CPU  Command
02:07:20           73    0.00    0.50    0.00    0.50    17  ksoftirqd/17
02:07:20         4126    0.00    0.50    0.00    0.50    15  kondemand/15
02:07:20         4133    0.00    0.50    0.00    0.50    22  kondemand/22
02:07:20         4150    0.00    0.50    0.00    0.50    39  kondemand/39
02:07:20        23393    0.00    0.50    0.00    0.50    39  gmond
02:07:20        29419    1.00    1.00    0.00    2.00     8  top
02:07:20        29421    1.00    3.00    0.00    4.00    41  pidstat
02:07:20        29423    1.50    4.50    0.00    6.00    38  pidstat
02:07:20        29433  198.00    0.00    0.00  198.00     0  bt-mz.B.24
02:07:20        29434  180.00    0.00    0.00  180.00    12  bt-mz.B.24
02:07:20        29435  178.50    0.00    0.00  178.50    25  bt-mz.B.24
02:07:20        29436  172.00    0.00    0.00  172.00    37  bt-mz.B.24
02:07:20        29437  170.50    0.00    0.00  170.50     2  bt-mz.B.24
02:07:20        29438  168.50    0.50    0.00  169.00    14  bt-mz.B.24
02:07:20        29439  170.00    0.00    0.00  170.00     3  bt-mz.B.24
02:07:20        29440  169.50    0.00    0.00  169.50    15  bt-mz.B.24
02:07:20        29441  169.50    0.00    0.00  169.50    28  bt-mz.B.24
02:07:20        29442  173.50    0.00    0.00  173.50    16  bt-mz.B.24
02:07:20        29445  171.50    0.00    0.00  171.50    29  bt-mz.B.24
02:07:20        29447  169.00    0.00    0.00  169.00    17  bt-mz.B.24
02:07:20        29448  170.50    0.00    0.00  170.50    30  bt-mz.B.24
02:07:20        29450  172.00    0.50    0.00  172.50    42  bt-mz.B.24

02:07:20          PID    %usr %system  %guest    %CPU   CPU  Command
02:07:22         1374    0.00    1.00    0.00    1.00    36  jbd2/sda1-8
02:07:22         2928    0.00    1.00    0.00    1.00    25  flush-8:0
02:07:22         4111    0.00    0.50    0.00    0.50     0  kondemand/0
02:07:22         4116    0.00    0.50    0.00    0.50     5  kondemand/5
02:07:22         4120    0.00    0.50    0.00    0.50     9  kondemand/9
02:07:22         4147    0.00    0.50    0.00    0.50    36  kondemand/36
02:07:22         4888    0.50    1.00    0.00    1.50    26  pbs_mom
02:07:22        29419    0.50    1.50    0.00    2.00    32  top
02:07:22        29421    1.00    3.50    0.00    4.50    17  pidstat
02:07:22        29423    1.00    2.50    0.00    3.50    38  pidstat
02:07:22        29424    0.00    0.50    0.00    0.50     5  mpstat
02:07:22        29433  195.50    0.50    0.00  196.00     0  bt-mz.B.24
02:07:22        29434  179.50    0.00    0.00  179.50    12  bt-mz.B.24
02:07:22        29435  177.50    0.00    0.00  177.50     1  bt-mz.B.24
02:07:22        29436  172.50    0.00    0.00  172.50    37  bt-mz.B.24
02:07:22        29437  170.50    0.00    0.00  170.50     2  bt-mz.B.24
02:07:22        29438  169.00    0.00    0.00  169.00    14  bt-mz.B.24
02:07:22        29439  170.00    0.00    0.00  170.00     3  bt-mz.B.24
02:07:22        29440  169.00    0.00    0.00  169.00    15  bt-mz.B.24
02:07:22        29441  169.50    0.00    0.00  169.50    28  bt-mz.B.24
02:07:22        29442  173.50    0.00    0.00  173.50    16  bt-mz.B.24
02:07:22        29445  171.00    0.50    0.00  171.50    29  bt-mz.B.24
02:07:22        29447  168.50    0.00    0.00  168.50    41  bt-mz.B.24
02:07:22        29448  170.50    0.00    0.00  170.50    30  bt-mz.B.24
02:07:22        29450  172.50    0.00    0.00  172.50    42  bt-mz.B.24

02:07:22          PID    %usr %system  %guest    %CPU   CPU  Command
02:07:24          231    0.00    0.50    0.00    0.50    36  events/36
02:07:24         4112    0.00    0.50    0.00    0.50     1  kondemand/1
02:07:24         4123    0.00    0.50    0.00    0.50    12  kondemand/12
02:07:24         4139    0.00    0.50    0.00    0.50    28  kondemand/28
02:07:24        23393    0.50    0.50    0.00    1.00    39  gmond
02:07:24        29419    1.00    1.00    0.00    2.00    32  top
02:07:24        29421    1.00    3.00    0.00    4.00    41  pidstat
02:07:24        29423    1.50    2.50    0.00    4.00    22  pidstat
02:07:24        29425    0.00    0.50    0.00    0.50    26  iostat
02:07:24        29433  197.50    0.00    0.00  197.50     0  bt-mz.B.24
02:07:24        29434  179.00    0.00    0.00  179.00    12  bt-mz.B.24
02:07:24        29435  177.00    0.00    0.00  177.00     1  bt-mz.B.24
02:07:24        29436  170.50    0.00    0.00  170.50    37  bt-mz.B.24
02:07:24        29437  169.00    0.00    0.00  169.00     2  bt-mz.B.24
02:07:24        29438  171.00    0.00    0.00  171.00    38  bt-mz.B.24
02:07:24        29439  168.00    0.00    0.00  168.00     3  bt-mz.B.24
02:07:24        29440  167.50    0.00    0.00  167.50    15  bt-mz.B.24
02:07:24        29441  168.00    0.00    0.00  168.00    28  bt-mz.B.24
02:07:24        29442  172.50    0.00    0.00  172.50    16  bt-mz.B.24
02:07:24        29445  169.00    0.00    0.00  169.00    29  bt-mz.B.24
02:07:24        29447  172.00    0.00    0.00  172.00    17  bt-mz.B.24
02:07:24        29448  171.00    0.00    0.00  171.00    30  bt-mz.B.24
02:07:24        29450  172.50    0.00    0.00  172.50    42  bt-mz.B.24

02:07:24          PID    %usr %system  %guest    %CPU   CPU  Command
02:07:26         4124    0.00    0.50    0.00    0.50    13  kondemand/13
02:07:26         4127    0.00    0.50    0.00    0.50    16  kondemand/16
02:07:26         4132    0.00    0.50    0.00    0.50    21  kondemand/21
02:07:26         4134    0.00    0.50    0.00    0.50    23  kondemand/23
02:07:26         4141    0.00    0.50    0.00    0.50    30  kondemand/30
02:07:26        29419    0.50    1.00    0.00    1.50    32  top
02:07:26        29421    1.00    3.00    0.00    4.00    44  pidstat
02:07:26        29423    1.00    3.00    0.00    4.00    22  pidstat
02:07:26        29433  194.50    0.00    0.00  194.50     0  bt-mz.B.24
02:07:26        29434  179.00    0.00    0.00  179.00    12  bt-mz.B.24
02:07:26        29435  176.50    0.00    0.00  176.50     1  bt-mz.B.24
02:07:26        29436  171.00    0.00    0.00  171.00    37  bt-mz.B.24
02:07:26        29437  169.50    0.00    0.00  169.50     2  bt-mz.B.24
02:07:26        29438  170.50    0.00    0.00  170.50    38  bt-mz.B.24
02:07:26        29439  169.00    0.00    0.00  169.00     3  bt-mz.B.24
02:07:26        29440  168.50    0.00    0.00  168.50    15  bt-mz.B.24
02:07:26        29441  168.50    0.00    0.00  168.50    28  bt-mz.B.24
02:07:26        29442  172.50    0.00    0.00  172.50    16  bt-mz.B.24
02:07:26        29445  170.00    0.00    0.00  170.00    29  bt-mz.B.24
02:07:26        29447  168.00    0.00    0.00  168.00    17  bt-mz.B.24
02:07:26        29448  167.00    0.00    0.00  167.00    30  bt-mz.B.24
02:07:26        29450  169.00    0.00    0.00  169.00    42  bt-mz.B.24

02:07:26          PID    %usr %system  %guest    %CPU   CPU  Command
02:07:28         4118    0.00    0.50    0.00    0.50     7  kondemand/7
02:07:28         4121    0.00    0.50    0.00    0.50    10  kondemand/10
02:07:28         4144    0.00    0.50    0.00    0.50    33  kondemand/33
02:07:28         4152    0.00    0.50    0.00    0.50    41  kondemand/41
02:07:28        23393    0.00    0.50    0.00    0.50    39  gmond
02:07:28        29419    1.00    1.50    0.00    2.50     8  top
02:07:28        29421    1.00    3.00    0.00    4.00    44  pidstat
02:07:28        29423    2.00    2.50    0.00    4.50    22  pidstat
02:07:28        29433  197.00    0.00    0.00  197.00     0  bt-mz.B.24
02:07:28        29434  179.00    0.00    0.00  179.00    12  bt-mz.B.24
02:07:28        29435  177.00    0.00    0.00  177.00     1  bt-mz.B.24
02:07:28        29436  170.00    0.00    0.00  170.00    37  bt-mz.B.24
02:07:28        29437  168.50    0.50    0.00  169.00     2  bt-mz.B.24
02:07:28        29438  169.50    0.00    0.00  169.50    38  bt-mz.B.24
02:07:28        29439  168.00    0.00    0.00  168.00     3  bt-mz.B.24
02:07:28        29440  167.00    0.00    0.00  167.00    15  bt-mz.B.24
02:07:28        29441  167.50    0.00    0.00  167.50    28  bt-mz.B.24
02:07:28        29442  172.00    0.00    0.00  172.00    16  bt-mz.B.24
02:07:28        29445  169.00    0.00    0.00  169.00    29  bt-mz.B.24
02:07:28        29447  169.00    0.00    0.00  169.00    17  bt-mz.B.24
02:07:28        29448  168.50    0.00    0.00  168.50    30  bt-mz.B.24
02:07:28        29450  170.50    0.00    0.00  170.50    42  bt-mz.B.24

02:07:28          PID    %usr %system  %guest    %CPU   CPU  Command
02:07:30         4155    0.00    0.50    0.00    0.50    44  kondemand/44
02:07:30        23393    0.50    0.00    0.00    0.50    39  gmond
02:07:30        29419    1.00    1.00    0.00    2.00     8  top
02:07:30        29421    1.00    3.00    0.00    4.00    44  pidstat
02:07:30        29423    1.00    3.00    0.00    4.00    22  pidstat
02:07:30        29433  196.50    0.00    0.00  196.50     0  bt-mz.B.24
02:07:30        29434  179.50    0.00    0.00  179.50    12  bt-mz.B.24
02:07:30        29435  177.50    0.00    0.00  177.50     1  bt-mz.B.24
02:07:30        29436  172.00    0.00    0.00  172.00    37  bt-mz.B.24
02:07:30        29437  170.50    0.00    0.00  170.50     2  bt-mz.B.24
02:07:30        29438  171.00    0.00    0.00  171.00    38  bt-mz.B.24
02:07:30        29439  169.50    0.00    0.00  169.50     3  bt-mz.B.24
02:07:30        29440  169.00    0.00    0.00  169.00    15  bt-mz.B.24
02:07:30        29441  169.00    0.00    0.00  169.00    28  bt-mz.B.24
02:07:30        29442  173.00    0.00    0.00  173.00    16  bt-mz.B.24
02:07:30        29445  171.00    0.00    0.00  171.00    29  bt-mz.B.24
02:07:30        29447  171.00    0.00    0.00  171.00    17  bt-mz.B.24
02:07:30        29448  170.50    0.00    0.00  170.50    30  bt-mz.B.24
02:07:30        29450  172.00    0.00    0.00  172.00    42  bt-mz.B.24

02:07:30          PID    %usr %system  %guest    %CPU   CPU  Command
02:07:32         4122    0.00    0.50    0.00    0.50    11  kondemand/11
02:07:32         4125    0.00    0.50    0.00    0.50    14  kondemand/14
02:07:32         4143    0.00    0.50    0.00    0.50    32  kondemand/32
02:07:32        29419    0.50    1.00    0.00    1.50    32  top
02:07:32        29421    1.00    3.00    0.00    4.00    44  pidstat
02:07:32        29423    0.50    2.00    0.00    2.50    46  pidstat
02:07:32        29433  196.50    0.00    0.00  196.50     0  bt-mz.B.24
02:07:32        29434  180.50    0.00    0.00  180.50    12  bt-mz.B.24
02:07:32        29435  178.50    0.00    0.00  178.50     1  bt-mz.B.24
02:07:32        29436  172.50    0.00    0.00  172.50    37  bt-mz.B.24
02:07:32        29437  170.50    0.00    0.00  170.50     2  bt-mz.B.24
02:07:32        29438  171.50    0.00    0.00  171.50    38  bt-mz.B.24
02:07:32        29439  170.00    0.00    0.00  170.00     3  bt-mz.B.24
02:07:32        29440  169.00    0.00    0.00  169.00    15  bt-mz.B.24
02:07:32        29441  169.50    0.00    0.00  169.50    28  bt-mz.B.24
02:07:32        29442  174.00    0.50    0.00  174.50    16  bt-mz.B.24
02:07:32        29445  171.00    0.00    0.00  171.00    29  bt-mz.B.24
02:07:32        29447  171.00    0.00    0.00  171.00    17  bt-mz.B.24
02:07:32        29448  170.00    0.00    0.00  170.00    30  bt-mz.B.24
02:07:32        29450  172.50    0.00    0.00  172.50    42  bt-mz.B.24
