Linux 2.6.32-279.14.1.el6.x86_64 (compute-662-5.local) 	04/21/20 	_x86_64_	(48 CPU)

02:19:09     CPU    %usr   %nice    %sys %iowait    %irq   %soft  %steal  %guest   %idle
02:19:11     all   79.79    0.00    3.76    0.00    0.00    0.04    0.00    0.00   16.41
02:19:13     all   97.10    0.00    0.20    0.00    0.00    0.00    0.00    0.00    2.70
02:19:15     all   97.43    0.00    0.20    0.00    0.00    0.00    0.00    0.00    2.38
02:19:17     all   97.38    0.00    0.21    0.00    0.00    0.00    0.00    0.00    2.41
02:19:19     all   97.19    0.00    0.20    0.00    0.00    0.00    0.00    0.00    2.61
02:19:21     all   96.69    0.00    0.21    0.00    0.00    0.00    0.00    0.00    3.10
02:19:23     all   97.48    0.00    0.21    0.00    0.00    0.00    0.00    0.00    2.31
02:19:25     all   97.30    0.00    0.21    0.00    0.00    0.00    0.00    0.00    2.49
02:19:27     all   97.18    0.00    0.21    0.00    0.00    0.00    0.00    0.00    2.62
02:19:29     all   97.17    0.00    0.19    0.00    0.00    0.00    0.00    0.00    2.65
02:19:31     all   97.21    0.00    0.21    0.00    0.00    0.00    0.00    0.00    2.58
02:19:33     all   97.27    0.00    0.20    0.00    0.00    0.01    0.00    0.00    2.52
02:19:35     all   97.14    0.00    0.22    0.00    0.00    0.00    0.00    0.00    2.65
02:19:37     all   97.22    0.00    0.21    0.00    0.00    0.00    0.00    0.00    2.57
02:19:39     all   97.28    0.00    0.20    0.00    0.00    0.00    0.00    0.00    2.52
02:19:41     all   97.21    0.00    0.25    0.00    0.00    0.00    0.00    0.00    2.54
02:19:43     all   96.60    0.00    0.22    0.00    0.00    0.00    0.00    0.00    3.18
