Linux 2.6.32-279.14.1.el6.x86_64 (compute-641-14.local) 	04/21/20 	_x86_64_	(32 CPU)

03:32:01     CPU    %usr   %nice    %sys %iowait    %irq   %soft  %steal  %guest   %idle
03:32:03     all   65.62    0.00    4.13    0.08    0.00    0.08    0.00    0.00   30.09
03:32:05     all   86.95    0.00    0.19    0.00    0.00    0.00    0.00    0.00   12.86
03:32:07     all   90.45    0.00    0.19    0.00    0.00    0.00    0.00    0.00    9.36
03:32:09     all   89.25    0.00    0.16    0.00    0.00    0.00    0.00    0.00   10.60
03:32:11     all   89.17    0.00    0.17    0.00    0.00    0.00    0.00    0.00   10.66
03:32:13     all   92.72    0.00    0.16    0.00    0.00    0.00    0.00    0.00    7.13
03:32:15     all   90.84    0.00    0.19    0.00    0.00    0.00    0.00    0.00    8.97
03:32:17     all   91.53    0.00    0.16    0.00    0.00    0.00    0.00    0.00    8.32
03:32:19     all   91.18    0.00    0.17    0.00    0.00    0.00    0.00    0.00    8.64
03:32:21     all   92.11    0.00    0.17    0.00    0.00    0.00    0.00    0.00    7.72
03:32:23     all   91.18    0.00    0.17    0.00    0.00    0.00    0.00    0.00    8.64
03:32:25     all   88.90    0.00    0.16    0.00    0.00    0.00    0.00    0.00   10.94
03:32:27     all   90.05    0.00    0.16    0.00    0.00    0.00    0.00    0.00    9.80
03:32:29     all   87.09    0.00    0.14    0.00    0.00    0.00    0.00    0.00   12.77
03:32:31     all   90.03    0.00    0.16    0.00    0.00    0.00    0.00    0.00    9.82
03:32:33     all   90.45    0.00    0.16    0.00    0.00    0.00    0.00    0.00    9.39
03:32:35     all   89.33    0.00    0.16    0.00    0.00    0.00    0.00    0.00   10.52
03:32:37     all   90.57    0.00    0.19    0.00    0.00    0.00    0.00    0.00    9.24
03:32:39     all   89.56    0.00    0.17    0.00    0.00    0.00    0.00    0.00   10.27
03:32:41     all   91.39    0.00    0.14    0.00    0.00    0.00    0.00    0.00    8.47
03:32:43     all   89.67    0.00    0.19    0.02    0.00    0.00    0.00    0.00   10.12
03:32:45     all   88.73    0.00    0.16    0.00    0.00    0.00    0.00    0.00   11.11
03:32:47     all   91.14    0.00    0.17    0.00    0.00    0.00    0.00    0.00    8.69
03:32:49     all   86.89    0.00    0.17    0.00    0.00    0.00    0.00    0.00   12.94
03:32:51     all   90.29    0.00    0.16    0.00    0.00    0.00    0.00    0.00    9.55
03:32:53     all   88.06    0.00    0.20    0.00    0.00    0.00    0.00    0.00   11.74
03:32:55     all   91.83    0.00    0.14    0.00    0.00    0.00    0.00    0.00    8.03
03:32:57     all   91.53    0.00    0.16    0.00    0.00    0.00    0.00    0.00    8.32
03:32:59     all   91.56    0.00    0.17    0.00    0.00    0.00    0.00    0.00    8.27
03:33:01     all   90.57    0.00    0.17    0.00    0.00    0.00    0.00    0.00    9.25
03:33:03     all   90.20    0.00    0.17    0.00    0.00    0.00    0.00    0.00    9.63
03:33:05     all   89.14    0.00    0.16    0.00    0.00    0.00    0.00    0.00   10.70
03:33:07     all   89.58    0.00    0.19    0.00    0.00    0.02    0.00    0.00   10.22
03:33:09     all   90.87    0.00    0.16    0.00    0.00    0.00    0.00    0.00    8.97
03:33:11     all   91.83    0.00    0.16    0.00    0.00    0.00    0.00    0.00    8.02
03:33:13     all   88.25    0.00    0.17    0.00    0.00    0.00    0.00    0.00   11.58
03:33:15     all   90.31    0.00    0.16    0.00    0.00    0.00    0.00    0.00    9.53
03:33:17     all   87.39    0.00    0.13    0.00    0.00    0.00    0.00    0.00   12.49
03:33:19     all   90.00    0.00    0.14    0.00    0.00    0.00    0.00    0.00    9.86
03:33:21     all   90.70    0.00    0.17    0.00    0.00    0.00    0.00    0.00    9.13
03:33:23     all   89.75    0.00    0.20    0.00    0.00    0.00    0.00    0.00   10.05
03:33:25     all   91.79    0.00    0.17    0.00    0.00    0.00    0.00    0.00    8.03
