procs -----------memory---------- ---swap-- -----io---- --system-- -----cpu-----
 r  b   swpd   free   buff  cache   si   so    bi    bo   in   cs us sy id wa st
 8  0      0 64486580 215376 442360    0    0     0     1    0    0 38  2 60  0  0	
27  0      0 64140476 215376 468536    0    0     0    12 29957 23640 62  6 33  0  0	
25  0      0 64142488 215376 468596    0    0     0     0 26609 8371 80  0 20  0  0	
30  0      0 64144504 215376 468656    0    0     0   154 26775 8525 80  0 20  0  0	
30  0      0 64147660 215376 468716    0    0     0     0 26470 9063 79  0 21  0  0	
42  0      0 64150116 215376 468780    0    0     0     0 27274 9096 81  0 19  0  0	
26  0      0 64152112 215376 468840    0    0     0     8 27180 9154 81  0 19  0  0	
25  0      0 64154120 215376 468904    0    0     0     0 27049 8805 81  0 19  0  0	
29  0      0 64156672 215376 468968    0    0     0     8 27468 8853 82  0 17  0  0	
26  0      0 64157684 215376 469028    0    0     0     0 27354 9120 82  0 18  0  0	
41  0      0 64158720 215376 469088    0    0     0     0 26706 9089 80  0 20  0  0	
31  0      0 64159004 215376 469148    0    0     0    86 26300 8577 79  0 21  0  0	
45  0      0 64159020 215376 469212    0    0     0     0 27555 8871 82  0 18  0  0	
27  0      0 64159012 215376 469276    0    0     0     0 27582 9002 83  0 17  0  0	
27  0      0 64158880 215376 469336    0    0     0    10 27485 9115 82  0 18  0  0	
28  0      0 64158880 215376 469404    0    0     0     0 26133 8742 78  0 22  0  0	
29  0      0 64158384 215376 469464    0    0     0  6106 29362 8660 81  0 19  0  0	
30  0      0 64158252 215376 469524    0    0     0     0 27135 8650 81  0 19  0  0	
28  0      0 64158168 215376 469596    0    0     0     0 26878 8775 80  0 19  0  0	
28  0      0 64158292 215376 469660    0    0     0  1356 28677 8992 82  0 18  0  0	
29  0      0 64158176 215376 469720    0    0     0     0 27373 8974 81  0 18  0  0	
procs -----------memory---------- ---swap-- -----io---- --system-- -----cpu-----
 r  b   swpd   free   buff  cache   si   so    bi    bo   in   cs us sy id wa st
25  0      0 64158176 215376 469784    0    0     0    18 27304 8759 81  0 19  0  0	
27  0      0 64158044 215376 469844    0    0     0     0 27138 8618 81  0 19  0  0	
43  0      0 64158168 215376 469904    0    0     0     0 27260 8565 80  0 19  0  0	
29  0      0 64158044 215376 469964    0    0     0     8 27686 9101 83  0 17  0  0	
44  0      0 64158176 215376 470032    0    0     0     8 26914 9108 80  0 20  0  0	
28  0      0 64158200 215376 470092    0    0     0     0 27886 9179 83  0 17  0  0	
