procs -----------memory---------- ---swap-- -----io---- --system-- -----cpu-----
 r  b   swpd   free   buff  cache   si   so    bi    bo   in   cs us sy id wa st
 8  0      0 64430068 215480 494952    0    0     0     1    0    0 38  2 60  0  0	
25  0      0 64095516 215480 521812    0    0     0     0 29637 22064 62  5 33  0  0	
27  0      0 64095268 215480 521872    0    0     0     0 26076 8193 78  0 22  0  0	
28  0      0 64098924 215480 521936    0    0     0   128 26370 9246 78  0 21  0  0	
28  0      0 64100472 215480 521996    0    0     0     0 26526 8779 78  0 22  0  0	
29  0      0 64102360 215480 522060    0    0     0     0 27115 8890 81  0 19  0  0	
45  0      0 64105636 215480 522120    0    0     0     8 27087 8576 81  0 19  0  0	
39  0      0 64107148 215480 522184    0    0     0     0 27092 8839 81  0 19  0  0	
42  0      0 64108824 215480 522248    0    0     0     0 27178 8766 81  0 19  0  0	
26  0      0 64111652 215480 522312    0    0     0     8 27130 9018 81  0 19  0  0	
31  0      0 64112340 215480 522372    0    0     0   106 27607 9087 83  0 17  0  0	
25  0      0 64113200 215480 522436    0    0     0     8 27367 8702 82  0 18  0  0	
27  0      0 64113200 215480 522496    0    0     0     0 26854 8803 80  0 19  0  0	
29  0      0 64113076 215480 522560    0    0     0     0 27106 9096 81  0 19  0  0	
41  0      0 64113068 215480 522620    0    0     0     0 27215 8966 81  0 19  0  0	
45  0      0 64113068 215480 522692    0    0     0     0 26419 8519 79  0 21  0  0	
32  0      0 64112828 215480 522756    0    0     0    12 26801 9208 80  0 20  0  0	
26  0      0 64112820 215480 522820    0    0     0     0 27535 9235 82  0 18  0  0	
32  0      0 64112316 215480 522888    0    0     0  6116 29977 9189 80  0 19  0  0	
46  0      0 64112184 215480 522948    0    0     0    12 26852 9178 81  0 19  0  0	
30  0      0 64112184 215480 522952    0    0     0     0 27091 9001 81  0 19  0  0	
procs -----------memory---------- ---swap-- -----io---- --system-- -----cpu-----
 r  b   swpd   free   buff  cache   si   so    bi    bo   in   cs us sy id wa st
45  0      0 64112060 215484 523012    0    0     0  1342 28527 9016 83  0 17  0  0	
26  0      0 64111928 215484 523080    0    0     0    10 27474 8966 82  0 18  0  0	
48  0      0 64112052 215484 523144    0    0     0     0 27352 9451 82  0 18  0  0	
28  0      0 64112052 215484 523208    0    0     0     8 27170 9768 81  0 18  0  0	
31  0      0 64111928 215484 523268    0    0     0     0 26681 9237 80  0 20  0  0	
41  0      0 64111928 215484 523332    0    0     0     0 26734 8660 80  0 20  0  0	
20  0      0 64187856 215484 497312    0    0     0    16 32436 20438 79  0 21  0  0	
