Linux 2.6.32-279.14.1.el6.x86_64 (compute-641-14.local) 	04/21/20 	_x86_64_	(32 CPU)

03:54:54     CPU    %usr   %nice    %sys %iowait    %irq   %soft  %steal  %guest   %idle
03:54:56     all   64.41    0.00    5.14    0.00    0.00    0.08    0.00    0.00   30.37
03:54:58     all   81.15    0.00    0.19    0.00    0.00    0.00    0.00    0.00   18.66
03:55:00     all   85.22    0.00    0.17    0.00    0.00    0.00    0.00    0.00   14.61
03:55:02     all   83.88    0.00    0.17    0.00    0.00    0.00    0.00    0.00   15.95
03:55:04     all   83.48    0.00    0.19    0.00    0.00    0.00    0.00    0.00   16.33
03:55:06     all   79.99    0.00    0.17    0.00    0.00    0.00    0.00    0.00   19.83
03:55:08     all   79.45    0.00    0.19    0.00    0.00    0.00    0.00    0.00   20.36
03:55:10     all   81.36    0.00    0.20    0.00    0.00    0.00    0.00    0.00   18.44
03:55:12     all   81.71    0.00    0.20    0.00    0.00    0.00    0.00    0.00   18.08
03:55:14     all   82.35    0.00    0.19    0.00    0.00    0.00    0.00    0.00   17.46
03:55:16     all   79.55    0.00    0.20    0.00    0.00    0.00    0.00    0.00   20.25
03:55:18     all   81.63    0.00    0.17    0.00    0.00    0.00    0.00    0.00   18.19
03:55:20     all   82.16    0.00    0.16    0.00    0.00    0.00    0.00    0.00   17.68
03:55:22     all   81.45    0.00    0.20    0.00    0.00    0.00    0.00    0.00   18.35
03:55:24     all   84.26    0.00    0.17    0.00    0.00    0.00    0.00    0.00   15.57
03:55:26     all   81.09    0.00    0.17    0.00    0.00    0.00    0.00    0.00   18.74
03:55:28     all   80.71    0.00    0.22    0.02    0.00    0.00    0.00    0.00   19.05
03:55:30     all   81.53    0.00    0.16    0.00    0.00    0.00    0.00    0.00   18.32
03:55:32     all   79.92    0.00    0.20    0.02    0.00    0.00    0.00    0.00   19.87
03:55:34     all   77.62    0.00    0.16    0.00    0.00    0.00    0.00    0.00   22.22
03:55:36     all   82.53    0.00    0.17    0.00    0.00    0.00    0.00    0.00   17.30
03:55:38     all   81.02    0.00    0.17    0.00    0.00    0.00    0.00    0.00   18.81
03:55:40     all   81.31    0.00    0.19    0.00    0.00    0.00    0.00    0.00   18.50
03:55:42     all   82.00    0.00    0.17    0.00    0.00    0.00    0.00    0.00   17.83
03:55:44     all   81.43    0.00    0.17    0.00    0.00    0.00    0.00    0.00   18.40
