Linux 2.6.32-279.14.1.el6.x86_64 (compute-662-5.local) 	04/21/20 	_x86_64_	(48 CPU)

02:11:46          PID    %usr %system  %guest    %CPU   CPU  Command
02:11:48           37    0.00    0.49    0.00    0.49     8  ksoftirqd/8
02:11:48          196    0.00    0.49    0.00    0.49     1  events/1
02:11:48          234    0.00    0.49    0.00    0.49    39  events/39
02:11:48         4111    0.00    0.49    0.00    0.49     0  kondemand/0
02:11:48         4124    0.00    0.49    0.00    0.49    13  kondemand/13
02:11:48         4174    0.00    0.98    0.00    0.98    24  kipmi0
02:11:48        23393    0.49    0.00    0.00    0.49    15  gmond
02:11:48        30347    4.88    1.95    0.00    6.83     9  mpirun
02:11:48        30353    0.49    0.49    0.00    0.98    38  top
02:11:48        30355    1.46    2.44    0.00    3.90    22  pidstat
02:11:48        30357    0.49    2.93    0.00    3.41     3  pidstat
02:11:48        30367   22.44    6.34    0.00   28.78     0  bt-mz.B.24
02:11:48        30368   20.98    5.37    0.00   26.34    12  bt-mz.B.24
02:11:48        30369   21.46    5.37    0.00   26.83     1  bt-mz.B.24
02:11:48        30370   20.49    7.80    0.00   28.29    37  bt-mz.B.24
02:11:48        30371   20.98    6.34    0.00   27.32    26  bt-mz.B.24
02:11:48        30372   21.46    5.85    0.00   27.32    14  bt-mz.B.24
02:11:48        30373   17.56    6.34    0.00   23.90    27  bt-mz.B.24
02:11:48        30374   20.49    6.83    0.00   27.32    15  bt-mz.B.24
02:11:48        30375   20.98    6.34    0.00   27.32    28  bt-mz.B.24
02:11:48        30377   20.98    6.83    0.00   27.80    16  bt-mz.B.24
02:11:48        30378   21.46    5.85    0.00   27.32    29  bt-mz.B.24
02:11:48        30379   20.98    6.83    0.00   27.80    41  bt-mz.B.24
02:11:48        30382   20.00    7.32    0.00   27.32    30  bt-mz.B.24
02:11:48        30384   21.46    6.34    0.00   27.80    42  bt-mz.B.24

02:11:48          PID    %usr %system  %guest    %CPU   CPU  Command
02:11:50         4123    0.00    0.50    0.00    0.50    12  kondemand/12
02:11:50         4136    0.00    0.50    0.00    0.50    25  kondemand/25
02:11:50         4140    0.00    0.50    0.00    0.50    29  kondemand/29
02:11:50         4157    0.00    0.50    0.00    0.50    46  kondemand/46
02:11:50        23393    0.50    0.00    0.00    0.50    15  gmond
02:11:50        30353    1.00    1.00    0.00    2.00    38  top
02:11:50        30355    1.00    3.50    0.00    4.50    22  pidstat
02:11:50        30357    1.00    4.00    0.00    5.00     3  pidstat
02:11:50        30367  196.00    0.00    0.00  196.00     0  bt-mz.B.24
02:11:50        30368  179.50    0.00    0.00  179.50    12  bt-mz.B.24
02:11:50        30369  177.50    0.00    0.00  177.50     1  bt-mz.B.24
02:11:50        30370  171.00    0.00    0.00  171.00    37  bt-mz.B.24
02:11:50        30371  171.50    0.00    0.00  171.50    26  bt-mz.B.24
02:11:50        30372  171.00    0.50    0.00  171.50    14  bt-mz.B.24
02:11:50        30373  167.00    0.00    0.00  167.00    27  bt-mz.B.24
02:11:50        30374  169.00    0.00    0.00  169.00    39  bt-mz.B.24
02:11:50        30375  169.50    0.00    0.00  169.50    28  bt-mz.B.24
02:11:50        30377  173.00    0.00    0.00  173.00    16  bt-mz.B.24
02:11:50        30378  170.50    0.00    0.00  170.50    29  bt-mz.B.24
02:11:50        30379  170.50    0.00    0.00  170.50    41  bt-mz.B.24
02:11:50        30382  170.50    0.00    0.00  170.50    30  bt-mz.B.24
02:11:50        30384  171.50    0.50    0.00  172.00    42  bt-mz.B.24

02:11:50          PID    %usr %system  %guest    %CPU   CPU  Command
02:11:52         4115    0.00    0.50    0.00    0.50     4  kondemand/4
02:11:52         4120    0.00    0.50    0.00    0.50     9  kondemand/9
02:11:52         4125    0.00    0.50    0.00    0.50    14  kondemand/14
02:11:52         4135    0.00    0.50    0.00    0.50    24  kondemand/24
02:11:52         4888    0.50    0.50    0.00    1.00     2  pbs_mom
02:11:52        23393    0.50    0.00    0.00    0.50    15  gmond
02:11:52        30353    1.00    1.00    0.00    2.00    38  top
02:11:52        30355    1.00    2.50    0.00    3.50    22  pidstat
02:11:52        30357    1.00    2.50    0.00    3.50     5  pidstat
02:11:52        30367  196.00    0.00    0.00  196.00     0  bt-mz.B.24
02:11:52        30368  179.00    0.00    0.00  179.00    12  bt-mz.B.24
02:11:52        30369  176.50    0.00    0.00  176.50     1  bt-mz.B.24
02:11:52        30370  170.00    0.00    0.00  170.00    37  bt-mz.B.24
02:11:52        30371  168.50    0.00    0.00  168.50    26  bt-mz.B.24
02:11:52        30372  167.00    0.00    0.00  167.00    38  bt-mz.B.24
02:11:52        30373  169.50    0.00    0.00  169.50    27  bt-mz.B.24
02:11:52        30374  166.50    0.00    0.00  166.50    39  bt-mz.B.24
02:11:52        30375  167.00    0.00    0.00  167.00    28  bt-mz.B.24
02:11:52        30377  171.50    0.50    0.00  172.00    16  bt-mz.B.24
02:11:52        30378  167.50    0.00    0.00  167.50    29  bt-mz.B.24
02:11:52        30379  169.00    0.00    0.00  169.00    41  bt-mz.B.24
02:11:52        30382  168.00    0.00    0.00  168.00    30  bt-mz.B.24
02:11:52        30384  170.50    0.00    0.00  170.50    42  bt-mz.B.24

02:11:52          PID    %usr %system  %guest    %CPU   CPU  Command
02:11:54         4129    0.00    0.50    0.00    0.50    18  kondemand/18
02:11:54         4134    0.00    0.50    0.00    0.50    23  kondemand/23
02:11:54         4139    0.00    0.50    0.00    0.50    28  kondemand/28
02:11:54         4189    0.00    0.50    0.00    0.50    24  irqbalance
02:11:54        23393    0.50    0.00    0.00    0.50    15  gmond
02:11:54        30353    1.00    1.00    0.00    2.00    14  top
02:11:54        30355    1.00    3.00    0.00    4.00    46  pidstat
02:11:54        30357    1.50    3.00    0.00    4.50     5  pidstat
02:11:54        30367  196.50    0.00    0.00  196.50     0  bt-mz.B.24
02:11:54        30368  179.00    0.00    0.00  179.00    12  bt-mz.B.24
02:11:54        30369  177.50    0.00    0.00  177.50     1  bt-mz.B.24
02:11:54        30370  171.50    0.00    0.00  171.50    37  bt-mz.B.24
02:11:54        30371  171.50    0.00    0.00  171.50    26  bt-mz.B.24
02:11:54        30372  170.00    0.00    0.00  170.00    14  bt-mz.B.24
02:11:54        30373  169.50    0.00    0.00  169.50    27  bt-mz.B.24
02:11:54        30374  168.50    0.00    0.00  168.50    39  bt-mz.B.24
02:11:54        30375  168.50    0.00    0.00  168.50    28  bt-mz.B.24
02:11:54        30377  173.50    0.00    0.00  173.50    16  bt-mz.B.24
02:11:54        30378  167.00    0.00    0.00  167.00    29  bt-mz.B.24
02:11:54        30379  170.50    0.00    0.00  170.50    41  bt-mz.B.24
02:11:54        30382  170.00    0.00    0.00  170.00    30  bt-mz.B.24
02:11:54        30384  172.00    0.00    0.00  172.00    42  bt-mz.B.24

02:11:54          PID    %usr %system  %guest    %CPU   CPU  Command
02:11:56         4113    0.00    0.50    0.00    0.50     2  kondemand/2
02:11:56         4132    0.00    0.50    0.00    0.50    21  kondemand/21
02:11:56        23393    0.50    0.00    0.00    0.50    15  gmond
02:11:56        30353    1.00    1.00    0.00    2.00    16  top
02:11:56        30355    1.00    3.50    0.00    4.50    46  pidstat
02:11:56        30357    1.00    3.50    0.00    4.50     5  pidstat
02:11:56        30367  197.00    0.00    0.00  197.00     0  bt-mz.B.24
02:11:56        30368  181.00    0.00    0.00  181.00    12  bt-mz.B.24
02:11:56        30369  178.50    0.00    0.00  178.50     1  bt-mz.B.24
02:11:56        30370  172.50    0.00    0.00  172.50    37  bt-mz.B.24
02:11:56        30371  172.50    0.00    0.00  172.50    26  bt-mz.B.24
02:11:56        30372  172.00    0.00    0.00  172.00    14  bt-mz.B.24
02:11:56        30373  170.50    0.00    0.00  170.50    27  bt-mz.B.24
02:11:56        30374  169.50    0.00    0.00  169.50    39  bt-mz.B.24
02:11:56        30375  170.00    0.00    0.00  170.00    28  bt-mz.B.24
02:11:56        30377  174.50    0.00    0.00  174.50    40  bt-mz.B.24
02:11:56        30378  169.50    0.00    0.00  169.50    29  bt-mz.B.24
02:11:56        30379  171.50    0.00    0.00  171.50    41  bt-mz.B.24
02:11:56        30382  170.50    0.00    0.00  170.50    30  bt-mz.B.24
02:11:56        30384  173.00    0.00    0.00  173.00    42  bt-mz.B.24

02:11:56          PID    %usr %system  %guest    %CPU   CPU  Command
02:11:58         4114    0.00    0.50    0.00    0.50     3  kondemand/3
02:11:58         4122    0.00    0.50    0.00    0.50    11  kondemand/11
02:11:58         4154    0.00    0.50    0.00    0.50    43  kondemand/43
02:11:58        23393    0.50    0.00    0.00    0.50    15  gmond
02:11:58        30353    0.50    1.50    0.00    2.00    40  top
02:11:58        30355    0.50    2.50    0.00    3.00    46  pidstat
02:11:58        30357    0.50    3.00    0.00    3.50     5  pidstat
02:11:58        30359    0.00    0.50    0.00    0.50     2  iostat
02:11:58        30367  197.00    0.00    0.00  197.00     0  bt-mz.B.24
02:11:58        30368  178.50    0.00    0.00  178.50    12  bt-mz.B.24
02:11:58        30369  176.50    0.00    0.00  176.50     1  bt-mz.B.24
02:11:58        30370  169.50    0.00    0.00  169.50    37  bt-mz.B.24
02:11:58        30371  169.50    0.00    0.00  169.50    26  bt-mz.B.24
02:11:58        30372  169.00    0.00    0.00  169.00    14  bt-mz.B.24
02:11:58        30373  167.50    0.00    0.00  167.50    27  bt-mz.B.24
02:11:58        30374  167.00    0.00    0.00  167.00    39  bt-mz.B.24
02:11:58        30375  167.00    0.00    0.00  167.00    28  bt-mz.B.24
02:11:58        30377  170.00    0.00    0.00  170.00    16  bt-mz.B.24
02:11:58        30378  168.50    0.50    0.00  169.00    29  bt-mz.B.24
02:11:58        30379  168.50    0.00    0.00  168.50    41  bt-mz.B.24
02:11:58        30382  168.00    0.00    0.00  168.00    30  bt-mz.B.24
02:11:58        30384  170.00    0.00    0.00  170.00    42  bt-mz.B.24

02:11:58          PID    %usr %system  %guest    %CPU   CPU  Command
02:12:00         4118    0.00    0.50    0.00    0.50     7  kondemand/7
02:12:00         4127    0.00    0.50    0.00    0.50    16  kondemand/16
02:12:00         4133    0.00    0.50    0.00    0.50    22  kondemand/22
02:12:00         4147    0.00    0.50    0.00    0.50    36  kondemand/36
02:12:00         4152    0.00    0.50    0.00    0.50    41  kondemand/41
02:12:00         4174    0.00    0.50    0.00    0.50     3  kipmi0
02:12:00        23393    0.50    0.00    0.00    0.50    15  gmond
02:12:00        30353    1.00    1.00    0.00    2.00    40  top
02:12:00        30355    1.50    3.00    0.00    4.50    46  pidstat
02:12:00        30357    2.00    3.00    0.00    5.00     5  pidstat
02:12:00        30367  197.00    0.00    0.00  197.00     0  bt-mz.B.24
02:12:00        30368  180.50    0.00    0.00  180.50    12  bt-mz.B.24
02:12:00        30369  178.50    0.00    0.00  178.50     1  bt-mz.B.24
02:12:00        30370  172.50    0.00    0.00  172.50    37  bt-mz.B.24
02:12:00        30371  172.50    0.00    0.00  172.50    26  bt-mz.B.24
02:12:00        30372  172.00    0.00    0.00  172.00    14  bt-mz.B.24
02:12:00        30373  170.50    0.00    0.00  170.50    27  bt-mz.B.24
02:12:00        30374  170.00    0.50    0.00  170.50    39  bt-mz.B.24
02:12:00        30375  170.00    0.00    0.00  170.00    28  bt-mz.B.24
02:12:00        30377  173.50    0.00    0.00  173.50    40  bt-mz.B.24
02:12:00        30378  168.00    0.00    0.00  168.00    29  bt-mz.B.24
02:12:00        30379  172.00    0.00    0.00  172.00    41  bt-mz.B.24
02:12:00        30382  171.50    0.00    0.00  171.50    30  bt-mz.B.24
02:12:00        30384  173.50    0.00    0.00  173.50    42  bt-mz.B.24

02:12:00          PID    %usr %system  %guest    %CPU   CPU  Command
02:12:02          198    0.00    0.50    0.00    0.50     3  events/3
02:12:02         4112    0.00    0.50    0.00    0.50     1  kondemand/1
02:12:02         4121    0.00    0.50    0.00    0.50    10  kondemand/10
02:12:02         4818    0.00    0.50    0.00    0.50    10  crond
02:12:02        23393    0.50    0.00    0.00    0.50    15  gmond
02:12:02        30353    1.00    1.00    0.00    2.00    16  top
02:12:02        30355    1.50    2.50    0.00    4.00    46  pidstat
02:12:02        30357    0.50    3.00    0.00    3.50     5  pidstat
02:12:02        30367  196.00    0.00    0.00  196.00     0  bt-mz.B.24
02:12:02        30368  178.00    0.00    0.00  178.00    12  bt-mz.B.24
02:12:02        30369  176.50    0.00    0.00  176.50     1  bt-mz.B.24
02:12:02        30370  169.50    0.00    0.00  169.50    37  bt-mz.B.24
02:12:02        30371  169.50    0.00    0.00  169.50    26  bt-mz.B.24
02:12:02        30372  168.50    0.00    0.00  168.50    14  bt-mz.B.24
02:12:02        30373  167.00    0.00    0.00  167.00    27  bt-mz.B.24
02:12:02        30374  166.00    0.00    0.00  166.00    39  bt-mz.B.24
02:12:02        30375  166.50    0.00    0.00  166.50    28  bt-mz.B.24
02:12:02        30377  171.00    0.00    0.00  171.00    40  bt-mz.B.24
02:12:02        30378  169.50    0.00    0.00  169.50    29  bt-mz.B.24
02:12:02        30379  168.00    0.00    0.00  168.00    41  bt-mz.B.24
02:12:02        30382  167.50    0.00    0.00  167.50    30  bt-mz.B.24
02:12:02        30384  169.50    0.00    0.00  169.50    42  bt-mz.B.24

02:12:02          PID    %usr %system  %guest    %CPU   CPU  Command
02:12:04         4128    0.00    0.50    0.00    0.50    17  kondemand/17
02:12:04         4174    0.00    0.50    0.00    0.50     3  kipmi0
02:12:04        23393    0.50    0.00    0.00    0.50    15  gmond
02:12:04        30353    1.00    1.50    0.00    2.50    40  top
02:12:04        30355    1.00    3.00    0.00    4.00    22  pidstat
02:12:04        30357    1.50    3.00    0.00    4.50     5  pidstat
02:12:04        30367  198.50    0.00    0.00  198.50     0  bt-mz.B.24
02:12:04        30368  182.00    0.00    0.00  182.00    12  bt-mz.B.24
02:12:04        30369  180.00    0.00    0.00  180.00     1  bt-mz.B.24
02:12:04        30370  174.00    0.00    0.00  174.00    37  bt-mz.B.24
02:12:04        30371  174.50    0.00    0.00  174.50    26  bt-mz.B.24
02:12:04        30372  173.50    0.00    0.00  173.50    14  bt-mz.B.24
02:12:04        30373  172.50    0.00    0.00  172.50    27  bt-mz.B.24
02:12:04        30374  171.50    0.00    0.00  171.50    39  bt-mz.B.24
02:12:04        30375  172.00    0.00    0.00  172.00    28  bt-mz.B.24
02:12:04        30377  175.00    0.00    0.00  175.00    40  bt-mz.B.24
02:12:04        30378  169.00    0.00    0.00  169.00     5  bt-mz.B.24
02:12:04        30379  173.50    0.00    0.00  173.50    41  bt-mz.B.24
02:12:04        30382  172.50    0.00    0.00  172.50    30  bt-mz.B.24
02:12:04        30384  175.00    0.00    0.00  175.00    42  bt-mz.B.24

02:12:04          PID    %usr %system  %guest    %CPU   CPU  Command
02:12:06          207    0.00    0.50    0.00    0.50    12  events/12
02:12:06          218    0.00    0.50    0.00    0.50    23  events/23
02:12:06         4111    0.00    0.50    0.00    0.50     0  kondemand/0
02:12:06         4141    0.00    0.50    0.00    0.50    30  kondemand/30
02:12:06         4143    0.00    0.50    0.00    0.50    32  kondemand/32
02:12:06         4149    0.00    0.50    0.00    0.50    38  kondemand/38
02:12:06         4150    0.00    0.50    0.00    0.50    39  kondemand/39
02:12:06         4694    0.00    0.50    0.00    0.50    10  snmpd
02:12:06        23393    0.50    0.00    0.00    0.50    15  gmond
02:12:06        30353    1.00    1.00    0.00    2.00    40  top
02:12:06        30355    1.00    3.00    0.00    4.00    46  pidstat
02:12:06        30357    1.00    1.50    0.00    2.50     5  pidstat
02:12:06        30367  195.00    0.00    0.00  195.00     0  bt-mz.B.24
02:12:06        30368  179.00    0.00    0.00  179.00    12  bt-mz.B.24
02:12:06        30369  177.00    0.00    0.00  177.00     1  bt-mz.B.24
02:12:06        30370  170.00    0.00    0.00  170.00    37  bt-mz.B.24
02:12:06        30371  170.00    0.00    0.00  170.00    26  bt-mz.B.24
02:12:06        30372  169.50    0.00    0.00  169.50    14  bt-mz.B.24
02:12:06        30373  168.00    0.00    0.00  168.00    27  bt-mz.B.24
02:12:06        30374  167.00    0.00    0.00  167.00    39  bt-mz.B.24
02:12:06        30375  167.00    0.00    0.00  167.00    28  bt-mz.B.24
02:12:06        30377  171.00    0.00    0.00  171.00    40  bt-mz.B.24
02:12:06        30378  169.00    0.00    0.00  169.00    29  bt-mz.B.24
02:12:06        30379  168.50    0.00    0.00  168.50    41  bt-mz.B.24
02:12:06        30382  168.00    0.00    0.00  168.00    30  bt-mz.B.24
02:12:06        30384  170.50    0.00    0.00  170.50    42  bt-mz.B.24

02:12:06          PID    %usr %system  %guest    %CPU   CPU  Command
02:12:08         4116    0.00    0.50    0.00    0.50     5  kondemand/5
02:12:08         4117    0.00    0.50    0.00    0.50     6  kondemand/6
02:12:08         4131    0.00    0.50    0.00    0.50    20  kondemand/20
02:12:08         4155    0.00    0.50    0.00    0.50    44  kondemand/44
02:12:08         4174    0.00    0.50    0.00    0.50     3  kipmi0
02:12:08        23393    0.50    0.00    0.00    0.50    15  gmond
02:12:08        30353    0.50    1.00    0.00    1.50    40  top
02:12:08        30355    1.00    3.00    0.00    4.00    46  pidstat
02:12:08        30357    1.00    4.50    0.00    5.50    29  pidstat
02:12:08        30367  199.50    0.00    0.00  199.50     0  bt-mz.B.24
02:12:08        30368  181.00    0.00    0.00  181.00    12  bt-mz.B.24
02:12:08        30369  179.00    0.00    0.00  179.00     1  bt-mz.B.24
02:12:08        30370  173.00    0.00    0.00  173.00    37  bt-mz.B.24
02:12:08        30371  172.50    0.00    0.00  172.50    26  bt-mz.B.24
02:12:08        30372  172.50    0.00    0.00  172.50    14  bt-mz.B.24
02:12:08        30373  170.50    0.00    0.00  170.50    27  bt-mz.B.24
02:12:08        30374  170.00    0.00    0.00  170.00    39  bt-mz.B.24
02:12:08        30375  170.50    0.00    0.00  170.50    28  bt-mz.B.24
02:12:08        30377  174.00    0.00    0.00  174.00    40  bt-mz.B.24
02:12:08        30378  169.00    0.00    0.00  169.00    29  bt-mz.B.24
02:12:08        30379  172.00    0.00    0.00  172.00    41  bt-mz.B.24
02:12:08        30382  171.50    0.00    0.00  171.50    30  bt-mz.B.24
02:12:08        30384  173.50    0.00    0.00  173.50    42  bt-mz.B.24

02:12:08          PID    %usr %system  %guest    %CPU   CPU  Command
02:12:10         4126    0.00    0.50    0.00    0.50    15  kondemand/15
02:12:10         4138    0.00    0.50    0.00    0.50    27  kondemand/27
02:12:10         4151    0.00    0.50    0.00    0.50    40  kondemand/40
02:12:10         4153    0.00    0.50    0.00    0.50    42  kondemand/42
02:12:10         4156    0.00    0.50    0.00    0.50    45  kondemand/45
02:12:10        23393    0.50    0.00    0.00    0.50    15  gmond
02:12:10        30353    1.00    1.00    0.00    2.00    40  top
02:12:10        30355    1.00    3.00    0.00    4.00    46  pidstat
02:12:10        30357    1.00    3.00    0.00    4.00    29  pidstat
02:12:10        30367  193.50    0.00    0.00  193.50     0  bt-mz.B.24
02:12:10        30368  177.50    0.00    0.00  177.50    12  bt-mz.B.24
02:12:10        30369  175.50    0.00    0.00  175.50     1  bt-mz.B.24
02:12:10        30370  169.50    0.00    0.00  169.50    37  bt-mz.B.24
02:12:10        30371  170.00    0.00    0.00  170.00    26  bt-mz.B.24
02:12:10        30372  169.00    0.00    0.00  169.00    14  bt-mz.B.24
02:12:10        30373  168.00    0.00    0.00  168.00    27  bt-mz.B.24
02:12:10        30374  167.00    0.00    0.00  167.00    39  bt-mz.B.24
02:12:10        30375  167.00    0.00    0.00  167.00    28  bt-mz.B.24
02:12:10        30377  170.00    0.00    0.00  170.00    40  bt-mz.B.24
02:12:10        30378  166.50    0.00    0.00  166.50     5  bt-mz.B.24
02:12:10        30379  169.00    0.00    0.00  169.00    41  bt-mz.B.24
02:12:10        30382  168.50    0.00    0.00  168.50    30  bt-mz.B.24
02:12:10        30384  170.50    0.00    0.00  170.50    42  bt-mz.B.24

02:12:10          PID    %usr %system  %guest    %CPU   CPU  Command
02:12:12         4130    0.00    0.50    0.00    0.50    19  kondemand/19
02:12:12         4135    0.00    0.50    0.00    0.50    24  kondemand/24
02:12:12         4137    0.00    0.50    0.00    0.50    26  kondemand/26
02:12:12         4146    0.00    0.50    0.00    0.50    35  kondemand/35
02:12:12         4148    0.00    0.50    0.00    0.50    37  kondemand/37
02:12:12        23393    0.50    0.00    0.00    0.50    15  gmond
02:12:12        30353    1.00    1.00    0.00    2.00    16  top
02:12:12        30355    1.00    3.00    0.00    4.00    22  pidstat
02:12:12        30357    1.00    3.00    0.00    4.00     5  pidstat
02:12:12        30367  197.50    0.00    0.00  197.50     0  bt-mz.B.24
02:12:12        30368  179.50    0.00    0.00  179.50    12  bt-mz.B.24
02:12:12        30369  177.50    0.00    0.00  177.50     1  bt-mz.B.24
02:12:12        30370  170.50    0.00    0.00  170.50    37  bt-mz.B.24
02:12:12        30371  170.00    0.00    0.00  170.00    26  bt-mz.B.24
02:12:12        30372  169.50    0.00    0.00  169.50    14  bt-mz.B.24
02:12:12        30373  168.00    0.00    0.00  168.00    27  bt-mz.B.24
02:12:12        30374  167.00    0.00    0.00  167.00    39  bt-mz.B.24
02:12:12        30375  167.50    0.50    0.00  168.00    28  bt-mz.B.24
02:12:12        30377  172.00    0.00    0.00  172.00    40  bt-mz.B.24
02:12:12        30378  170.00    0.00    0.00  170.00    29  bt-mz.B.24
02:12:12        30379  169.00    0.00    0.00  169.00    41  bt-mz.B.24
02:12:12        30382  168.00    0.00    0.00  168.00    30  bt-mz.B.24
02:12:12        30384  170.50    0.00    0.00  170.50    42  bt-mz.B.24

02:12:12          PID    %usr %system  %guest    %CPU   CPU  Command
02:12:14         4119    0.00    0.50    0.00    0.50     8  kondemand/8
02:12:14         4123    0.00    0.50    0.00    0.50    12  kondemand/12
02:12:14         4124    0.00    0.50    0.00    0.50    13  kondemand/13
02:12:14         4144    0.00    0.50    0.00    0.50    33  kondemand/33
02:12:14         4158    0.00    0.50    0.00    0.50    47  kondemand/47
02:12:14         4174    0.00    0.50    0.00    0.50     3  kipmi0
02:12:14        23393    0.50    0.00    0.00    0.50    15  gmond
02:12:14        30353    0.50    1.50    0.00    2.00    40  top
02:12:14        30355    1.00    3.50    0.00    4.50    22  pidstat
02:12:14        30357    1.00    3.00    0.00    4.00     5  pidstat
02:12:14        30367  195.50    0.00    0.00  195.50     0  bt-mz.B.24
02:12:14        30368  180.00    0.00    0.00  180.00    12  bt-mz.B.24
02:12:14        30369  178.00    0.00    0.00  178.00     1  bt-mz.B.24
02:12:14        30370  172.00    0.00    0.00  172.00    37  bt-mz.B.24
02:12:14        30371  172.00    0.50    0.00  172.50    26  bt-mz.B.24
02:12:14        30372  171.50    0.00    0.00  171.50    14  bt-mz.B.24
02:12:14        30373  170.00    0.00    0.00  170.00    27  bt-mz.B.24
02:12:14        30374  169.00    0.00    0.00  169.00    39  bt-mz.B.24
02:12:14        30375  169.50    0.00    0.00  169.50    28  bt-mz.B.24
02:12:14        30377  172.50    0.00    0.00  172.50    16  bt-mz.B.24
02:12:14        30378  167.50    0.00    0.00  167.50    29  bt-mz.B.24
02:12:14        30379  171.00    0.00    0.00  171.00    41  bt-mz.B.24
02:12:14        30382  170.50    0.50    0.00  171.00    30  bt-mz.B.24
02:12:14        30384  172.50    0.00    0.00  172.50    42  bt-mz.B.24

02:12:14          PID    %usr %system  %guest    %CPU   CPU  Command
02:12:16         4136    0.00    0.50    0.00    0.50    25  kondemand/25
02:12:16         4142    0.00    0.50    0.00    0.50    31  kondemand/31
02:12:16        30353    1.00    1.50    0.00    2.50    40  top
02:12:16        30355    0.50    3.00    0.00    3.50    22  pidstat
02:12:16        30357    1.50    3.00    0.00    4.50    29  pidstat
02:12:16        30367  196.50    0.00    0.00  196.50     0  bt-mz.B.24
02:12:16        30368  179.50    0.00    0.00  179.50    12  bt-mz.B.24
02:12:16        30369  177.00    0.00    0.00  177.00     1  bt-mz.B.24
02:12:16        30370  170.00    0.00    0.00  170.00    37  bt-mz.B.24
02:12:16        30371  170.50    0.00    0.00  170.50    26  bt-mz.B.24
02:12:16        30372  170.00    0.00    0.00  170.00    14  bt-mz.B.24
02:12:16        30373  168.50    0.00    0.00  168.50    27  bt-mz.B.24
02:12:16        30374  167.50    0.00    0.00  167.50    39  bt-mz.B.24
02:12:16        30375  168.00    0.00    0.00  168.00    28  bt-mz.B.24
02:12:16        30377  171.50    0.00    0.00  171.50    40  bt-mz.B.24
02:12:16        30378  169.50    0.00    0.00  169.50     5  bt-mz.B.24
02:12:16        30379  169.50    0.00    0.00  169.50    41  bt-mz.B.24
02:12:16        30382  169.00    0.00    0.00  169.00    30  bt-mz.B.24
02:12:16        30384  171.00    0.00    0.00  171.00    42  bt-mz.B.24

02:12:16          PID    %usr %system  %guest    %CPU   CPU  Command
02:12:18           81    0.00    0.50    0.00    0.50    19  ksoftirqd/19
02:12:18         4115    0.00    0.50    0.00    0.50     4  kondemand/4
02:12:18         4120    0.00    0.50    0.00    0.50     9  kondemand/9
02:12:18         4129    0.00    0.50    0.00    0.50    18  kondemand/18
02:12:18         4140    0.00    0.50    0.00    0.50    29  kondemand/29
02:12:18         4145    0.00    0.50    0.00    0.50    34  kondemand/34
02:12:18        23393    0.50    0.00    0.00    0.50    15  gmond
02:12:18        30353    1.00    0.50    0.00    1.50    20  top
02:12:18        30355    1.00    3.00    0.00    4.00    46  pidstat
02:12:18        30357    1.00    3.00    0.00    4.00     5  pidstat
02:12:18        30358    0.00    0.50    0.00    0.50    25  mpstat
02:12:18        30367  196.00    0.50    0.00  196.50     0  bt-mz.B.24
02:12:18        30368  178.50    0.00    0.00  178.50    12  bt-mz.B.24
02:12:18        30369  177.00    0.00    0.00  177.00     1  bt-mz.B.24
02:12:18        30370  171.00    0.00    0.00  171.00    37  bt-mz.B.24
02:12:18        30371  170.50    0.00    0.00  170.50    26  bt-mz.B.24
02:12:18        30372  170.00    0.00    0.00  170.00    14  bt-mz.B.24
02:12:18        30373  168.50    0.00    0.00  168.50    27  bt-mz.B.24
02:12:18        30374  168.00    0.00    0.00  168.00    39  bt-mz.B.24
02:12:18        30375  168.00    0.00    0.00  168.00    28  bt-mz.B.24
02:12:18        30377  172.50    0.00    0.00  172.50    40  bt-mz.B.24
02:12:18        30378  166.50    0.00    0.00  166.50    29  bt-mz.B.24
02:12:18        30379  170.00    0.00    0.00  170.00    41  bt-mz.B.24
02:12:18        30382  169.00    0.00    0.00  169.00    30  bt-mz.B.24
02:12:18        30384  171.50    0.00    0.00  171.50    42  bt-mz.B.24

02:12:18          PID    %usr %system  %guest    %CPU   CPU  Command
02:12:20         4113    0.00    0.50    0.00    0.50     2  kondemand/2
02:12:20         4125    0.00    0.50    0.00    0.50    14  kondemand/14
02:12:20         4134    0.00    0.50    0.00    0.50    23  kondemand/23
02:12:20         4157    0.00    0.50    0.00    0.50    46  kondemand/46
02:12:20        23393    0.50    0.00    0.00    0.50    15  gmond
02:12:20        30353    1.00    1.00    0.00    2.00    20  top
02:12:20        30355    1.00    3.00    0.00    4.00    46  pidstat
02:12:20        30357    0.50    2.00    0.00    2.50     8  pidstat
02:12:20        30367  197.00    0.00    0.00  197.00     0  bt-mz.B.24
02:12:20        30368  180.50    0.00    0.00  180.50    12  bt-mz.B.24
02:12:20        30369  179.00    0.00    0.00  179.00     1  bt-mz.B.24
02:12:20        30370  172.50    0.00    0.00  172.50    37  bt-mz.B.24
02:12:20        30371  173.00    0.00    0.00  173.00    26  bt-mz.B.24
02:12:20        30372  172.00    0.00    0.00  172.00    14  bt-mz.B.24
02:12:20        30373  171.00    0.00    0.00  171.00    27  bt-mz.B.24
02:12:20        30374  170.00    0.00    0.00  170.00    39  bt-mz.B.24
02:12:20        30375  170.00    0.00    0.00  170.00    28  bt-mz.B.24
02:12:20        30377  174.50    0.00    0.00  174.50    40  bt-mz.B.24
02:12:20        30378  173.50    0.00    0.00  173.50    29  bt-mz.B.24
02:12:20        30379  172.00    0.00    0.00  172.00    41  bt-mz.B.24
02:12:20        30382  171.50    0.00    0.00  171.50    30  bt-mz.B.24
02:12:20        30384  173.50    0.00    0.00  173.50    42  bt-mz.B.24

02:12:20          PID    %usr %system  %guest    %CPU   CPU  Command
02:12:22         2928    0.00    1.00    0.00    1.00     4  flush-8:0
02:12:22         4114    0.00    0.50    0.00    0.50     3  kondemand/3
02:12:22         4132    0.00    0.50    0.00    0.50    21  kondemand/21
02:12:22        23393    0.50    0.00    0.00    0.50    15  gmond
02:12:22        30353    1.00    1.00    0.00    2.00    21  top
02:12:22        30355    1.00    3.00    0.00    4.00    46  pidstat
02:12:22        30357    1.50    4.00    0.00    5.50     5  pidstat
02:12:22        30367  198.00    0.00    0.00  198.00     0  bt-mz.B.24
02:12:22        30368  180.50    0.00    0.00  180.50    12  bt-mz.B.24
02:12:22        30369  178.00    0.00    0.00  178.00     1  bt-mz.B.24
02:12:22        30370  171.50    0.00    0.00  171.50    37  bt-mz.B.24
02:12:22        30371  170.50    0.00    0.00  170.50    26  bt-mz.B.24
02:12:22        30372  170.50    0.00    0.00  170.50    14  bt-mz.B.24
02:12:22        30373  169.00    0.00    0.00  169.00    27  bt-mz.B.24
02:12:22        30374  168.50    0.00    0.00  168.50    39  bt-mz.B.24
02:12:22        30375  169.00    0.00    0.00  169.00    28  bt-mz.B.24
02:12:22        30377  173.00    0.00    0.00  173.00    40  bt-mz.B.24
02:12:22        30378  168.50    0.00    0.00  168.50    29  bt-mz.B.24
02:12:22        30379  170.00    0.00    0.00  170.00    41  bt-mz.B.24
02:12:22        30382  169.00    0.00    0.00  169.00    30  bt-mz.B.24
02:12:22        30384  171.50    0.00    0.00  171.50    42  bt-mz.B.24

02:12:22          PID    %usr %system  %guest    %CPU   CPU  Command
02:12:24         4122    0.00    0.50    0.00    0.50    11  kondemand/11
02:12:24         4127    0.00    0.50    0.00    0.50    16  kondemand/16
02:12:24         4139    0.00    0.50    0.00    0.50    28  kondemand/28
02:12:24         4174    0.00    0.50    0.00    0.50     3  kipmi0
02:12:24         4189    0.00    0.50    0.00    0.50    24  irqbalance
02:12:24        23393    0.50    0.00    0.00    0.50    15  gmond
02:12:24        30353    1.00    1.00    0.00    2.00    21  top
02:12:24        30355    1.00    3.00    0.00    4.00    22  pidstat
02:12:24        30357    1.00    3.50    0.00    4.50     5  pidstat
02:12:24        30359    0.00    0.50    0.00    0.50     2  iostat
02:12:24        30367  197.00    0.00    0.00  197.00     0  bt-mz.B.24
02:12:24        30368  180.00    0.00    0.00  180.00    12  bt-mz.B.24
02:12:24        30369  178.50    0.50    0.00  179.00     1  bt-mz.B.24
02:12:24        30370  172.00    0.50    0.00  172.50    37  bt-mz.B.24
02:12:24        30371  172.50    0.00    0.00  172.50    26  bt-mz.B.24
02:12:24        30372  172.00    0.00    0.00  172.00    14  bt-mz.B.24
02:12:24        30373  170.50    0.00    0.00  170.50    27  bt-mz.B.24
02:12:24        30374  169.50    0.00    0.00  169.50    39  bt-mz.B.24
02:12:24        30375  169.50    0.00    0.00  169.50    28  bt-mz.B.24
02:12:24        30377  174.00    0.00    0.00  174.00    40  bt-mz.B.24
02:12:24        30378  168.00    0.00    0.00  168.00     5  bt-mz.B.24
02:12:24        30379  171.50    0.00    0.00  171.50    41  bt-mz.B.24
02:12:24        30382  171.00    0.00    0.00  171.00    30  bt-mz.B.24
02:12:24        30384  173.00    0.00    0.00  173.00    42  bt-mz.B.24

02:12:24          PID    %usr %system  %guest    %CPU   CPU  Command
02:12:26           25    0.00    0.50    0.00    0.50     5  ksoftirqd/5
02:12:26         4118    0.00    0.50    0.00    0.50     7  kondemand/7
02:12:26         4133    0.00    0.50    0.00    0.50    22  kondemand/22
02:12:26         4147    0.00    0.50    0.00    0.50    36  kondemand/36
02:12:26        30353    1.00    1.00    0.00    2.00    21  top
02:12:26        30355    1.00    2.50    0.00    3.50    22  pidstat
02:12:26        30357    0.50    2.00    0.00    2.50    29  pidstat
02:12:26        30367  194.00    0.00    0.00  194.00     0  bt-mz.B.24
02:12:26        30368  177.50    0.00    0.00  177.50    12  bt-mz.B.24
02:12:26        30369  175.00    0.00    0.00  175.00     1  bt-mz.B.24
02:12:26        30370  168.50    0.00    0.00  168.50    37  bt-mz.B.24
02:12:26        30371  168.00    0.00    0.00  168.00    26  bt-mz.B.24
02:12:26        30372  167.50    0.00    0.00  167.50    14  bt-mz.B.24
02:12:26        30373  166.00    0.00    0.00  166.00    27  bt-mz.B.24
02:12:26        30374  165.50    0.00    0.00  165.50    39  bt-mz.B.24
02:12:26        30375  165.50    0.00    0.00  165.50    28  bt-mz.B.24
02:12:26        30377  170.00    0.00    0.00  170.00    40  bt-mz.B.24
02:12:26        30378  168.00    0.00    0.00  168.00     5  bt-mz.B.24
02:12:26        30379  167.00    0.00    0.00  167.00    41  bt-mz.B.24
02:12:26        30382  166.00    0.00    0.00  166.00    30  bt-mz.B.24
02:12:26        30384  169.00    0.00    0.00  169.00    42  bt-mz.B.24

02:12:26          PID    %usr %system  %guest    %CPU   CPU  Command
02:12:28         1374    0.00    0.50    0.00    0.50    44  jbd2/sda1-8
02:12:28         4111    0.00    0.50    0.00    0.50     0  kondemand/0
02:12:28         4112    0.00    0.50    0.00    0.50     1  kondemand/1
02:12:28         4121    0.00    0.50    0.00    0.50    10  kondemand/10
02:12:28         4154    0.00    0.50    0.00    0.50    43  kondemand/43
02:12:28         4174    0.00    0.50    0.00    0.50     3  kipmi0
02:12:28        23393    0.50    0.00    0.00    0.50    15  gmond
02:12:28        30347    0.00    0.50    0.00    0.50     7  mpirun
02:12:28        30353    1.00    1.50    0.00    2.50    45  top
02:12:28        30355    1.50    3.00    0.00    4.50    46  pidstat
02:12:28        30357    1.50    3.00    0.00    4.50     1  pidstat
02:12:28        30367  196.50    0.00    0.00  196.50     0  bt-mz.B.24
02:12:28        30368  179.00    0.00    0.00  179.00    12  bt-mz.B.24
02:12:28        30369  174.50    0.00    0.00  174.50    25  bt-mz.B.24
02:12:28        30370  171.00    0.00    0.00  171.00    37  bt-mz.B.24
02:12:28        30371  171.50    0.00    0.00  171.50    26  bt-mz.B.24
02:12:28        30372  170.50    0.00    0.00  170.50    14  bt-mz.B.24
02:12:28        30373  169.00    0.00    0.00  169.00    27  bt-mz.B.24
02:12:28        30374  168.00    0.00    0.00  168.00    39  bt-mz.B.24
02:12:28        30375  169.00    0.00    0.00  169.00    28  bt-mz.B.24
02:12:28        30377  173.00    0.00    0.00  173.00    40  bt-mz.B.24
02:12:28        30378  170.00    0.00    0.00  170.00     5  bt-mz.B.24
02:12:28        30379  170.00    0.00    0.00  170.00    41  bt-mz.B.24
02:12:28        30382  170.00    0.00    0.00  170.00    30  bt-mz.B.24
02:12:28        30384  171.50    0.00    0.00  171.50    42  bt-mz.B.24

02:12:28          PID    %usr %system  %guest    %CPU   CPU  Command
02:12:30         4128    0.00    0.50    0.00    0.50    17  kondemand/17
02:12:30         4152    0.00    0.50    0.00    0.50    41  kondemand/41
02:12:30        23393    0.50    0.00    0.00    0.50    15  gmond
02:12:30        30353    1.00    1.00    0.00    2.00    45  top
02:12:30        30355    1.00    3.00    0.00    4.00    46  pidstat
02:12:30        30357    1.00    3.00    0.00    4.00     1  pidstat
02:12:30        30367  197.00    0.50    0.00  197.50     0  bt-mz.B.24
02:12:30        30368  180.50    0.00    0.00  180.50    12  bt-mz.B.24
02:12:30        30369  176.50    0.00    0.00  176.50     1  bt-mz.B.24
02:12:30        30370  173.00    0.00    0.00  173.00    37  bt-mz.B.24
02:12:30        30371  172.50    0.00    0.00  172.50    26  bt-mz.B.24
02:12:30        30372  172.00    0.00    0.00  172.00    14  bt-mz.B.24
02:12:30        30373  171.00    0.00    0.00  171.00    27  bt-mz.B.24
02:12:30        30374  170.00    0.00    0.00  170.00    39  bt-mz.B.24
02:12:30        30375  170.00    0.00    0.00  170.00    28  bt-mz.B.24
02:12:30        30377  174.50    0.00    0.00  174.50    40  bt-mz.B.24
02:12:30        30378  171.50    0.00    0.00  171.50     5  bt-mz.B.24
02:12:30        30379  172.00    0.00    0.00  172.00    41  bt-mz.B.24
02:12:30        30382  171.00    0.00    0.00  171.00    30  bt-mz.B.24
02:12:30        30384  173.50    0.00    0.00  173.50    42  bt-mz.B.24

02:12:30          PID    %usr %system  %guest    %CPU   CPU  Command
02:12:32         4116    0.00    0.50    0.00    0.50     5  kondemand/5
02:12:32        23393    1.00    0.00    0.00    1.00    15  gmond
02:12:32        30353    1.00    0.50    0.00    1.50    45  top
02:12:32        30355    1.00    2.50    0.00    3.50    22  pidstat
02:12:32        30357    1.00    3.50    0.00    4.50    25  pidstat
02:12:32        30367  198.00    0.00    0.00  198.00     0  bt-mz.B.24
02:12:32        30368  179.50    0.00    0.00  179.50    12  bt-mz.B.24
02:12:32        30369  176.50    0.00    0.00  176.50     1  bt-mz.B.24
02:12:32        30370  170.50    0.00    0.00  170.50    37  bt-mz.B.24
02:12:32        30371  170.50    0.00    0.00  170.50    26  bt-mz.B.24
02:12:32        30372  169.50    0.00    0.00  169.50    14  bt-mz.B.24
02:12:32        30373  168.50    0.00    0.00  168.50    27  bt-mz.B.24
02:12:32        30374  167.50    0.00    0.00  167.50    39  bt-mz.B.24
02:12:32        30375  168.00    0.00    0.00  168.00    28  bt-mz.B.24
02:12:32        30377  172.50    0.00    0.00  172.50    40  bt-mz.B.24
02:12:32        30378  169.00    0.00    0.00  169.00     5  bt-mz.B.24
02:12:32        30379  169.50    0.00    0.00  169.50    41  bt-mz.B.24
02:12:32        30382  169.00    0.00    0.00  169.00    30  bt-mz.B.24
02:12:32        30384  171.00    0.00    0.00  171.00    42  bt-mz.B.24

02:12:32          PID    %usr %system  %guest    %CPU   CPU  Command
02:12:34          215    0.00    0.50    0.00    0.50    20  events/20
02:12:34         4117    0.00    0.50    0.00    0.50     6  kondemand/6
02:12:34         4131    0.00    0.50    0.00    0.50    20  kondemand/20
02:12:34         4143    0.00    0.50    0.00    0.50    32  kondemand/32
02:12:34         4174    0.00    0.50    0.00    0.50     3  kipmi0
02:12:34        30353    1.00    1.50    0.00    2.50    45  top
02:12:34        30355    1.50    3.00    0.00    4.50    22  pidstat
02:12:34        30357    0.50    2.50    0.00    3.00     1  pidstat
02:12:34        30367  195.00    0.00    0.00  195.00     0  bt-mz.B.24
02:12:34        30368  179.00    0.00    0.00  179.00    12  bt-mz.B.24
02:12:34        30369  174.50    0.00    0.00  174.50     1  bt-mz.B.24
02:12:34        30370  171.00    0.00    0.00  171.00    37  bt-mz.B.24
02:12:34        30371  171.00    0.00    0.00  171.00    26  bt-mz.B.24
02:12:34        30372  170.50    0.00    0.00  170.50    14  bt-mz.B.24
02:12:34        30373  169.00    0.50    0.00  169.50    27  bt-mz.B.24
02:12:34        30374  168.50    0.00    0.00  168.50    39  bt-mz.B.24
02:12:34        30375  168.50    0.00    0.00  168.50    28  bt-mz.B.24
02:12:34        30377  172.50    0.00    0.00  172.50    40  bt-mz.B.24
02:12:34        30378  170.50    0.00    0.00  170.50     5  bt-mz.B.24
02:12:34        30379  170.50    0.00    0.00  170.50    41  bt-mz.B.24
02:12:34        30382  169.50    0.00    0.00  169.50    30  bt-mz.B.24
02:12:34        30384  171.50    0.00    0.00  171.50    42  bt-mz.B.24

02:12:34          PID    %usr %system  %guest    %CPU   CPU  Command
02:12:36          202    0.00    0.50    0.00    0.50     7  events/7
02:12:36          220    0.00    0.50    0.00    0.50    25  events/25
02:12:36         4123    0.00    0.50    0.00    0.50    12  kondemand/12
02:12:36         4126    0.00    0.50    0.00    0.50    15  kondemand/15
02:12:36         4135    0.00    0.50    0.00    0.50    24  kondemand/24
02:12:36         4141    0.00    0.50    0.00    0.50    30  kondemand/30
02:12:36         4149    0.00    0.50    0.00    0.50    38  kondemand/38
02:12:36         4150    0.00    0.50    0.00    0.50    39  kondemand/39
02:12:36        23393    0.50    0.00    0.00    0.50    15  gmond
02:12:36        30355    0.50    2.00    0.00    2.50    23  pidstat
02:12:36        30357    1.00    3.50    0.00    4.50     2  pidstat
