procs -----------memory---------- ---swap-- -----io---- --system-- -----cpu-----
 r  b   swpd   free   buff  cache   si   so    bi    bo   in   cs us sy id wa st
 9  0      0 64388796 215540 540496    0    0     0     1    0    0 38  2 60  0  0	
27  0      0 64050264 215540 566692    0    0     0     0 29633 22955 64  5 31  0  0	
46  0      0 64050388 215540 566752    0    0     0     0 27491 8780 82  0 18  0  0	
29  0      0 64053896 215540 566812    0    0     0   116 26868 8587 81  0 19  0  0	
27  0      0 64056360 215540 566876    0    0     0     0 26775 8605 80  0 20  0  0	
41  0      0 64057720 215540 566936    0    0     0     0 27159 8919 81  0 19  0  0	
27  0      0 64060356 215540 567000    0    0     0    12 27280 8790 81  0 19  0  0	
28  0      0 64062724 215540 567060    0    0     0     0 27138 9046 81  0 19  0  0	
25  0      0 64063904 215540 567120    0    0     0     6 27283 9325 82  0 18  0  0	
29  0      0 64066260 215540 567188    0    0     0     0 28215 9208 84  0 16  0  0	
38  0      0 64067140 215540 567248    0    0     0   116 27056 8579 81  0 19  0  0	
27  0      0 64067304 215540 567312    0    0     0     0 27217 8864 81  0 18  0  0	
32  0      0 64067188 215540 567372    0    0     0     0 27430 9238 82  0 18  0  0	
38  0      0 64067188 215540 567436    0    0     0    12 27698 9277 82  0 17  0  0	
39  0      0 64067188 215540 567496    0    0     0     0 27537 8975 82  0 18  0  0	
44  0      0 64067228 215540 567560    0    0     0     0 27965 8910 83  0 17  0  0	
28  0      0 64067112 215540 567624    0    0     0     0 27854 9136 83  0 16  0  0	
27  0      0 64067104 215540 567688    0    0     0     0 27668 8968 83  0 17  0  0	
31  0      0 64065988 215540 567756    0    0     0  6128 30211 8797 80  0 20  0  0	
25  0      0 64065740 215540 567820    0    0     0     0 27338 8874 81  0 18  0  0	
30  0      0 64065864 215540 567880    0    0     0     0 27808 9071 83  0 17  0  0	
procs -----------memory---------- ---swap-- -----io---- --system-- -----cpu-----
 r  b   swpd   free   buff  cache   si   so    bi    bo   in   cs us sy id wa st
27  0      0 64066112 215540 567944    0    0     0  1346 28527 8827 82  0 18  0  0	
27  0      0 64065996 215540 568004    0    0     0     0 26984 8806 81  0 19  0  0	
25  0      0 64066152 215544 568064    0    0     0    18 26960 8756 81  0 19  0  0	
27  0      0 64064896 215544 568128    0    0     0     0 27664 8828 82  0 17  0  0	
