Linux 2.6.32-279.14.1.el6.x86_64 (compute-641-14.local) 	04/21/20 	_x86_64_	(32 CPU)

04:12:36          PID    %usr %system  %guest    %CPU   CPU  Command
04:12:38         3133    0.00    0.49    0.00    0.49     0  kondemand/0
04:12:38         3180    0.00    0.49    0.00    0.49     0  kipmi0
04:12:38         4128    0.49    0.49    0.00    0.99     1  gmond
04:12:38         5427    3.94    1.97    0.00    5.91     8  mpirun
04:12:38         5433    0.49    0.49    0.00    0.99    17  top
04:12:38         5435    0.49    1.48    0.00    1.97    18  pidstat
04:12:38         5437    0.49    0.99    0.00    1.48     5  pidstat
04:12:38         5446   86.70    5.42    0.00   92.12    19  bt-mz.B.24
04:12:38         5447   87.19    4.93    0.00   92.12     0  bt-mz.B.24
04:12:38         5448   95.57    5.42    0.00  100.99    27  bt-mz.B.24
04:12:38         5449   79.80    5.91    0.00   85.71     3  bt-mz.B.24
04:12:38         5450   75.37    4.93    0.00   80.30    16  bt-mz.B.24
04:12:38         5451   93.60    5.42    0.00   99.01    10  bt-mz.B.24
04:12:38         5452   76.85    5.42    0.00   82.27    16  bt-mz.B.24
04:12:38         5453   68.47    4.93    0.00   73.40    22  bt-mz.B.24
04:12:38         5454   82.76    4.43    0.00   87.19     7  bt-mz.B.24
04:12:38         5455   93.10    5.42    0.00   98.52    12  bt-mz.B.24
04:12:38         5456   88.18    3.94    0.00   92.12     1  bt-mz.B.24
04:12:38         5459   71.92    5.42    0.00   77.34     5  bt-mz.B.24
04:12:38         5460   91.13    5.42    0.00   96.55     8  bt-mz.B.24
04:12:38         5464   94.58    4.93    0.00   99.51     9  bt-mz.B.24

04:12:38          PID    %usr %system  %guest    %CPU   CPU  Command
04:12:40         3143    0.00    0.50    0.00    0.50    10  kondemand/10
04:12:40         3180    0.00    0.50    0.00    0.50    16  kipmi0
04:12:40         5433    0.50    1.00    0.00    1.50    17  top
04:12:40         5435    0.50    2.00    0.00    2.50    18  pidstat
04:12:40         5437    0.50    2.00    0.00    2.50     5  pidstat
04:12:40         5446  111.50    0.00    0.00  111.50    19  bt-mz.B.24
04:12:40         5447   95.00    0.50    0.00   95.50    21  bt-mz.B.24
04:12:40         5448  113.50    0.00    0.00  113.50    27  bt-mz.B.24
04:12:40         5449  100.50    0.00    0.00  100.50     3  bt-mz.B.24
04:12:40         5450   87.50    0.00    0.00   87.50     2  bt-mz.B.24
04:12:40         5451  113.50    0.00    0.00  113.50    10  bt-mz.B.24
04:12:40         5452   98.50    0.50    0.00   99.00    23  bt-mz.B.24
04:12:40         5453  105.50    0.00    0.00  105.50     6  bt-mz.B.24
04:12:40         5454   98.00    0.00    0.00   98.00     7  bt-mz.B.24
04:12:40         5455  114.50    0.00    0.00  114.50    12  bt-mz.B.24
04:12:40         5456  109.00    0.00    0.00  109.00     1  bt-mz.B.24
04:12:40         5459   87.00    0.00    0.00   87.00     5  bt-mz.B.24
04:12:40         5460  112.50    0.00    0.00  112.50    13  bt-mz.B.24
04:12:40         5464  113.50    0.00    0.00  113.50    25  bt-mz.B.24

04:12:40          PID    %usr %system  %guest    %CPU   CPU  Command
04:12:42         3141    0.00    0.50    0.00    0.50     8  kondemand/8
04:12:42         3144    0.00    0.50    0.00    0.50    11  kondemand/11
04:12:42         3180    0.00    1.00    0.00    1.00    18  kipmi0
04:12:42         4128    0.00    0.50    0.00    0.50     1  gmond
04:12:42         5433    0.50    0.50    0.00    1.00    17  top
04:12:42         5435    0.00    2.00    0.00    2.00    18  pidstat
04:12:42         5437    0.50    2.50    0.00    3.00    21  pidstat
04:12:42         5446  111.00    0.00    0.00  111.00    18  bt-mz.B.24
04:12:42         5447   99.50    0.00    0.00   99.50    20  bt-mz.B.24
04:12:42         5448  112.00    0.00    0.00  112.00    11  bt-mz.B.24
04:12:42         5449   94.50    0.00    0.00   94.50     3  bt-mz.B.24
04:12:42         5450   96.50    0.00    0.00   96.50    13  bt-mz.B.24
04:12:42         5451  114.00    0.00    0.00  114.00     8  bt-mz.B.24
04:12:42         5452   94.50    0.00    0.00   94.50    21  bt-mz.B.24
04:12:42         5453   90.00    0.50    0.00   90.50    16  bt-mz.B.24
04:12:42         5454   84.50    0.00    0.00   84.50     1  bt-mz.B.24
04:12:42         5455  114.00    0.50    0.00  114.50    28  bt-mz.B.24
04:12:42         5456  111.50    0.00    0.00  111.50    17  bt-mz.B.24
04:12:42         5459  106.00    0.00    0.00  106.00     5  bt-mz.B.24
04:12:42         5460   96.50    0.00    0.00   96.50    29  bt-mz.B.24
04:12:42         5464  113.00    0.00    0.00  113.00    25  bt-mz.B.24

04:12:42          PID    %usr %system  %guest    %CPU   CPU  Command
04:12:44         3180    0.00    1.00    0.00    1.00    18  kipmi0
04:12:44         5433    1.00    0.50    0.00    1.50    17  top
04:12:44         5435    1.00    1.50    0.00    2.50    18  pidstat
04:12:44         5437    0.00    1.00    0.00    1.00    21  pidstat
04:12:44         5446  107.00    0.00    0.00  107.00    22  bt-mz.B.24
04:12:44         5447  111.00    0.00    0.00  111.00    20  bt-mz.B.24
04:12:44         5448  102.50    0.00    0.00  102.50    27  bt-mz.B.24
04:12:44         5449  107.50    0.00    0.00  107.50    19  bt-mz.B.24
04:12:44         5450  108.50    0.00    0.00  108.50    25  bt-mz.B.24
04:12:44         5451  106.50    0.00    0.00  106.50     8  bt-mz.B.24
04:12:44         5452  103.50    0.00    0.00  103.50    21  bt-mz.B.24
04:12:44         5453   88.50    0.00    0.00   88.50    23  bt-mz.B.24
04:12:44         5454   91.00    0.00    0.00   91.00     2  bt-mz.B.24
04:12:44         5455  110.00    0.00    0.00  110.00    12  bt-mz.B.24
04:12:44         5456   97.50    0.00    0.00   97.50     5  bt-mz.B.24
04:12:44         5459   99.50    0.00    0.00   99.50     3  bt-mz.B.24
04:12:44         5460  108.50    0.00    0.00  108.50    13  bt-mz.B.24
04:12:44         5464  108.50    0.00    0.00  108.50     9  bt-mz.B.24

04:12:44          PID    %usr %system  %guest    %CPU   CPU  Command
04:12:46         4128    0.00    0.50    0.00    0.50    17  gmond
04:12:46         5433    0.50    0.50    0.00    1.00    17  top
04:12:46         5435    0.50    1.50    0.00    2.00     2  pidstat
04:12:46         5437    1.00    2.50    0.00    3.50    19  pidstat
04:12:46         5446  110.00    0.00    0.00  110.00     6  bt-mz.B.24
04:12:46         5447  100.50    0.00    0.00  100.50     4  bt-mz.B.24
04:12:46         5448  109.00    0.50    0.00  109.50    27  bt-mz.B.24
04:12:46         5449  100.50    0.00    0.00  100.50    21  bt-mz.B.24
04:12:46         5450  117.00    0.00    0.00  117.00    25  bt-mz.B.24
04:12:46         5451  115.00    0.50    0.00  115.50    11  bt-mz.B.24
04:12:46         5452  104.00    0.00    0.00  104.00    20  bt-mz.B.24
04:12:46         5453  101.50    0.00    0.00  101.50     5  bt-mz.B.24
04:12:46         5454  103.50    0.00    0.00  103.50    16  bt-mz.B.24
04:12:46         5455  116.50    0.00    0.00  116.50    10  bt-mz.B.24
04:12:46         5456  101.00    0.00    0.00  101.00    22  bt-mz.B.24
04:12:46         5459  107.00    0.00    0.00  107.00    17  bt-mz.B.24
04:12:46         5460  116.50    0.00    0.00  116.50    13  bt-mz.B.24
04:12:46         5464  116.00    0.00    0.00  116.00     9  bt-mz.B.24

04:12:46          PID    %usr %system  %guest    %CPU   CPU  Command
04:12:48         5433    0.50    0.50    0.00    1.00     1  top
04:12:48         5435    0.50    2.00    0.00    2.50     2  pidstat
04:12:48         5437    0.50    1.00    0.00    1.50    19  pidstat
04:12:48         5446  108.00    0.00    0.00  108.00    16  bt-mz.B.24
04:12:48         5447  109.00    0.00    0.00  109.00     4  bt-mz.B.24
04:12:48         5448  113.50    0.00    0.00  113.50    11  bt-mz.B.24
04:12:48         5449  106.00    0.00    0.00  106.00     3  bt-mz.B.24
04:12:48         5450  113.00    0.00    0.00  113.00     8  bt-mz.B.24
04:12:48         5451  110.50    0.00    0.00  110.50    27  bt-mz.B.24
04:12:48         5452   94.50    0.00    0.00   94.50     6  bt-mz.B.24
04:12:48         5453  103.00    0.00    0.00  103.00    21  bt-mz.B.24
04:12:48         5454   97.50    0.00    0.00   97.50     7  bt-mz.B.24
04:12:48         5455  115.50    0.00    0.00  115.50    24  bt-mz.B.24
04:12:48         5456  109.00    0.00    0.00  109.00    17  bt-mz.B.24
04:12:48         5459   94.00    0.00    0.00   94.00    20  bt-mz.B.24
04:12:48         5460  113.50    0.00    0.00  113.50    15  bt-mz.B.24
04:12:48         5464  114.00    0.00    0.00  114.00    13  bt-mz.B.24

04:12:48          PID    %usr %system  %guest    %CPU   CPU  Command
04:12:50         3140    0.00    0.50    0.00    0.50     7  kondemand/7
04:12:50         3159    0.00    0.50    0.00    0.50    26  kondemand/26
04:12:50         3180    0.00    0.50    0.00    0.50     2  kipmi0
04:12:50         4128    0.00    0.50    0.00    0.50     1  gmond
04:12:50         5433    0.50    1.00    0.00    1.50     1  top
04:12:50         5435    0.50    2.00    0.00    2.50     2  pidstat
04:12:50         5437    1.00    2.00    0.00    3.00    19  pidstat
04:12:50         5446  102.00    0.50    0.00  102.50     1  bt-mz.B.24
04:12:50         5447  111.50    0.00    0.00  111.50    20  bt-mz.B.24
04:12:50         5448  113.00    0.00    0.00  113.00    10  bt-mz.B.24
04:12:50         5449  105.00    0.00    0.00  105.00    19  bt-mz.B.24
04:12:50         5450  117.00    0.00    0.00  117.00    31  bt-mz.B.24
04:12:50         5451  115.50    0.50    0.00  116.00    11  bt-mz.B.24
04:12:50         5452  108.50    0.00    0.00  108.50     3  bt-mz.B.24
04:12:50         5453  109.50    0.00    0.00  109.50    21  bt-mz.B.24
04:12:50         5454  112.50    0.00    0.00  112.50     7  bt-mz.B.24
04:12:50         5455  115.50    0.00    0.00  115.50    25  bt-mz.B.24
04:12:50         5456  106.50    0.00    0.00  106.50     0  bt-mz.B.24
04:12:50         5459  100.50    0.00    0.00  100.50    17  bt-mz.B.24
04:12:50         5460  114.00    0.00    0.00  114.00    15  bt-mz.B.24
04:12:50         5464  115.00    0.00    0.00  115.00    13  bt-mz.B.24

04:12:50          PID    %usr %system  %guest    %CPU   CPU  Command
04:12:52         3153    0.00    0.50    0.00    0.50    20  kondemand/20
04:12:52         3195    0.00    0.50    0.00    0.50    10  irqbalance
04:12:52         4128    0.50    0.00    0.00    0.50     1  gmond
04:12:52         5433    1.00    0.50    0.00    1.50     1  top
04:12:52         5435    0.50    1.50    0.00    2.00     2  pidstat
04:12:52         5437    1.00    2.00    0.00    3.00    19  pidstat
04:12:52         5446  113.00    0.00    0.00  113.00    17  bt-mz.B.24
04:12:52         5447  102.50    0.00    0.00  102.50     4  bt-mz.B.24
04:12:52         5448  116.50    0.00    0.00  116.50    27  bt-mz.B.24
04:12:52         5449  101.00    0.00    0.00  101.00    20  bt-mz.B.24
04:12:52         5450  115.50    0.00    0.00  115.50    31  bt-mz.B.24
04:12:52         5451  116.00    0.00    0.00  116.00    24  bt-mz.B.24
04:12:52         5452  100.50    0.00    0.00  100.50    19  bt-mz.B.24
04:12:52         5453   93.50    0.00    0.00   93.50    18  bt-mz.B.24
04:12:52         5454  105.00    0.00    0.00  105.00     6  bt-mz.B.24
04:12:52         5455  116.00    0.00    0.00  116.00    25  bt-mz.B.24
04:12:52         5456  111.50    0.50    0.00  112.00     3  bt-mz.B.24
04:12:52         5459   92.50    0.00    0.00   92.50     2  bt-mz.B.24
04:12:52         5460  107.50    0.00    0.00  107.50    11  bt-mz.B.24
04:12:52         5464  116.00    0.50    0.00  116.50    13  bt-mz.B.24

04:12:52          PID    %usr %system  %guest    %CPU   CPU  Command
04:12:54         3137    0.00    0.50    0.00    0.50     4  kondemand/4
04:12:54         3180    0.00    0.50    0.00    0.50    18  kipmi0
04:12:54         3593    0.00    0.50    0.00    0.50    16  fma
04:12:54         4128    0.00    0.50    0.00    0.50     1  gmond
04:12:54         5433    0.50    0.50    0.00    1.00     1  top
04:12:54         5435    0.50    2.00    0.00    2.50    18  pidstat
04:12:54         5437    0.50    1.00    0.00    1.50    19  pidstat
04:12:54         5446  104.50    0.00    0.00  104.50    17  bt-mz.B.24
04:12:54         5447  106.50    0.00    0.00  106.50    19  bt-mz.B.24
04:12:54         5448  112.50    0.00    0.00  112.50    27  bt-mz.B.24
04:12:54         5449  100.50    0.00    0.00  100.50    22  bt-mz.B.24
04:12:54         5450  109.50    0.00    0.00  109.50    11  bt-mz.B.24
04:12:54         5451  107.50    0.00    0.00  107.50    31  bt-mz.B.24
04:12:54         5452  102.00    0.00    0.00  102.00     7  bt-mz.B.24
04:12:54         5453   97.50    0.00    0.00   97.50     2  bt-mz.B.24
04:12:54         5454  105.00    0.00    0.00  105.00     4  bt-mz.B.24
04:12:54         5455  109.00    0.00    0.00  109.00    12  bt-mz.B.24
04:12:54         5456   98.50    0.00    0.00   98.50     1  bt-mz.B.24
04:12:54         5459  100.50    0.00    0.00  100.50    14  bt-mz.B.24
04:12:54         5460  104.50    0.00    0.00  104.50    24  bt-mz.B.24
04:12:54         5464  109.00    0.00    0.00  109.00    13  bt-mz.B.24

04:12:54          PID    %usr %system  %guest    %CPU   CPU  Command
04:12:56         3180    0.00    0.50    0.00    0.50    18  kipmi0
04:12:56         5433    0.50    0.50    0.00    1.00     1  top
04:12:56         5435    0.50    1.50    0.00    2.00    18  pidstat
04:12:56         5437    0.00    1.00    0.00    1.00    19  pidstat
04:12:56         5439    0.00    0.50    0.00    0.50    28  iostat
04:12:56         5446  105.50    0.00    0.00  105.50    17  bt-mz.B.24
04:12:56         5447  109.50    0.00    0.00  109.50     3  bt-mz.B.24
04:12:56         5448  110.50    0.00    0.00  110.50    11  bt-mz.B.24
04:12:56         5449   99.50    0.00    0.00   99.50     1  bt-mz.B.24
04:12:56         5450  105.00    0.00    0.00  105.00    12  bt-mz.B.24
04:12:56         5451  109.50    0.00    0.00  109.50    15  bt-mz.B.24
04:12:56         5452  108.00    0.00    0.00  108.00     7  bt-mz.B.24
04:12:56         5453   97.00    0.00    0.00   97.00     0  bt-mz.B.24
04:12:56         5454  103.00    0.00    0.00  103.00     5  bt-mz.B.24
04:12:56         5455  111.50    0.00    0.00  111.50    28  bt-mz.B.24
04:12:56         5456  103.50    0.00    0.00  103.50    16  bt-mz.B.24
04:12:56         5459  105.50    0.00    0.00  105.50     9  bt-mz.B.24
04:12:56         5460  108.00    0.50    0.00  108.50    24  bt-mz.B.24
04:12:56         5464  106.50    0.00    0.00  106.50    25  bt-mz.B.24

04:12:56          PID    %usr %system  %guest    %CPU   CPU  Command
04:12:58         3136    0.00    0.50    0.00    0.50     3  kondemand/3
04:12:58         3154    0.00    0.50    0.00    0.50    21  kondemand/21
04:12:58         3180    0.00    0.50    0.00    0.50    18  kipmi0
04:12:58         4128    0.00    0.50    0.00    0.50    17  gmond
04:12:58         5433    1.00    0.50    0.00    1.50     1  top
04:12:58         5435    0.50    2.00    0.00    2.50    18  pidstat
04:12:58         5437    1.00    2.50    0.00    3.50    19  pidstat
04:12:58         5446  106.00    0.00    0.00  106.00     1  bt-mz.B.24
04:12:58         5447  110.00    0.00    0.00  110.00    22  bt-mz.B.24
04:12:58         5448  112.50    0.00    0.00  112.50    11  bt-mz.B.24
04:12:58         5449  104.50    0.00    0.00  104.50     7  bt-mz.B.24
04:12:58         5450  111.00    0.50    0.00  111.50    12  bt-mz.B.24
04:12:58         5451  110.50    0.00    0.00  110.50    25  bt-mz.B.24
04:12:58         5452   97.50    0.50    0.00   98.00     5  bt-mz.B.24
04:12:58         5453  108.00    0.00    0.00  108.00    16  bt-mz.B.24
04:12:58         5454  106.50    0.50    0.00  107.00    21  bt-mz.B.24
04:12:58         5455  102.50    0.50    0.00  103.00    29  bt-mz.B.24
04:12:58         5456  104.00    0.00    0.00  104.00    20  bt-mz.B.24
04:12:58         5459  104.00    0.50    0.00  104.50    15  bt-mz.B.24
04:12:58         5460  112.00    0.00    0.00  112.00    13  bt-mz.B.24
04:12:58         5464  107.00    0.00    0.00  107.00    30  bt-mz.B.24

04:12:58          PID    %usr %system  %guest    %CPU   CPU  Command
04:13:00         3180    0.00    1.00    0.00    1.00    18  kipmi0
04:13:00         5433    0.50    0.50    0.00    1.00     1  top
04:13:00         5435    1.00    1.50    0.00    2.50    18  pidstat
04:13:00         5437    0.50    2.00    0.00    2.50     3  pidstat
04:13:00         5446  108.00    0.00    0.00  108.00    23  bt-mz.B.24
04:13:00         5447  113.00    0.00    0.00  113.00    22  bt-mz.B.24
04:13:00         5448  116.50    0.00    0.00  116.50    11  bt-mz.B.24
04:13:00         5449  105.50    0.00    0.00  105.50     0  bt-mz.B.24
04:13:00         5450  111.50    0.00    0.00  111.50    12  bt-mz.B.24
04:13:00         5451  104.00    0.50    0.00  104.50    31  bt-mz.B.24
04:13:00         5452   91.50    0.00    0.00   91.50     2  bt-mz.B.24
04:13:00         5453  103.00    0.00    0.00  103.00    16  bt-mz.B.24
04:13:00         5454  108.00    0.00    0.00  108.00    21  bt-mz.B.24
04:13:00         5455  112.00    0.00    0.00  112.00     8  bt-mz.B.24
04:13:00         5456   96.00    0.00    0.00   96.00     5  bt-mz.B.24
04:13:00         5459  112.50    0.00    0.00  112.50    15  bt-mz.B.24
04:13:00         5460  111.00    0.00    0.00  111.00    13  bt-mz.B.24
04:13:00         5464  109.50    0.00    0.00  109.50    25  bt-mz.B.24

04:13:00          PID    %usr %system  %guest    %CPU   CPU  Command
04:13:02         3145    0.00    0.50    0.00    0.50    12  kondemand/12
04:13:02         3162    0.00    0.50    0.00    0.50    29  kondemand/29
04:13:02         3180    0.00    0.50    0.00    0.50    18  kipmi0
04:13:02         3808    0.50    0.00    0.00    0.50    12  crond
04:13:02         4128    0.00    0.50    0.00    0.50     1  gmond
04:13:02         5433    0.50    0.50    0.00    1.00    17  top
04:13:02         5435    0.50    1.50    0.00    2.00    18  pidstat
04:13:02         5437    0.50    1.00    0.00    1.50     3  pidstat
04:13:02         5446  103.50    0.00    0.00  103.50     5  bt-mz.B.24
04:13:02         5447   96.50    0.00    0.00   96.50    23  bt-mz.B.24
04:13:02         5448  108.50    0.00    0.00  108.50    11  bt-mz.B.24
04:13:02         5449  107.50    0.00    0.00  107.50     1  bt-mz.B.24
04:13:02         5450  114.00    0.00    0.00  114.00    12  bt-mz.B.24
04:13:02         5451  108.50    1.00    0.00  109.50    31  bt-mz.B.24
04:13:02         5452  106.50    0.00    0.00  106.50    21  bt-mz.B.24
04:13:02         5453  105.00    0.00    0.00  105.00    16  bt-mz.B.24
04:13:02         5454  107.50    0.00    0.00  107.50     4  bt-mz.B.24
04:13:02         5455  111.00    0.00    0.00  111.00     8  bt-mz.B.24
04:13:02         5456  109.50    0.00    0.00  109.50    22  bt-mz.B.24
04:13:02         5459  110.00    0.00    0.00  110.00    29  bt-mz.B.24
04:13:02         5460  110.00    0.00    0.00  110.00    13  bt-mz.B.24
04:13:02         5464  107.00    0.00    0.00  107.00    25  bt-mz.B.24

04:13:02          PID    %usr %system  %guest    %CPU   CPU  Command
04:13:04         3133    0.00    0.50    0.00    0.50     0  kondemand/0
04:13:04         3139    0.00    0.50    0.00    0.50     6  kondemand/6
04:13:04         3146    0.00    0.50    0.00    0.50    13  kondemand/13
04:13:04         3155    0.00    0.50    0.00    0.50    22  kondemand/22
04:13:04         3163    0.00    0.50    0.00    0.50    30  kondemand/30
04:13:04         3180    0.00    1.00    0.00    1.00     2  kipmi0
04:13:04         5433    1.00    1.00    0.00    2.00    17  top
04:13:04         5435    0.50    2.00    0.00    2.50     2  pidstat
04:13:04         5437    1.00    1.50    0.00    2.50     4  pidstat
04:13:04         5446  107.50    0.00    0.00  107.50    20  bt-mz.B.24
04:13:04         5447  110.50    0.00    0.00  110.50     7  bt-mz.B.24
04:13:04         5448  109.00    0.00    0.00  109.00    27  bt-mz.B.24
04:13:04         5449   97.00    0.00    0.00   97.00     6  bt-mz.B.24
04:13:04         5450  111.00    0.00    0.00  111.00    12  bt-mz.B.24
04:13:04         5451  111.50    0.00    0.00  111.50    31  bt-mz.B.24
04:13:04         5452  105.00    0.00    0.00  105.00    18  bt-mz.B.24
04:13:04         5453  107.50    0.00    0.00  107.50    16  bt-mz.B.24
04:13:04         5454  100.50    0.00    0.00  100.50     1  bt-mz.B.24
04:13:04         5455  101.00    0.00    0.00  101.00    11  bt-mz.B.24
04:13:04         5456  105.50    0.00    0.00  105.50    22  bt-mz.B.24
04:13:04         5459  100.50    0.50    0.00  101.00    25  bt-mz.B.24
04:13:04         5460  107.00    0.00    0.00  107.00    13  bt-mz.B.24
04:13:04         5464  104.00    0.50    0.00  104.50     9  bt-mz.B.24

04:13:04          PID    %usr %system  %guest    %CPU   CPU  Command
04:13:06         3134    0.00    0.50    0.00    0.50     1  kondemand/1
04:13:06         3135    0.00    0.50    0.00    0.50     2  kondemand/2
04:13:06         3152    0.00    0.50    0.00    0.50    19  kondemand/19
04:13:06         3157    0.00    0.50    0.00    0.50    24  kondemand/24
04:13:06         3180    0.00    1.50    0.00    1.50     2  kipmi0
04:13:06         5433    0.50    0.50    0.00    1.00     1  top
04:13:06         5435    0.50    2.00    0.00    2.50    18  pidstat
04:13:06         5437    0.50    2.50    0.00    3.00    17  pidstat
04:13:06         5446  101.00    0.00    0.00  101.00     6  bt-mz.B.24
04:13:06         5447  113.00    0.00    0.00  113.00    20  bt-mz.B.24
04:13:06         5448  111.50    1.00    0.00  112.50    31  bt-mz.B.24
04:13:06         5449  103.00    0.00    0.00  103.00     4  bt-mz.B.24
04:13:06         5450  114.50    0.00    0.00  114.50    12  bt-mz.B.24
04:13:06         5451  109.50    0.00    0.00  109.50    15  bt-mz.B.24
04:13:06         5452  109.50    0.00    0.00  109.50     7  bt-mz.B.24
04:13:06         5453  106.00    0.00    0.00  106.00     0  bt-mz.B.24
04:13:06         5454  102.50    0.00    0.00  102.50    19  bt-mz.B.24
04:13:06         5455  112.50    0.00    0.00  112.50    11  bt-mz.B.24
04:13:06         5456  104.00    0.00    0.00  104.00    21  bt-mz.B.24
04:13:06         5459  112.50    0.00    0.00  112.50    13  bt-mz.B.24
04:13:06         5460  115.00    0.00    0.00  115.00    29  bt-mz.B.24
04:13:06         5464  105.50    0.00    0.00  105.50    25  bt-mz.B.24

04:13:06          PID    %usr %system  %guest    %CPU   CPU  Command
04:13:08         3021    0.00    1.00    0.00    1.00     3  flush-8:0
04:13:08         3138    0.00    0.50    0.00    0.50     5  kondemand/5
04:13:08         3148    0.00    0.50    0.00    0.50    15  kondemand/15
04:13:08         3149    0.00    0.50    0.00    0.50    16  kondemand/16
04:13:08         3150    0.00    0.50    0.00    0.50    17  kondemand/17
04:13:08         3156    0.00    0.50    0.00    0.50    23  kondemand/23
04:13:08         3160    0.00    0.50    0.00    0.50    27  kondemand/27
04:13:08         3180    0.00    0.50    0.00    0.50    18  kipmi0
04:13:08         3684    0.00    0.50    0.00    0.50    22  snmpd
04:13:08         4128    0.50    0.50    0.00    1.00    17  gmond
04:13:08         5433    0.50    1.00    0.00    1.50     1  top
04:13:08         5435    0.50    1.50    0.00    2.00    18  pidstat
04:13:08         5437    0.50    1.00    0.00    1.50    17  pidstat
04:13:08         5446  120.50    0.00    0.00  120.50     6  bt-mz.B.24
04:13:08         5447  110.00    0.00    0.00  110.00     4  bt-mz.B.24
04:13:08         5448  115.50    0.00    0.00  115.50    27  bt-mz.B.24
04:13:08         5449  101.50    0.00    0.00  101.50    23  bt-mz.B.24
04:13:08         5450  119.00    0.00    0.00  119.00    12  bt-mz.B.24
04:13:08         5451  114.50    0.00    0.00  114.50    24  bt-mz.B.24
04:13:08         5452  105.00    0.00    0.00  105.00    21  bt-mz.B.24
04:13:08         5453  107.50    0.50    0.00  108.00    20  bt-mz.B.24
04:13:08         5454  106.50    0.00    0.00  106.50     2  bt-mz.B.24
04:13:08         5455  118.00    0.00    0.00  118.00    14  bt-mz.B.24
04:13:08         5456  113.00    0.00    0.00  113.00    19  bt-mz.B.24
04:13:08         5459  116.00    0.00    0.00  116.00    25  bt-mz.B.24
04:13:08         5460  112.00    0.00    0.00  112.00    11  bt-mz.B.24
04:13:08         5464  113.00    0.00    0.00  113.00    28  bt-mz.B.24

04:13:08          PID    %usr %system  %guest    %CPU   CPU  Command
04:13:10         3151    0.00    0.50    0.00    0.50    18  kondemand/18
04:13:10         5433    0.50    0.50    0.00    1.00     1  top
04:13:10         5435    0.50    1.50    0.00    2.00    18  pidstat
04:13:10         5437    1.00    3.00    0.00    4.00    17  pidstat
04:13:10         5446  122.00    0.00    0.00  122.00     6  bt-mz.B.24
04:13:10         5447  114.00    0.00    0.00  114.00     4  bt-mz.B.24
04:13:10         5448  113.50    0.00    0.00  113.50    11  bt-mz.B.24
04:13:10         5449  108.50    0.50    0.00  109.00     7  bt-mz.B.24
04:13:10         5450  117.00    0.00    0.00  117.00    12  bt-mz.B.24
04:13:10         5451  115.50    0.00    0.00  115.50     8  bt-mz.B.24
04:13:10         5452   89.00    0.00    0.00   89.00    23  bt-mz.B.24
04:13:10         5453   90.50    0.00    0.00   90.50    18  bt-mz.B.24
04:13:10         5454  103.50    0.00    0.00  103.50     2  bt-mz.B.24
04:13:10         5455  114.50    0.00    0.00  114.50     9  bt-mz.B.24
04:13:10         5456  107.50    0.00    0.00  107.50     3  bt-mz.B.24
04:13:10         5459  113.00    0.00    0.00  113.00    26  bt-mz.B.24
04:13:10         5460  116.50    0.00    0.00  116.50    25  bt-mz.B.24
04:13:10         5464  114.50    0.00    0.00  114.50    29  bt-mz.B.24

04:13:10          PID    %usr %system  %guest    %CPU   CPU  Command
04:13:12           13    0.00    0.50    0.00    0.50     2  ksoftirqd/2
04:13:12         1063    0.00    0.50    0.00    0.50     8  jbd2/sda1-8
04:13:12         3852    0.50    1.00    0.00    1.50    24  pbs_mom
04:13:12         4128    0.00    0.50    0.00    0.50     1  gmond
04:13:12         5433    0.50    0.50    0.00    1.00     0  top
04:13:12         5435    0.50    2.00    0.00    2.50    18  pidstat
04:13:12         5437    0.50    1.50    0.00    2.00    17  pidstat
04:13:12         5446  107.50    0.00    0.00  107.50    21  bt-mz.B.24
04:13:12         5447  111.50    0.00    0.00  111.50     4  bt-mz.B.24
04:13:12         5448  110.00    0.00    0.00  110.00    26  bt-mz.B.24
04:13:12         5449  101.50    0.00    0.00  101.50     0  bt-mz.B.24
04:13:12         5450  112.50    0.00    0.00  112.50    12  bt-mz.B.24
04:13:12         5451  111.50    0.00    0.00  111.50    31  bt-mz.B.24
04:13:12         5452   87.50    0.00    0.00   87.50     6  bt-mz.B.24
04:13:12         5453  108.00    0.00    0.00  108.00    16  bt-mz.B.24
04:13:12         5454  102.50    0.00    0.00  102.50     1  bt-mz.B.24
04:13:12         5455  107.50    0.00    0.00  107.50     9  bt-mz.B.24
04:13:12         5456  105.00    0.00    0.00  105.00    19  bt-mz.B.24
04:13:12         5459  109.00    0.00    0.00  109.00    24  bt-mz.B.24
04:13:12         5460  103.50    0.00    0.00  103.50    11  bt-mz.B.24
04:13:12         5464  102.00    0.00    0.00  102.00    27  bt-mz.B.24

04:13:12          PID    %usr %system  %guest    %CPU   CPU  Command
04:13:14         3142    0.00    0.50    0.00    0.50     9  kondemand/9
04:13:14         3161    0.00    0.50    0.00    0.50    28  kondemand/28
04:13:14         3164    0.00    0.50    0.00    0.50    31  kondemand/31
04:13:14         5433    1.00    0.50    0.00    1.50     0  top
04:13:14         5435    0.50    1.50    0.00    2.00    18  pidstat
04:13:14         5437    0.50    1.50    0.00    2.00     1  pidstat
04:13:14         5438    0.00    0.50    0.00    0.50     5  mpstat
04:13:14         5446  110.50    0.00    0.00  110.50    21  bt-mz.B.24
04:13:14         5447   98.50    0.00    0.00   98.50    22  bt-mz.B.24
04:13:14         5448  117.00    0.00    0.00  117.00    26  bt-mz.B.24
04:13:14         5449  108.00    0.00    0.00  108.00     0  bt-mz.B.24
04:13:14         5450  111.50    0.00    0.00  111.50    27  bt-mz.B.24
04:13:14         5451  105.00    1.00    0.00  106.00    14  bt-mz.B.24
04:13:14         5452   98.00    0.00    0.00   98.00    19  bt-mz.B.24
04:13:14         5453  104.50    0.00    0.00  104.50     4  bt-mz.B.24
04:13:14         5454   85.50    0.00    0.00   85.50     6  bt-mz.B.24
04:13:14         5455  108.00    0.00    0.00  108.00    29  bt-mz.B.24
04:13:14         5456  100.50    0.00    0.00  100.50     6  bt-mz.B.24
04:13:14         5459  112.00    0.00    0.00  112.00    15  bt-mz.B.24
04:13:14         5460  111.00    0.00    0.00  111.00    11  bt-mz.B.24
04:13:14         5464  111.00    0.50    0.00  111.50    30  bt-mz.B.24

04:13:14          PID    %usr %system  %guest    %CPU   CPU  Command
04:13:16         3147    0.00    0.50    0.00    0.50    14  kondemand/14
04:13:16         3158    0.00    0.50    0.00    0.50    25  kondemand/25
04:13:16         4128    0.00    0.50    0.00    0.50     1  gmond
04:13:16         5433    0.00    1.00    0.00    1.00     5  top
04:13:16         5435    1.00    1.50    0.00    2.50    18  pidstat
04:13:16         5437    0.50    2.00    0.00    2.50     1  pidstat
04:13:16         5439    0.00    0.50    0.00    0.50    12  iostat
04:13:16         5446  116.50    0.50    0.00  117.00    22  bt-mz.B.24
04:13:16         5447  113.50    0.00    0.00  113.50     0  bt-mz.B.24
04:13:16         5448  114.50    0.00    0.00  114.50    13  bt-mz.B.24
04:13:16         5449  107.50    0.00    0.00  107.50    23  bt-mz.B.24
04:13:16         5450  114.50    0.00    0.00  114.50    28  bt-mz.B.24
04:13:16         5451  112.00    0.00    0.00  112.00    11  bt-mz.B.24
04:13:16         5452  101.00    0.00    0.00  101.00     2  bt-mz.B.24
04:13:16         5453  106.50    0.00    0.00  106.50     7  bt-mz.B.24
04:13:16         5454  104.00    0.00    0.00  104.00    16  bt-mz.B.24
04:13:16         5455  117.00    0.50    0.00  117.50     8  bt-mz.B.24
04:13:16         5456  110.50    0.00    0.00  110.50     3  bt-mz.B.24
04:13:16         5459  117.00    0.00    0.00  117.00    15  bt-mz.B.24
04:13:16         5460  113.50    0.00    0.00  113.50    29  bt-mz.B.24
04:13:16         5464  118.00    0.00    0.00  118.00    14  bt-mz.B.24

04:13:16          PID    %usr %system  %guest    %CPU   CPU  Command
04:13:18         3141    0.00    0.50    0.00    0.50     8  kondemand/8
04:13:18         3144    0.00    0.50    0.00    0.50    11  kondemand/11
04:13:18         3180    0.00    1.00    0.00    1.00    22  kipmi0
04:13:18         5433    1.00    0.50    0.00    1.50    21  top
04:13:18         5435    0.50    1.50    0.00    2.00    18  pidstat
04:13:18         5437    0.50    2.50    0.00    3.00     1  pidstat
04:13:18         5446  113.00    0.00    0.00  113.00    18  bt-mz.B.24
04:13:18         5447  111.00    0.00    0.00  111.00     2  bt-mz.B.24
04:13:18         5448  112.00    0.50    0.00  112.50    10  bt-mz.B.24
04:13:18         5449  109.00    0.00    0.00  109.00     4  bt-mz.B.24
04:13:18         5450  108.50    0.00    0.00  108.50    27  bt-mz.B.24
04:13:18         5451  113.00    0.00    0.00  113.00     8  bt-mz.B.24
04:13:18         5452  107.50    0.00    0.00  107.50     0  bt-mz.B.24
04:13:18         5453  101.50    0.00    0.00  101.50     1  bt-mz.B.24
04:13:18         5454  104.50    0.00    0.00  104.50     6  bt-mz.B.24
04:13:18         5455  109.00    0.00    0.00  109.00    30  bt-mz.B.24
04:13:18         5456  107.50    0.50    0.00  108.00    23  bt-mz.B.24
04:13:18         5459  116.00    0.00    0.00  116.00    15  bt-mz.B.24
04:13:18         5460  114.50    0.00    0.00  114.50    13  bt-mz.B.24
04:13:18         5464  108.00    0.00    0.00  108.00     9  bt-mz.B.24

04:13:18          PID    %usr %system  %guest    %CPU   CPU  Command
04:13:20         3143    0.00    0.50    0.00    0.50    10  kondemand/10
04:13:20         4128    0.00    0.50    0.00    0.50     1  gmond
04:13:20         5433    0.00    1.00    0.00    1.00    21  top
04:13:20         5435    0.50    2.00    0.00    2.50    18  pidstat
04:13:20         5437    0.50    0.50    0.00    1.00     1  pidstat
04:13:20         5446  110.50    0.00    0.00  110.50     2  bt-mz.B.24
04:13:20         5447   94.00    0.00    0.00   94.00    19  bt-mz.B.24
04:13:20         5448  113.00    0.00    0.00  113.00    26  bt-mz.B.24
04:13:20         5449   96.50    0.00    0.00   96.50    19  bt-mz.B.24
04:13:20         5450  102.50    0.00    0.00  102.50    27  bt-mz.B.24
04:13:20         5451  113.00    0.00    0.00  113.00    25  bt-mz.B.24
04:13:20         5452  107.00    0.00    0.00  107.00    21  bt-mz.B.24
04:13:20         5453   92.50    0.00    0.00   92.50     1  bt-mz.B.24
04:13:20         5454  101.00    0.00    0.00  101.00     6  bt-mz.B.24
04:13:20         5455  114.00    0.00    0.00  114.00    14  bt-mz.B.24
04:13:20         5456  109.50    0.00    0.00  109.50     0  bt-mz.B.24
04:13:20         5459  113.50    0.00    0.00  113.50    31  bt-mz.B.24
04:13:20         5460  114.50    0.00    0.00  114.50    13  bt-mz.B.24
04:13:20         5464  102.00    0.50    0.00  102.50     9  bt-mz.B.24

04:13:20          PID    %usr %system  %guest    %CPU   CPU  Command
04:13:22         5433    1.00    0.50    0.00    1.50    21  top
04:13:22         5435    1.00    1.50    0.00    2.50     2  pidstat
04:13:22         5437    1.00    2.50    0.00    3.50    17  pidstat
04:13:22         5446  115.00    0.00    0.00  115.00    16  bt-mz.B.24
04:13:22         5447  108.50    0.00    0.00  108.50     6  bt-mz.B.24
04:13:22         5448  113.00    0.00    0.00  113.00    10  bt-mz.B.24
04:13:22         5449  104.50    0.00    0.00  104.50     0  bt-mz.B.24
04:13:22         5450  108.00    0.00    0.00  108.00    24  bt-mz.B.24
04:13:22         5451  109.50    0.50    0.00  110.00    27  bt-mz.B.24
04:13:22         5452  101.50    0.00    0.00  101.50     7  bt-mz.B.24
04:13:22         5453   99.50    0.00    0.00   99.50    23  bt-mz.B.24
04:13:22         5454  109.00    0.00    0.00  109.00    22  bt-mz.B.24
04:13:22         5455  113.50    0.50    0.00  114.00    14  bt-mz.B.24
04:13:22         5456  106.50    0.00    0.00  106.50     5  bt-mz.B.24
04:13:22         5459  112.00    0.00    0.00  112.00    26  bt-mz.B.24
04:13:22         5460  113.50    0.00    0.00  113.50    13  bt-mz.B.24
04:13:22         5464  110.50    0.00    0.00  110.50     9  bt-mz.B.24

04:13:22          PID    %usr %system  %guest    %CPU   CPU  Command
04:13:24          131    0.00    0.50    0.00    0.50     0  events/0
04:13:24         3140    0.00    0.50    0.00    0.50     7  kondemand/7
04:13:24         3180    0.00    0.50    0.00    0.50    22  kipmi0
04:13:24         4128    0.50    0.50    0.00    1.00    17  gmond
04:13:24         5433    0.50    1.00    0.00    1.50    21  top
04:13:24         5435    0.50    1.50    0.00    2.00     2  pidstat
04:13:24         5437    0.50    1.50    0.00    2.00     1  pidstat
04:13:24         5446  106.50    0.00    0.00  106.50     6  bt-mz.B.24
04:13:24         5447  105.00    0.50    0.00  105.50    19  bt-mz.B.24
04:13:24         5448  109.00    0.00    0.00  109.00    26  bt-mz.B.24
04:13:24         5449  103.50    0.00    0.00  103.50     0  bt-mz.B.24
04:13:24         5450  108.50    0.00    0.00  108.50    24  bt-mz.B.24
04:13:24         5451  107.50    0.00    0.00  107.50    10  bt-mz.B.24
04:13:24         5452  109.50    0.50    0.00  110.00     7  bt-mz.B.24
04:13:24         5453   92.00    0.00    0.00   92.00    16  bt-mz.B.24
04:13:24         5454  108.00    0.00    0.00  108.00    22  bt-mz.B.24
04:13:24         5455  111.50    0.00    0.00  111.50    30  bt-mz.B.24
04:13:24         5456  108.00    0.00    0.00  108.00    21  bt-mz.B.24
04:13:24         5459  102.50    0.00    0.00  102.50    14  bt-mz.B.24
04:13:24         5460  113.00    0.00    0.00  113.00    29  bt-mz.B.24
04:13:24         5464  111.50    0.50    0.00  112.00     9  bt-mz.B.24

04:13:24          PID    %usr %system  %guest    %CPU   CPU  Command
04:13:26         5433    0.50    0.50    0.00    1.00     6  top
04:13:26         5435    1.00    1.00    0.00    2.00     2  pidstat
04:13:26         5437    1.00    1.50    0.00    2.50    17  pidstat
04:13:26         5446  115.50    0.00    0.00  115.50     6  bt-mz.B.24
04:13:26         5447   66.00    0.00    0.00   66.00     3  bt-mz.B.24
04:13:26         5448  107.00    0.00    0.00  107.00    10  bt-mz.B.24
04:13:26         5449  105.50    0.00    0.00  105.50     0  bt-mz.B.24
04:13:26         5450  109.50    0.50    0.00  110.00    24  bt-mz.B.24
04:13:26         5451  101.50    0.00    0.00  101.50    29  bt-mz.B.24
04:13:26         5452  111.00    0.00    0.00  111.00    23  bt-mz.B.24
04:13:26         5453  106.00    0.00    0.00  106.00    20  bt-mz.B.24
04:13:26         5454  101.00    0.50    0.00  101.50    22  bt-mz.B.24
04:13:26         5455  108.00    0.00    0.00  108.00    31  bt-mz.B.24
04:13:26         5456  100.00    0.00    0.00  100.00     5  bt-mz.B.24
04:13:26         5459  102.50    0.50    0.00  103.00    13  bt-mz.B.24
04:13:26         5460  107.00    0.50    0.00  107.50     8  bt-mz.B.24
04:13:26         5464  112.50    0.00    0.00  112.50    25  bt-mz.B.24

04:13:26          PID    %usr %system  %guest    %CPU   CPU  Command
04:13:28         5433    0.50    0.50    0.00    1.00     6  top
04:13:28         5435    0.50    2.00    0.00    2.50    18  pidstat
04:13:28         5437    0.50    1.00    0.00    1.50    17  pidstat
04:13:28         5442    0.00    0.50    0.00    0.50    23  vmstat
04:13:28         5446  100.50    0.00    0.00  100.50    19  bt-mz.B.24
04:13:28         5447   99.50    0.00    0.00   99.50     6  bt-mz.B.24
04:13:28         5448  116.00    0.00    0.00  116.00    26  bt-mz.B.24
04:13:28         5449  109.00    0.00    0.00  109.00    16  bt-mz.B.24
04:13:28         5450  108.50    0.50    0.00  109.00    29  bt-mz.B.24
04:13:28         5451  113.00    0.00    0.00  113.00    11  bt-mz.B.24
04:13:28         5452  107.50    0.00    0.00  107.50     7  bt-mz.B.24
04:13:28         5453  108.50    0.00    0.00  108.50     3  bt-mz.B.24
04:13:28         5454  103.50    0.00    0.00  103.50     0  bt-mz.B.24
04:13:28         5455  106.50    0.00    0.00  106.50     8  bt-mz.B.24
04:13:28         5456  106.00    0.00    0.00  106.00    23  bt-mz.B.24
04:13:28         5459  110.50    0.00    0.00  110.50    15  bt-mz.B.24
04:13:28         5460  100.00    0.00    0.00  100.00     9  bt-mz.B.24
04:13:28         5464  104.00    0.00    0.00  104.00    24  bt-mz.B.24
