Linux 2.6.32-279.14.1.el6.x86_64 (compute-662-5.local) 	04/21/20 	_x86_64_	(48 CPU)

02:07:34     CPU    %usr   %nice    %sys %iowait    %irq   %soft  %steal  %guest   %idle
02:07:36     all    5.84    0.00    3.20    0.00    0.00    0.05    0.00    0.00   90.90
02:07:38     all   85.65    0.00    0.35    0.00    0.00    0.00    0.00    0.00   13.99
02:07:40     all   86.77    0.00    0.18    0.00    0.00    0.00    0.00    0.00   13.06
02:07:42     all   86.16    0.00    0.17    0.00    0.00    0.00    0.00    0.00   13.68
02:07:44     all   85.68    0.00    0.17    0.00    0.00    0.00    0.00    0.00   14.15
02:07:46     all   86.68    0.00    0.16    0.00    0.00    0.00    0.00    0.00   13.16
02:07:48     all   85.35    0.00    0.17    0.00    0.00    0.00    0.00    0.00   14.49
02:07:50     all   86.87    0.00    0.17    0.00    0.00    0.00    0.00    0.00   12.96
02:07:52     all   86.09    0.00    0.16    0.00    0.00    0.00    0.00    0.00   13.75
02:07:54     all   85.71    0.00    0.18    0.00    0.00    0.00    0.00    0.00   14.12
02:07:56     all   86.92    0.00    0.16    0.00    0.00    0.00    0.00    0.00   12.93
02:07:58     all   85.14    0.00    0.15    0.00    0.00    0.00    0.00    0.00   14.71
02:08:00     all   86.75    0.00    0.17    0.00    0.00    0.00    0.00    0.00   13.09
02:08:02     all   86.16    0.00    0.16    0.00    0.00    0.00    0.00    0.00   13.68
02:08:04     all   86.09    0.00    0.18    0.00    0.00    0.00    0.00    0.00   13.73
02:08:06     all   86.83    0.00    0.20    0.00    0.00    0.01    0.00    0.00   12.96
02:08:08     all   85.23    0.00    0.17    0.00    0.00    0.00    0.00    0.00   14.61
02:08:10     all   86.75    0.00    0.16    0.00    0.00    0.00    0.00    0.00   13.10
02:08:12     all   85.72    0.00    0.18    0.00    0.00    0.00    0.00    0.00   14.11
02:08:14     all   86.50    0.00    0.17    0.00    0.00    0.00    0.00    0.00   13.33
02:08:16     all   86.55    0.00    0.16    0.01    0.00    0.00    0.00    0.00   13.28
02:08:18     all   85.66    0.00    0.17    0.01    0.00    0.00    0.00    0.00   14.16
02:08:20     all   86.81    0.00    0.16    0.00    0.00    0.00    0.00    0.00   13.04
02:08:22     all   85.20    0.00    0.16    0.00    0.00    0.01    0.00    0.00   14.64
02:08:24     all   84.30    0.00    0.20    0.00    0.00    0.00    0.00    0.00   15.50
