Linux 2.6.32-279.14.1.el6.x86_64 (compute-641-14.local) 	04/21/20 	_x86_64_	(32 CPU)

02:38:03          PID    %usr %system  %guest    %CPU   CPU  Command
02:38:05         3156    0.00    0.49    0.00    0.49    23  kondemand/23
02:38:05        18809    2.45    1.96    0.00    4.41     0  mpirun
02:38:05        18815    0.49    0.98    0.00    1.47    12  top
02:38:05        18817    0.49    1.96    0.00    2.45    18  pidstat
02:38:05        18819    0.49    1.96    0.00    2.45     8  pidstat
02:38:05        18829  134.80    9.31    0.00  144.12     0  bt-mz.B.32
02:38:05        18830  135.78   14.22    0.00  150.00    17  bt-mz.B.32
02:38:05        18831  131.37   15.20    0.00  146.57     2  bt-mz.B.32
02:38:05        18832  118.14   18.63    0.00  136.76    19  bt-mz.B.32
02:38:05        18833  118.14   18.63    0.00  136.76    20  bt-mz.B.32
02:38:05        18834  115.20   21.08    0.00  136.27     5  bt-mz.B.32
02:38:05        18835  106.86   20.59    0.00  127.45    22  bt-mz.B.32
02:38:05        18836  106.86   21.57    0.00  128.43    23  bt-mz.B.32
02:38:05        18837  101.47   25.49    0.00  126.96    24  bt-mz.B.32
02:38:05        18838   98.04   25.98    0.00  124.02     9  bt-mz.B.32
02:38:05        18842   96.57   29.41    0.00  125.98    26  bt-mz.B.32
02:38:05        18845   98.04   27.94    0.00  125.98    27  bt-mz.B.32
02:38:05        18847   94.12   31.37    0.00  125.49    28  bt-mz.B.32
02:38:05        18850   93.14   31.86    0.00  125.00    29  bt-mz.B.32

02:38:05          PID    %usr %system  %guest    %CPU   CPU  Command
02:38:07         3140    0.00    0.50    0.00    0.50     7  kondemand/7
02:38:07         4128    0.50    0.00    0.00    0.50    16  gmond
02:38:07        18815    0.50    0.50    0.00    1.00    12  top
02:38:07        18817    0.50    2.00    0.00    2.50    18  pidstat
02:38:07        18819    0.00    2.00    0.00    2.00     8  pidstat
02:38:07        18829  174.00    2.00    0.00  176.00     0  bt-mz.B.32
02:38:07        18830  173.50   10.00    0.00  183.50    17  bt-mz.B.32
02:38:07        18831  168.50   11.50    0.00  180.00     2  bt-mz.B.32
02:38:07        18832  150.00   15.50    0.00  165.50    19  bt-mz.B.32
02:38:07        18833  151.50   14.50    0.00  166.00    20  bt-mz.B.32
02:38:07        18834  146.00   18.50    0.00  164.50     5  bt-mz.B.32
02:38:07        18835  134.00   20.00    0.00  154.00    22  bt-mz.B.32
02:38:07        18836  132.50   20.50    0.00  153.00    23  bt-mz.B.32
02:38:07        18837  128.50   25.00    0.00  153.50    24  bt-mz.B.32
02:38:07        18838  124.00   26.50    0.00  150.50     9  bt-mz.B.32
02:38:07        18842  126.00   26.50    0.00  152.50    26  bt-mz.B.32
02:38:07        18845  126.50   26.50    0.00  153.00    27  bt-mz.B.32
02:38:07        18847  121.00   30.50    0.00  151.50    12  bt-mz.B.32
02:38:07        18850  120.50   30.50    0.00  151.00    29  bt-mz.B.32

02:38:07          PID    %usr %system  %guest    %CPU   CPU  Command
02:38:09         3137    0.00    0.50    0.00    0.50     4  kondemand/4
02:38:09         3160    0.00    0.50    0.00    0.50    27  kondemand/27
02:38:09         4128    0.00    0.50    0.00    0.50    16  gmond
02:38:09        18815    0.50    1.00    0.00    1.50    12  top
02:38:09        18817    1.00    1.50    0.00    2.50    18  pidstat
02:38:09        18819    1.00    2.00    0.00    3.00    11  pidstat
02:38:09        18829  169.50    3.50    0.00  173.00     0  bt-mz.B.32
02:38:09        18830  169.00   11.00    0.00  180.00    17  bt-mz.B.32
02:38:09        18831  164.50   11.50    0.00  176.00     2  bt-mz.B.32
02:38:09        18832  146.00   17.00    0.00  163.00    19  bt-mz.B.32
02:38:09        18833  146.50   16.50    0.00  163.00    20  bt-mz.B.32
02:38:09        18834  142.50   19.00    0.00  161.50     5  bt-mz.B.32
02:38:09        18835  130.50   20.50    0.00  151.00    22  bt-mz.B.32
02:38:09        18836  129.00   22.00    0.00  151.00    23  bt-mz.B.32
02:38:09        18837  124.50   26.00    0.00  150.50    24  bt-mz.B.32
02:38:09        18838  120.50   27.00    0.00  147.50     9  bt-mz.B.32
02:38:09        18842  120.00   30.50    0.00  150.50    26  bt-mz.B.32
02:38:09        18845  122.50   27.00    0.00  149.50    27  bt-mz.B.32
02:38:09        18847  117.50   31.50    0.00  149.00    12  bt-mz.B.32
02:38:09        18850  117.00   32.00    0.00  149.00    29  bt-mz.B.32

02:38:09          PID    %usr %system  %guest    %CPU   CPU  Command
02:38:11         3139    0.00    0.50    0.00    0.50     6  kondemand/6
02:38:11         3147    0.00    0.50    0.00    0.50    14  kondemand/14
02:38:11         3148    0.00    0.50    0.00    0.50    15  kondemand/15
02:38:11         3180    0.00    0.50    0.00    0.50     0  kipmi0
02:38:11        18815    0.50    0.50    0.00    1.00    12  top
02:38:11        18817    0.50    2.00    0.00    2.50     0  pidstat
02:38:11        18819    0.50    2.50    0.00    3.00    11  pidstat
02:38:11        18829  175.00    1.50    0.00  176.50    16  bt-mz.B.32
02:38:11        18830  176.00    9.00    0.00  185.00    17  bt-mz.B.32
02:38:11        18831  171.00   10.50    0.00  181.50     2  bt-mz.B.32
02:38:11        18832  150.50   15.50    0.00  166.00    19  bt-mz.B.32
02:38:11        18833  152.50   14.50    0.00  167.00    20  bt-mz.B.32
02:38:11        18834  146.00   19.50    0.00  165.50     5  bt-mz.B.32
02:38:11        18835  135.50   19.50    0.00  155.00    22  bt-mz.B.32
02:38:11        18836  133.50   20.00    0.00  153.50    23  bt-mz.B.32
02:38:11        18837  129.00   25.00    0.00  154.00    24  bt-mz.B.32
02:38:11        18838  125.00   27.00    0.00  152.00     9  bt-mz.B.32
02:38:11        18842  124.00   29.50    0.00  153.50    26  bt-mz.B.32
02:38:11        18845  127.50   26.00    0.00  153.50    11  bt-mz.B.32
02:38:11        18847  122.00   30.00    0.00  152.00    12  bt-mz.B.32
02:38:11        18850  122.50   29.50    0.00  152.00    29  bt-mz.B.32

02:38:11          PID    %usr %system  %guest    %CPU   CPU  Command
02:38:13          113    0.00    0.50    0.00    0.50    27  ksoftirqd/27
02:38:13          143    0.00    0.50    0.00    0.50    12  events/12
02:38:13         3135    0.00    0.50    0.00    0.50     2  kondemand/2
02:38:13         3149    0.00    0.50    0.00    0.50    16  kondemand/16
02:38:13         3151    0.00    0.50    0.00    0.50    18  kondemand/18
02:38:13         3153    0.00    0.50    0.00    0.50    20  kondemand/20
02:38:13         3158    0.00    0.50    0.00    0.50    25  kondemand/25
02:38:13         3180    0.00    0.50    0.00    0.50    16  kipmi0
02:38:13         3195    0.00    0.50    0.00    0.50    28  irqbalance
02:38:13         3852    0.50    0.00    0.00    0.50    27  pbs_mom
02:38:13         4128    0.50    0.50    0.00    1.00    16  gmond
02:38:13        18815    1.00    0.50    0.00    1.50    28  top
02:38:13        18817    1.00    1.50    0.00    2.50     4  pidstat
02:38:13        18819    0.50    2.00    0.00    2.50    11  pidstat
02:38:13        18829  168.50    4.50    0.00  173.00    16  bt-mz.B.32
02:38:13        18830  167.50   12.00    0.00  179.50    17  bt-mz.B.32
02:38:13        18831  164.50   13.00    0.00  177.50     2  bt-mz.B.32
02:38:13        18832  146.00   16.00    0.00  162.00    19  bt-mz.B.32
02:38:13        18833  145.00   18.00    0.00  163.00    20  bt-mz.B.32
02:38:13        18834  142.50   19.50    0.00  162.00     5  bt-mz.B.32
02:38:13        18835  130.50   21.50    0.00  152.00    22  bt-mz.B.32
02:38:13        18836  129.00   22.00    0.00  151.00    23  bt-mz.B.32
02:38:13        18837  125.50   25.50    0.00  151.00    24  bt-mz.B.32
02:38:13        18838  120.50   26.50    0.00  147.00     9  bt-mz.B.32
02:38:13        18842  119.50   30.50    0.00  150.00    26  bt-mz.B.32
02:38:13        18845  121.00   29.00    0.00  150.00    27  bt-mz.B.32
02:38:13        18847  116.00   33.50    0.00  149.50    12  bt-mz.B.32
02:38:13        18850  118.00   31.50    0.00  149.50    29  bt-mz.B.32

02:38:13          PID    %usr %system  %guest    %CPU   CPU  Command
02:38:15         3133    0.00    0.50    0.00    0.50     0  kondemand/0
02:38:15         3134    0.00    0.50    0.00    0.50     1  kondemand/1
02:38:15         3142    0.00    0.50    0.00    0.50     9  kondemand/9
02:38:15         3155    0.00    0.50    0.00    0.50    22  kondemand/22
02:38:15         3164    0.00    0.50    0.00    0.50    31  kondemand/31
02:38:15         9738    0.00    0.50    0.00    0.50    25  flush-0:23
02:38:15        18815    0.50    1.00    0.00    1.50    28  top
02:38:15        18817    1.00    1.50    0.00    2.50    20  pidstat
02:38:15        18819    1.00    1.50    0.00    2.50    11  pidstat
02:38:15        18829  174.50    1.00    0.00  175.50     0  bt-mz.B.32
02:38:15        18830  173.50    8.50    0.00  182.00    17  bt-mz.B.32
02:38:15        18831  168.50   11.00    0.00  179.50     2  bt-mz.B.32
02:38:15        18832  148.50   15.50    0.00  164.00    19  bt-mz.B.32
02:38:15        18833  149.00   14.00    0.00  163.00     4  bt-mz.B.32
02:38:15        18834  144.50   18.00    0.00  162.50     5  bt-mz.B.32
02:38:15        18835  132.50   19.50    0.00  152.00    22  bt-mz.B.32
02:38:15        18836  131.00   21.00    0.00  152.00    23  bt-mz.B.32
02:38:15        18837  127.00   24.00    0.00  151.00    24  bt-mz.B.32
02:38:15        18838  123.50   25.50    0.00  149.00     9  bt-mz.B.32
02:38:15        18842  123.00   28.00    0.00  151.00    26  bt-mz.B.32
02:38:15        18845  123.00   27.00    0.00  150.00    27  bt-mz.B.32
02:38:15        18847  118.00   31.50    0.00  149.50    12  bt-mz.B.32
02:38:15        18850  120.50   29.00    0.00  149.50    29  bt-mz.B.32
