Linux 2.6.32-279.14.1.el6.x86_64 (compute-641-14.local) 	04/21/20 	_x86_64_	(32 CPU)

03:36:12     CPU    %usr   %nice    %sys %iowait    %irq   %soft  %steal  %guest   %idle
03:36:14     all   67.75    0.00    4.04    0.00    0.00    0.06    0.00    0.00   28.15
03:36:16     all   90.14    0.00    0.17    0.00    0.00    0.00    0.00    0.00    9.69
03:36:18     all   90.42    0.00    0.17    0.00    0.00    0.00    0.00    0.00    9.41
03:36:20     all   90.69    0.00    0.16    0.00    0.00    0.00    0.00    0.00    9.16
03:36:22     all   90.33    0.00    0.20    0.00    0.00    0.00    0.00    0.00    9.47
03:36:24     all   89.57    0.00    0.17    0.00    0.00    0.00    0.00    0.00   10.26
03:36:26     all   86.91    0.00    0.17    0.00    0.00    0.00    0.00    0.00   12.92
03:36:28     all   90.42    0.00    0.20    0.00    0.00    0.00    0.00    0.00    9.38
03:36:30     all   90.25    0.00    0.19    0.00    0.00    0.00    0.00    0.00    9.56
03:36:32     all   88.70    0.00    0.17    0.00    0.00    0.00    0.00    0.00   11.13
03:36:34     all   89.61    0.00    0.16    0.00    0.00    0.00    0.00    0.00   10.24
03:36:36     all   90.63    0.00    0.17    0.02    0.00    0.00    0.00    0.00    9.18
03:36:38     all   90.86    0.00    0.17    0.00    0.00    0.00    0.00    0.00    8.97
03:36:40     all   86.62    0.00    0.17    0.00    0.00    0.00    0.00    0.00   13.21
03:36:42     all   90.64    0.00    0.17    0.00    0.00    0.00    0.00    0.00    9.19
03:36:44     all   92.84    0.00    0.16    0.00    0.00    0.00    0.00    0.00    7.00
03:36:46     all   90.15    0.00    0.19    0.00    0.00    0.00    0.00    0.00    9.66
03:36:48     all   91.20    0.00    0.22    0.00    0.00    0.02    0.00    0.00    8.57
03:36:50     all   92.48    0.00    0.17    0.00    0.00    0.00    0.00    0.00    7.34
03:36:52     all   90.36    0.00    0.20    0.00    0.00    0.00    0.00    0.00    9.44
03:36:54     all   90.22    0.00    0.17    0.00    0.00    0.00    0.00    0.00    9.61
03:36:56     all   85.45    0.00    0.19    0.00    0.00    0.00    0.00    0.00   14.36
03:36:58     all   89.62    0.00    0.14    0.00    0.00    0.00    0.00    0.00   10.24
03:37:00     all   90.14    0.00    0.17    0.00    0.00    0.00    0.00    0.00    9.69
03:37:02     all   88.75    0.00    0.17    0.00    0.00    0.00    0.00    0.00   11.08
03:37:04     all   91.84    0.00    0.17    0.00    0.00    0.02    0.00    0.00    7.97
03:37:06     all   90.22    0.00    0.17    0.00    0.00    0.00    0.00    0.00    9.61
03:37:08     all   88.81    0.00    0.16    0.00    0.00    0.00    0.00    0.00   11.03
03:37:10     all   92.23    0.00    0.17    0.00    0.00    0.00    0.00    0.00    7.60
03:37:12     all   90.09    0.00    0.20    0.00    0.00    0.00    0.00    0.00    9.70
03:37:14     all   91.48    0.00    0.19    0.00    0.00    0.00    0.00    0.00    8.33
03:37:16     all   89.56    0.00    0.20    0.00    0.00    0.00    0.00    0.00   10.24
03:37:18     all   90.22    0.00    0.17    0.00    0.00    0.00    0.00    0.00    9.61
03:37:20     all   90.89    0.00    0.17    0.00    0.00    0.00    0.00    0.00    8.94
03:37:22     all   91.03    0.00    0.19    0.00    0.00    0.00    0.00    0.00    8.78
03:37:24     all   92.62    0.00    0.19    0.00    0.00    0.00    0.00    0.00    7.19
03:37:26     all   90.76    0.00    0.17    0.00    0.00    0.00    0.00    0.00    9.07
03:37:28     all   90.87    0.00    0.14    0.00    0.00    0.00    0.00    0.00    8.99
03:37:30     all   92.44    0.00    0.17    0.00    0.00    0.00    0.00    0.00    7.39
03:37:32     all   92.01    0.00    0.13    0.00    0.00    0.00    0.00    0.00    7.86
03:37:34     all   91.23    0.00    0.13    0.00    0.00    0.00    0.00    0.00    8.64
