procs -----------memory---------- ---swap-- -----io---- --system-- -----cpu-----
 r  b   swpd   free   buff  cache   si   so    bi    bo   in   cs us sy id wa st
 8  0  13768 64976124  36904 110336    0    0     0     1    0    0 65  1 34  0  0	
49  0  13768 64740152  36904 134616    0    0     0    12 17535 27620  5  3 92  0  0	
26  0  13768 64628080  36904 137288    0    0     0     0 42819 11187 86  0 13  0  0	
48  0  13768 64632008  36924 137372    0    0     0   138 42889 11227 87  0 13  0  0	
25  0  13768 64632404  36924 137468    0    0     0     0 42454 11110 86  0 14  0  0	
49  0  13768 64635716  36924 137556    0    0     0     0 42397 11124 86  0 14  0  0	
44  0  13768 64637484  36924 137644    0    0     0     0 42848 11201 87  0 13  0  0	
48  0  13768 64637604  36932 137736    0    0     0     8 42112 11032 85  0 14  0  0	
46  0  13768 64638500  36932 137824    0    0     0     0 42811 11162 87  0 13  0  0	
25  0  13768 64638960  36932 137916    0    0     0   104 42322 11123 86  0 14  0  0	
48  0  13768 64638868  36932 138004    0    0     0     0 42596 11123 86  0 13  0  0	
27  0  13768 64638876  36940 138084    0    0     0    14 42694 11158 87  0 13  0  0	
48  0  13768 64638744  36940 138184    0    0     0     0 42159 11048 85  0 14  0  0	
47  0  13768 64638744  36940 138272    0    0     0     0 42816 11164 87  0 13  0  0	
49  0  13768 64638744  36940 138364    0    0     0     0 42057 11014 85  0 15  0  0	
48  0  13768 64638744  36940 138460    0    0     0     0 42854 11202 87  0 13  0  0	
25  0  13768 64638628  36948 138540    0    0     0    14 42516 11129 86  0 14  0  0	
48  0  13768 64638504  36948 138640    0    0     0     0 42430 11083 86  0 14  0  0	
28  0  13768 64638496  36948 138732    0    0     0     0 42956 11225 87  0 13  0  0	
48  0  13768 64637984  36956 138824    0    0     0  6130 47415 11106 85  0 14  0  0	
47  0  13768 64637860  36956 138912    0    0     0     0 42771 11163 87  0 13  0  0	
procs -----------memory---------- ---swap-- -----io---- --system-- -----cpu-----
 r  b   swpd   free   buff  cache   si   so    bi    bo   in   cs us sy id wa st
48  0  13768 64637748  36964 138916    0    0     0     8 42189 11113 85  0 14  0  0	
48  0  13768 64637616  36972 139092    0    0     0  1336 44797 11200 87  0 13  0  0	
25  0  13768 64637616  36972 139092    0    0     0     0 42486 11094 86  0 14  0  0	
48  0  13768 64637656  36972 139184    0    0     0     0 42491 11101 86  0 14  0  0	
 1  0  13768 64967688  36988 113184    0    0     0    18 47042 23781 81  0 19  0  0	
