procs -----------memory---------- ---swap-- -----io---- --system-- -----cpu-----
 r  b   swpd   free   buff  cache   si   so    bi    bo   in   cs us sy id wa st
11  0      0 64621140 214952 326876    0    0     0     1    0    0 38  2 60  0  0	
33  0      0 64413724 214952 336752    0    0     0     0 29960 18520 55 11 34  0  0	
32  0      0 64414192 214952 336812    0    0     0     0 28807 8296 71 10 19  0  0	
22  0      0 64414528 214952 336872    0    0     0    94 28739 8233 71 10 19  0  0	
27  0      0 64415148 214952 336936    0    0     0     0 28691 8259 70 10 20  0  0	
33  0      0 64415900 214952 336996    0    0     0     0 28687 8280 71 10 19  0  0	
28  0      0 64416368 214956 337056    0    0     0    12 28938 8324 72 10 19  0  0	
23  0      0 64416444 214956 337120    0    0     0    12 28665 8237 70 10 20  0  0	
24  0      0 64416072 214956 337180    0    0     0     0 28656 8260 70 10 20  0  0	
34  0      0 64416840 214956 337244    0    0     0    18 28810 8360 71 10 19  0  0	
31  0      0 64417208 214956 337304    0    0     0     0 28828 8302 72 10 19  0  0	
21  0      0 64417076 214956 337364    0    0     0     6 28725 8242 71 10 19  0  0	
24  0      0 64417076 214956 337428    0    0     0     8 28727 8230 70 10 19  0  0	
30  0      0 64416844 214956 337488    0    0     0     0 28885 8343 71 10 19  0  0	
26  0      0 64416588 214956 337548    0    0     0    24 28831 8338 71 10 19  0  0	
21  0      0 64416960 214956 337616    0    0     0     0 28676 8262 70 10 20  0  0	
26  0      0 64416628 214956 337676    0    0     0     8 28753 8243 71 10 19  0  0	
32  0      0 64416108 214956 337736    0    0     0  3190 30792 8317 71 10 19  0  0	
25  0      0 64416232 214956 337808    0    0     0     0 28870 8282 71 10 19  0  0	
25  0      0 64416488 214956 337868    0    0     0   688 28956 8178 69 10 20  0  0	
22  0      0 64416240 214956 337932    0    0     0     0 28731 8277 71 10 19  0  0	
procs -----------memory---------- ---swap-- -----io---- --system-- -----cpu-----
 r  b   swpd   free   buff  cache   si   so    bi    bo   in   cs us sy id wa st
25  0      0 64415744 214956 337992    0    0     0     0 28746 8281 70 10 19  0  0	
32  0      0 64415736 214956 338052    0    0     0     8 28870 8382 71 10 19  0  0	
