Linux 2.6.32-279.14.1.el6.x86_64 (compute-641-14.local) 	04/21/20 	_x86_64_	(32 CPU)

03:03:26     CPU    %usr   %nice    %sys %iowait    %irq   %soft  %steal  %guest   %idle
03:03:28     all   61.07    0.00    4.66    0.00    0.00    0.08    0.00    0.00   34.19
03:03:30     all   83.48    0.00    0.17    0.00    0.00    0.00    0.00    0.00   16.34
03:03:32     all   82.24    0.00    0.19    0.00    0.00    0.00    0.00    0.00   17.57
03:03:34     all   81.54    0.00    0.19    0.00    0.00    0.00    0.00    0.00   18.27
03:03:36     all   83.62    0.00    0.17    0.00    0.00    0.00    0.00    0.00   16.21
03:03:38     all   80.61    0.00    0.16    0.00    0.00    0.00    0.00    0.00   19.24
03:03:40     all   80.40    0.00    0.17    0.00    0.00    0.00    0.00    0.00   19.42
03:03:42     all   83.97    0.00    0.17    0.00    0.00    0.00    0.00    0.00   15.86
03:03:44     all   79.70    0.00    0.17    0.00    0.00    0.00    0.00    0.00   20.13
03:03:46     all   81.59    0.00    0.20    0.00    0.00    0.00    0.00    0.00   18.21
03:03:48     all   81.95    0.00    0.17    0.00    0.00    0.00    0.00    0.00   17.88
03:03:50     all   80.56    0.00    0.19    0.00    0.00    0.00    0.00    0.00   19.25
03:03:52     all   82.34    0.00    0.17    0.00    0.00    0.00    0.00    0.00   17.49
03:03:54     all   79.77    0.00    0.16    0.00    0.00    0.00    0.00    0.00   20.07
03:03:56     all   80.31    0.00    0.17    0.00    0.00    0.00    0.00    0.00   19.52
03:03:58     all   81.72    0.00    0.19    0.00    0.00    0.00    0.00    0.00   18.09
03:04:00     all   80.38    0.00    0.22    0.00    0.00    0.00    0.00    0.00   19.40
03:04:02     all   79.28    0.00    0.19    0.02    0.00    0.00    0.00    0.00   20.52
03:04:04     all   83.33    0.00    0.20    0.00    0.00    0.00    0.00    0.00   16.47
03:04:06     all   82.37    0.00    0.20    0.00    0.00    0.00    0.00    0.00   17.42
03:04:08     all   83.09    0.00    0.17    0.00    0.00    0.00    0.00    0.00   16.73
03:04:10     all   83.23    0.00    0.19    0.00    0.00    0.00    0.00    0.00   16.58
03:04:12     all   83.81    0.00    0.17    0.00    0.00    0.00    0.00    0.00   16.02
03:04:14     all   83.78    0.00    0.19    0.00    0.00    0.00    0.00    0.00   16.03
