procs -----------memory---------- ---swap-- -----io---- --system-- -----cpu-----
 r  b   swpd   free   buff  cache   si   so    bi    bo   in   cs us sy id wa st
 9  0      0 64543332 215304 392908    0    0     0     1    0    0 38  2 60  0  0	
34  0      0 64191200 215304 419744    0    0     0    82 30826 25473 62  5 33  0  0	
30  0      0 64193244 215304 419804    0    0     0     0 26484 8665 79  0 21  0  0	
29  0      0 64194544 215304 419868    0    0     0   132 26925 8670 81  0 19  0  0	
26  0      0 64197524 215304 419932    0    0     0     0 26663 8876 80  0 20  0  0	
31  0      0 64200844 215304 419992    0    0     0     0 27045 8666 81  0 19  0  0	
29  0      0 64202328 215304 420052    0    0     0     6 26859 8881 80  0 20  0  0	
27  0      0 64204856 215304 420116    0    0     0     0 26972 8732 80  0 19  0  0	
27  0      0 64207560 215304 420180    0    0     0     0 26942 8861 80  0 19  0  0	
28  0      0 64208372 215304 420240    0    0     0     6 27656 9031 83  0 17  0  0	
28  0      0 64209572 215304 420304    0    0     0     0 26892 8693 80  0 20  0  0	
30  0      0 64209868 215304 420364    0    0     0    44 27209 8588 81  0 18  0  0	
25  0      0 64209744 215304 420424    0    0     0    12 26880 8842 80  0 19  0  0	
34  0      0 64209752 215304 420488    0    0     0     0 27288 9185 82  0 18  0  0	
29  0      0 64209628 215304 420548    0    0     0     0 27940 9131 83  0 17  0  0	
32  0      0 64209636 215304 420616    0    0     0     0 27505 8950 82  0 18  0  0	
39  0      0 64209388 215304 420680    0    0     0    30 27145 8900 81  0 19  0  0	
41  0      0 64209364 215304 420740    0    0     0    14 26810 8912 80  0 20  0  0	
35  0      0 64209116 215308 420808    0    0     0  6104 30336 9054 83  0 17  0  0	
30  0      0 64209000 215308 420872    0    0     0     8 27076 9107 81  0 19  0  0	
31  0      0 64209032 215308 420932    0    0     0     0 26496 8678 79  0 21  0  0	
procs -----------memory---------- ---swap-- -----io---- --system-- -----cpu-----
 r  b   swpd   free   buff  cache   si   so    bi    bo   in   cs us sy id wa st
27  0      0 64209024 215308 420996    0    0     0  1394 27976 8758 81  0 19  0  0	
49  0      0 64208908 215308 421060    0    0     0     0 26524 8651 79  0 21  0  0	
26  0      0 64208908 215308 421120    0    0     0     0 27109 8776 81  0 19  0  0	
27  0      0 64209148 215312 421184    0    0     0    10 27496 8760 82  0 18  0  0	
27  0      0 64209024 215312 421244    0    0     0    10 27207 8906 81  0 19  0  0	
41  0      0 64208156 215312 421308    0    0     0    18 27415 8677 82  0 18  0  0	
 1  0      0 64533108 215312 394640    0    0     0     8 31888 20146 78  0 22  0  0	
