Linux 2.6.32-279.14.1.el6.x86_64 (compute-641-14.local) 	04/21/20 	_x86_64_	(32 CPU)

04:06:48          PID    %usr %system  %guest    %CPU   CPU  Command
04:06:50          154    0.00    0.49    0.00    0.49    23  events/23
04:06:50         3133    0.00    0.49    0.00    0.49     0  kondemand/0
04:06:50         3140    0.00    0.49    0.00    0.49     7  kondemand/7
04:06:50         3145    0.00    0.49    0.00    0.49    12  kondemand/12
04:06:50         3152    0.00    0.49    0.00    0.49    19  kondemand/19
04:06:50         3180    0.00    0.49    0.00    0.49    11  kipmi0
04:06:50         4011    2.96    2.46    0.00    5.42     4  mpirun
04:06:50         4017    0.49    0.49    0.00    0.99    10  top
04:06:50         4019    0.49    1.48    0.00    1.97     0  pidstat
04:06:50         4021    0.49    1.97    0.00    2.46     4  pidstat
04:06:50         4030   90.64    7.39    0.00   98.03    29  bt-mz.B.24
04:06:50         4031   87.68    7.88    0.00   95.57     2  bt-mz.B.24
04:06:50         4032   94.58    5.91    0.00  100.49    16  bt-mz.B.24
04:06:50         4033   87.19    5.91    0.00   93.10    31  bt-mz.B.24
04:06:50         4034   89.16    5.91    0.00   95.07     3  bt-mz.B.24
04:06:50         4035   85.22    6.90    0.00   92.12     5  bt-mz.B.24
04:06:50         4036   82.76    6.40    0.00   89.16    26  bt-mz.B.24
04:06:50         4037   84.24    6.40    0.00   90.64     7  bt-mz.B.24
04:06:50         4038   75.86    5.91    0.00   81.77    19  bt-mz.B.24
04:06:50         4039   92.12    6.40    0.00   98.52    25  bt-mz.B.24
04:06:50         4042   94.58    5.42    0.00  100.00    15  bt-mz.B.24
04:06:50         4043   85.22    5.42    0.00   90.64     7  bt-mz.B.24
04:06:50         4046   87.19    6.90    0.00   94.09    23  bt-mz.B.24
04:06:50         4048   92.12    6.40    0.00   98.52    12  bt-mz.B.24
04:06:50         4049   84.24    5.42    0.00   89.66     6  bt-mz.B.24
04:06:50         4051   79.31    5.42    0.00   84.73     1  bt-mz.B.24
04:06:50         4054   85.71    6.40    0.00   92.12    18  bt-mz.B.24
04:06:50         4056   75.37    5.42    0.00   80.79     2  bt-mz.B.24
04:06:50         4057   86.70    5.91    0.00   92.61    27  bt-mz.B.24
04:06:50         4058   91.63    5.42    0.00   97.04     8  bt-mz.B.24
04:06:50         4061   92.12    5.42    0.00   97.54    13  bt-mz.B.24
04:06:50         4065   78.82    5.91    0.00   84.73    20  bt-mz.B.24

04:06:50          PID    %usr %system  %guest    %CPU   CPU  Command
04:06:52         3143    0.00    0.50    0.00    0.50    10  kondemand/10
04:06:52         4017    0.50    1.00    0.00    1.50    10  top
04:06:52         4019    0.50    1.50    0.00    2.00     5  pidstat
04:06:52         4021    1.00    1.50    0.00    2.50     4  pidstat
04:06:52         4030  114.50    0.50    0.00  115.00    31  bt-mz.B.24
04:06:52         4031   93.00    0.00    0.00   93.00    23  bt-mz.B.24
04:06:52         4032  102.50    0.00    0.00  102.50    22  bt-mz.B.24
04:06:52         4033  106.00    0.00    0.00  106.00    25  bt-mz.B.24
04:06:52         4034   96.00    0.00    0.00   96.00    16  bt-mz.B.24
04:06:52         4035  102.00    0.00    0.00  102.00    21  bt-mz.B.24
04:06:52         4036  112.00    0.00    0.00  112.00    11  bt-mz.B.24
04:06:52         4037   97.00    0.00    0.00   97.00    22  bt-mz.B.24
04:06:52         4038  100.00    0.00    0.00  100.00     2  bt-mz.B.24
04:06:52         4039  111.50    0.00    0.00  111.50    12  bt-mz.B.24
04:06:52         4042  110.00    0.00    0.00  110.00    28  bt-mz.B.24
04:06:52         4043   98.00    0.00    0.00   98.00     1  bt-mz.B.24
04:06:52         4046  102.50    0.00    0.00  102.50     3  bt-mz.B.24
04:06:52         4048  109.00    0.50    0.00  109.50    13  bt-mz.B.24
04:06:52         4049   98.50    0.00    0.00   98.50     0  bt-mz.B.24
04:06:52         4051  108.00    0.00    0.00  108.00    20  bt-mz.B.24
04:06:52         4054   92.50    0.00    0.00   92.50    19  bt-mz.B.24
04:06:52         4056   92.00    0.00    0.00   92.00    18  bt-mz.B.24
04:06:52         4057  111.00    0.00    0.00  111.00    27  bt-mz.B.24
04:06:52         4058  109.50    0.00    0.00  109.50    14  bt-mz.B.24
04:06:52         4061  111.50    0.00    0.00  111.50     8  bt-mz.B.24
04:06:52         4065  106.00    0.00    0.00  106.00    21  bt-mz.B.24

04:06:52          PID    %usr %system  %guest    %CPU   CPU  Command
04:06:54         3151    0.00    0.50    0.00    0.50    18  kondemand/18
04:06:54         3180    0.00    0.50    0.00    0.50     8  kipmi0
04:06:54         3195    0.00    0.50    0.00    0.50    26  irqbalance
04:06:54         4017    1.00    0.50    0.00    1.50    26  top
04:06:54         4019    0.50    2.00    0.00    2.50     5  pidstat
04:06:54         4021    0.50    1.50    0.00    2.00    20  pidstat
04:06:54         4030  117.00    0.00    0.00  117.00    31  bt-mz.B.24
04:06:54         4031  101.00    0.00    0.00  101.00    23  bt-mz.B.24
04:06:54         4032  110.50    0.00    0.00  110.50     1  bt-mz.B.24
04:06:54         4033  106.50    0.00    0.00  106.50    13  bt-mz.B.24
04:06:54         4034  106.50    0.00    0.00  106.50    16  bt-mz.B.24
04:06:54         4035  106.50    0.00    0.00  106.50    18  bt-mz.B.24
04:06:54         4036  111.00    0.50    0.00  111.50    11  bt-mz.B.24
04:06:54         4037  101.00    0.00    0.00  101.00     6  bt-mz.B.24
04:06:54         4038  106.00    0.00    0.00  106.00     2  bt-mz.B.24
04:06:54         4039  111.50    0.00    0.00  111.50    24  bt-mz.B.24
04:06:54         4042  109.50    0.00    0.00  109.50    29  bt-mz.B.24
04:06:54         4043  100.50    0.50    0.00  101.00     6  bt-mz.B.24
04:06:54         4046  106.00    0.00    0.00  106.00     3  bt-mz.B.24
04:06:54         4048  110.50    0.00    0.00  110.50    12  bt-mz.B.24
04:06:54         4049   94.00    0.50    0.00   94.50     0  bt-mz.B.24
04:06:54         4051  105.50    0.50    0.00  106.00     4  bt-mz.B.24
04:06:54         4054  104.00    0.00    0.00  104.00    19  bt-mz.B.24
04:06:54         4056   94.00    0.00    0.00   94.00     7  bt-mz.B.24
04:06:54         4057  111.00    0.00    0.00  111.00    27  bt-mz.B.24
04:06:54         4058  112.50    0.00    0.00  112.50    14  bt-mz.B.24
04:06:54         4061  110.00    0.00    0.00  110.00     9  bt-mz.B.24
04:06:54         4065   98.50    0.00    0.00   98.50    21  bt-mz.B.24

04:06:54          PID    %usr %system  %guest    %CPU   CPU  Command
04:06:56          131    0.00    0.50    0.00    0.50     0  events/0
04:06:56          142    0.00    0.50    0.00    0.50    11  events/11
04:06:56         3141    0.00    0.50    0.00    0.50     8  kondemand/8
04:06:56         3160    0.00    0.50    0.00    0.50    27  kondemand/27
04:06:56         3180    0.00    1.00    0.00    1.00    24  kipmi0
04:06:56         4017    0.50    0.50    0.00    1.00    10  top
04:06:56         4019    1.00    1.50    0.00    2.50    21  pidstat
04:06:56         4021    0.50    1.50    0.00    2.00    20  pidstat
04:06:56         4030  116.50    0.00    0.00  116.50    31  bt-mz.B.24
04:06:56         4031  100.50    0.00    0.00  100.50    23  bt-mz.B.24
04:06:56         4032  110.00    0.00    0.00  110.00    17  bt-mz.B.24
04:06:56         4033  105.00    0.00    0.00  105.00    15  bt-mz.B.24
04:06:56         4034  101.50    0.00    0.00  101.50    19  bt-mz.B.24
04:06:56         4035   90.00    0.00    0.00   90.00     2  bt-mz.B.24
04:06:56         4036  111.00    0.50    0.00  111.50    11  bt-mz.B.24
04:06:56         4037   96.50    0.00    0.00   96.50     6  bt-mz.B.24
04:06:56         4038  101.00    0.00    0.00  101.00     7  bt-mz.B.24
04:06:56         4039  111.50    0.00    0.00  111.50    14  bt-mz.B.24
04:06:56         4042  109.50    0.00    0.00  109.50     8  bt-mz.B.24
04:06:56         4043   87.50    0.00    0.00   87.50    18  bt-mz.B.24
04:06:56         4046  100.50    0.00    0.00  100.50     1  bt-mz.B.24
04:06:56         4048  112.00    0.00    0.00  112.00    12  bt-mz.B.24
04:06:56         4049  105.50    0.00    0.00  105.50     0  bt-mz.B.24
04:06:56         4051  109.00    0.00    0.00  109.00     4  bt-mz.B.24
04:06:56         4054   95.50    0.00    0.00   95.50     3  bt-mz.B.24
04:06:56         4056   98.00    0.50    0.00   98.50     7  bt-mz.B.24
04:06:56         4057  110.00    0.50    0.00  110.50    27  bt-mz.B.24
04:06:56         4058  111.50    0.00    0.00  111.50    30  bt-mz.B.24
04:06:56         4061  109.00    0.00    0.00  109.00    29  bt-mz.B.24
04:06:56         4065  107.50    0.00    0.00  107.50     5  bt-mz.B.24

04:06:56          PID    %usr %system  %guest    %CPU   CPU  Command
04:06:58         3146    0.00    0.50    0.00    0.50    13  kondemand/13
04:06:58         3159    0.00    0.50    0.00    0.50    26  kondemand/26
04:06:58         3180    0.00    1.00    0.00    1.00     8  kipmi0
04:06:58         4017    0.50    1.00    0.00    1.50    10  top
04:06:58         4019    1.00    1.50    0.00    2.50    21  pidstat
04:06:58         4021    1.00    1.50    0.00    2.50     4  pidstat
04:06:58         4030  113.50    0.00    0.00  113.50    15  bt-mz.B.24
04:06:58         4031   90.00    0.00    0.00   90.00    23  bt-mz.B.24
04:06:58         4032  111.50    0.00    0.00  111.50     1  bt-mz.B.24
04:06:58         4033  108.50    0.00    0.00  108.50    12  bt-mz.B.24
04:06:58         4034  103.50    0.00    0.00  103.50     6  bt-mz.B.24
04:06:58         4035  100.00    0.00    0.00  100.00    16  bt-mz.B.24
04:06:58         4036  112.00    0.00    0.00  112.00    11  bt-mz.B.24
04:06:58         4037  104.00    0.00    0.00  104.00    22  bt-mz.B.24
04:06:58         4038   86.00    0.00    0.00   86.00    19  bt-mz.B.24
04:06:58         4039  113.00    0.00    0.00  113.00    14  bt-mz.B.24
04:06:58         4042  111.50    0.00    0.00  111.50    31  bt-mz.B.24
04:06:58         4043  104.50    0.00    0.00  104.50     2  bt-mz.B.24
04:06:58         4046   98.50    0.50    0.00   99.00     0  bt-mz.B.24
04:06:58         4048  112.00    0.00    0.00  112.00    28  bt-mz.B.24
04:06:58         4049  106.50    0.00    0.00  106.50    18  bt-mz.B.24
04:06:58         4051  111.00    0.00    0.00  111.00    20  bt-mz.B.24
04:06:58         4054  102.50    0.50    0.00  103.00     3  bt-mz.B.24
04:06:58         4056   80.00    0.00    0.00   80.00    17  bt-mz.B.24
04:06:58         4057  110.50    1.00    0.00  111.50    27  bt-mz.B.24
04:06:58         4058  111.00    0.00    0.00  111.00     9  bt-mz.B.24
04:06:58         4061  111.50    0.00    0.00  111.50    13  bt-mz.B.24
04:06:58         4065  108.50    0.00    0.00  108.50     7  bt-mz.B.24

04:06:58          PID    %usr %system  %guest    %CPU   CPU  Command
04:07:00         3180    0.00    1.00    0.00    1.00     8  kipmi0
04:07:00         4017    0.50    0.00    0.00    0.50    26  top
04:07:00         4019    0.50    1.50    0.00    2.00     2  pidstat
04:07:00         4021    0.50    2.00    0.00    2.50     4  pidstat
04:07:00         4030  125.50    0.00    0.00  125.50    30  bt-mz.B.24
04:07:00         4031  112.50    0.00    0.00  112.50    23  bt-mz.B.24
04:07:00         4032  110.00    0.00    0.00  110.00    17  bt-mz.B.24
04:07:00         4033  116.00    0.00    0.00  116.00    28  bt-mz.B.24
04:07:00         4034  104.50    0.00    0.00  104.50     6  bt-mz.B.24
04:07:00         4035  107.50    0.00    0.00  107.50    16  bt-mz.B.24
04:07:00         4036  115.50    0.00    0.00  115.50    24  bt-mz.B.24
04:07:00         4037  115.00    0.00    0.00  115.00    22  bt-mz.B.24
04:07:00         4038  100.50    0.00    0.00  100.50    18  bt-mz.B.24
04:07:00         4039  117.00    0.00    0.00  117.00    15  bt-mz.B.24
04:07:00         4042  115.50    0.00    0.00  115.50    11  bt-mz.B.24
04:07:00         4043  105.50    0.00    0.00  105.50     2  bt-mz.B.24
04:07:00         4046  110.00    0.00    0.00  110.00     3  bt-mz.B.24
04:07:00         4048  114.00    0.00    0.00  114.00    31  bt-mz.B.24
04:07:00         4049  101.50    0.00    0.00  101.50     1  bt-mz.B.24
04:07:00         4051  116.50    0.00    0.00  116.50    20  bt-mz.B.24
04:07:00         4054   97.00    0.00    0.00   97.00     0  bt-mz.B.24
04:07:00         4056   97.00    0.00    0.00   97.00     5  bt-mz.B.24
04:07:00         4057  114.00    0.00    0.00  114.00    27  bt-mz.B.24
04:07:00         4058  119.00    0.50    0.00  119.50     9  bt-mz.B.24
04:07:00         4061  118.00    0.00    0.00  118.00    12  bt-mz.B.24
04:07:00         4065  106.00    0.00    0.00  106.00     7  bt-mz.B.24

04:07:00          PID    %usr %system  %guest    %CPU   CPU  Command
04:07:02          146    0.00    0.50    0.00    0.50    15  events/15
04:07:02         3157    0.00    0.50    0.00    0.50    24  kondemand/24
04:07:02         3180    0.00    0.50    0.00    0.50    24  kipmi0
04:07:02         3808    0.00    0.50    0.00    0.50    12  crond
04:07:02         4017    0.50    1.00    0.00    1.50    26  top
04:07:02         4019    0.50    1.50    0.00    2.00     2  pidstat
04:07:02         4021    0.50    1.50    0.00    2.00     4  pidstat
04:07:02         4030  115.50    0.00    0.00  115.50    25  bt-mz.B.24
04:07:02         4031  105.50    0.00    0.00  105.50     3  bt-mz.B.24
04:07:02         4032  103.50    0.00    0.00  103.50     5  bt-mz.B.24
04:07:02         4033  117.00    0.00    0.00  117.00    28  bt-mz.B.24
04:07:02         4034  108.00    0.00    0.00  108.00    22  bt-mz.B.24
04:07:02         4035  103.00    0.00    0.00  103.00    17  bt-mz.B.24
04:07:02         4036  115.50    0.00    0.00  115.50    13  bt-mz.B.24
04:07:02         4037  112.00    0.00    0.00  112.00     6  bt-mz.B.24
04:07:02         4038   98.00    0.00    0.00   98.00    18  bt-mz.B.24
04:07:02         4039  116.50    0.00    0.00  116.50    14  bt-mz.B.24
04:07:02         4042  110.00    0.00    0.00  110.00    10  bt-mz.B.24
04:07:02         4043  100.50    0.00    0.00  100.50     7  bt-mz.B.24
04:07:02         4046  102.50    0.00    0.00  102.50     2  bt-mz.B.24
04:07:02         4048  114.00    0.00    0.00  114.00    27  bt-mz.B.24
04:07:02         4049  100.50    0.00    0.00  100.50     0  bt-mz.B.24
04:07:02         4051  108.00    0.00    0.00  108.00    20  bt-mz.B.24
04:07:02         4054   98.00    0.00    0.00   98.00     1  bt-mz.B.24
04:07:02         4056   99.00    0.00    0.00   99.00    16  bt-mz.B.24
04:07:02         4057  114.50    0.00    0.00  114.50    29  bt-mz.B.24
04:07:02         4058  115.50    0.00    0.00  115.50    15  bt-mz.B.24
04:07:02         4061  110.50    0.00    0.00  110.50    12  bt-mz.B.24
04:07:02         4065  101.00    0.00    0.00  101.00    19  bt-mz.B.24

04:07:02          PID    %usr %system  %guest    %CPU   CPU  Command
04:07:04         3135    0.00    0.50    0.00    0.50     2  kondemand/2
04:07:04         3137    0.00    0.50    0.00    0.50     4  kondemand/4
04:07:04         4017    0.50    0.50    0.00    1.00    26  top
04:07:04         4019    1.00    1.50    0.00    2.50     2  pidstat
04:07:04         4021    0.50    2.00    0.00    2.50     4  pidstat
04:07:04         4030  118.50    0.00    0.00  118.50     9  bt-mz.B.24
04:07:04         4031  109.00    0.00    0.00  109.00    16  bt-mz.B.24
04:07:04         4032  110.00    0.00    0.00  110.00     5  bt-mz.B.24
04:07:04         4033  111.00    0.00    0.00  111.00    12  bt-mz.B.24
04:07:04         4034  106.50    0.00    0.00  106.50    19  bt-mz.B.24
04:07:04         4035  101.00    0.00    0.00  101.00     4  bt-mz.B.24
04:07:04         4036  112.50    0.00    0.00  112.50    15  bt-mz.B.24
04:07:04         4037  103.50    0.00    0.00  103.50     6  bt-mz.B.24
04:07:04         4038  105.00    0.50    0.00  105.50    17  bt-mz.B.24
04:07:04         4039  114.00    0.00    0.00  114.00    11  bt-mz.B.24
04:07:04         4042  108.50    0.00    0.00  108.50    26  bt-mz.B.24
04:07:04         4043  100.50    0.00    0.00  100.50    21  bt-mz.B.24
04:07:04         4046   98.50    0.00    0.00   98.50     5  bt-mz.B.24
04:07:04         4048  110.00    0.00    0.00  110.00    10  bt-mz.B.24
04:07:04         4049   98.50    0.00    0.00   98.50    18  bt-mz.B.24
04:07:04         4051  101.50    0.00    0.00  101.50    23  bt-mz.B.24
04:07:04         4054   97.50    0.00    0.00   97.50     2  bt-mz.B.24
04:07:04         4056  105.00    0.00    0.00  105.00     7  bt-mz.B.24
04:07:04         4057  112.00    0.00    0.00  112.00    30  bt-mz.B.24
04:07:04         4058  112.00    0.00    0.00  112.00    13  bt-mz.B.24
04:07:04         4061  106.00    0.00    0.00  106.00    27  bt-mz.B.24
04:07:04         4065  106.50    0.00    0.00  106.50     0  bt-mz.B.24

04:07:04          PID    %usr %system  %guest    %CPU   CPU  Command
04:07:06         3180    0.00    1.00    0.00    1.00     8  kipmi0
04:07:06         4017    0.50    0.50    0.00    1.00    26  top
04:07:06         4019    0.50    1.50    0.00    2.00    18  pidstat
04:07:06         4021    0.50    2.00    0.00    2.50     4  pidstat
04:07:06         4023    0.00    0.50    0.00    0.50     4  iostat
04:07:06         4030  117.50    0.00    0.00  117.50     9  bt-mz.B.24
04:07:06         4031   87.00    0.00    0.00   87.00    16  bt-mz.B.24
04:07:06         4032  104.00    0.00    0.00  104.00     3  bt-mz.B.24
04:07:06         4033  113.50    0.00    0.00  113.50    12  bt-mz.B.24
04:07:06         4034  103.00    0.00    0.00  103.00    19  bt-mz.B.24
04:07:06         4035   87.00    0.00    0.00   87.00    16  bt-mz.B.24
04:07:06         4036  111.50    0.00    0.00  111.50    15  bt-mz.B.24
04:07:06         4037  105.50    0.00    0.00  105.50    22  bt-mz.B.24
04:07:06         4038  103.50    0.00    0.00  103.50     2  bt-mz.B.24
04:07:06         4039  109.00    0.00    0.00  109.00    11  bt-mz.B.24
04:07:06         4042  107.00    0.00    0.00  107.00    10  bt-mz.B.24
04:07:06         4043   96.00    0.00    0.00   96.00     6  bt-mz.B.24
04:07:06         4046  102.50    0.00    0.00  102.50    21  bt-mz.B.24
04:07:06         4048  100.00    0.00    0.00  100.00     8  bt-mz.B.24
04:07:06         4049  101.50    0.00    0.00  101.50    18  bt-mz.B.24
04:07:06         4051   93.00    0.00    0.00   93.00    23  bt-mz.B.24
04:07:06         4054  100.50    0.00    0.00  100.50    17  bt-mz.B.24
04:07:06         4056   93.00    0.00    0.00   93.00     7  bt-mz.B.24
04:07:06         4057  110.00    0.50    0.00  110.50    30  bt-mz.B.24
04:07:06         4058  111.00    0.00    0.00  111.00    13  bt-mz.B.24
04:07:06         4061   99.50    0.00    0.00   99.50    27  bt-mz.B.24
04:07:06         4065   99.00    0.00    0.00   99.00     0  bt-mz.B.24

04:07:06          PID    %usr %system  %guest    %CPU   CPU  Command
04:07:08         3139    0.00    0.50    0.00    0.50     6  kondemand/6
04:07:08         3150    0.00    0.50    0.00    0.50    17  kondemand/17
04:07:08         4017    0.50    0.50    0.00    1.00    10  top
04:07:08         4019    0.50    1.50    0.00    2.00    18  pidstat
04:07:08         4021    0.00    1.00    0.00    1.00     4  pidstat
04:07:08         4030  112.50    0.00    0.00  112.50     9  bt-mz.B.24
04:07:08         4031   91.50    0.00    0.00   91.50    20  bt-mz.B.24
04:07:08         4032  108.00    0.00    0.00  108.00    26  bt-mz.B.24
04:07:08         4033  108.50    0.00    0.00  108.50    28  bt-mz.B.24
04:07:08         4034  105.50    0.00    0.00  105.50    23  bt-mz.B.24
04:07:08         4035  101.00    0.00    0.00  101.00    16  bt-mz.B.24
04:07:08         4036  110.00    0.00    0.00  110.00    15  bt-mz.B.24
04:07:08         4037  109.50    0.00    0.00  109.50     6  bt-mz.B.24
04:07:08         4038  100.50    0.00    0.00  100.50     4  bt-mz.B.24
04:07:08         4039  111.00    0.00    0.00  111.00    11  bt-mz.B.24
04:07:08         4042  109.00    0.00    0.00  109.00    10  bt-mz.B.24
04:07:08         4043   84.50    0.00    0.00   84.50    20  bt-mz.B.24
04:07:08         4046  102.50    0.00    0.00  102.50    21  bt-mz.B.24
04:07:08         4048  109.00    0.00    0.00  109.00     8  bt-mz.B.24
04:07:08         4049  106.00    0.00    0.00  106.00     2  bt-mz.B.24
04:07:08         4051   99.50    0.00    0.00   99.50     7  bt-mz.B.24
04:07:08         4054  105.50    0.00    0.00  105.50     1  bt-mz.B.24
04:07:08         4056   93.00    0.00    0.00   93.00    19  bt-mz.B.24
04:07:08         4057  109.50    0.00    0.00  109.50    14  bt-mz.B.24
04:07:08         4058  110.50    0.00    0.00  110.50    29  bt-mz.B.24
04:07:08         4061  110.50    0.00    0.00  110.50    27  bt-mz.B.24
04:07:08         4065  102.00    0.50    0.00  102.50     3  bt-mz.B.24

04:07:08          PID    %usr %system  %guest    %CPU   CPU  Command
04:07:10         3149    0.00    0.50    0.00    0.50    16  kondemand/16
04:07:10         3156    0.00    0.50    0.00    0.50    23  kondemand/23
04:07:10         4017    0.50    1.00    0.00    1.50    10  top
04:07:10         4019    0.50    2.00    0.00    2.50    18  pidstat
04:07:10         4021    1.50    2.50    0.00    4.00     4  pidstat
04:07:10         4030  112.50    0.00    0.00  112.50    15  bt-mz.B.24
04:07:10         4031   96.50    0.00    0.00   96.50     6  bt-mz.B.24
04:07:10         4032  111.50    0.00    0.00  111.50    10  bt-mz.B.24
04:07:10         4033  110.00    0.50    0.00  110.50    12  bt-mz.B.24
04:07:10         4034  110.00    0.50    0.00  110.50    19  bt-mz.B.24
04:07:10         4035  105.00    0.50    0.00  105.50    23  bt-mz.B.24
04:07:10         4036  113.50    0.00    0.00  113.50    31  bt-mz.B.24
04:07:10         4037  109.50    0.00    0.00  109.50    22  bt-mz.B.24
04:07:10         4038  100.50    0.00    0.00  100.50     1  bt-mz.B.24
04:07:10         4039  113.50    0.00    0.00  113.50     9  bt-mz.B.24
04:07:10         4042  108.00    0.00    0.00  108.00    26  bt-mz.B.24
04:07:10         4043   93.50    0.00    0.00   93.50    17  bt-mz.B.24
04:07:10         4046  111.50    0.00    0.00  111.50     5  bt-mz.B.24
04:07:10         4048  103.00    0.00    0.00  103.00    28  bt-mz.B.24
04:07:10         4049  108.50    0.00    0.00  108.50    20  bt-mz.B.24
04:07:10         4051  106.50    0.00    0.00  106.50     2  bt-mz.B.24
04:07:10         4054  106.00    0.00    0.00  106.00     3  bt-mz.B.24
04:07:10         4056  100.00    0.00    0.00  100.00    21  bt-mz.B.24
04:07:10         4057  110.50    0.00    0.00  110.50    14  bt-mz.B.24
04:07:10         4058  114.00    0.00    0.00  114.00    29  bt-mz.B.24
04:07:10         4061  109.50    0.00    0.00  109.50    11  bt-mz.B.24
04:07:10         4065  103.50    0.00    0.00  103.50     0  bt-mz.B.24

04:07:10          PID    %usr %system  %guest    %CPU   CPU  Command
04:07:12         3148    0.00    0.50    0.00    0.50    15  kondemand/15
04:07:12         3161    0.00    0.50    0.00    0.50    28  kondemand/28
04:07:12         3180    0.00    0.50    0.00    0.50    28  kipmi0
04:07:12         3852    0.50    1.00    0.00    1.50    24  pbs_mom
04:07:12         4017    0.50    1.00    0.00    1.50    10  top
04:07:12         4019    1.00    1.50    0.00    2.50     2  pidstat
04:07:12         4021    0.50    2.00    0.00    2.50     4  pidstat
04:07:12         4030  114.50    0.00    0.00  114.50    31  bt-mz.B.24
04:07:12         4031  108.50    0.00    0.00  108.50    22  bt-mz.B.24
04:07:12         4032  115.50    0.00    0.00  115.50    10  bt-mz.B.24
04:07:12         4033  114.50    0.00    0.00  114.50    24  bt-mz.B.24
04:07:12         4034  107.00    0.00    0.00  107.00    19  bt-mz.B.24
04:07:12         4035  102.00    0.00    0.00  102.00    18  bt-mz.B.24
04:07:12         4036  111.50    0.00    0.00  111.50    14  bt-mz.B.24
04:07:12         4037  107.50    0.00    0.00  107.50    21  bt-mz.B.24
04:07:12         4038   96.50    0.00    0.00   96.50     3  bt-mz.B.24
04:07:12         4039  113.50    0.00    0.00  113.50     9  bt-mz.B.24
04:07:12         4042  114.50    0.00    0.00  114.50    26  bt-mz.B.24
04:07:12         4043  109.50    0.00    0.00  109.50    17  bt-mz.B.24
04:07:12         4046  111.00    0.00    0.00  111.00     7  bt-mz.B.24
04:07:12         4048  108.00    0.00    0.00  108.00    15  bt-mz.B.24
04:07:12         4049  106.50    0.00    0.00  106.50     5  bt-mz.B.24
04:07:12         4051  104.50    0.00    0.00  104.50    18  bt-mz.B.24
04:07:12         4054  106.00    0.00    0.00  106.00     1  bt-mz.B.24
04:07:12         4056  109.50    0.00    0.00  109.50     4  bt-mz.B.24
04:07:12         4057  114.00    0.00    0.00  114.00    12  bt-mz.B.24
04:07:12         4058  112.50    0.00    0.00  112.50    27  bt-mz.B.24
04:07:12         4061  113.50    0.00    0.00  113.50    11  bt-mz.B.24
04:07:12         4065  111.50    0.00    0.00  111.50     0  bt-mz.B.24

04:07:12          PID    %usr %system  %guest    %CPU   CPU  Command
04:07:14         3138    0.00    0.50    0.00    0.50     5  kondemand/5
04:07:14         3180    0.00    0.50    0.00    0.50    12  kipmi0
04:07:14         4017    0.00    0.50    0.00    0.50    10  top
04:07:14         4019    0.50    2.00    0.00    2.50     3  pidstat
04:07:14         4021    0.50    2.00    0.00    2.50     4  pidstat
04:07:14         4030  117.00    0.00    0.00  117.00    25  bt-mz.B.24
04:07:14         4031  106.50    0.00    0.00  106.50    22  bt-mz.B.24
04:07:14         4032  113.50    0.50    0.00  114.00    13  bt-mz.B.24
04:07:14         4033  111.00    0.00    0.00  111.00    26  bt-mz.B.24
04:07:14         4034  104.50    0.00    0.00  104.50    19  bt-mz.B.24
04:07:14         4035  106.50    0.00    0.00  106.50     6  bt-mz.B.24
04:07:14         4036  107.50    0.00    0.00  107.50    24  bt-mz.B.24
04:07:14         4037  107.00    0.00    0.00  107.00    20  bt-mz.B.24
04:07:14         4038  106.00    0.00    0.00  106.00    18  bt-mz.B.24
04:07:14         4039  115.50    0.50    0.00  116.00    30  bt-mz.B.24
04:07:14         4042  109.00    0.00    0.00  109.00    24  bt-mz.B.24
04:07:14         4043  107.00    0.00    0.00  107.00     1  bt-mz.B.24
04:07:14         4046   99.50    0.00    0.00   99.50     2  bt-mz.B.24
04:07:14         4048  112.50    0.00    0.00  112.50    29  bt-mz.B.24
04:07:14         4049   97.00    0.00    0.00   97.00     1  bt-mz.B.24
04:07:14         4051  109.50    0.00    0.00  109.50    23  bt-mz.B.24
04:07:14         4054  108.00    0.00    0.00  108.00    19  bt-mz.B.24
04:07:14         4056  105.00    0.00    0.00  105.00     4  bt-mz.B.24
04:07:14         4057  107.50    0.00    0.00  107.50    28  bt-mz.B.24
04:07:14         4058  110.50    0.00    0.00  110.50    12  bt-mz.B.24
04:07:14         4061  113.00    0.00    0.00  113.00    11  bt-mz.B.24
04:07:14         4065  111.00    0.00    0.00  111.00    16  bt-mz.B.24

04:07:14          PID    %usr %system  %guest    %CPU   CPU  Command
04:07:16         3133    0.00    0.50    0.00    0.50     0  kondemand/0
04:07:16         3134    0.00    0.50    0.00    0.50     1  kondemand/1
04:07:16         3136    0.00    0.50    0.00    0.50     3  kondemand/3
04:07:16         3147    0.00    0.50    0.00    0.50    14  kondemand/14
04:07:16         3158    0.00    0.50    0.00    0.50    25  kondemand/25
04:07:16         3162    0.00    0.50    0.00    0.50    29  kondemand/29
04:07:16         3180    0.00    0.50    0.00    0.50    12  kipmi0
04:07:16         4017    0.50    1.00    0.00    1.50    10  top
04:07:16         4019    0.50    1.50    0.00    2.00     3  pidstat
04:07:16         4021    0.50    0.50    0.00    1.00     0  pidstat
04:07:16         4030  119.00    0.00    0.00  119.00     9  bt-mz.B.24
04:07:16         4031  104.00    0.00    0.00  104.00    22  bt-mz.B.24
04:07:16         4032  111.00    0.00    0.00  111.00    30  bt-mz.B.24
04:07:16         4033  105.50    0.00    0.00  105.50    12  bt-mz.B.24
04:07:16         4034  107.00    0.00    0.00  107.00    18  bt-mz.B.24
04:07:16         4035   99.50    0.00    0.00   99.50    22  bt-mz.B.24
04:07:16         4036  106.00    0.00    0.00  106.00    29  bt-mz.B.24
04:07:16         4037  100.00    0.00    0.00  100.00     5  bt-mz.B.24
04:07:16         4038  109.50    0.00    0.00  109.50     2  bt-mz.B.24
04:07:16         4039  111.50    0.00    0.00  111.50    24  bt-mz.B.24
04:07:16         4042  109.50    0.50    0.00  110.00     8  bt-mz.B.24
04:07:16         4043  106.50    0.00    0.00  106.50    17  bt-mz.B.24
04:07:16         4046  103.50    0.00    0.00  103.50    19  bt-mz.B.24
04:07:16         4048  109.50    0.00    0.00  109.50    13  bt-mz.B.24
04:07:16         4049   97.00    0.00    0.00   97.00     4  bt-mz.B.24
04:07:16         4051  108.50    0.00    0.00  108.50     7  bt-mz.B.24
04:07:16         4054   99.50    0.00    0.00   99.50     1  bt-mz.B.24
04:07:16         4056  109.00    0.00    0.00  109.00     4  bt-mz.B.24
04:07:16         4057  108.50    0.00    0.00  108.50    28  bt-mz.B.24
04:07:16         4058  109.50    0.00    0.00  109.50    10  bt-mz.B.24
04:07:16         4061  108.00    0.00    0.00  108.00    27  bt-mz.B.24
04:07:16         4065  104.50    0.00    0.00  104.50    16  bt-mz.B.24

04:07:16          PID    %usr %system  %guest    %CPU   CPU  Command
04:07:18            4    0.00    0.50    0.00    0.50     0  ksoftirqd/0
04:07:18         3153    0.00    0.50    0.00    0.50    20  kondemand/20
04:07:18         3155    0.00    0.50    0.00    0.50    22  kondemand/22
04:07:18         3180    0.00    0.50    0.00    0.50    28  kipmi0
04:07:18         4017    0.50    0.50    0.00    1.00    26  top
04:07:18         4019    1.00    1.50    0.00    2.50     3  pidstat
04:07:18         4021    1.00    2.50    0.00    3.50    20  pidstat
04:07:18         4030  118.50    0.00    0.00  118.50    25  bt-mz.B.24
04:07:18         4031  114.00    0.00    0.00  114.00    18  bt-mz.B.24
04:07:18         4032  111.50    0.00    0.00  111.50    30  bt-mz.B.24
04:07:18         4033  114.00    0.00    0.00  114.00    13  bt-mz.B.24
04:07:18         4034   93.50    0.00    0.00   93.50     6  bt-mz.B.24
04:07:18         4035  103.50    0.00    0.00  103.50    22  bt-mz.B.24
04:07:18         4036  112.50    0.50    0.00  113.00     9  bt-mz.B.24
04:07:18         4037  107.00    0.50    0.00  107.50    23  bt-mz.B.24
04:07:18         4038  112.50    0.00    0.00  112.50    20  bt-mz.B.24
04:07:18         4039  118.50    0.00    0.00  118.50    29  bt-mz.B.24
04:07:18         4042  112.50    0.00    0.00  112.50     8  bt-mz.B.24
04:07:18         4043  112.50    0.00    0.00  112.50    19  bt-mz.B.24
04:07:18         4046   96.50    0.00    0.00   96.50     6  bt-mz.B.24
04:07:18         4048  112.50    0.00    0.00  112.50    14  bt-mz.B.24
04:07:18         4049  109.50    0.00    0.00  109.50     2  bt-mz.B.24
04:07:18         4051  110.00    0.00    0.00  110.00    17  bt-mz.B.24
04:07:18         4054  109.00    0.50    0.00  109.50     7  bt-mz.B.24
04:07:18         4056  111.00    0.00    0.00  111.00     0  bt-mz.B.24
04:07:18         4057  117.50    0.00    0.00  117.50    12  bt-mz.B.24
04:07:18         4058  112.50    0.00    0.00  112.50    10  bt-mz.B.24
04:07:18         4061  114.50    0.00    0.00  114.50    27  bt-mz.B.24
04:07:18         4065  111.50    0.00    0.00  111.50     5  bt-mz.B.24

04:07:18          PID    %usr %system  %guest    %CPU   CPU  Command
04:07:20         3154    0.00    0.50    0.00    0.50    21  kondemand/21
04:07:20         3180    0.00    0.50    0.00    0.50    12  kipmi0
04:07:20         4017    0.50    1.00    0.00    1.50    10  top
04:07:20         4019    0.50    2.00    0.00    2.50     3  pidstat
04:07:20         4021    0.50    2.00    0.00    2.50    20  pidstat
04:07:20         4030  119.50    0.00    0.00  119.50    25  bt-mz.B.24
04:07:20         4031  113.50    0.00    0.00  113.50    16  bt-mz.B.24
04:07:20         4032  110.50    0.00    0.00  110.50    11  bt-mz.B.24
04:07:20         4033  109.50    0.00    0.00  109.50    30  bt-mz.B.24
04:07:20         4034  106.00    0.00    0.00  106.00     0  bt-mz.B.24
04:07:20         4035  104.00    0.00    0.00  104.00     4  bt-mz.B.24
04:07:20         4036  104.50    0.00    0.00  104.50    28  bt-mz.B.24
04:07:20         4037  101.00    0.00    0.00  101.00    20  bt-mz.B.24
04:07:20         4038  102.50    0.00    0.00  102.50     7  bt-mz.B.24
04:07:20         4039  112.50    0.00    0.00  112.50    29  bt-mz.B.24
04:07:20         4042  114.50    0.50    0.00  115.00    24  bt-mz.B.24
04:07:20         4043  111.00    0.00    0.00  111.00    19  bt-mz.B.24
04:07:20         4046  111.50    0.00    0.00  111.50    22  bt-mz.B.24
04:07:20         4048  111.00    0.50    0.00  111.50     8  bt-mz.B.24
04:07:20         4049  108.00    0.00    0.00  108.00     1  bt-mz.B.24
04:07:20         4051  112.00    0.00    0.00  112.00    21  bt-mz.B.24
04:07:20         4054  101.50    0.00    0.00  101.50     3  bt-mz.B.24
04:07:20         4056  104.00    0.00    0.00  104.00    18  bt-mz.B.24
04:07:20         4057  110.00    0.00    0.00  110.00    12  bt-mz.B.24
04:07:20         4058  116.00    0.50    0.00  116.50    26  bt-mz.B.24
04:07:20         4061  115.50    0.00    0.00  115.50    27  bt-mz.B.24
04:07:20         4065  110.50    0.00    0.00  110.50     5  bt-mz.B.24

04:07:20          PID    %usr %system  %guest    %CPU   CPU  Command
04:07:22         3021    0.00    1.00    0.00    1.00     3  flush-8:0
04:07:22         3144    0.00    0.50    0.00    0.50    11  kondemand/11
04:07:22         3164    0.00    0.50    0.00    0.50    31  kondemand/31
04:07:22         4017    0.50    0.00    0.00    0.50    10  top
04:07:22         4019    0.50    1.50    0.00    2.00     3  pidstat
04:07:22         4021    0.50    2.00    0.00    2.50    20  pidstat
04:07:22         4030  117.00    0.00    0.00  117.00     9  bt-mz.B.24
04:07:22         4031  109.00    0.00    0.00  109.00     3  bt-mz.B.24
04:07:22         4032  113.50    0.00    0.00  113.50    27  bt-mz.B.24
04:07:22         4033  108.00    0.00    0.00  108.00    30  bt-mz.B.24
04:07:22         4034   99.50    0.00    0.00   99.50    18  bt-mz.B.24
04:07:22         4035  103.00    0.00    0.00  103.00     4  bt-mz.B.24
04:07:22         4036  110.00    0.00    0.00  110.00    24  bt-mz.B.24
04:07:22         4037  105.50    0.00    0.00  105.50    20  bt-mz.B.24
04:07:22         4038  101.00    0.00    0.00  101.00     0  bt-mz.B.24
04:07:22         4039  104.00    0.00    0.00  104.00    28  bt-mz.B.24
04:07:22         4042  110.00    0.00    0.00  110.00    10  bt-mz.B.24
04:07:22         4043   96.50    0.50    0.00   97.00    16  bt-mz.B.24
04:07:22         4046  109.50    0.00    0.00  109.50     6  bt-mz.B.24
04:07:22         4048  108.00    0.00    0.00  108.00    12  bt-mz.B.24
04:07:22         4049  105.00    0.00    0.00  105.00     1  bt-mz.B.24
04:07:22         4051  103.50    0.00    0.00  103.50     7  bt-mz.B.24
04:07:22         4054  103.00    0.00    0.00  103.00    17  bt-mz.B.24
04:07:22         4056  101.50    0.00    0.00  101.50    19  bt-mz.B.24
04:07:22         4057  107.50    0.00    0.00  107.50    13  bt-mz.B.24
04:07:22         4058  101.50    0.00    0.00  101.50     8  bt-mz.B.24
04:07:22         4061  101.00    0.00    0.00  101.00    11  bt-mz.B.24
04:07:22         4065  105.50    0.50    0.00  106.00     5  bt-mz.B.24

04:07:22          PID    %usr %system  %guest    %CPU   CPU  Command
04:07:24         3140    0.00    0.50    0.00    0.50     7  kondemand/7
04:07:24         3180    0.00    0.50    0.00    0.50    28  kipmi0
04:07:24         4017    0.50    1.00    0.00    1.50    26  top
04:07:24         4019    1.00    1.50    0.00    2.50     3  pidstat
04:07:24         4021    0.50    1.00    0.00    1.50    20  pidstat
04:07:24         4030  119.00    0.00    0.00  119.00     9  bt-mz.B.24
04:07:24         4031  100.00    0.00    0.00  100.00     3  bt-mz.B.24
04:07:24         4032  109.50    0.00    0.00  109.50    27  bt-mz.B.24
04:07:24         4033  102.00    1.00    0.00  103.00    14  bt-mz.B.24
04:07:24         4034  108.00    0.00    0.00  108.00     1  bt-mz.B.24
04:07:24         4035  106.00    0.00    0.00  106.00    20  bt-mz.B.24
04:07:24         4036  107.00    0.50    0.00  107.50     8  bt-mz.B.24
04:07:24         4037  105.50    0.00    0.00  105.50     0  bt-mz.B.24
04:07:24         4038   77.50    0.00    0.00   77.50    19  bt-mz.B.24
04:07:24         4039  108.50    0.00    0.00  108.50    26  bt-mz.B.24
04:07:24         4042  112.00    0.00    0.00  112.00    10  bt-mz.B.24
04:07:24         4043   82.00    0.00    0.00   82.00    16  bt-mz.B.24
04:07:24         4046  111.50    0.00    0.00  111.50    22  bt-mz.B.24
04:07:24         4048  113.00    0.00    0.00  113.00    12  bt-mz.B.24
04:07:24         4049   91.00    0.00    0.00   91.00     0  bt-mz.B.24
04:07:24         4051  108.50    0.00    0.00  108.50    23  bt-mz.B.24
04:07:24         4054  111.00    0.00    0.00  111.00    17  bt-mz.B.24
04:07:24         4056  108.50    0.00    0.00  108.50    18  bt-mz.B.24
04:07:24         4057  113.50    0.00    0.00  113.50    13  bt-mz.B.24
04:07:24         4058  110.50    0.00    0.00  110.50    30  bt-mz.B.24
04:07:24         4061  103.00    0.50    0.00  103.50    24  bt-mz.B.24
04:07:24         4065  112.50    0.00    0.00  112.50     5  bt-mz.B.24

04:07:24          PID    %usr %system  %guest    %CPU   CPU  Command
04:07:26         3145    0.00    0.50    0.00    0.50    12  kondemand/12
04:07:26         3152    0.00    0.50    0.00    0.50    19  kondemand/19
04:07:26         3180    0.00    0.50    0.00    0.50    12  kipmi0
04:07:26         3684    0.00    0.50    0.00    0.50     6  snmpd
04:07:26         4017    0.50    0.50    0.00    1.00    26  top
04:07:26         4019    0.00    2.00    0.00    2.00     2  pidstat
04:07:26         4021    0.50    2.00    0.00    2.50     4  pidstat
04:07:26         4030  116.50    0.00    0.00  116.50    25  bt-mz.B.24
04:07:26         4031  105.00    0.00    0.00  105.00    19  bt-mz.B.24
04:07:26         4032  114.00    0.00    0.00  114.00    11  bt-mz.B.24
04:07:26         4033  110.00    0.00    0.00  110.00    30  bt-mz.B.24
04:07:26         4034  111.00    0.00    0.00  111.00     1  bt-mz.B.24
04:07:26         4035  107.50    0.00    0.00  107.50    20  bt-mz.B.24
04:07:26         4036  107.50    0.00    0.00  107.50     8  bt-mz.B.24
04:07:26         4037  105.50    0.00    0.00  105.50    16  bt-mz.B.24
04:07:26         4038  104.00    0.00    0.00  104.00     0  bt-mz.B.24
04:07:26         4039  102.50    0.00    0.00  102.50     9  bt-mz.B.24
04:07:26         4042   97.50    0.00    0.00   97.50    10  bt-mz.B.24
04:07:26         4043  102.50    0.00    0.00  102.50     3  bt-mz.B.24
04:07:26         4046  108.50    0.00    0.00  108.50     6  bt-mz.B.24
04:07:26         4048  111.50    0.00    0.00  111.50    12  bt-mz.B.24
04:07:26         4049   98.00    0.00    0.00   98.00     2  bt-mz.B.24
04:07:26         4051  106.00    0.50    0.00  106.50    23  bt-mz.B.24
04:07:26         4054  100.00    0.50    0.00  100.50    17  bt-mz.B.24
04:07:26         4056   95.00    0.50    0.00   95.50    16  bt-mz.B.24
04:07:26         4057  110.00    0.00    0.00  110.00    13  bt-mz.B.24
04:07:26         4058  107.00    0.50    0.00  107.50    31  bt-mz.B.24
04:07:26         4061  105.00    0.00    0.00  105.00    14  bt-mz.B.24
04:07:26         4065  110.50    0.00    0.00  110.50    21  bt-mz.B.24

04:07:26          PID    %usr %system  %guest    %CPU   CPU  Command
04:07:28         3141    0.00    0.50    0.00    0.50     8  kondemand/8
04:07:28         3142    0.00    0.50    0.00    0.50     9  kondemand/9
04:07:28         3143    0.00    0.50    0.00    0.50    10  kondemand/10
04:07:28         3163    0.00    0.50    0.00    0.50    30  kondemand/30
04:07:28         3180    0.00    0.50    0.00    0.50    12  kipmi0
04:07:28         4017    0.50    1.00    0.00    1.50    10  top
04:07:28         4019    0.50    1.50    0.00    2.00     2  pidstat
04:07:28         4021    1.00    1.50    0.00    2.50     4  pidstat
04:07:28         4030  114.00    0.00    0.00  114.00    24  bt-mz.B.24
04:07:28         4031  106.00    0.00    0.00  106.00     6  bt-mz.B.24
04:07:28         4032  107.00    0.00    0.00  107.00    11  bt-mz.B.24
04:07:28         4033  107.50    0.00    0.00  107.50    25  bt-mz.B.24
04:07:28         4034  104.00    0.00    0.00  104.00     7  bt-mz.B.24
04:07:28         4035  107.00    0.00    0.00  107.00    20  bt-mz.B.24
04:07:28         4036  107.50    0.00    0.00  107.50     8  bt-mz.B.24
04:07:28         4037  106.50    0.00    0.00  106.50    21  bt-mz.B.24
04:07:28         4038  104.50    0.50    0.00  105.00    16  bt-mz.B.24
04:07:28         4039  109.50    0.00    0.00  109.50     9  bt-mz.B.24
04:07:28         4042  108.50    0.00    0.00  108.50    26  bt-mz.B.24
04:07:28         4043  104.50    0.00    0.00  104.50     3  bt-mz.B.24
04:07:28         4046  104.50    0.00    0.00  104.50    19  bt-mz.B.24
04:07:28         4048  108.50    0.00    0.00  108.50    14  bt-mz.B.24
04:07:28         4049  107.00    0.00    0.00  107.00     1  bt-mz.B.24
04:07:28         4051  101.50    0.00    0.00  101.50    22  bt-mz.B.24
04:07:28         4054   98.00    0.00    0.00   98.00    17  bt-mz.B.24
04:07:28         4056  105.50    0.00    0.00  105.50     5  bt-mz.B.24
04:07:28         4057  112.50    0.00    0.00  112.50    28  bt-mz.B.24
04:07:28         4058  112.50    0.00    0.00  112.50    15  bt-mz.B.24
04:07:28         4061  104.50    0.00    0.00  104.50    27  bt-mz.B.24
04:07:28         4065  108.00    0.00    0.00  108.00     0  bt-mz.B.24

04:07:28          PID    %usr %system  %guest    %CPU   CPU  Command
04:07:30         3151    0.00    0.50    0.00    0.50    18  kondemand/18
04:07:30         3180    0.00    0.50    0.00    0.50    28  kipmi0
04:07:30         4017    1.00    0.50    0.00    1.50    10  top
04:07:30         4019    1.00    1.50    0.00    2.50     2  pidstat
04:07:30         4021    0.50    2.00    0.00    2.50     4  pidstat
04:07:30         4030  108.00    0.00    0.00  108.00    26  bt-mz.B.24
04:07:30         4031  111.50    0.00    0.00  111.50     4  bt-mz.B.24
04:07:30         4032  116.00    0.00    0.00  116.00    27  bt-mz.B.24
04:07:30         4033  107.00    0.00    0.00  107.00    24  bt-mz.B.24
04:07:30         4034  108.00    0.00    0.00  108.00     6  bt-mz.B.24
04:07:30         4035  105.50    0.00    0.00  105.50    19  bt-mz.B.24
04:07:30         4036  108.50    0.00    0.00  108.50    29  bt-mz.B.24
04:07:30         4037  109.00    0.00    0.00  109.00    18  bt-mz.B.24
04:07:30         4038  106.50    0.00    0.00  106.50    23  bt-mz.B.24
04:07:30         4039  114.50    0.00    0.00  114.50    31  bt-mz.B.24
04:07:30         4042  102.50    0.00    0.00  102.50     8  bt-mz.B.24
04:07:30         4043  108.50    0.00    0.00  108.50     0  bt-mz.B.24
04:07:30         4046  106.00    0.00    0.00  106.00     5  bt-mz.B.24
04:07:30         4048  115.50    0.00    0.00  115.50    14  bt-mz.B.24
04:07:30         4049  107.00    0.00    0.00  107.00    22  bt-mz.B.24
04:07:30         4051  104.50    0.00    0.00  104.50    16  bt-mz.B.24
04:07:30         4054  107.00    0.00    0.00  107.00    17  bt-mz.B.24
04:07:30         4056  109.50    0.00    0.00  109.50     1  bt-mz.B.24
04:07:30         4057  111.00    0.00    0.00  111.00    12  bt-mz.B.24
04:07:30         4058  110.00    0.00    0.00  110.00    15  bt-mz.B.24
04:07:30         4061  107.00    0.00    0.00  107.00     9  bt-mz.B.24
04:07:30         4065  109.00    0.00    0.00  109.00     7  bt-mz.B.24

04:07:30          PID    %usr %system  %guest    %CPU   CPU  Command
04:07:32         3180    0.00    0.50    0.00    0.50    28  kipmi0
04:07:32         3195    0.00    0.50    0.00    0.50    26  irqbalance
04:07:32         4017    0.50    0.50    0.00    1.00    26  top
04:07:32         4019    0.50    2.00    0.00    2.50     2  pidstat
04:07:32         4021    0.50    2.00    0.00    2.50     4  pidstat
04:07:32         4030  113.00    0.00    0.00  113.00    31  bt-mz.B.24
04:07:32         4031  111.50    0.00    0.00  111.50     3  bt-mz.B.24
04:07:32         4032  115.00    0.00    0.00  115.00    27  bt-mz.B.24
04:07:32         4033  113.00    0.00    0.00  113.00    12  bt-mz.B.24
04:07:32         4034  105.00    0.00    0.00  105.00     0  bt-mz.B.24
04:07:32         4035  106.50    0.00    0.00  106.50     6  bt-mz.B.24
04:07:32         4036  110.50    0.00    0.00  110.50    15  bt-mz.B.24
04:07:32         4037  107.00    0.00    0.00  107.00    18  bt-mz.B.24
04:07:32         4038  105.50    0.00    0.00  105.50     6  bt-mz.B.24
04:07:32         4039  114.50    0.00    0.00  114.50    24  bt-mz.B.24
04:07:32         4042  112.00    0.50    0.00  112.50    25  bt-mz.B.24
04:07:32         4043  105.50    0.00    0.00  105.50    21  bt-mz.B.24
04:07:32         4046  110.50    0.00    0.00  110.50     5  bt-mz.B.24
04:07:32         4048  110.50    0.00    0.00  110.50    11  bt-mz.B.24
04:07:32         4049  107.50    0.00    0.00  107.50    23  bt-mz.B.24
04:07:32         4051  107.50    0.00    0.00  107.50    16  bt-mz.B.24
04:07:32         4054  106.50    0.00    0.00  106.50     2  bt-mz.B.24
04:07:32         4056  110.50    0.00    0.00  110.50    17  bt-mz.B.24
04:07:32         4057  114.00    0.00    0.00  114.00    29  bt-mz.B.24
04:07:32         4058  113.50    0.00    0.00  113.50    10  bt-mz.B.24
04:07:32         4061  114.50    0.00    0.00  114.50    30  bt-mz.B.24
04:07:32         4065  109.00    0.00    0.00  109.00     7  bt-mz.B.24

04:07:32          PID    %usr %system  %guest    %CPU   CPU  Command
04:07:34         3160    0.00    0.50    0.00    0.50    27  kondemand/27
04:07:34         3180    0.00    0.50    0.00    0.50    12  kipmi0
04:07:34         4017    0.50    0.50    0.00    1.00    26  top
04:07:34         4019    0.50    1.50    0.00    2.00     2  pidstat
04:07:34         4021    0.50    1.00    0.00    1.50     4  pidstat
04:07:34         4023    0.00    0.50    0.00    0.50     4  iostat
04:07:34         4030  110.50    0.50    0.00  111.00    31  bt-mz.B.24
04:07:34         4031   98.00    0.50    0.00   98.50     3  bt-mz.B.24
04:07:34         4032  112.50    0.00    0.00  112.50    13  bt-mz.B.24
04:07:34         4033  114.50    0.00    0.00  114.50    28  bt-mz.B.24
04:07:34         4034  109.50    0.00    0.00  109.50    17  bt-mz.B.24
04:07:34         4035  105.50    0.00    0.00  105.50    22  bt-mz.B.24
04:07:34         4036  111.50    0.00    0.00  111.50    14  bt-mz.B.24
04:07:34         4037  111.50    0.00    0.00  111.50    18  bt-mz.B.24
04:07:34         4038   95.00    0.00    0.00   95.00    16  bt-mz.B.24
04:07:34         4039  112.50    0.50    0.00  113.00    15  bt-mz.B.24
04:07:34         4042  110.50    0.00    0.00  110.50    11  bt-mz.B.24
04:07:34         4043  106.50    0.00    0.00  106.50    21  bt-mz.B.24
04:07:34         4046  106.50    0.00    0.00  106.50    18  bt-mz.B.24
04:07:34         4048  111.00    0.00    0.00  111.00     8  bt-mz.B.24
04:07:34         4049  110.00    0.00    0.00  110.00     7  bt-mz.B.24
04:07:34         4051  104.00    0.00    0.00  104.00     6  bt-mz.B.24
04:07:34         4054  108.50    0.00    0.00  108.50     0  bt-mz.B.24
04:07:34         4056   96.50    0.00    0.00   96.50    19  bt-mz.B.24
04:07:34         4057  111.50    0.00    0.00  111.50    29  bt-mz.B.24
04:07:34         4058  113.00    0.00    0.00  113.00    26  bt-mz.B.24
04:07:34         4061  108.00    0.00    0.00  108.00     9  bt-mz.B.24
04:07:34         4065   98.00    0.00    0.00   98.00    20  bt-mz.B.24

04:07:34          PID    %usr %system  %guest    %CPU   CPU  Command
04:07:36         3180    0.00    0.50    0.00    0.50    12  kipmi0
04:07:36         4017    0.50    0.50    0.00    1.00    26  top
04:07:36         4019    1.00    1.50    0.00    2.50    18  pidstat
04:07:36         4021    0.50    2.50    0.00    3.00    20  pidstat
04:07:36         4030  118.00    0.00    0.00  118.00    15  bt-mz.B.24
04:07:36         4031  109.00    0.00    0.00  109.00     3  bt-mz.B.24
04:07:36         4032  107.50    0.00    0.00  107.50    13  bt-mz.B.24
04:07:36         4033   96.00    0.00    0.00   96.00    30  bt-mz.B.24
04:07:36         4034  108.50    0.00    0.00  108.50    17  bt-mz.B.24
04:07:36         4035  103.50    0.00    0.00  103.50    23  bt-mz.B.24
04:07:36         4036  111.50    0.00    0.00  111.50    14  bt-mz.B.24
04:07:36         4037  108.50    0.00    0.00  108.50     6  bt-mz.B.24
04:07:36         4038  109.50    0.00    0.00  109.50     0  bt-mz.B.24
04:07:36         4039   96.00    0.00    0.00   96.00    27  bt-mz.B.24
04:07:36         4042   94.00    0.00    0.00   94.00    29  bt-mz.B.24
04:07:36         4043  111.00    0.00    0.00  111.00    21  bt-mz.B.24
04:07:36         4046  107.50    0.00    0.00  107.50     2  bt-mz.B.24
04:07:36         4048  112.00    0.00    0.00  112.00    24  bt-mz.B.24
04:07:36         4049  108.00    0.00    0.00  108.00     7  bt-mz.B.24
04:07:36         4051  104.50    0.00    0.00  104.50     1  bt-mz.B.24
04:07:36         4054   98.50    0.00    0.00   98.50    28  bt-mz.B.24
04:07:36         4056  105.50    0.00    0.00  105.50    19  bt-mz.B.24
04:07:36         4057  103.50    0.00    0.00  103.50    12  bt-mz.B.24
04:07:36         4058  111.00    0.00    0.00  111.00    26  bt-mz.B.24
04:07:36         4061  106.50    0.00    0.00  106.50    25  bt-mz.B.24
04:07:36         4065  108.50    0.00    0.00  108.50    20  bt-mz.B.24
