procs -----------memory---------- ---swap-- -----io---- --system-- -----cpu-----
 r  b   swpd   free   buff  cache   si   so    bi    bo   in   cs us sy id wa st
 7  0      0 64613904 214956 328924    0    0     0     1    0    0 38  2 60  0  0	
25  0      0 64413016 214956 338168    0    0     0    24 29905 19014 54 11 35  0  0	
32  0      0 64412000 214960 338228    0    0     0    70 28726 8333 71 10 19  0  0	
31  0      0 64412836 214960 338288    0    0     0     0 28723 8287 71 10 19  0  0	
26  0      0 64412988 214960 338352    0    0     0     6 28698 8347 70 10 19  0  0	
24  0      0 64413456 214960 338412    0    0     0     6 28632 8239 70 10 20  0  0	
27  0      0 64413940 214960 338476    0    0     0     0 28662 8229 70 10 20  0  0	
35  0      0 64414216 214960 338536    0    0     0    14 28666 8345 70 10 20  0  0	
32  0      0 64413992 214960 338596    0    0     0     0 28810 8338 71 10 19  0  0	
25  0      0 64414628 214960 338660    0    0     0     0 28860 8357 71 10 19  0  0	
21  0      0 64415000 214960 338720    0    0     0    24 28644 8205 70 10 20  0  0	
33  0      0 64415256 214960 338780    0    0     0     0 28894 8336 71 10 19  0  0	
31  0      0 64415628 214960 338844    0    0     0     6 28871 8328 72 10 19  0  0	
22  0      0 64415364 214960 338904    0    0     0     6 28750 8289 71 10 19  0  0	
26  0      0 64415612 214960 338968    0    0     0     0 28773 8278 70 10 19  0  0	
32  0      0 64415860 214960 339032    0    0     0    62 28956 8436 72 10 19  0  0	
25  0      0 64415860 214960 339092    0    0     0     6 28803 8280 71 10 19  0  0	
22  0      0 64415388 214960 339156    0    0     0  3202 30793 8202 70 10 20  0  0	
24  0      0 64415404 214960 339224    0    0     0   588 29270 8295 71 10 19  0  0	
32  0      0 64415272 214960 339284    0    0     0     0 28915 8360 72 10 19  0  0	
25  0      0 64414644 214960 339348    0    0     0    14 28703 8253 71 10 19  0  0	
procs -----------memory---------- ---swap-- -----io---- --system-- -----cpu-----
 r  b   swpd   free   buff  cache   si   so    bi    bo   in   cs us sy id wa st
22  0      0 64414900 214960 339408    0    0     0     6 28665 8225 70 10 20  0  0	
25  0      0 64414900 214960 339472    0    0     0     0 28732 8220 71 10 19  0  0	
