Linux 2.6.32-279.14.1.el6.x86_64 (compute-641-14.local) 	04/21/20 	_x86_64_	(32 CPU)

03:17:39     CPU    %usr   %nice    %sys %iowait    %irq   %soft  %steal  %guest   %idle
03:17:41     all   61.70    0.00    5.48    0.00    0.00    0.05    0.00    0.00   32.78
03:17:43     all   80.12    0.00    0.20    0.00    0.00    0.00    0.00    0.00   19.68
03:17:45     all   81.45    0.00    0.17    0.00    0.00    0.00    0.00    0.00   18.38
03:17:47     all   80.59    0.00    0.17    0.00    0.00    0.00    0.00    0.00   19.24
03:17:49     all   80.59    0.00    0.16    0.00    0.00    0.00    0.00    0.00   19.26
03:17:51     all   79.98    0.00    0.17    0.00    0.00    0.00    0.00    0.00   19.85
03:17:53     all   79.87    0.00    0.17    0.00    0.00    0.00    0.00    0.00   19.96
03:17:55     all   79.71    0.00    0.19    0.00    0.00    0.00    0.00    0.00   20.10
03:17:57     all   78.20    0.00    0.17    0.00    0.00    0.00    0.00    0.00   21.63
03:17:59     all   79.99    0.00    0.19    0.00    0.00    0.00    0.00    0.00   19.82
03:18:01     all   82.14    0.00    0.16    0.00    0.00    0.00    0.00    0.00   17.71
03:18:03     all   81.77    0.00    0.17    0.00    0.00    0.00    0.00    0.00   18.06
03:18:05     all   80.78    0.00    0.17    0.00    0.00    0.00    0.00    0.00   19.05
03:18:07     all   81.30    0.00    0.16    0.00    0.00    0.00    0.00    0.00   18.55
03:18:09     all   79.91    0.00    0.19    0.00    0.00    0.00    0.00    0.00   19.91
03:18:11     all   80.58    0.00    0.20    0.00    0.00    0.02    0.00    0.00   19.21
03:18:13     all   82.53    0.00    0.16    0.00    0.00    0.00    0.00    0.00   17.32
03:18:15     all   82.63    0.00    0.17    0.00    0.00    0.00    0.00    0.00   17.20
03:18:17     all   81.29    0.00    0.17    0.00    0.00    0.00    0.00    0.00   18.53
03:18:19     all   81.46    0.00    0.17    0.00    0.00    0.00    0.00    0.00   18.37
03:18:21     all   81.74    0.00    0.19    0.00    0.00    0.00    0.00    0.00   18.07
03:18:23     all   81.96    0.00    0.20    0.00    0.00    0.00    0.00    0.00   17.84
03:18:25     all   80.47    0.00    0.19    0.00    0.00    0.00    0.00    0.00   19.35
03:18:27     all   81.54    0.00    0.20    0.02    0.00    0.00    0.00    0.00   18.24
03:18:29     all   81.46    0.00    0.17    0.00    0.00    0.00    0.00    0.00   18.37
