Linux 2.6.32-279.14.1.el6.x86_64 (compute-641-14.local) 	04/21/20 	_x86_64_	(32 CPU)

04:08:28     CPU    %usr   %nice    %sys %iowait    %irq   %soft  %steal  %guest   %idle
04:08:30     all   62.27    0.00    3.94    0.00    0.00    0.08    0.00    0.00   33.71
04:08:32     all   81.62    0.00    0.17    0.00    0.00    0.00    0.00    0.00   18.21
04:08:34     all   81.81    0.00    0.22    0.00    0.00    0.00    0.00    0.00   17.97
04:08:36     all   82.61    0.00    0.19    0.00    0.00    0.00    0.00    0.00   17.21
04:08:38     all   82.02    0.00    0.19    0.00    0.00    0.00    0.00    0.00   17.79
04:08:40     all   81.28    0.00    0.19    0.00    0.00    0.00    0.00    0.00   18.54
04:08:42     all   81.03    0.00    0.22    0.00    0.00    0.00    0.00    0.00   18.76
04:08:44     all   80.82    0.00    0.20    0.00    0.00    0.00    0.00    0.00   18.97
04:08:46     all   83.10    0.00    0.17    0.00    0.00    0.00    0.00    0.00   16.73
04:08:48     all   81.60    0.00    0.17    0.00    0.00    0.00    0.00    0.00   18.22
04:08:50     all   78.92    0.00    0.19    0.00    0.00    0.00    0.00    0.00   20.90
04:08:52     all   80.31    0.00    0.19    0.00    0.00    0.00    0.00    0.00   19.51
04:08:54     all   81.61    0.00    0.17    0.00    0.00    0.00    0.00    0.00   18.22
04:08:56     all   81.19    0.00    0.19    0.00    0.00    0.00    0.00    0.00   18.62
04:08:58     all   79.35    0.00    0.16    0.00    0.00    0.00    0.00    0.00   20.49
04:09:00     all   80.21    0.00    0.20    0.00    0.00    0.00    0.00    0.00   19.58
04:09:02     all   80.44    0.00    0.22    0.02    0.00    0.00    0.00    0.00   19.32
04:09:04     all   81.17    0.00    0.22    0.00    0.00    0.02    0.00    0.00   18.59
04:09:06     all   79.99    0.00    0.20    0.00    0.00    0.00    0.00    0.00   19.80
04:09:08     all   78.37    0.00    0.19    0.00    0.00    0.00    0.00    0.00   21.44
04:09:10     all   79.67    0.00    0.16    0.00    0.00    0.00    0.00    0.00   20.18
04:09:12     all   80.61    0.00    0.20    0.00    0.00    0.00    0.00    0.00   19.19
04:09:14     all   79.67    0.00    0.20    0.00    0.00    0.00    0.00    0.00   20.13
04:09:16     all   80.26    0.00    0.14    0.00    0.00    0.00    0.00    0.00   19.60
04:09:18     all   79.79    0.00    0.19    0.00    0.00    0.00    0.00    0.00   20.02
