Linux 2.6.32-279.14.1.el6.x86_64 (compute-641-14.local) 	04/21/20 	_x86_64_	(32 CPU)

04:16:01     CPU    %usr   %nice    %sys %iowait    %irq   %soft  %steal  %guest   %idle
04:16:03     all   61.50    0.00    4.41    0.00    0.00    0.08    0.00    0.00   34.01
04:16:05     all   78.92    0.00    0.16    0.00    0.00    0.00    0.00    0.00   20.92
04:16:07     all   82.73    0.00    0.20    0.00    0.00    0.00    0.00    0.00   17.07
04:16:09     all   83.51    0.00    0.16    0.00    0.00    0.00    0.00    0.00   16.33
04:16:11     all   80.28    0.00    0.17    0.00    0.00    0.00    0.00    0.00   19.55
04:16:13     all   80.92    0.00    0.20    0.00    0.00    0.00    0.00    0.00   18.88
04:16:15     all   79.01    0.00    0.17    0.00    0.00    0.00    0.00    0.00   20.82
04:16:17     all   81.76    0.00    0.17    0.00    0.00    0.00    0.00    0.00   18.07
04:16:19     all   80.71    0.00    0.17    0.00    0.00    0.00    0.00    0.00   19.12
04:16:21     all   80.34    0.00    0.19    0.00    0.00    0.00    0.00    0.00   19.47
04:16:23     all   81.12    0.00    0.17    0.00    0.00    0.00    0.00    0.00   18.71
04:16:25     all   80.67    0.00    0.16    0.00    0.00    0.00    0.00    0.00   19.17
04:16:27     all   81.06    0.00    0.16    0.00    0.00    0.00    0.00    0.00   18.78
04:16:29     all   80.99    0.00    0.17    0.02    0.00    0.00    0.00    0.00   18.82
04:16:31     all   80.62    0.00    0.19    0.00    0.00    0.00    0.00    0.00   19.19
04:16:33     all   82.56    0.00    0.20    0.00    0.00    0.00    0.00    0.00   17.24
04:16:35     all   85.35    0.00    0.19    0.00    0.00    0.00    0.00    0.00   14.46
04:16:37     all   81.35    0.00    0.16    0.00    0.00    0.00    0.00    0.00   18.49
04:16:39     all   83.46    0.00    0.20    0.00    0.00    0.00    0.00    0.00   16.34
04:16:41     all   84.61    0.00    0.22    0.00    0.00    0.02    0.00    0.00   15.16
04:16:43     all   81.44    0.00    0.16    0.00    0.00    0.00    0.00    0.00   18.40
04:16:45     all   79.98    0.00    0.17    0.00    0.00    0.00    0.00    0.00   19.85
04:16:47     all   80.20    0.00    0.17    0.00    0.00    0.00    0.00    0.00   19.63
04:16:49     all   81.93    0.00    0.16    0.00    0.00    0.00    0.00    0.00   17.91
04:16:51     all   81.42    0.00    0.17    0.00    0.00    0.00    0.00    0.00   18.41
