procs -----------memory---------- ---swap-- -----io---- --system-- -----cpu-----
 r  b   swpd   free   buff  cache   si   so    bi    bo   in   cs us sy id wa st
 9  0  13768 64919936  39228 160124    0    0     0     1    0    0 65  1 34  0  0	
48  0  13768 64573628  39228 185716    0    0     0     0 17646 26994  5  4 91  0  0	
48  0  13768 64573220  39228 186436    0    0     0     0 42476 11798 86  0 14  0  0	
48  0  13768 64577044  39248 186512    0    0     0   128 42524 11816 86  0 14  0  0	
49  0  13768 64577448  39248 186616    0    0     0     0 42431 11810 86  0 14  0  0	
48  0  13768 64581296  39248 186704    0    0     0    98 42589 11849 86  0 14  0  0	
25  0  13768 64583400  39256 186792    0    0     0     6 42483 11833 86  0 14  0  0	
28  0  13768 64583924  39264 186884    0    0     0     6 42576 11807 86  0 14  0  0	
