Linux 2.6.32-279.14.1.el6.x86_64 (compute-641-14.local) 	04/21/20 	_x86_64_	(32 CPU)

02:34:42          PID    %usr %system  %guest    %CPU   CPU  Command
02:34:44           21    0.00    0.49    0.00    0.49     4  ksoftirqd/4
02:34:44         3852    0.00    0.49    0.00    0.49    24  pbs_mom
02:34:44         4128    0.00    0.98    0.00    0.98     0  gmond
02:34:44        17372    2.94    0.98    0.00    3.92     0  mpirun
02:34:44        17378    0.49    0.49    0.00    0.98     2  top
02:34:44        17380    0.49    2.45    0.00    2.94     8  pidstat
02:34:44        17382    0.98    1.96    0.00    2.94    11  pidstat
02:34:44        17392  112.25   24.51    0.00  136.76    16  bt-mz.C.32
02:34:44        17393  113.24   23.04    0.00  136.27    17  bt-mz.C.32
02:34:44        17394  113.73   23.04    0.00  136.76    18  bt-mz.C.32
02:34:44        17395  111.27   25.49    0.00  136.76    19  bt-mz.C.32
02:34:44        17396  110.78   25.00    0.00  135.78    20  bt-mz.C.32
02:34:44        17397  110.78   25.00    0.00  135.78    21  bt-mz.C.32
02:34:44        17398  112.25   23.53    0.00  135.78    22  bt-mz.C.32
02:34:44        17399  111.27   24.51    0.00  135.78    23  bt-mz.C.32
02:34:44        17400  106.86   27.94    0.00  134.80    24  bt-mz.C.32
02:34:44        17401  109.80   25.00    0.00  134.80     9  bt-mz.C.32
02:34:44        17404  109.31   25.98    0.00  135.29    26  bt-mz.C.32
02:34:44        17406  111.27   23.53    0.00  134.80    27  bt-mz.C.32
02:34:44        17407  108.82   26.47    0.00  135.29    28  bt-mz.C.32
02:34:44        17410  107.84   26.47    0.00  134.31    29  bt-mz.C.32

02:34:44          PID    %usr %system  %guest    %CPU   CPU  Command
02:34:46         3133    0.00    0.50    0.00    0.50     0  kondemand/0
02:34:46         3143    0.00    0.50    0.00    0.50    10  kondemand/10
02:34:46         3144    0.00    0.50    0.00    0.50    11  kondemand/11
02:34:46         3161    0.00    0.50    0.00    0.50    28  kondemand/28
02:34:46         3162    0.00    0.50    0.00    0.50    29  kondemand/29
02:34:46         3180    0.00    0.50    0.00    0.50     0  kipmi0
02:34:46         4128    0.50    0.00    0.00    0.50     0  gmond
02:34:46        17378    0.50    0.50    0.00    1.00     2  top
02:34:46        17380    0.50    1.50    0.00    2.00     8  pidstat
02:34:46        17382    0.50    2.00    0.00    2.50    11  pidstat
02:34:46        17392  142.50   23.50    0.00  166.00    16  bt-mz.C.32
02:34:46        17393  143.00   22.50    0.00  165.50    17  bt-mz.C.32
02:34:46        17394  142.50   23.50    0.00  166.00     2  bt-mz.C.32
02:34:46        17395  140.50   26.00    0.00  166.50    19  bt-mz.C.32
02:34:46        17396  142.00   24.50    0.00  166.50    20  bt-mz.C.32
02:34:46        17397  141.50   25.00    0.00  166.50    21  bt-mz.C.32
02:34:46        17398  141.50   24.50    0.00  166.00    22  bt-mz.C.32
02:34:46        17399  143.00   23.00    0.00  166.00    23  bt-mz.C.32
02:34:46        17400  136.00   26.50    0.00  162.50    24  bt-mz.C.32
02:34:46        17401  140.50   25.00    0.00  165.50     9  bt-mz.C.32
02:34:46        17404  140.00   25.50    0.00  165.50    26  bt-mz.C.32
02:34:46        17406  138.00   25.00    0.00  163.00    27  bt-mz.C.32
02:34:46        17407  138.00   27.50    0.00  165.50    28  bt-mz.C.32
02:34:46        17410  138.00   27.00    0.00  165.00    29  bt-mz.C.32

02:34:46          PID    %usr %system  %guest    %CPU   CPU  Command
02:34:48         3139    0.00    0.50    0.00    0.50     6  kondemand/6
02:34:48         3155    0.00    0.50    0.00    0.50    22  kondemand/22
02:34:48         4128    0.00    0.50    0.00    0.50     0  gmond
02:34:48        17378    0.50    1.00    0.00    1.50    18  top
02:34:48        17380    0.50    1.50    0.00    2.00     8  pidstat
02:34:48        17382    0.50    1.50    0.00    2.00    11  pidstat
02:34:48        17392  143.00   22.00    0.00  165.00    16  bt-mz.C.32
02:34:48        17393  142.50   20.50    0.00  163.00    17  bt-mz.C.32
02:34:48        17394  143.50   20.50    0.00  164.00    18  bt-mz.C.32
02:34:48        17395  143.00   21.00    0.00  164.00    19  bt-mz.C.32
02:34:48        17396  140.50   23.00    0.00  163.50    20  bt-mz.C.32
02:34:48        17397  140.50   23.00    0.00  163.50    21  bt-mz.C.32
02:34:48        17398  140.50   22.50    0.00  163.00    22  bt-mz.C.32
02:34:48        17399  140.00   23.50    0.00  163.50    23  bt-mz.C.32
02:34:48        17400  140.50   23.00    0.00  163.50    24  bt-mz.C.32
02:34:48        17401  140.00   23.50    0.00  163.50     9  bt-mz.C.32
02:34:48        17404  139.00   24.50    0.00  163.50    26  bt-mz.C.32
02:34:48        17406  142.00   21.50    0.00  163.50    27  bt-mz.C.32
02:34:48        17407  136.50   26.50    0.00  163.00    28  bt-mz.C.32
02:34:48        17410  136.50   26.00    0.00  162.50    29  bt-mz.C.32

02:34:48          PID    %usr %system  %guest    %CPU   CPU  Command
02:34:50         3141    0.00    0.50    0.00    0.50     8  kondemand/8
02:34:50         3142    0.00    0.50    0.00    0.50     9  kondemand/9
02:34:50         3146    0.00    0.50    0.00    0.50    13  kondemand/13
02:34:50         3148    0.00    0.50    0.00    0.50    15  kondemand/15
02:34:50         3149    0.00    0.50    0.00    0.50    16  kondemand/16
02:34:50         3159    0.00    0.50    0.00    0.50    26  kondemand/26
02:34:50         4128    0.50    0.00    0.00    0.50     0  gmond
02:34:50        17378    0.50    0.50    0.00    1.00     2  top
02:34:50        17380    1.00    2.00    0.00    3.00     8  pidstat
02:34:50        17382    1.00    2.00    0.00    3.00    11  pidstat
02:34:50        17392  146.50   22.50    0.00  169.00    16  bt-mz.C.32
02:34:50        17393  147.00   21.00    0.00  168.00    17  bt-mz.C.32
02:34:50        17394  148.00   21.00    0.00  169.00    18  bt-mz.C.32
02:34:50        17395  146.00   23.00    0.00  169.00    19  bt-mz.C.32
02:34:50        17396  146.50   21.50    0.00  168.00    20  bt-mz.C.32
02:34:50        17397  145.50   22.00    0.00  167.50    21  bt-mz.C.32
02:34:50        17398  145.50   22.50    0.00  168.00    22  bt-mz.C.32
02:34:50        17399  145.50   22.50    0.00  168.00    23  bt-mz.C.32
02:34:50        17400  142.00   23.00    0.00  165.00    24  bt-mz.C.32
02:34:50        17401  143.50   24.00    0.00  167.50     9  bt-mz.C.32
02:34:50        17404  144.00   23.50    0.00  167.50    26  bt-mz.C.32
02:34:50        17406  144.00   21.50    0.00  165.50    11  bt-mz.C.32
02:34:50        17407  143.00   25.00    0.00  168.00    28  bt-mz.C.32
02:34:50        17410  142.00   24.00    0.00  166.00    29  bt-mz.C.32

02:34:50          PID    %usr %system  %guest    %CPU   CPU  Command
02:34:52         3154    0.00    0.50    0.00    0.50    21  kondemand/21
02:34:52         3180    0.00    0.50    0.00    0.50     0  kipmi0
02:34:52         4128    0.50    0.00    0.00    0.50     0  gmond
02:34:52        17378    0.50    1.00    0.00    1.50     2  top
02:34:52        17380    0.50    2.00    0.00    2.50     8  pidstat
02:34:52        17382    1.00    1.50    0.00    2.50    11  pidstat
02:34:52        17392  146.50   21.50    0.00  168.00    16  bt-mz.C.32
02:34:52        17393  146.50   20.50    0.00  167.00    17  bt-mz.C.32
02:34:52        17394  147.00   21.00    0.00  168.00     2  bt-mz.C.32
02:34:52        17395  145.00   23.00    0.00  168.00    19  bt-mz.C.32
02:34:52        17396  146.50   21.50    0.00  168.00    20  bt-mz.C.32
02:34:52        17397  146.00   22.00    0.00  168.00    21  bt-mz.C.32
02:34:52        17398  146.00   21.00    0.00  167.00    22  bt-mz.C.32
02:34:52        17399  145.00   22.50    0.00  167.50    23  bt-mz.C.32
02:34:52        17400  141.00   23.50    0.00  164.50    24  bt-mz.C.32
02:34:52        17401  145.00   22.50    0.00  167.50     9  bt-mz.C.32
02:34:52        17404  144.50   23.00    0.00  167.50    26  bt-mz.C.32
02:34:52        17406  145.00   20.00    0.00  165.00    27  bt-mz.C.32
02:34:52        17407  143.00   24.50    0.00  167.50    28  bt-mz.C.32
02:34:52        17410  142.00   24.50    0.00  166.50    29  bt-mz.C.32

02:34:52          PID    %usr %system  %guest    %CPU   CPU  Command
02:34:54         3140    0.00    0.50    0.00    0.50     7  kondemand/7
02:34:54         3160    0.00    0.50    0.00    0.50    27  kondemand/27
02:34:54         3180    0.00    0.50    0.00    0.50     0  kipmi0
02:34:54         4128    0.00    0.50    0.00    0.50     0  gmond
02:34:54        17378    1.00    0.50    0.00    1.50     2  top
02:34:54        17380    0.50    1.50    0.00    2.00     8  pidstat
02:34:54        17382    0.50    1.50    0.00    2.00    11  pidstat
02:34:54        17384    0.00    0.50    0.00    0.50    10  iostat
02:34:54        17392  146.50   21.00    0.00  167.50    16  bt-mz.C.32
02:34:54        17393  145.50   20.50    0.00  166.00    17  bt-mz.C.32
02:34:54        17394  146.00   21.00    0.00  167.00     2  bt-mz.C.32
02:34:54        17395  144.50   22.00    0.00  166.50    19  bt-mz.C.32
02:34:54        17396  143.50   23.00    0.00  166.50    20  bt-mz.C.32
02:34:54        17397  144.00   23.00    0.00  167.00    21  bt-mz.C.32
02:34:54        17398  144.50   22.50    0.00  167.00    22  bt-mz.C.32
02:34:54        17399  144.50   22.00    0.00  166.50    23  bt-mz.C.32
02:34:54        17400  139.50   24.50    0.00  164.00    24  bt-mz.C.32
02:34:54        17401  141.00   24.50    0.00  165.50     9  bt-mz.C.32
02:34:54        17404  142.50   23.50    0.00  166.00    26  bt-mz.C.32
02:34:54        17406  142.00   22.50    0.00  164.50    27  bt-mz.C.32
02:34:54        17407  140.50   26.00    0.00  166.50    28  bt-mz.C.32
02:34:54        17410  140.50   25.50    0.00  166.00    29  bt-mz.C.32

02:34:54          PID    %usr %system  %guest    %CPU   CPU  Command
02:34:56         3137    0.00    0.50    0.00    0.50     4  kondemand/4
02:34:56        17378    0.50    0.50    0.00    1.00     2  top
02:34:56        17380    1.00    2.00    0.00    3.00     8  pidstat
02:34:56        17382    0.50    2.00    0.00    2.50    11  pidstat
02:34:56        17392  144.50   22.50    0.00  167.00    16  bt-mz.C.32
02:34:56        17393  144.50   21.50    0.00  166.00    17  bt-mz.C.32
02:34:56        17394  145.50   21.00    0.00  166.50    18  bt-mz.C.32
02:34:56        17395  143.50   23.50    0.00  167.00    19  bt-mz.C.32
02:34:56        17396  143.50   23.00    0.00  166.50    20  bt-mz.C.32
02:34:56        17397  143.50   22.50    0.00  166.00    21  bt-mz.C.32
02:34:56        17398  143.50   22.50    0.00  166.00    22  bt-mz.C.32
02:34:56        17399  143.50   22.50    0.00  166.00    23  bt-mz.C.32
02:34:56        17400  140.00   24.50    0.00  164.50    24  bt-mz.C.32
02:34:56        17401  141.50   24.50    0.00  166.00     9  bt-mz.C.32
02:34:56        17404  141.50   24.50    0.00  166.00    26  bt-mz.C.32
02:34:56        17406  143.50   21.00    0.00  164.50    27  bt-mz.C.32
02:34:56        17407  140.00   26.00    0.00  166.00    28  bt-mz.C.32
02:34:56        17410  137.50   27.50    0.00  165.00    29  bt-mz.C.32

02:34:56          PID    %usr %system  %guest    %CPU   CPU  Command
02:34:58          133    0.00    0.50    0.00    0.50     2  events/2
02:34:58         3133    0.00    0.50    0.00    0.50     0  kondemand/0
02:34:58         3145    0.00    0.50    0.00    0.50    12  kondemand/12
02:34:58         3147    0.00    0.50    0.00    0.50    14  kondemand/14
02:34:58         3150    0.00    0.50    0.00    0.50    17  kondemand/17
02:34:58         3153    0.00    0.50    0.00    0.50    20  kondemand/20
02:34:58         3158    0.00    0.50    0.00    0.50    25  kondemand/25
02:34:58         3164    0.00    0.50    0.00    0.50    31  kondemand/31
02:34:58         3180    0.00    0.50    0.00    0.50     0  kipmi0
02:34:58         3852    0.50    0.50    0.00    1.00    10  pbs_mom
02:34:58         4128    0.50    0.50    0.00    1.00     0  gmond
02:34:58        17378    0.50    0.50    0.00    1.00     2  top
02:34:58        17380    0.50    2.00    0.00    2.50    24  pidstat
02:34:58        17382    0.50    2.00    0.00    2.50    11  pidstat
02:34:58        17392  144.00   23.50    0.00  167.50    16  bt-mz.C.32
02:34:58        17393  147.00   20.00    0.00  167.00    17  bt-mz.C.32
02:34:58        17394  148.00   20.00    0.00  168.00    18  bt-mz.C.32
02:34:58        17395  144.00   24.00    0.00  168.00    19  bt-mz.C.32
02:34:58        17396  144.00   23.50    0.00  167.50    20  bt-mz.C.32
02:34:58        17397  144.00   23.50    0.00  167.50    21  bt-mz.C.32
02:34:58        17398  144.50   22.50    0.00  167.00    22  bt-mz.C.32
02:34:58        17399  144.00   23.00    0.00  167.00    23  bt-mz.C.32
02:34:58        17400  143.00   22.50    0.00  165.50     8  bt-mz.C.32
02:34:58        17401  144.00   23.00    0.00  167.00     9  bt-mz.C.32
02:34:58        17404  143.00   24.50    0.00  167.50    26  bt-mz.C.32
02:34:58        17406  145.00   21.00    0.00  166.00    11  bt-mz.C.32
02:34:58        17407  141.50   25.50    0.00  167.00    28  bt-mz.C.32
02:34:58        17410  139.50   26.50    0.00  166.00    29  bt-mz.C.32

02:34:58          PID    %usr %system  %guest    %CPU   CPU  Command
02:35:00         3134    0.00    0.50    0.00    0.50     1  kondemand/1
02:35:00         3136    0.00    0.50    0.00    0.50     3  kondemand/3
02:35:00         3157    0.00    0.50    0.00    0.50    24  kondemand/24
02:35:00         3163    0.00    0.50    0.00    0.50    30  kondemand/30
02:35:00        17378    0.50    0.50    0.00    1.00     2  top
02:35:00        17380    1.00    1.50    0.00    2.50     8  pidstat
02:35:00        17382    1.00    2.00    0.00    3.00    27  pidstat
02:35:00        17392  147.00   21.50    0.00  168.50    16  bt-mz.C.32
02:35:00        17393  146.00   21.50    0.00  167.50    17  bt-mz.C.32
02:35:00        17394  147.50   20.50    0.00  168.00     2  bt-mz.C.32
02:35:00        17395  144.50   23.50    0.00  168.00    19  bt-mz.C.32
02:35:00        17396  145.50   22.00    0.00  167.50    20  bt-mz.C.32
02:35:00        17397  144.50   23.50    0.00  168.00    21  bt-mz.C.32
02:35:00        17398  144.50   22.50    0.00  167.00    22  bt-mz.C.32
02:35:00        17399  145.50   22.50    0.00  168.00    23  bt-mz.C.32
02:35:00        17400  143.00   24.50    0.00  167.50    24  bt-mz.C.32
02:35:00        17401  144.50   22.50    0.00  167.00     9  bt-mz.C.32
02:35:00        17404  143.00   24.00    0.00  167.00    26  bt-mz.C.32
02:35:00        17406  145.00   22.50    0.00  167.50    11  bt-mz.C.32
02:35:00        17407  140.50   26.50    0.00  167.00    28  bt-mz.C.32
02:35:00        17410  141.00   25.50    0.00  166.50    29  bt-mz.C.32

02:35:00          PID    %usr %system  %guest    %CPU   CPU  Command
02:35:02           37    0.00    0.50    0.00    0.50     8  ksoftirqd/8
02:35:02         3151    0.00    0.50    0.00    0.50    18  kondemand/18
02:35:02         3152    0.00    0.50    0.00    0.50    19  kondemand/19
02:35:02         3156    0.00    0.50    0.00    0.50    23  kondemand/23
02:35:02         3180    0.00    0.50    0.00    0.50     0  kipmi0
02:35:02         3808    0.50    0.00    0.00    0.50     8  crond
02:35:02         4128    0.00    0.50    0.00    0.50     0  gmond
02:35:02        17378    0.50    1.00    0.00    1.50     2  top
02:35:02        17380    0.00    2.50    0.00    2.50     8  pidstat
02:35:02        17382    0.50    1.50    0.00    2.00    27  pidstat
02:35:02        17392  147.00   21.50    0.00  168.50    16  bt-mz.C.32
02:35:02        17393  146.50   20.50    0.00  167.00    17  bt-mz.C.32
02:35:02        17394  148.00   20.00    0.00  168.00     2  bt-mz.C.32
02:35:02        17395  145.00   23.00    0.00  168.00    19  bt-mz.C.32
02:35:02        17396  145.00   22.00    0.00  167.00    20  bt-mz.C.32
02:35:02        17397  146.50   21.00    0.00  167.50    21  bt-mz.C.32
02:35:02        17398  145.50   22.00    0.00  167.50    22  bt-mz.C.32
02:35:02        17399  145.00   22.00    0.00  167.00    23  bt-mz.C.32
02:35:02        17400  141.50   24.00    0.00  165.50    24  bt-mz.C.32
02:35:02        17401  144.50   23.00    0.00  167.50     9  bt-mz.C.32
02:35:02        17404  143.00   24.50    0.00  167.50    26  bt-mz.C.32
02:35:02        17406  145.00   21.00    0.00  166.00    11  bt-mz.C.32
02:35:02        17407  144.00   23.50    0.00  167.50    28  bt-mz.C.32
02:35:02        17410  141.50   24.50    0.00  166.00    29  bt-mz.C.32

02:35:02          PID    %usr %system  %guest    %CPU   CPU  Command
02:35:04         3135    0.00    0.50    0.00    0.50     2  kondemand/2
02:35:04         3195    0.50    0.00    0.00    0.50    12  irqbalance
02:35:04         4128    0.50    0.50    0.00    1.00     0  gmond
02:35:04        17378    0.50    0.50    0.00    1.00     2  top
02:35:04        17380    0.50    2.00    0.00    2.50     8  pidstat
02:35:04        17382    1.00    2.00    0.00    3.00    13  pidstat
02:35:04        17392  146.50   22.00    0.00  168.50    16  bt-mz.C.32
02:35:04        17393  148.50   19.50    0.00  168.00    17  bt-mz.C.32
02:35:04        17394  147.50   20.50    0.00  168.00     2  bt-mz.C.32
02:35:04        17395  146.00   22.00    0.00  168.00    19  bt-mz.C.32
02:35:04        17396  146.00   22.50    0.00  168.50    20  bt-mz.C.32
02:35:04        17397  146.00   22.00    0.00  168.00    21  bt-mz.C.32
02:35:04        17398  146.50   22.00    0.00  168.50    22  bt-mz.C.32
02:35:04        17399  146.50   22.00    0.00  168.50    23  bt-mz.C.32
02:35:04        17400  142.00   24.50    0.00  166.50    24  bt-mz.C.32
02:35:04        17401  143.50   23.50    0.00  167.00     9  bt-mz.C.32
02:35:04        17404  144.50   23.00    0.00  167.50    26  bt-mz.C.32
02:35:04        17406  146.50   20.50    0.00  167.00    11  bt-mz.C.32
02:35:04        17407  143.00   25.00    0.00  168.00    28  bt-mz.C.32
02:35:04        17410  141.50   24.50    0.00  166.00    29  bt-mz.C.32

02:35:04          PID    %usr %system  %guest    %CPU   CPU  Command
02:35:06         3141    0.00    0.50    0.00    0.50     8  kondemand/8
02:35:06        17378    0.50    1.00    0.00    1.50    18  top
02:35:06        17380    0.50    2.00    0.00    2.50    12  pidstat
02:35:06        17382    0.50    2.00    0.00    2.50    27  pidstat
02:35:06        17392  146.00   22.00    0.00  168.00    16  bt-mz.C.32
02:35:06        17393  145.50   20.50    0.00  166.00    17  bt-mz.C.32
02:35:06        17394  147.00   20.00    0.00  167.00    18  bt-mz.C.32
02:35:06        17395  146.00   22.00    0.00  168.00    19  bt-mz.C.32
02:35:06        17396  145.50   21.00    0.00  166.50    20  bt-mz.C.32
02:35:06        17397  143.50   23.00    0.00  166.50    21  bt-mz.C.32
02:35:06        17398  144.50   21.50    0.00  166.00    22  bt-mz.C.32
02:35:06        17399  144.00   22.50    0.00  166.50    23  bt-mz.C.32
02:35:06        17400  141.00   24.50    0.00  165.50    24  bt-mz.C.32
02:35:06        17401  143.50   23.00    0.00  166.50     9  bt-mz.C.32
02:35:06        17404  144.00   22.50    0.00  166.50    26  bt-mz.C.32
02:35:06        17406  143.50   22.00    0.00  165.50    11  bt-mz.C.32
02:35:06        17407  142.00   24.00    0.00  166.00    28  bt-mz.C.32
02:35:06        17410  142.00   24.00    0.00  166.00    29  bt-mz.C.32

02:35:06          PID    %usr %system  %guest    %CPU   CPU  Command
02:35:08         3133    0.00    0.50    0.00    0.50     0  kondemand/0
02:35:08         3138    0.00    0.50    0.00    0.50     5  kondemand/5
02:35:08         3144    0.00    0.50    0.00    0.50    11  kondemand/11
02:35:08         3161    0.00    0.50    0.00    0.50    28  kondemand/28
02:35:08         3162    0.00    0.50    0.00    0.50    29  kondemand/29
02:35:08        17372    0.50    0.00    0.00    0.50     0  mpirun
02:35:08        17378    0.50    0.50    0.00    1.00     2  top
02:35:08        17380    0.50    2.00    0.00    2.50     8  pidstat
02:35:08        17382    1.00    2.00    0.00    3.00    11  pidstat
02:35:08        17392  147.50   21.50    0.00  169.00    16  bt-mz.C.32
02:35:08        17393  149.00   19.50    0.00  168.50    17  bt-mz.C.32
02:35:08        17394  149.00   20.00    0.00  169.00    18  bt-mz.C.32
02:35:08        17395  148.00   21.00    0.00  169.00    19  bt-mz.C.32
02:35:08        17396  147.00   21.50    0.00  168.50    20  bt-mz.C.32
02:35:08        17397  147.50   21.50    0.00  169.00    21  bt-mz.C.32
02:35:08        17398  147.00   21.50    0.00  168.50    22  bt-mz.C.32
02:35:08        17399  147.50   21.50    0.00  169.00    23  bt-mz.C.32
02:35:08        17400  142.50   24.00    0.00  166.50    24  bt-mz.C.32
02:35:08        17401  146.00   22.00    0.00  168.00     9  bt-mz.C.32
02:35:08        17404  144.50   23.50    0.00  168.00    26  bt-mz.C.32
02:35:08        17406  145.50   20.00    0.00  165.50    27  bt-mz.C.32
02:35:08        17407  143.50   25.00    0.00  168.50    28  bt-mz.C.32
02:35:08        17410  143.00   24.50    0.00  167.50    29  bt-mz.C.32

02:35:08          PID    %usr %system  %guest    %CPU   CPU  Command
02:35:10         3142    0.00    0.50    0.00    0.50     9  kondemand/9
02:35:10         3143    0.00    0.50    0.00    0.50    10  kondemand/10
02:35:10         3159    0.00    0.50    0.00    0.50    26  kondemand/26
02:35:10         3684    0.00    0.50    0.00    0.50    18  snmpd
02:35:10         4128    0.50    0.50    0.00    1.00     0  gmond
02:35:10        17378    1.00    1.00    0.00    2.00     2  top
02:35:10        17380    1.00    2.00    0.00    3.00    12  pidstat
02:35:10        17382    0.50    1.50    0.00    2.00    27  pidstat
02:35:10        17392  148.00   21.50    0.00  169.50    16  bt-mz.C.32
02:35:10        17393  147.50   20.50    0.00  168.00    17  bt-mz.C.32
02:35:10        17394  147.00   22.00    0.00  169.00     2  bt-mz.C.32
02:35:10        17395  145.00   23.50    0.00  168.50    19  bt-mz.C.32
02:35:10        17396  146.50   22.00    0.00  168.50    20  bt-mz.C.32
02:35:10        17397  145.50   22.50    0.00  168.00    21  bt-mz.C.32
02:35:10        17398  146.00   22.00    0.00  168.00    22  bt-mz.C.32
02:35:10        17399  146.00   22.00    0.00  168.00    23  bt-mz.C.32
02:35:10        17400  143.00   24.50    0.00  167.50     8  bt-mz.C.32
02:35:10        17401  145.50   22.00    0.00  167.50     9  bt-mz.C.32
02:35:10        17404  145.50   22.50    0.00  168.00    26  bt-mz.C.32
02:35:10        17406  146.00   20.50    0.00  166.50    11  bt-mz.C.32
02:35:10        17407  141.00   26.00    0.00  167.00    28  bt-mz.C.32
02:35:10        17410  141.50   25.50    0.00  167.00    29  bt-mz.C.32

02:35:10          PID    %usr %system  %guest    %CPU   CPU  Command
02:35:12          131    0.00    0.50    0.00    0.50     0  events/0
02:35:12         3146    0.00    0.50    0.00    0.50    13  kondemand/13
02:35:12         3155    0.00    0.50    0.00    0.50    22  kondemand/22
02:35:12         4128    0.00    0.50    0.00    0.50     0  gmond
02:35:12        17378    0.50    0.50    0.00    1.00     2  top
02:35:12        17380    0.50    2.50    0.00    3.00    24  pidstat
02:35:12        17382    1.00    2.00    0.00    3.00    27  pidstat
02:35:12        17384    0.00    0.50    0.00    0.50    10  iostat
02:35:12        17392  145.50   22.50    0.00  168.00    16  bt-mz.C.32
02:35:12        17393  147.50   19.50    0.00  167.00    17  bt-mz.C.32
02:35:12        17394  147.00   20.50    0.00  167.50    18  bt-mz.C.32
02:35:12        17395  145.50   22.50    0.00  168.00    19  bt-mz.C.32
02:35:12        17396  145.50   22.00    0.00  167.50    20  bt-mz.C.32
02:35:12        17397  145.00   23.00    0.00  168.00    21  bt-mz.C.32
02:35:12        17398  145.00   22.00    0.00  167.00    22  bt-mz.C.32
02:35:12        17399  144.50   23.00    0.00  167.50    23  bt-mz.C.32
02:35:12        17400  140.00   25.50    0.00  165.50     8  bt-mz.C.32
02:35:12        17401  145.00   22.50    0.00  167.50     9  bt-mz.C.32
02:35:12        17404  144.50   23.00    0.00  167.50    26  bt-mz.C.32
02:35:12        17406  146.00   21.00    0.00  167.00    11  bt-mz.C.32
02:35:12        17407  144.00   24.00    0.00  168.00    28  bt-mz.C.32
02:35:12        17410  139.50   27.00    0.00  166.50    29  bt-mz.C.32

02:35:12          PID    %usr %system  %guest    %CPU   CPU  Command
02:35:14         3139    0.00    0.50    0.00    0.50     6  kondemand/6
02:35:14         3148    0.00    0.50    0.00    0.50    15  kondemand/15
02:35:14         3149    0.00    0.50    0.00    0.50    16  kondemand/16
02:35:14         3195    0.00    0.50    0.00    0.50    12  irqbalance
02:35:14         4071    0.00    0.50    0.00    0.50     1  nfsiod
02:35:14        17378    0.50    0.50    0.00    1.00     2  top
02:35:14        17380    0.50    1.50    0.00    2.00    24  pidstat
02:35:14        17382    0.50    2.00    0.00    2.50    11  pidstat
02:35:14        17392  145.50   22.00    0.00  167.50    16  bt-mz.C.32
02:35:14        17393  145.50   20.50    0.00  166.00    17  bt-mz.C.32
02:35:14        17394  145.50   21.50    0.00  167.00     2  bt-mz.C.32
02:35:14        17395  144.00   22.50    0.00  166.50    19  bt-mz.C.32
02:35:14        17396  144.00   22.50    0.00  166.50    20  bt-mz.C.32
02:35:14        17397  144.00   22.00    0.00  166.00    21  bt-mz.C.32
02:35:14        17398  145.00   21.50    0.00  166.50    22  bt-mz.C.32
02:35:14        17399  145.00   21.50    0.00  166.50    23  bt-mz.C.32
02:35:14        17400  140.50   25.00    0.00  165.50     8  bt-mz.C.32
02:35:14        17401  141.50   24.50    0.00  166.00     9  bt-mz.C.32
02:35:14        17404  142.50   23.50    0.00  166.00    26  bt-mz.C.32
02:35:14        17406  144.50   20.50    0.00  165.00    27  bt-mz.C.32
02:35:14        17407  142.00   24.50    0.00  166.50    28  bt-mz.C.32
02:35:14        17410  139.00   26.50    0.00  165.50    29  bt-mz.C.32

02:35:14          PID    %usr %system  %guest    %CPU   CPU  Command
02:35:16         3021    0.00    0.50    0.00    0.50    10  flush-8:0
02:35:16         3154    0.00    0.50    0.00    0.50    21  kondemand/21
02:35:16         3180    0.00    0.50    0.00    0.50     0  kipmi0
02:35:16         4128    0.50    0.00    0.00    0.50     0  gmond
02:35:16        17378    0.50    1.00    0.00    1.50     2  top
02:35:16        17380    1.00    2.00    0.00    3.00     8  pidstat
02:35:16        17382    1.00    1.50    0.00    2.50    11  pidstat
02:35:16        17392  149.00   20.00    0.00  169.00    16  bt-mz.C.32
02:35:16        17393  147.50   20.50    0.00  168.00    17  bt-mz.C.32
02:35:16        17394  148.50   20.00    0.00  168.50     2  bt-mz.C.32
02:35:16        17395  147.00   22.00    0.00  169.00    19  bt-mz.C.32
02:35:16        17396  146.50   21.50    0.00  168.00    20  bt-mz.C.32
02:35:16        17397  147.50   21.50    0.00  169.00    21  bt-mz.C.32
02:35:16        17398  147.50   21.00    0.00  168.50    22  bt-mz.C.32
02:35:16        17399  146.50   21.50    0.00  168.00    23  bt-mz.C.32
02:35:16        17400  142.50   23.50    0.00  166.00    24  bt-mz.C.32
02:35:16        17401  145.50   22.00    0.00  167.50     9  bt-mz.C.32
02:35:16        17404  145.00   22.50    0.00  167.50    26  bt-mz.C.32
02:35:16        17406  146.00   20.50    0.00  166.50    27  bt-mz.C.32
02:35:16        17407  144.50   24.00    0.00  168.50    28  bt-mz.C.32
02:35:16        17410  142.50   24.00    0.00  166.50    29  bt-mz.C.32
