procs -----------memory---------- ---swap-- -----io---- --system-- -----cpu-----
 r  b   swpd   free   buff  cache   si   so    bi    bo   in   cs us sy id wa st
13  0  13768 64927796  38880 152516    0    0     0     1    0    0 65  1 34  0  0	
49  0  13768 64048268  38892 179496    0    0     0   104 53135 33530 80  4 16  0  0	
49  0  13768 64049164  38900 179716    0    0     0    20 47844 11835 97  0  3  0  0	
48  0  13768 64051436  38900 179812    0    0     0     0 47844 11764 97  0  3  0  0	
48  0  13768 64054812  38900 179904    0    0     0     0 47775 11793 97  0  3  0  0	
48  0  13768 64056836  38900 179992    0    0     0     0 47816 11784 97  0  3  0  0	
48  0  13768 64058196  38908 180080    0    0     0   106 47874 11802 97  0  3  0  0	
48  0  13768 64060068  38908 180172    0    0     0     0 47821 11844 97  0  3  0  0	
48  0  13768 64060788  38908 180260    0    0     0     0 47829 11766 97  0  3  0  0	
48  0  13768 64061160  38908 180348    0    0     0    20 47762 11788 97  0  3  0  0	
40  0  13768 64061256  38916 180440    0    0     0    14 48016 11804 98  0  2  0  0	
48  0  13768 64061600  38916 180528    0    0     0    20 47889 11816 97  0  2  0  0	
48  0  13768 64061592  38916 180616    0    0     0     0 47797 11788 97  0  3  0  0	
49  0  13768 64061684  38924 180620    0    0     0     8 48044 11892 98  0  2  0  0	
48  0  13768 64061560  38924 180708    0    0     0     0 47902 11798 97  0  2  0  0	
48  0  13768 64061568  38924 180804    0    0     0     0 47847 11799 97  0  3  0  0	
48  0  13768 64060948  38932 180892    0    0     0  7298 55513 11779 97  0  3  0  0	
