Linux 2.6.32-279.14.1.el6.x86_64 (compute-641-14.local) 	04/21/20 	_x86_64_	(32 CPU)

02:18:50          PID    %usr %system  %guest    %CPU   CPU  Command
02:18:52           21    0.00    0.49    0.00    0.49     4  ksoftirqd/4
02:18:52           53    0.00    0.49    0.00    0.49    12  ksoftirqd/12
02:18:52         3133    0.00    0.49    0.00    0.49     0  kondemand/0
02:18:52         3141    0.00    0.49    0.00    0.49     8  kondemand/8
02:18:52         3142    0.00    0.49    0.00    0.49     9  kondemand/9
02:18:52         3150    0.00    0.49    0.00    0.49    17  kondemand/17
02:18:52         3154    0.00    0.49    0.00    0.49    21  kondemand/21
02:18:52         3158    0.00    0.49    0.00    0.49    25  kondemand/25
02:18:52         3180    0.00    0.49    0.00    0.49     0  kipmi0
02:18:52         4128    0.49    0.49    0.00    0.99    16  gmond
02:18:52        13067    2.96    1.48    0.00    4.43    12  mpirun
02:18:52        13073    0.49    0.49    0.00    0.99    17  top
02:18:52        13075    0.99    1.48    0.00    2.46    20  pidstat
02:18:52        13077    0.99    1.48    0.00    2.46    12  pidstat
02:18:52        13087  133.00   10.34    0.00  143.35     0  bt-mz.B.32
02:18:52        13088  132.51   17.73    0.00  150.25     1  bt-mz.B.32
02:18:52        13089  131.53   16.26    0.00  147.78    18  bt-mz.B.32
02:18:52        13090  116.26   21.18    0.00  137.44    19  bt-mz.B.32
02:18:52        13091  115.76   20.20    0.00  135.96     4  bt-mz.B.32
02:18:52        13092  114.78   21.67    0.00  136.45    21  bt-mz.B.32
02:18:52        13093  103.94   24.14    0.00  128.08    22  bt-mz.B.32
02:18:52        13094  105.91   23.15    0.00  129.06    23  bt-mz.B.32
02:18:52        13095  101.97   25.12    0.00  127.09    24  bt-mz.B.32
02:18:52        13098   97.04   27.59    0.00  124.63     9  bt-mz.B.32
02:18:52        13100   95.57   31.03    0.00  126.60    26  bt-mz.B.32
02:18:52        13101   95.07   32.02    0.00  127.09    27  bt-mz.B.32
02:18:52        13105   92.61   33.00    0.00  125.62    28  bt-mz.B.32
02:18:52        13108   94.58   31.53    0.00  126.11    29  bt-mz.B.32
02:18:52        13109   93.60   32.02    0.00  125.62    30  bt-mz.B.32

02:18:52          PID    %usr %system  %guest    %CPU   CPU  Command
02:18:54         3134    0.00    0.50    0.00    0.50     1  kondemand/1
02:18:54         3146    0.00    0.50    0.00    0.50    13  kondemand/13
02:18:54         3163    0.00    0.50    0.00    0.50    30  kondemand/30
02:18:54         3180    0.00    0.50    0.00    0.50     0  kipmi0
02:18:54         4128    0.00    0.50    0.00    0.50    16  gmond
02:18:54        13073    0.50    0.50    0.00    1.00    17  top
02:18:54        13075    0.50    2.00    0.00    2.50     4  pidstat
02:18:54        13077    0.50    2.00    0.00    2.50    12  pidstat
02:18:54        13087  171.00    2.50    0.00  173.50     0  bt-mz.B.32
02:18:54        13088  172.00   10.00    0.00  182.00    17  bt-mz.B.32
02:18:54        13089  171.00   11.00    0.00  182.00    18  bt-mz.B.32
02:18:54        13090  150.00   16.50    0.00  166.50    19  bt-mz.B.32
02:18:54        13091  146.00   18.00    0.00  164.00    20  bt-mz.B.32
02:18:54        13092  145.00   20.00    0.00  165.00    21  bt-mz.B.32
02:18:54        13093  134.50   20.50    0.00  155.00    22  bt-mz.B.32
02:18:54        13094  131.50   21.00    0.00  152.50    23  bt-mz.B.32
02:18:54        13095  130.50   23.00    0.00  153.50    24  bt-mz.B.32
02:18:54        13098  125.00   25.50    0.00  150.50     9  bt-mz.B.32
02:18:54        13100  122.00   31.50    0.00  153.50    26  bt-mz.B.32
02:18:54        13101  122.50   32.00    0.00  154.50    27  bt-mz.B.32
02:18:54        13105  118.00   32.50    0.00  150.50    28  bt-mz.B.32
02:18:54        13108  119.50   32.50    0.00  152.00    29  bt-mz.B.32
02:18:54        13109  119.00   33.50    0.00  152.50    30  bt-mz.B.32

02:18:54          PID    %usr %system  %guest    %CPU   CPU  Command
02:18:56         3139    0.00    0.50    0.00    0.50     6  kondemand/6
02:18:56         3159    0.00    0.50    0.00    0.50    26  kondemand/26
02:18:56         3161    0.00    0.50    0.00    0.50    28  kondemand/28
02:18:56         4128    0.00    0.50    0.00    0.50    16  gmond
02:18:56        13073    1.00    1.00    0.00    2.00    17  top
02:18:56        13075    0.50    1.50    0.00    2.00     5  pidstat
02:18:56        13077    0.50    2.50    0.00    3.00    28  pidstat
02:18:56        13087  170.00    4.00    0.00  174.00     0  bt-mz.B.32
02:18:56        13088  168.00   13.50    0.00  181.50    17  bt-mz.B.32
02:18:56        13089  166.50   13.50    0.00  180.00    18  bt-mz.B.32
02:18:56        13090  150.00   16.50    0.00  166.50    19  bt-mz.B.32
02:18:56        13091  147.00   19.50    0.00  166.50    20  bt-mz.B.32
02:18:56        13092  145.00   19.00    0.00  164.00    21  bt-mz.B.32
02:18:56        13093  133.00   21.50    0.00  154.50    22  bt-mz.B.32
02:18:56        13094  131.50   22.00    0.00  153.50    23  bt-mz.B.32
02:18:56        13095  128.50   25.00    0.00  153.50    24  bt-mz.B.32
02:18:56        13098  123.00   27.00    0.00  150.00     9  bt-mz.B.32
02:18:56        13100  119.50   32.50    0.00  152.00    26  bt-mz.B.32
02:18:56        13101  119.00   34.50    0.00  153.50    27  bt-mz.B.32
02:18:56        13105  118.50   33.00    0.00  151.50    12  bt-mz.B.32
02:18:56        13108  118.50   33.00    0.00  151.50    29  bt-mz.B.32
02:18:56        13109  115.50   36.50    0.00  152.00    30  bt-mz.B.32

02:18:56          PID    %usr %system  %guest    %CPU   CPU  Command
02:18:58        13073    0.00    1.00    0.00    1.00     1  top
02:18:58        13075    0.50    1.50    0.00    2.00    19  pidstat
02:18:58        13077    1.00    2.00    0.00    3.00    28  pidstat
02:18:58        13087  172.00    2.50    0.00  174.50    16  bt-mz.B.32
02:18:58        13088  173.00    9.50    0.00  182.50     1  bt-mz.B.32
02:18:58        13089  171.00   10.00    0.00  181.00    18  bt-mz.B.32
02:18:58        13090  147.00   16.50    0.00  163.50    19  bt-mz.B.32
02:18:58        13091  149.50   16.00    0.00  165.50    20  bt-mz.B.32
02:18:58        13092  147.00   17.00    0.00  164.00    21  bt-mz.B.32
02:18:58        13093  132.50   21.00    0.00  153.50    22  bt-mz.B.32
02:18:58        13094  133.50   20.00    0.00  153.50    23  bt-mz.B.32
02:18:58        13095  129.00   23.00    0.00  152.00    24  bt-mz.B.32
02:18:58        13098  124.00   25.00    0.00  149.00     9  bt-mz.B.32
02:18:58        13100  121.00   31.50    0.00  152.50    26  bt-mz.B.32
02:18:58        13101  122.50   30.00    0.00  152.50    27  bt-mz.B.32
02:18:58        13105  119.50   31.50    0.00  151.00    28  bt-mz.B.32
02:18:58        13108  121.50   29.50    0.00  151.00    29  bt-mz.B.32
02:18:58        13109  116.50   34.00    0.00  150.50    30  bt-mz.B.32

02:18:58          PID    %usr %system  %guest    %CPU   CPU  Command
02:19:00         3151    0.00    0.50    0.00    0.50    18  kondemand/18
02:19:00         3156    0.00    0.50    0.00    0.50    23  kondemand/23
02:19:00         3157    0.00    0.50    0.00    0.50    24  kondemand/24
02:19:00         3180    0.00    0.50    0.00    0.50     0  kipmi0
02:19:00         4128    0.00    0.50    0.00    0.50    16  gmond
02:19:00        13073    0.50    0.50    0.00    1.00     1  top
02:19:00        13075    0.50    2.00    0.00    2.50    19  pidstat
02:19:00        13077    0.50    1.50    0.00    2.00    28  pidstat
02:19:00        13087  170.50    1.00    0.00  171.50    16  bt-mz.B.32
02:19:00        13088  169.50   10.00    0.00  179.50     1  bt-mz.B.32
02:19:00        13089  167.00   11.00    0.00  178.00    18  bt-mz.B.32
02:19:00        13090  148.50   14.00    0.00  162.50     3  bt-mz.B.32
02:19:00        13091  145.50   17.00    0.00  162.50    20  bt-mz.B.32
02:19:00        13092  145.50   17.00    0.00  162.50    21  bt-mz.B.32
02:19:00        13093  131.00   21.00    0.00  152.00    22  bt-mz.B.32
02:19:00        13094  131.50   20.00    0.00  151.50    23  bt-mz.B.32
02:19:00        13095  127.50   22.50    0.00  150.00    24  bt-mz.B.32
02:19:00        13098  124.50   23.00    0.00  147.50     9  bt-mz.B.32
02:19:00        13100  121.00   28.50    0.00  149.50    26  bt-mz.B.32
02:19:00        13101  120.50   31.00    0.00  151.50    27  bt-mz.B.32
02:19:00        13105  117.50   30.50    0.00  148.00    12  bt-mz.B.32
02:19:00        13108  120.00   29.00    0.00  149.00    29  bt-mz.B.32
02:19:00        13109  116.00   33.50    0.00  149.50    30  bt-mz.B.32
