Linux 2.6.32-279.14.1.el6.x86_64 (compute-641-14.local) 	04/21/20 	_x86_64_	(32 CPU)

02:24:46          PID    %usr %system  %guest    %CPU   CPU  Command
02:24:48         3143    0.00    0.49    0.00    0.49    10  kondemand/10
02:24:48         3145    0.00    0.49    0.00    0.49    12  kondemand/12
02:24:48         3146    0.00    0.49    0.00    0.49    13  kondemand/13
02:24:48         3150    0.00    0.49    0.00    0.49    17  kondemand/17
02:24:48         3154    0.00    0.49    0.00    0.49    21  kondemand/21
02:24:48         3156    0.00    0.49    0.00    0.49    23  kondemand/23
02:24:48         3180    0.00    0.49    0.00    0.49     3  kipmi0
02:24:48         4128    0.00    0.49    0.00    0.49     0  gmond
02:24:48        15664    2.94    1.96    0.00    4.90    16  mpirun
02:24:48        15670    0.49    0.49    0.00    0.98    11  top
02:24:48        15672    0.49    1.47    0.00    1.96     0  pidstat
02:24:48        15674    0.49    1.47    0.00    1.96    25  pidstat
02:24:48        15684  148.53    6.86    0.00  155.39    16  bt-mz.B.32
02:24:48        15685  136.76   13.24    0.00  150.00    17  bt-mz.B.32
02:24:48        15686  134.31   14.22    0.00  148.53    18  bt-mz.B.32
02:24:48        15687  125.00   16.18    0.00  141.18    19  bt-mz.B.32
02:24:48        15688  121.08   17.65    0.00  138.73    20  bt-mz.B.32
02:24:48        15689  117.16   20.59    0.00  137.75    21  bt-mz.B.32
02:24:48        15690  111.76   19.12    0.00  130.88    22  bt-mz.B.32
02:24:48        15691  112.25   18.14    0.00  130.39    23  bt-mz.B.32
02:24:48        15692  105.88   25.00    0.00  130.88    24  bt-mz.B.32
02:24:48        15694  103.92   22.06    0.00  125.98     9  bt-mz.B.32
02:24:48        15696  106.37   25.00    0.00  131.37    26  bt-mz.B.32
02:24:48        15698  105.88   25.49    0.00  131.37    27  bt-mz.B.32
02:24:48        15699  103.43   27.45    0.00  130.88    28  bt-mz.B.32
02:24:48        15702  105.88   25.00    0.00  130.88    29  bt-mz.B.32

02:24:48          PID    %usr %system  %guest    %CPU   CPU  Command
02:24:50          154    0.00    0.50    0.00    0.50    23  events/23
02:24:50         3133    0.00    0.50    0.00    0.50     0  kondemand/0
02:24:50         3852    0.50    0.00    0.00    0.50     8  pbs_mom
02:24:50         4128    0.00    0.50    0.00    0.50     0  gmond
02:24:50        15670    0.50    1.00    0.00    1.50    11  top
02:24:50        15672    0.50    2.00    0.00    2.50     0  pidstat
02:24:50        15674    1.00    2.00    0.00    3.00    25  pidstat
02:24:50        15684  190.00    0.00    0.00  190.00     0  bt-mz.B.32
02:24:50        15685  173.50    8.50    0.00  182.00    17  bt-mz.B.32
02:24:50        15686  169.00    9.50    0.00  178.50    18  bt-mz.B.32
02:24:50        15687  150.50   13.50    0.00  164.00    19  bt-mz.B.32
02:24:50        15688  149.00   15.00    0.00  164.00    20  bt-mz.B.32
02:24:50        15689  142.50   20.50    0.00  163.00    21  bt-mz.B.32
02:24:50        15690  134.00   19.00    0.00  153.00    22  bt-mz.B.32
02:24:50        15691  134.50   18.50    0.00  153.00    23  bt-mz.B.32
02:24:50        15692  128.00   24.00    0.00  152.00    24  bt-mz.B.32
02:24:50        15694  128.00   21.00    0.00  149.00     9  bt-mz.B.32
02:24:50        15696  126.00   26.50    0.00  152.50    26  bt-mz.B.32
02:24:50        15698  126.00   26.50    0.00  152.50    27  bt-mz.B.32
02:24:50        15699  123.50   27.50    0.00  151.00    28  bt-mz.B.32
02:24:50        15702  123.00   28.50    0.00  151.50    29  bt-mz.B.32

02:24:50          PID    %usr %system  %guest    %CPU   CPU  Command
02:24:52         3151    0.00    0.50    0.00    0.50    18  kondemand/18
02:24:52         3161    0.00    0.50    0.00    0.50    28  kondemand/28
02:24:52         3180    0.00    0.50    0.00    0.50     3  kipmi0
02:24:52        15670    1.00    0.50    0.00    1.50    11  top
02:24:52        15672    1.00    2.00    0.00    3.00    16  pidstat
02:24:52        15674    0.50    2.00    0.00    2.50    25  pidstat
02:24:52        15684  186.50    0.50    0.00  187.00    16  bt-mz.B.32
02:24:52        15685  170.00    8.00    0.00  178.00    17  bt-mz.B.32
02:24:52        15686  166.00    9.00    0.00  175.00    18  bt-mz.B.32
02:24:52        15687  148.50   14.00    0.00  162.50    19  bt-mz.B.32
02:24:52        15688  149.00   13.00    0.00  162.00    20  bt-mz.B.32
02:24:52        15689  142.50   18.00    0.00  160.50    21  bt-mz.B.32
02:24:52        15690  133.00   18.00    0.00  151.00    22  bt-mz.B.32
02:24:52        15691  131.50   19.50    0.00  151.00    23  bt-mz.B.32
02:24:52        15692  128.50   21.50    0.00  150.00    24  bt-mz.B.32
02:24:52        15694  126.00   21.00    0.00  147.00     9  bt-mz.B.32
02:24:52        15696  127.00   24.00    0.00  151.00    26  bt-mz.B.32
02:24:52        15698  125.50   25.50    0.00  151.00    27  bt-mz.B.32
02:24:52        15699  123.00   27.50    0.00  150.50    28  bt-mz.B.32
02:24:52        15702  122.00   28.50    0.00  150.50    29  bt-mz.B.32

02:24:52          PID    %usr %system  %guest    %CPU   CPU  Command
02:24:54           17    0.00    0.50    0.00    0.50     3  ksoftirqd/3
02:24:54          105    0.00    0.50    0.00    0.50    25  ksoftirqd/25
02:24:54         3138    0.00    0.50    0.00    0.50     5  kondemand/5
02:24:54         3180    0.00    0.50    0.00    0.50     3  kipmi0
02:24:54         3195    0.00    0.50    0.00    0.50    12  irqbalance
02:24:54         4128    0.00    0.50    0.00    0.50     0  gmond
02:24:54        15670    0.50    1.00    0.00    1.49    11  top
02:24:54        15672    0.50    1.99    0.00    2.49    16  pidstat
02:24:54        15674    0.50    1.99    0.00    2.49    25  pidstat
02:24:54        15684  190.55    0.50    0.00  191.04     0  bt-mz.B.32
02:24:54        15685  170.65    8.96    0.00  179.60    17  bt-mz.B.32
02:24:54        15686  166.67    9.45    0.00  176.12    18  bt-mz.B.32
02:24:54        15687  148.76   14.43    0.00  163.18    19  bt-mz.B.32
02:24:54        15688  146.77   15.42    0.00  162.19    20  bt-mz.B.32
02:24:54        15689  140.80   20.40    0.00  161.19    21  bt-mz.B.32
02:24:54        15690  135.82   17.41    0.00  153.23    22  bt-mz.B.32
02:24:54        15691  133.83   18.91    0.00  152.74    23  bt-mz.B.32
02:24:54        15692  129.35   23.38    0.00  152.74    24  bt-mz.B.32
02:24:54        15694  125.87   22.89    0.00  148.76     9  bt-mz.B.32
02:24:54        15696  126.37   25.37    0.00  151.74    26  bt-mz.B.32
02:24:54        15698  124.88   26.37    0.00  151.24    11  bt-mz.B.32
02:24:54        15699  122.39   28.36    0.00  150.75    28  bt-mz.B.32
02:24:54        15702  122.39   28.36    0.00  150.75    29  bt-mz.B.32

02:24:54          PID    %usr %system  %guest    %CPU   CPU  Command
02:24:56         3135    0.00    0.50    0.00    0.50     2  kondemand/2
02:24:56         3137    0.00    0.50    0.00    0.50     4  kondemand/4
02:24:56         3140    0.00    0.50    0.00    0.50     7  kondemand/7
02:24:56         3158    0.00    0.50    0.00    0.50    25  kondemand/25
02:24:56         3180    0.00    0.50    0.00    0.50     3  kipmi0
02:24:56         4128    0.00    0.50    0.00    0.50     0  gmond
02:24:56        15670    0.50    0.50    0.00    1.00    27  top
02:24:56        15672    0.50    1.50    0.00    2.00     0  pidstat
02:24:56        15674    1.00    2.00    0.00    3.00    25  pidstat
02:24:56        15684  194.00    0.50    0.00  194.50    16  bt-mz.B.32
02:24:56        15685  174.50    8.50    0.00  183.00    17  bt-mz.B.32
02:24:56        15686  170.50   10.00    0.00  180.50    18  bt-mz.B.32
02:24:56        15687  158.50   12.00    0.00  170.50    19  bt-mz.B.32
02:24:56        15688  153.00   14.00    0.00  167.00    20  bt-mz.B.32
02:24:56        15689  148.00   17.50    0.00  165.50    21  bt-mz.B.32
02:24:56        15690  139.00   17.50    0.00  156.50    22  bt-mz.B.32
02:24:56        15691  136.50   19.00    0.00  155.50    23  bt-mz.B.32
02:24:56        15692  135.00   22.00    0.00  157.00    24  bt-mz.B.32
02:24:56        15694  130.50   22.00    0.00  152.50    25  bt-mz.B.32
02:24:56        15696  134.50   24.00    0.00  158.50    26  bt-mz.B.32
02:24:56        15698  134.00   24.50    0.00  158.50    11  bt-mz.B.32
02:24:56        15699  125.00   30.50    0.00  155.50    28  bt-mz.B.32
02:24:56        15702  131.00   27.00    0.00  158.00    29  bt-mz.B.32

02:24:56          PID    %usr %system  %guest    %CPU   CPU  Command
02:24:58         3153    0.00    0.50    0.00    0.50    20  kondemand/20
02:24:58         3180    0.00    0.50    0.00    0.50     3  kipmi0
02:24:58        15670    0.50    0.50    0.00    1.00    27  top
02:24:58        15672    0.50    2.00    0.00    2.50    16  pidstat
02:24:58        15674    0.50    2.00    0.00    2.50    25  pidstat
02:24:58        15684  192.00    0.00    0.00  192.00     0  bt-mz.B.32
02:24:58        15685  175.00    8.00    0.00  183.00    17  bt-mz.B.32
02:24:58        15686  171.00    8.50    0.00  179.50    18  bt-mz.B.32
02:24:58        15687  151.50   15.00    0.00  166.50    19  bt-mz.B.32
02:24:58        15688  153.00   13.50    0.00  166.50    20  bt-mz.B.32
02:24:58        15689  146.50   19.00    0.00  165.50    21  bt-mz.B.32
02:24:58        15690  134.00   20.00    0.00  154.00    22  bt-mz.B.32
02:24:58        15691  132.50   19.50    0.00  152.00    23  bt-mz.B.32
02:24:58        15692  129.50   23.50    0.00  153.00    24  bt-mz.B.32
02:24:58        15694  130.50   19.50    0.00  150.00     9  bt-mz.B.32
02:24:58        15696  128.00   25.50    0.00  153.50    26  bt-mz.B.32
02:24:58        15698  129.00   25.00    0.00  154.00    27  bt-mz.B.32
02:24:58        15699  128.00   27.00    0.00  155.00    28  bt-mz.B.32
02:24:58        15702  124.50   29.00    0.00  153.50    29  bt-mz.B.32

02:24:58          PID    %usr %system  %guest    %CPU   CPU  Command
02:25:00         3136    0.00    0.50    0.00    0.50     3  kondemand/3
02:25:00         4128    0.00    0.50    0.00    0.50     0  gmond
02:25:00        15670    0.50    1.00    0.00    1.50    27  top
02:25:00        15672    1.00    1.50    0.00    2.50     6  pidstat
02:25:00        15674    0.50    2.00    0.00    2.50    25  pidstat
02:25:00        15684  188.50    0.50    0.00  189.00    16  bt-mz.B.32
02:25:00        15685  171.50    8.00    0.00  179.50    17  bt-mz.B.32
02:25:00        15686  167.50    9.00    0.00  176.50    18  bt-mz.B.32
02:25:00        15687  149.50   14.00    0.00  163.50    19  bt-mz.B.32
02:25:00        15688  147.50   16.00    0.00  163.50    20  bt-mz.B.32
02:25:00        15689  143.00   19.00    0.00  162.00    21  bt-mz.B.32
02:25:00        15690  133.00   19.00    0.00  152.00    22  bt-mz.B.32
02:25:00        15691  133.00   18.00    0.00  151.00    23  bt-mz.B.32
02:25:00        15692  126.50   24.50    0.00  151.00    24  bt-mz.B.32
02:25:00        15694  128.00   20.00    0.00  148.00     9  bt-mz.B.32
02:25:00        15696  126.00   26.00    0.00  152.00    26  bt-mz.B.32
02:25:00        15698  124.50   26.50    0.00  151.00    11  bt-mz.B.32
02:25:00        15699  122.00   29.00    0.00  151.00    28  bt-mz.B.32
02:25:00        15702  122.50   28.00    0.00  150.50    29  bt-mz.B.32

02:25:00          PID    %usr %system  %guest    %CPU   CPU  Command
02:25:02         3149    0.00    0.50    0.00    0.50    16  kondemand/16
02:25:02         3164    0.00    0.50    0.00    0.50    31  kondemand/31
02:25:02         3180    0.00    0.50    0.00    0.50     3  kipmi0
02:25:02         3808    0.50    0.00    0.00    0.50     8  crond
02:25:02         4128    0.00    0.50    0.00    0.50    16  gmond
02:25:02        15670    0.50    1.00    0.00    1.50    27  top
02:25:02        15672    1.00    1.50    0.00    2.50     6  pidstat
02:25:02        15674    0.50    2.50    0.00    3.00    25  pidstat
02:25:02        15676    0.00    0.50    0.00    0.50    10  iostat
02:25:02        15684  190.00    0.00    0.00  190.00     0  bt-mz.B.32
02:25:02        15685  170.50    8.00    0.00  178.50    17  bt-mz.B.32
02:25:02        15686  167.00    9.50    0.00  176.50    18  bt-mz.B.32
02:25:02        15687  147.50   15.00    0.00  162.50    19  bt-mz.B.32
02:25:02        15688  148.50   14.00    0.00  162.50    20  bt-mz.B.32
02:25:02        15689  141.50   20.00    0.00  161.50    21  bt-mz.B.32
02:25:02        15690  132.50   18.50    0.00  151.00    22  bt-mz.B.32
02:25:02        15691  131.50   19.50    0.00  151.00    23  bt-mz.B.32
02:25:02        15692  126.50   24.00    0.00  150.50    24  bt-mz.B.32
02:25:02        15694  126.50   20.50    0.00  147.00     9  bt-mz.B.32
02:25:02        15696  125.50   25.50    0.00  151.00    26  bt-mz.B.32
02:25:02        15698  124.50   26.00    0.00  150.50    11  bt-mz.B.32
02:25:02        15699  121.50   29.00    0.00  150.50    28  bt-mz.B.32
02:25:02        15702  122.50   28.00    0.00  150.50    29  bt-mz.B.32

02:25:02          PID    %usr %system  %guest    %CPU   CPU  Command
02:25:04         3134    0.00    0.50    0.00    0.50     1  kondemand/1
02:25:04         3160    0.00    0.50    0.00    0.50    27  kondemand/27
02:25:04         3162    0.00    0.50    0.00    0.50    29  kondemand/29
02:25:04         3180    0.00    0.50    0.00    0.50     3  kipmi0
02:25:04         3684    0.00    0.50    0.00    0.50     2  snmpd
02:25:04         4128    0.50    0.00    0.00    0.50    16  gmond
02:25:04        15670    0.50    0.50    0.00    1.00    27  top
02:25:04        15672    0.00    2.00    0.00    2.00     6  pidstat
02:25:04        15674    0.50    2.00    0.00    2.50    25  pidstat
02:25:04        15684  193.50    0.50    0.00  194.00     0  bt-mz.B.32
02:25:04        15685  175.00    8.00    0.00  183.00    17  bt-mz.B.32
02:25:04        15686  169.00   10.00    0.00  179.00    18  bt-mz.B.32
02:25:04        15687  153.50   14.00    0.00  167.50    19  bt-mz.B.32
02:25:04        15688  149.50   14.50    0.00  164.00    20  bt-mz.B.32
02:25:04        15689  143.50   19.50    0.00  163.00    21  bt-mz.B.32
02:25:04        15690  136.00   17.50    0.00  153.50    22  bt-mz.B.32
02:25:04        15691  139.00   17.00    0.00  156.00    23  bt-mz.B.32
02:25:04        15692  131.00   23.50    0.00  154.50    24  bt-mz.B.32
02:25:04        15694  129.50   21.00    0.00  150.50     9  bt-mz.B.32
02:25:04        15696  129.50   26.00    0.00  155.50    26  bt-mz.B.32
02:25:04        15698  129.50   25.50    0.00  155.00    11  bt-mz.B.32
02:25:04        15699  123.00   29.50    0.00  152.50    28  bt-mz.B.32
02:25:04        15702  127.50   27.50    0.00  155.00    29  bt-mz.B.32

02:25:04          PID    %usr %system  %guest    %CPU   CPU  Command
02:25:06         3147    0.00    0.50    0.00    0.50    14  kondemand/14
02:25:06         3155    0.00    0.50    0.00    0.50    22  kondemand/22
02:25:06         3180    0.00    0.50    0.00    0.50     3  kipmi0
02:25:06         4128    0.00    0.50    0.00    0.50    16  gmond
02:25:06        15670    1.00    1.00    0.00    2.00    27  top
02:25:06        15672    1.00    2.00    0.00    3.00     6  pidstat
02:25:06        15674    0.50    2.00    0.00    2.50    25  pidstat
02:25:06        15684  192.50    0.50    0.00  193.00    16  bt-mz.B.32
02:25:06        15685  174.50    8.00    0.00  182.50    17  bt-mz.B.32
02:25:06        15686  171.50    8.00    0.00  179.50    18  bt-mz.B.32
02:25:06        15687  153.50   13.50    0.00  167.00    19  bt-mz.B.32
02:25:06        15688  152.50   14.50    0.00  167.00    20  bt-mz.B.32
02:25:06        15689  148.50   16.50    0.00  165.00    21  bt-mz.B.32
02:25:06        15690  135.50   18.50    0.00  154.00    22  bt-mz.B.32
02:25:06        15691  134.50   19.50    0.00  154.00    23  bt-mz.B.32
02:25:06        15692  131.50   24.00    0.00  155.50    24  bt-mz.B.32
02:25:06        15694  130.50   20.50    0.00  151.00     9  bt-mz.B.32
02:25:06        15696  130.50   25.00    0.00  155.50    26  bt-mz.B.32
02:25:06        15698  130.00   25.50    0.00  155.50    27  bt-mz.B.32
02:25:06        15699  127.00   28.00    0.00  155.00    28  bt-mz.B.32
02:25:06        15702  127.50   27.50    0.00  155.00    29  bt-mz.B.32

02:25:06          PID    %usr %system  %guest    %CPU   CPU  Command
02:25:08         3133    0.00    0.50    0.00    0.50     0  kondemand/0
02:25:08         3142    0.00    0.50    0.00    0.50     9  kondemand/9
02:25:08         4128    0.00    0.50    0.00    0.50    16  gmond
02:25:08        15670    0.50    0.50    0.00    1.00    11  top
02:25:08        15672    0.50    1.50    0.00    2.00    22  pidstat
02:25:08        15674    0.50    2.00    0.00    2.50     9  pidstat
02:25:08        15684  189.50    0.50    0.00  190.00    16  bt-mz.B.32
02:25:08        15685  173.00    8.00    0.00  181.00    17  bt-mz.B.32
02:25:08        15686  171.00    7.00    0.00  178.00    18  bt-mz.B.32
02:25:08        15687  151.50   13.50    0.00  165.00    19  bt-mz.B.32
02:25:08        15688  151.00   13.50    0.00  164.50    20  bt-mz.B.32
02:25:08        15689  145.00   18.00    0.00  163.00    21  bt-mz.B.32
02:25:08        15690  135.00   17.50    0.00  152.50     6  bt-mz.B.32
02:25:08        15691  132.00   19.00    0.00  151.00    23  bt-mz.B.32
02:25:08        15692  127.00   24.00    0.00  151.00    24  bt-mz.B.32
02:25:08        15694  129.50   19.50    0.00  149.00     9  bt-mz.B.32
02:25:08        15696  127.00   25.50    0.00  152.50    26  bt-mz.B.32
02:25:08        15698  126.00   26.50    0.00  152.50    27  bt-mz.B.32
02:25:08        15699  126.50   26.50    0.00  153.00    28  bt-mz.B.32
02:25:08        15702  124.00   27.50    0.00  151.50    29  bt-mz.B.32

02:25:08          PID    %usr %system  %guest    %CPU   CPU  Command
02:25:10         3157    0.00    0.50    0.00    0.50    24  kondemand/24
02:25:10         3180    0.00    0.50    0.00    0.50     3  kipmi0
02:25:10        15670    1.00    0.50    0.00    1.50    15  top
02:25:10        15672    0.50    2.00    0.00    2.50    22  pidstat
02:25:10        15674    1.00    1.50    0.00    2.50     9  pidstat
02:25:10        15684  191.00    0.00    0.00  191.00    16  bt-mz.B.32
02:25:10        15685  174.00    7.50    0.00  181.50    17  bt-mz.B.32
02:25:10        15686  170.00    9.00    0.00  179.00    18  bt-mz.B.32
02:25:10        15687  148.50   15.00    0.00  163.50    19  bt-mz.B.32
02:25:10        15688  150.50   13.50    0.00  164.00    20  bt-mz.B.32
02:25:10        15689  144.00   19.50    0.00  163.50    21  bt-mz.B.32
02:25:10        15690  133.50   18.50    0.00  152.00     6  bt-mz.B.32
02:25:10        15691  133.50   19.50    0.00  153.00    23  bt-mz.B.32
02:25:10        15692  128.50   23.00    0.00  151.50    24  bt-mz.B.32
02:25:10        15694  129.50   20.00    0.00  149.50    25  bt-mz.B.32
02:25:10        15696  125.50   26.50    0.00  152.00    26  bt-mz.B.32
02:25:10        15698  125.00   26.50    0.00  151.50    27  bt-mz.B.32
02:25:10        15699  121.50   30.00    0.00  151.50    28  bt-mz.B.32
02:25:10        15702  123.00   28.50    0.00  151.50    29  bt-mz.B.32

02:25:10          PID    %usr %system  %guest    %CPU   CPU  Command
02:25:12         3141    0.00    0.50    0.00    0.50     8  kondemand/8
02:25:12         3148    0.00    0.50    0.00    0.50    15  kondemand/15
02:25:12         3180    0.00    0.50    0.00    0.50     3  kipmi0
02:25:12         3852    0.00    1.00    0.00    1.00     8  pbs_mom
02:25:12         4128    0.00    0.50    0.00    0.50    16  gmond
02:25:12        15670    0.50    1.00    0.00    1.50    15  top
02:25:12        15672    0.50    2.00    0.00    2.50    22  pidstat
02:25:12        15674    1.00    2.00    0.00    3.00     9  pidstat
02:25:12        15684  192.00    0.50    0.00  192.50     0  bt-mz.B.32
02:25:12        15685  172.50    8.00    0.00  180.50    17  bt-mz.B.32
02:25:12        15686  168.00    9.50    0.00  177.50    18  bt-mz.B.32
02:25:12        15687  153.50   13.50    0.00  167.00    19  bt-mz.B.32
02:25:12        15688  149.50   15.00    0.00  164.50    20  bt-mz.B.32
02:25:12        15689  143.50   19.00    0.00  162.50    21  bt-mz.B.32
02:25:12        15690  133.50   19.00    0.00  152.50     6  bt-mz.B.32
02:25:12        15691  137.00   18.00    0.00  155.00    23  bt-mz.B.32
02:25:12        15692  132.50   22.50    0.00  155.00    24  bt-mz.B.32
02:25:12        15694  129.50   20.50    0.00  150.00    25  bt-mz.B.32
02:25:12        15696  130.00   25.00    0.00  155.00    26  bt-mz.B.32
02:25:12        15698  130.50   25.00    0.00  155.50    27  bt-mz.B.32
02:25:12        15699  124.00   28.00    0.00  152.00    28  bt-mz.B.32
02:25:12        15702  128.50   26.00    0.00  154.50    29  bt-mz.B.32

02:25:12          PID    %usr %system  %guest    %CPU   CPU  Command
02:25:14         3159    0.00    0.50    0.00    0.50    26  kondemand/26
02:25:14         3180    0.00    0.50    0.00    0.50     3  kipmi0
02:25:14        15670    0.50    0.50    0.00    1.00    15  top
02:25:14        15672    1.00    2.00    0.00    3.00    22  pidstat
02:25:14        15674    0.50    2.00    0.00    2.50     9  pidstat
02:25:14        15684  191.50    0.50    0.00  192.00     0  bt-mz.B.32
02:25:14        15685  175.50    7.00    0.00  182.50    17  bt-mz.B.32
02:25:14        15686  171.00    9.00    0.00  180.00    18  bt-mz.B.32
02:25:14        15687  153.50   13.50    0.00  167.00    19  bt-mz.B.32
02:25:14        15688  151.00   15.00    0.00  166.00    20  bt-mz.B.32
02:25:14        15689  147.50   18.00    0.00  165.50    21  bt-mz.B.32
02:25:14        15690  137.00   17.50    0.00  154.50     6  bt-mz.B.32
02:25:14        15691  134.50   19.00    0.00  153.50    23  bt-mz.B.32
02:25:14        15692  131.00   24.00    0.00  155.00    24  bt-mz.B.32
02:25:14        15694  130.50   19.00    0.00  149.50    25  bt-mz.B.32
02:25:14        15696  132.00   23.50    0.00  155.50    26  bt-mz.B.32
02:25:14        15698  132.50   23.50    0.00  156.00    27  bt-mz.B.32
02:25:14        15699  126.00   28.50    0.00  154.50    28  bt-mz.B.32
02:25:14        15702  126.50   29.00    0.00  155.50    29  bt-mz.B.32

02:25:14          PID    %usr %system  %guest    %CPU   CPU  Command
02:25:16         3139    0.00    0.50    0.00    0.50     6  kondemand/6
02:25:16         3152    0.00    0.50    0.00    0.50    19  kondemand/19
02:25:16         3180    0.00    0.50    0.00    0.50     0  kipmi0
02:25:16         4128    0.00    0.50    0.00    0.50    16  gmond
02:25:16        15670    0.50    1.00    0.00    1.50    15  top
02:25:16        15672    0.50    1.50    0.00    2.00    22  pidstat
02:25:16        15674    0.50    2.00    0.00    2.50     9  pidstat
02:25:16        15684  191.00    0.00    0.00  191.00     0  bt-mz.B.32
02:25:16        15685  174.50    7.50    0.00  182.00    17  bt-mz.B.32
02:25:16        15686  171.00    7.50    0.00  178.50    18  bt-mz.B.32
02:25:16        15687  151.00   14.50    0.00  165.50    19  bt-mz.B.32
02:25:16        15688  152.50   13.00    0.00  165.50    20  bt-mz.B.32
02:25:16        15689  147.50   17.00    0.00  164.50    21  bt-mz.B.32
02:25:16        15690  135.00   18.50    0.00  153.50     6  bt-mz.B.32
02:25:16        15691  131.50   19.50    0.00  151.00    23  bt-mz.B.32
02:25:16        15692  126.00   25.00    0.00  151.00    24  bt-mz.B.32
02:25:16        15694  131.50   18.50    0.00  150.00    25  bt-mz.B.32
02:25:16        15696  127.50   25.00    0.00  152.50    26  bt-mz.B.32
02:25:16        15698  125.00   26.50    0.00  151.50    27  bt-mz.B.32
02:25:16        15699  124.50   29.00    0.00  153.50    28  bt-mz.B.32
02:25:16        15702  123.00   28.00    0.00  151.00    29  bt-mz.B.32

02:25:16          PID    %usr %system  %guest    %CPU   CPU  Command
02:25:18          131    0.00    0.50    0.00    0.50     0  events/0
02:25:18         3150    0.00    0.50    0.00    0.50    17  kondemand/17
02:25:18         4128    0.00    0.50    0.00    0.50    16  gmond
02:25:18        15670    0.50    1.00    0.00    1.50    15  top
02:25:18        15672    0.50    2.00    0.00    2.50    22  pidstat
02:25:18        15674    0.00    2.50    0.00    2.50     9  pidstat
02:25:18        15684  193.00    0.50    0.00  193.50     0  bt-mz.B.32
02:25:18        15685  176.00    7.50    0.00  183.50    17  bt-mz.B.32
02:25:18        15686  170.00   10.50    0.00  180.50    18  bt-mz.B.32
02:25:18        15687  153.50   14.00    0.00  167.50    19  bt-mz.B.32
02:25:18        15688  151.00   15.00    0.00  166.00    20  bt-mz.B.32
02:25:18        15689  143.00   21.00    0.00  164.00    21  bt-mz.B.32
02:25:18        15690  136.50   19.00    0.00  155.50     6  bt-mz.B.32
02:25:18        15691  139.00   18.50    0.00  157.50    23  bt-mz.B.32
02:25:18        15692  133.00   23.00    0.00  156.00    24  bt-mz.B.32
02:25:18        15694  130.00   21.50    0.00  151.50    25  bt-mz.B.32
02:25:18        15696  131.00   25.50    0.00  156.50    26  bt-mz.B.32
02:25:18        15698  129.50   27.00    0.00  156.50    27  bt-mz.B.32
02:25:18        15699  124.50   28.50    0.00  153.00    28  bt-mz.B.32
02:25:18        15702  127.50   28.00    0.00  155.50    29  bt-mz.B.32

02:25:18          PID    %usr %system  %guest    %CPU   CPU  Command
02:25:20         3021    0.00    0.50    0.00    0.50    12  flush-8:0
02:25:20         3144    0.00    0.50    0.00    0.50    11  kondemand/11
02:25:20         3151    0.00    0.50    0.00    0.50    18  kondemand/18
02:25:20         3154    0.00    0.50    0.00    0.50    21  kondemand/21
02:25:20         3163    0.00    0.50    0.00    0.50    30  kondemand/30
02:25:20         4128    0.50    0.00    0.00    0.50    16  gmond
02:25:20        15670    0.50    0.50    0.00    1.00    15  top
02:25:20        15672    1.00    1.50    0.00    2.50    22  pidstat
02:25:20        15674    1.00    2.00    0.00    3.00     9  pidstat
02:25:20        15684  190.50    0.50    0.00  191.00    16  bt-mz.B.32
02:25:20        15685  172.50    8.00    0.00  180.50    17  bt-mz.B.32
02:25:20        15686  169.00    8.50    0.00  177.50    18  bt-mz.B.32
02:25:20        15687  151.00   14.00    0.00  165.00    19  bt-mz.B.32
02:25:20        15688  149.00   14.50    0.00  163.50    20  bt-mz.B.32
02:25:20        15689  145.00   18.00    0.00  163.00    21  bt-mz.B.32
02:25:20        15690  131.50   19.00    0.00  150.50     6  bt-mz.B.32
02:25:20        15691  134.00   18.50    0.00  152.50    23  bt-mz.B.32
02:25:20        15692  129.50   23.00    0.00  152.50    24  bt-mz.B.32
02:25:20        15694  128.00   20.50    0.00  148.50     9  bt-mz.B.32
02:25:20        15696  129.50   23.50    0.00  153.00    26  bt-mz.B.32
02:25:20        15698  129.00   24.50    0.00  153.50    27  bt-mz.B.32
02:25:20        15699  124.00   28.50    0.00  152.50    28  bt-mz.B.32
02:25:20        15702  125.00   27.50    0.00  152.50    29  bt-mz.B.32

02:25:20          PID    %usr %system  %guest    %CPU   CPU  Command
02:25:22         1063    0.00    0.50    0.00    0.50     8  jbd2/sda1-8
02:25:22         3146    0.00    0.50    0.00    0.50    13  kondemand/13
02:25:22         3156    0.00    0.50    0.00    0.50    23  kondemand/23
02:25:22         4128    0.00    0.50    0.00    0.50    16  gmond
02:25:22        15670    0.00    1.00    0.00    1.00    31  top
02:25:22        15672    0.50    1.50    0.00    2.00     6  pidstat
02:25:22        15674    0.50    2.00    0.00    2.50     9  pidstat
02:25:22        15684  192.00    0.50    0.00  192.50     0  bt-mz.B.32
02:25:22        15685  174.00    7.50    0.00  181.50    17  bt-mz.B.32
02:25:22        15686  170.00    9.50    0.00  179.50    18  bt-mz.B.32
02:25:22        15687  153.00   14.00    0.00  167.00    19  bt-mz.B.32
02:25:22        15688  152.00   14.50    0.00  166.50    20  bt-mz.B.32
02:25:22        15689  147.00   17.50    0.00  164.50    21  bt-mz.B.32
02:25:22        15690  136.00   18.50    0.00  154.50    22  bt-mz.B.32
02:25:22        15691  133.50   18.50    0.00  152.00    23  bt-mz.B.32
02:25:22        15692  129.50   24.00    0.00  153.50    24  bt-mz.B.32
02:25:22        15694  129.50   21.00    0.00  150.50     9  bt-mz.B.32
02:25:22        15696  129.50   25.00    0.00  154.50    26  bt-mz.B.32
02:25:22        15698  128.00   26.00    0.00  154.00    27  bt-mz.B.32
02:25:22        15699  126.00   28.50    0.00  154.50    28  bt-mz.B.32
02:25:22        15702  126.00   27.50    0.00  153.50    29  bt-mz.B.32

02:25:22          PID    %usr %system  %guest    %CPU   CPU  Command
02:25:24         3143    0.00    0.50    0.00    0.50    10  kondemand/10
02:25:24         3145    0.00    0.50    0.00    0.50    12  kondemand/12
02:25:24         3195    0.00    0.50    0.00    0.50    12  irqbalance
02:25:24         4128    0.00    0.50    0.00    0.50    16  gmond
02:25:24        15670    1.00    0.50    0.00    1.50    31  top
02:25:24        15672    1.00    2.00    0.00    3.00     6  pidstat
02:25:24        15674    0.50    2.00    0.00    2.50     9  pidstat
02:25:24        15684  190.50    0.00    0.00  190.50     0  bt-mz.B.32
02:25:24        15685  173.50    7.50    0.00  181.00    17  bt-mz.B.32
02:25:24        15686  169.50    8.00    0.00  177.50    18  bt-mz.B.32
02:25:24        15687  149.50   14.00    0.00  163.50    19  bt-mz.B.32
02:25:24        15688  150.00   14.50    0.00  164.50    20  bt-mz.B.32
02:25:24        15689  144.50   18.50    0.00  163.00    21  bt-mz.B.32
02:25:24        15690  131.50   20.00    0.00  151.50    22  bt-mz.B.32
02:25:24        15691  132.00   19.50    0.00  151.50    23  bt-mz.B.32
02:25:24        15692  127.50   23.50    0.00  151.00    24  bt-mz.B.32
02:25:24        15694  129.50   20.00    0.00  149.50     9  bt-mz.B.32
02:25:24        15696  126.00   25.50    0.00  151.50    26  bt-mz.B.32
02:25:24        15698  125.50   26.50    0.00  152.00    27  bt-mz.B.32
02:25:24        15699  122.00   29.50    0.00  151.50    28  bt-mz.B.32
02:25:24        15702  124.50   27.00    0.00  151.50    29  bt-mz.B.32

02:25:24          PID    %usr %system  %guest    %CPU   CPU  Command
02:25:26         3135    0.00    0.50    0.00    0.50     2  kondemand/2
02:25:26         3137    0.00    0.50    0.00    0.50     4  kondemand/4
02:25:26         3161    0.00    0.50    0.00    0.50    28  kondemand/28
02:25:26         3180    0.00    0.50    0.00    0.50     0  kipmi0
02:25:26        15670    0.50    1.00    0.00    1.50    15  top
02:25:26        15672    0.50    1.50    0.00    2.00     6  pidstat
02:25:26        15674    0.50    2.00    0.00    2.50    25  pidstat
02:25:26        15684  193.00    0.50    0.00  193.50     0  bt-mz.B.32
02:25:26        15685  173.50    9.00    0.00  182.50    17  bt-mz.B.32
02:25:26        15686  169.00   10.00    0.00  179.00    18  bt-mz.B.32
02:25:26        15687  153.00   14.00    0.00  167.00    19  bt-mz.B.32
02:25:26        15688  149.00   15.00    0.00  164.00    20  bt-mz.B.32
02:25:26        15689  144.00   19.00    0.00  163.00    21  bt-mz.B.32
02:25:26        15690  136.50   18.00    0.00  154.50    22  bt-mz.B.32
02:25:26        15691  138.00   18.00    0.00  156.00    23  bt-mz.B.32
02:25:26        15692  129.00   26.00    0.00  155.00    24  bt-mz.B.32
02:25:26        15694  127.50   22.50    0.00  150.00     9  bt-mz.B.32
02:25:26        15696  129.50   25.50    0.00  155.00    26  bt-mz.B.32
02:25:26        15698  129.50   26.00    0.00  155.50    27  bt-mz.B.32
02:25:26        15699  123.00   29.50    0.00  152.50    28  bt-mz.B.32
02:25:26        15702  126.00   28.00    0.00  154.00    29  bt-mz.B.32

02:25:26          PID    %usr %system  %guest    %CPU   CPU  Command
02:25:28          146    0.00    0.50    0.00    0.50    15  events/15
02:25:28         3133    0.00    0.50    0.00    0.50     0  kondemand/0
02:25:28         3134    0.00    0.50    0.00    0.50     1  kondemand/1
02:25:28         3138    0.00    0.50    0.00    0.50     5  kondemand/5
02:25:28         3149    0.00    0.50    0.00    0.50    16  kondemand/16
02:25:28         4128    0.00    0.50    0.00    0.50    16  gmond
02:25:28        15670    0.50    0.50    0.00    1.00    15  top
02:25:28        15672    1.00    2.00    0.00    3.00     6  pidstat
02:25:28        15674    1.00    2.00    0.00    3.00    25  pidstat
02:25:28        15684  190.00    0.50    0.00  190.50    16  bt-mz.B.32
02:25:28        15685  173.00    7.50    0.00  180.50    17  bt-mz.B.32
02:25:28        15686  169.50    9.00    0.00  178.50    18  bt-mz.B.32
02:25:28        15687  152.50   13.50    0.00  166.00    19  bt-mz.B.32
02:25:28        15688  151.00   14.00    0.00  165.00    20  bt-mz.B.32
02:25:28        15689  146.50   17.00    0.00  163.50    21  bt-mz.B.32
02:25:28        15690  132.50   19.50    0.00  152.00    22  bt-mz.B.32
02:25:28        15691  135.50   18.00    0.00  153.50    23  bt-mz.B.32
02:25:28        15692  130.50   23.00    0.00  153.50    24  bt-mz.B.32
02:25:28        15694  129.50   20.50    0.00  150.00    25  bt-mz.B.32
02:25:28        15696  129.50   25.00    0.00  154.50    26  bt-mz.B.32
02:25:28        15698  130.50   24.00    0.00  154.50    27  bt-mz.B.32
02:25:28        15699  124.50   29.00    0.00  153.50    28  bt-mz.B.32
02:25:28        15702  127.50   26.50    0.00  154.00    29  bt-mz.B.32

02:25:28          PID    %usr %system  %guest    %CPU   CPU  Command
02:25:30         3136    0.00    0.50    0.00    0.50     3  kondemand/3
02:25:30         3153    0.00    0.50    0.00    0.50    20  kondemand/20
02:25:30         3180    0.00    0.50    0.00    0.50     0  kipmi0
02:25:30         4128    0.00    0.50    0.00    0.50    16  gmond
02:25:30        15670    0.50    1.00    0.00    1.50    15  top
02:25:30        15672    1.00    1.50    0.00    2.50     6  pidstat
02:25:30        15674    0.50    2.00    0.00    2.50     9  pidstat
02:25:30        15684  191.00    0.00    0.00  191.00     0  bt-mz.B.32
02:25:30        15685  173.00    8.50    0.00  181.50    17  bt-mz.B.32
02:25:30        15686  169.50    8.50    0.00  178.00    18  bt-mz.B.32
02:25:30        15687  152.00   13.50    0.00  165.50    19  bt-mz.B.32
02:25:30        15688  150.50   14.50    0.00  165.00    20  bt-mz.B.32
02:25:30        15689  145.00   18.50    0.00  163.50    21  bt-mz.B.32
02:25:30        15690  135.00   18.00    0.00  153.00     6  bt-mz.B.32
02:25:30        15691  134.50   18.50    0.00  153.00    23  bt-mz.B.32
02:25:30        15692  131.50   22.00    0.00  153.50    24  bt-mz.B.32
02:25:30        15694  128.00   21.00    0.00  149.00    25  bt-mz.B.32
02:25:30        15696  128.50   25.50    0.00  154.00    26  bt-mz.B.32
02:25:30        15698  130.00   24.50    0.00  154.50    27  bt-mz.B.32
02:25:30        15699  124.50   28.50    0.00  153.00    28  bt-mz.B.32
02:25:30        15702  128.00   26.00    0.00  154.00    29  bt-mz.B.32
