Linux 2.6.32-279.14.1.el6.x86_64 (compute-641-14.local) 	04/21/20 	_x86_64_	(32 CPU)

02:27:00          PID    %usr %system  %guest    %CPU   CPU  Command
02:27:02         3137    0.00    0.49    0.00    0.49     4  kondemand/4
02:27:02         3163    0.00    0.49    0.00    0.49    30  kondemand/30
02:27:02         3180    0.00    0.99    0.00    0.99     0  kipmi0
02:27:02         3808    0.49    0.00    0.00    0.49     8  crond
02:27:02         4128    0.00    0.49    0.00    0.49     0  gmond
02:27:02        15904    2.96    1.97    0.00    4.93    10  mpirun
02:27:02        15910    0.49    0.99    0.00    1.48    25  top
02:27:02        15912    0.49    1.97    0.00    2.46     8  pidstat
02:27:02        15914    0.49    1.97    0.00    2.46     6  pidstat
02:27:02        15924  136.45   11.33    0.00  147.78    16  bt-mz.B.32
02:27:02        15925  128.08   14.78    0.00  142.86    17  bt-mz.B.32
02:27:02        15926  125.12   16.75    0.00  141.87    18  bt-mz.B.32
02:27:02        15927  112.81   19.70    0.00  132.51    19  bt-mz.B.32
02:27:02        15928  109.85   20.69    0.00  130.54    20  bt-mz.B.32
02:27:02        15929  111.33   19.70    0.00  131.03    21  bt-mz.B.32
02:27:02        15930   99.51   24.63    0.00  124.14    22  bt-mz.B.32
02:27:02        15931  101.97   23.15    0.00  125.12    23  bt-mz.B.32
02:27:02        15932   98.52   25.62    0.00  124.14    24  bt-mz.B.32
02:27:02        15935   95.57   26.60    0.00  122.17     9  bt-mz.B.32
02:27:02        15937   97.04   27.59    0.00  124.63    26  bt-mz.B.32
02:27:02        15940   94.58   30.05    0.00  124.63    27  bt-mz.B.32
02:27:02        15943   97.54   26.11    0.00  123.65    28  bt-mz.B.32
02:27:02        15945   93.60   30.05    0.00  123.65    29  bt-mz.B.32

02:27:02          PID    %usr %system  %guest    %CPU   CPU  Command
02:27:04         3133    0.00    0.50    0.00    0.50     0  kondemand/0
02:27:04         3136    0.00    0.50    0.00    0.50     3  kondemand/3
02:27:04         3139    0.00    0.50    0.00    0.50     6  kondemand/6
02:27:04         3143    0.00    0.50    0.00    0.50    10  kondemand/10
02:27:04         3153    0.00    0.50    0.00    0.50    20  kondemand/20
02:27:04         3195    0.00    0.50    0.00    0.50    12  irqbalance
02:27:04        15910    0.50    0.50    0.00    1.00    25  top
02:27:04        15912    1.00    1.50    0.00    2.50     8  pidstat
02:27:04        15914    0.50    2.00    0.00    2.50     2  pidstat
02:27:04        15924  190.50    0.00    0.00  190.50     0  bt-mz.B.32
02:27:04        15925  170.50    9.50    0.00  180.00    17  bt-mz.B.32
02:27:04        15926  166.50   11.00    0.00  177.50    18  bt-mz.B.32
02:27:04        15927  151.50   14.50    0.00  166.00    19  bt-mz.B.32
02:27:04        15928  146.00   16.50    0.00  162.50    20  bt-mz.B.32
02:27:04        15929  146.00   16.00    0.00  162.00    21  bt-mz.B.32
02:27:04        15930  132.00   21.50    0.00  153.50    22  bt-mz.B.32
02:27:04        15931  133.50   20.00    0.00  153.50    23  bt-mz.B.32
02:27:04        15932  129.00   22.50    0.00  151.50    24  bt-mz.B.32
02:27:04        15935  124.00   25.00    0.00  149.00     9  bt-mz.B.32
02:27:04        15937  127.50   26.50    0.00  154.00    26  bt-mz.B.32
02:27:04        15940  126.50   28.00    0.00  154.50    27  bt-mz.B.32
02:27:04        15943  123.00   28.50    0.00  151.50    28  bt-mz.B.32
02:27:04        15945  123.50   30.00    0.00  153.50    29  bt-mz.B.32

02:27:04          PID    %usr %system  %guest    %CPU   CPU  Command
02:27:06         2319    0.00    0.50    0.00    0.50    14  jbd2/sda2-8
02:27:06         3138    0.00    0.50    0.00    0.50     5  kondemand/5
02:27:06         3145    0.00    0.50    0.00    0.50    12  kondemand/12
02:27:06         3148    0.00    0.50    0.00    0.50    15  kondemand/15
02:27:06         3180    0.00    0.50    0.00    0.50     0  kipmi0
02:27:06         4128    0.00    0.50    0.00    0.50     0  gmond
02:27:06        15910    0.50    0.50    0.00    1.00     9  top
02:27:06        15912    0.50    1.50    0.00    2.00    12  pidstat
02:27:06        15914    1.00    2.50    0.00    3.50     2  pidstat
02:27:06        15924  196.00    0.50    0.00  196.50     0  bt-mz.B.32
02:27:06        15925  177.50    7.50    0.00  185.00    17  bt-mz.B.32
02:27:06        15926  170.50    9.00    0.00  179.50     2  bt-mz.B.32
02:27:06        15927  156.50   13.50    0.00  170.00    19  bt-mz.B.32
02:27:06        15928  153.00   15.00    0.00  168.00    20  bt-mz.B.32
02:27:06        15929  152.00   16.00    0.00  168.00    21  bt-mz.B.32
02:27:06        15930  136.00   21.00    0.00  157.00    22  bt-mz.B.32
02:27:06        15931  132.50   22.50    0.00  155.00    23  bt-mz.B.32
02:27:06        15932  137.50   20.50    0.00  158.00    24  bt-mz.B.32
02:27:06        15935  132.50   21.00    0.00  153.50     9  bt-mz.B.32
02:27:06        15937  131.00   27.00    0.00  158.00    26  bt-mz.B.32
02:27:06        15940  129.50   28.00    0.00  157.50    27  bt-mz.B.32
02:27:06        15943  129.00   26.50    0.00  155.50    28  bt-mz.B.32
02:27:06        15945  127.00   31.00    0.00  158.00    29  bt-mz.B.32

02:27:06          PID    %usr %system  %guest    %CPU   CPU  Command
02:27:08        15910    1.00    1.00    0.00    2.00    25  top
02:27:08        15912    1.00    2.00    0.00    3.00     8  pidstat
02:27:08        15914    0.50    1.00    0.00    1.50     2  pidstat
02:27:08        15924  189.50    0.50    0.00  190.00    16  bt-mz.B.32
02:27:08        15925  172.50    7.00    0.00  179.50    17  bt-mz.B.32
02:27:08        15926  170.50    8.00    0.00  178.50    18  bt-mz.B.32
02:27:08        15927  149.00   14.50    0.00  163.50    19  bt-mz.B.32
02:27:08        15928  148.00   15.00    0.00  163.00    20  bt-mz.B.32
02:27:08        15929  146.50   16.00    0.00  162.50    21  bt-mz.B.32
02:27:08        15930  128.50   22.50    0.00  151.00    22  bt-mz.B.32
02:27:08        15931  128.00   23.00    0.00  151.00    23  bt-mz.B.32
02:27:08        15932  128.00   23.00    0.00  151.00    24  bt-mz.B.32
02:27:08        15935  126.50   22.50    0.00  149.00     9  bt-mz.B.32
02:27:08        15937  124.00   26.50    0.00  150.50    26  bt-mz.B.32
02:27:08        15940  123.00   28.00    0.00  151.00    27  bt-mz.B.32
02:27:08        15943  126.00   26.50    0.00  152.50    28  bt-mz.B.32
02:27:08        15945  119.50   30.00    0.00  149.50    29  bt-mz.B.32

02:27:08          PID    %usr %system  %guest    %CPU   CPU  Command
02:27:10           33    0.00    0.50    0.00    0.50     7  ksoftirqd/7
02:27:10         4128    0.00    0.50    0.00    0.50     0  gmond
02:27:10        15910    0.50    0.50    0.00    1.00    25  top
02:27:10        15912    0.50    2.00    0.00    2.50     8  pidstat
02:27:10        15914    0.50    2.00    0.00    2.50     2  pidstat
02:27:10        15924  192.00    0.50    0.00  192.50     0  bt-mz.B.32
02:27:10        15925  174.00    8.00    0.00  182.00    17  bt-mz.B.32
02:27:10        15926  170.50    8.00    0.00  178.50    18  bt-mz.B.32
02:27:10        15927  148.50   15.50    0.00  164.00    19  bt-mz.B.32
02:27:10        15928  146.50   16.00    0.00  162.50    20  bt-mz.B.32
02:27:10        15929  144.50   17.50    0.00  162.00    21  bt-mz.B.32
02:27:10        15930  129.00   23.00    0.00  152.00    22  bt-mz.B.32
02:27:10        15931  131.50   23.00    0.00  154.50    23  bt-mz.B.32
02:27:10        15932  128.50   23.00    0.00  151.50    24  bt-mz.B.32
02:27:10        15935  125.50   23.00    0.00  148.50    25  bt-mz.B.32
02:27:10        15937  124.00   28.50    0.00  152.50    26  bt-mz.B.32
02:27:10        15940  122.50   30.00    0.00  152.50    27  bt-mz.B.32
02:27:10        15943  123.50   28.00    0.00  151.50    28  bt-mz.B.32
02:27:10        15945  120.00   32.00    0.00  152.00    29  bt-mz.B.32

02:27:10          PID    %usr %system  %guest    %CPU   CPU  Command
02:27:12          162    0.00    0.50    0.00    0.50    31  events/31
02:27:12         3134    0.00    0.50    0.00    0.50     1  kondemand/1
02:27:12         3156    0.00    0.50    0.00    0.50    23  kondemand/23
02:27:12         3161    0.00    0.50    0.00    0.50    28  kondemand/28
02:27:12         4128    0.00    0.50    0.00    0.50     0  gmond
02:27:12        15910    0.50    1.00    0.00    1.50     9  top
02:27:12        15912    0.50    1.50    0.00    2.00    12  pidstat
02:27:12        15914    1.00    2.50    0.00    3.50    18  pidstat
02:27:12        15924  195.00    0.00    0.00  195.00     0  bt-mz.B.32
02:27:12        15925  176.50    8.50    0.00  185.00    17  bt-mz.B.32
02:27:12        15926  171.50    9.50    0.00  181.00    18  bt-mz.B.32
02:27:12        15927  157.50   14.00    0.00  171.50    19  bt-mz.B.32
02:27:12        15928  153.50   14.50    0.00  168.00    20  bt-mz.B.32
02:27:12        15929  150.50   17.00    0.00  167.50    21  bt-mz.B.32
02:27:12        15930  137.00   22.50    0.00  159.50    22  bt-mz.B.32
02:27:12        15931  135.00   21.00    0.00  156.00    23  bt-mz.B.32
02:27:12        15932  137.00   22.00    0.00  159.00    24  bt-mz.B.32
02:27:12        15935  132.50   22.00    0.00  154.50    25  bt-mz.B.32
02:27:12        15937  135.00   25.00    0.00  160.00    26  bt-mz.B.32
02:27:12        15940  132.50   27.50    0.00  160.00    27  bt-mz.B.32
02:27:12        15943  129.00   27.00    0.00  156.00    28  bt-mz.B.32
02:27:12        15945  130.00   29.00    0.00  159.00    29  bt-mz.B.32

02:27:12          PID    %usr %system  %guest    %CPU   CPU  Command
02:27:14         3140    0.00    0.50    0.00    0.50     7  kondemand/7
02:27:14         3146    0.00    0.50    0.00    0.50    13  kondemand/13
02:27:14         3149    0.00    0.50    0.00    0.50    16  kondemand/16
02:27:14         3150    0.00    0.50    0.00    0.50    17  kondemand/17
02:27:14         4128    0.50    0.00    0.00    0.50     0  gmond
02:27:14        15910    0.50    0.50    0.00    1.00    25  top
02:27:14        15912    1.00    1.50    0.00    2.50    10  pidstat
02:27:14        15914    0.50    1.00    0.00    1.50     2  pidstat
02:27:14        15924  189.50    0.50    0.00  190.00    16  bt-mz.B.32
02:27:14        15925  172.00    7.50    0.00  179.50    17  bt-mz.B.32
02:27:14        15926  169.00    8.00    0.00  177.00    18  bt-mz.B.32
02:27:14        15927  150.00   14.50    0.00  164.50    19  bt-mz.B.32
02:27:14        15928  148.00   14.50    0.00  162.50    20  bt-mz.B.32
02:27:14        15929  146.50   16.00    0.00  162.50    21  bt-mz.B.32
02:27:14        15930  128.50   22.00    0.00  150.50    22  bt-mz.B.32
02:27:14        15931  128.50   22.00    0.00  150.50    23  bt-mz.B.32
02:27:14        15932  128.50   22.50    0.00  151.00    24  bt-mz.B.32
02:27:14        15935  126.00   22.50    0.00  148.50    25  bt-mz.B.32
02:27:14        15937  123.50   26.50    0.00  150.00    26  bt-mz.B.32
02:27:14        15940  123.50   28.00    0.00  151.50    27  bt-mz.B.32
02:27:14        15943  126.50   25.00    0.00  151.50    28  bt-mz.B.32
02:27:14        15945  121.50   29.00    0.00  150.50    29  bt-mz.B.32

02:27:14          PID    %usr %system  %guest    %CPU   CPU  Command
02:27:16         4128    0.00    0.50    0.00    0.50     0  gmond
02:27:16        15910    0.50    1.00    0.00    1.50     9  top
02:27:16        15912    0.50    2.00    0.00    2.50    10  pidstat
02:27:16        15914    1.50    2.00    0.00    3.50    18  pidstat
02:27:16        15924  191.00    0.00    0.00  191.00     0  bt-mz.B.32
02:27:16        15925  174.00    7.50    0.00  181.50    17  bt-mz.B.32
02:27:16        15926  170.00    8.00    0.00  178.00     2  bt-mz.B.32
02:27:16        15927  147.50   16.00    0.00  163.50    19  bt-mz.B.32
02:27:16        15928  147.50   16.00    0.00  163.50    20  bt-mz.B.32
02:27:16        15929  146.50   16.50    0.00  163.00    21  bt-mz.B.32
02:27:16        15930  130.50   21.50    0.00  152.00    22  bt-mz.B.32
02:27:16        15931  130.00   22.00    0.00  152.00    23  bt-mz.B.32
02:27:16        15932  128.50   23.00    0.00  151.50    24  bt-mz.B.32
02:27:16        15935  124.00   24.50    0.00  148.50    25  bt-mz.B.32
02:27:16        15937  125.00   27.00    0.00  152.00    26  bt-mz.B.32
02:27:16        15940  123.50   28.50    0.00  152.00    27  bt-mz.B.32
02:27:16        15943  124.50   27.50    0.00  152.00    28  bt-mz.B.32
02:27:16        15945  121.50   30.00    0.00  151.50    29  bt-mz.B.32

02:27:16          PID    %usr %system  %guest    %CPU   CPU  Command
02:27:18         3135    0.00    0.50    0.00    0.50     2  kondemand/2
02:27:18         3141    0.00    0.50    0.00    0.50     8  kondemand/8
02:27:18         3142    0.00    0.50    0.00    0.50     9  kondemand/9
02:27:18         3151    0.00    0.50    0.00    0.50    18  kondemand/18
02:27:18         3158    0.00    0.50    0.00    0.50    25  kondemand/25
02:27:18        15910    0.50    0.50    0.00    1.00     9  top
02:27:18        15912    0.50    2.00    0.00    2.50    10  pidstat
02:27:18        15914    0.50    1.00    0.00    1.50    18  pidstat
02:27:18        15924  193.50    0.50    0.00  194.00    16  bt-mz.B.32
02:27:18        15925  172.50    8.00    0.00  180.50    17  bt-mz.B.32
02:27:18        15926  169.00   10.00    0.00  179.00     2  bt-mz.B.32
02:27:18        15927  152.50   13.50    0.00  166.00    19  bt-mz.B.32
02:27:18        15928  146.00   17.00    0.00  163.00    20  bt-mz.B.32
02:27:18        15929  145.50   16.50    0.00  162.00    21  bt-mz.B.32
02:27:18        15930  132.50   21.50    0.00  154.00    22  bt-mz.B.32
02:27:18        15931  134.00   21.00    0.00  155.00    23  bt-mz.B.32
02:27:18        15932  133.00   21.00    0.00  154.00    24  bt-mz.B.32
02:27:18        15935  127.00   22.50    0.00  149.50     9  bt-mz.B.32
02:27:18        15937  126.50   26.00    0.00  152.50    26  bt-mz.B.32
02:27:18        15940  127.50   26.50    0.00  154.00    27  bt-mz.B.32
02:27:18        15943  123.50   28.00    0.00  151.50    28  bt-mz.B.32
02:27:18        15945  125.00   28.50    0.00  153.50    29  bt-mz.B.32

02:27:18          PID    %usr %system  %guest    %CPU   CPU  Command
02:27:20         3180    0.00    0.50    0.00    0.50     0  kipmi0
02:27:20         3852    0.50    0.00    0.00    0.50     2  pbs_mom
02:27:20         4128    0.00    0.50    0.00    0.50     0  gmond
02:27:20        15910    0.50    1.00    0.00    1.50    25  top
02:27:20        15912    0.50    2.00    0.00    2.50    10  pidstat
02:27:20        15914    1.00    2.50    0.00    3.50    18  pidstat
02:27:20        15916    0.00    0.50    0.00    0.50    12  iostat
02:27:20        15924  190.50    0.50    0.00  191.00    16  bt-mz.B.32
02:27:20        15925  174.00    8.50    0.00  182.50    17  bt-mz.B.32
02:27:20        15926  169.00    9.00    0.00  178.00     2  bt-mz.B.32
02:27:20        15927  153.00   14.50    0.00  167.50    19  bt-mz.B.32
02:27:20        15928  151.00   15.00    0.00  166.00    20  bt-mz.B.32
02:27:20        15929  150.00   15.50    0.00  165.50    21  bt-mz.B.32
02:27:20        15930  135.00   20.50    0.00  155.50    22  bt-mz.B.32
02:27:20        15931  132.00   21.50    0.00  153.50    23  bt-mz.B.32
02:27:20        15932  133.00   22.00    0.00  155.00    24  bt-mz.B.32
02:27:20        15935  129.00   22.50    0.00  151.50     9  bt-mz.B.32
02:27:20        15937  130.00   25.00    0.00  155.00    26  bt-mz.B.32
02:27:20        15940  128.00   28.00    0.00  156.00    27  bt-mz.B.32
02:27:20        15943  129.50   26.00    0.00  155.50    28  bt-mz.B.32
02:27:20        15945  125.50   29.50    0.00  155.00    29  bt-mz.B.32

02:27:20          PID    %usr %system  %guest    %CPU   CPU  Command
02:27:22         3152    0.00    0.50    0.00    0.50    19  kondemand/19
02:27:22         3157    0.00    0.50    0.00    0.50    24  kondemand/24
02:27:22         3160    0.00    0.50    0.00    0.50    27  kondemand/27
02:27:22         4128    0.00    0.50    0.00    0.50    16  gmond
02:27:22        15910    0.50    0.50    0.00    1.00    25  top
02:27:22        15912    1.00    1.50    0.00    2.50    10  pidstat
02:27:22        15914    0.50    1.50    0.00    2.00     3  pidstat
02:27:22        15924  190.50    0.00    0.00  190.50     0  bt-mz.B.32
02:27:22        15925  175.00    7.00    0.00  182.00    17  bt-mz.B.32
02:27:22        15926  171.50    8.50    0.00  180.00     2  bt-mz.B.32
02:27:22        15927  150.00   15.50    0.00  165.50    19  bt-mz.B.32
02:27:22        15928  150.50   14.50    0.00  165.00    20  bt-mz.B.32
02:27:22        15929  149.00   16.00    0.00  165.00    21  bt-mz.B.32
02:27:22        15930  129.50   22.50    0.00  152.00    22  bt-mz.B.32
02:27:22        15931  128.50   23.00    0.00  151.50    23  bt-mz.B.32
02:27:22        15932  130.50   21.50    0.00  152.00    24  bt-mz.B.32
02:27:22        15935  128.50   23.00    0.00  151.50     9  bt-mz.B.32
02:27:22        15937  126.50   27.50    0.00  154.00    26  bt-mz.B.32
02:27:22        15940  123.50   30.00    0.00  153.50    27  bt-mz.B.32
02:27:22        15943  126.50   27.00    0.00  153.50    28  bt-mz.B.32
02:27:22        15945  121.50   30.50    0.00  152.00    29  bt-mz.B.32

02:27:22          PID    %usr %system  %guest    %CPU   CPU  Command
02:27:24           45    0.00    0.50    0.00    0.50    10  ksoftirqd/10
02:27:24         3133    0.00    0.50    0.00    0.50     0  kondemand/0
02:27:24         3155    0.00    0.50    0.00    0.50    22  kondemand/22
02:27:24         3159    0.00    0.50    0.00    0.50    26  kondemand/26
02:27:24        15910    0.50    1.00    0.00    1.50     9  top
02:27:24        15912    0.50    2.00    0.00    2.50    10  pidstat
02:27:24        15914    0.50    2.50    0.00    3.00     3  pidstat
02:27:24        15924  191.50    0.50    0.00  192.00    16  bt-mz.B.32
02:27:24        15925  175.00    7.50    0.00  182.50    17  bt-mz.B.32
02:27:24        15926  170.50   10.00    0.00  180.50     2  bt-mz.B.32
02:27:24        15927  150.50   15.00    0.00  165.50    19  bt-mz.B.32
02:27:24        15928  146.50   17.00    0.00  163.50    20  bt-mz.B.32
02:27:24        15929  146.00   17.00    0.00  163.00    21  bt-mz.B.32
02:27:24        15930  130.50   23.50    0.00  154.00    22  bt-mz.B.32
02:27:24        15931  134.50   21.00    0.00  155.50    23  bt-mz.B.32
02:27:24        15932  131.00   23.00    0.00  154.00    24  bt-mz.B.32
02:27:24        15935  125.50   23.00    0.00  148.50     9  bt-mz.B.32
02:27:24        15937  126.50   27.00    0.00  153.50    26  bt-mz.B.32
02:27:24        15940  126.50   27.50    0.00  154.00    27  bt-mz.B.32
02:27:24        15943  122.50   30.00    0.00  152.50    28  bt-mz.B.32
02:27:24        15945  124.00   30.00    0.00  154.00    29  bt-mz.B.32

02:27:24          PID    %usr %system  %guest    %CPU   CPU  Command
02:27:26          131    0.00    0.50    0.00    0.50     0  events/0
02:27:26         3162    0.00    0.50    0.00    0.50    29  kondemand/29
02:27:26         3164    0.00    0.50    0.00    0.50    31  kondemand/31
02:27:26         3684    0.00    0.50    0.00    0.50     2  snmpd
02:27:26         4128    0.00    0.50    0.00    0.50    16  gmond
02:27:26        15910    0.50    1.00    0.00    1.50    25  top
02:27:26        15912    0.50    2.00    0.00    2.50    10  pidstat
02:27:26        15914    0.50    1.50    0.00    2.00    19  pidstat
02:27:26        15924  191.50    0.00    0.00  191.50     0  bt-mz.B.32
02:27:26        15925  172.00    8.00    0.00  180.00    17  bt-mz.B.32
02:27:26        15926  168.50    9.50    0.00  178.00     2  bt-mz.B.32
02:27:26        15927  149.00   15.00    0.00  164.00    19  bt-mz.B.32
02:27:26        15928  147.50   16.00    0.00  163.50    20  bt-mz.B.32
02:27:26        15929  147.50   15.50    0.00  163.00    21  bt-mz.B.32
02:27:26        15930  132.00   21.50    0.00  153.50    22  bt-mz.B.32
02:27:26        15931  132.50   21.00    0.00  153.50    23  bt-mz.B.32
02:27:26        15932  131.00   22.50    0.00  153.50    24  bt-mz.B.32
02:27:26        15935  127.50   22.50    0.00  150.00     9  bt-mz.B.32
02:27:26        15937  126.00   25.50    0.00  151.50    26  bt-mz.B.32
02:27:26        15940  126.50   27.50    0.00  154.00    27  bt-mz.B.32
02:27:26        15943  125.50   26.50    0.00  152.00    28  bt-mz.B.32
02:27:26        15945  124.50   28.50    0.00  153.00    29  bt-mz.B.32

02:27:26          PID    %usr %system  %guest    %CPU   CPU  Command
02:27:28           17    0.00    0.50    0.00    0.50     3  ksoftirqd/3
02:27:28         3180    0.00    0.50    0.00    0.50    16  kipmi0
02:27:28         3852    0.50    0.50    0.00    1.00     8  pbs_mom
02:27:28         4128    0.50    0.00    0.00    0.50    16  gmond
02:27:28        15910    0.50    0.50    0.00    1.00    25  top
02:27:28        15912    0.50    2.00    0.00    2.50    26  pidstat
02:27:28        15914    1.00    3.00    0.00    4.00    18  pidstat
02:27:28        15924  192.00    1.00    0.00  193.00     0  bt-mz.B.32
02:27:28        15925  176.50    8.00    0.00  184.50    17  bt-mz.B.32
02:27:28        15926  169.50   10.00    0.00  179.50     2  bt-mz.B.32
02:27:28        15927  154.50   14.50    0.00  169.00    19  bt-mz.B.32
02:27:28        15928  151.50   15.50    0.00  167.00    20  bt-mz.B.32
02:27:28        15929  151.00   16.00    0.00  167.00    21  bt-mz.B.32
02:27:28        15930  133.00   22.50    0.00  155.50    22  bt-mz.B.32
02:27:28        15931  129.00   24.00    0.00  153.00    23  bt-mz.B.32
02:27:28        15932  134.00   21.50    0.00  155.50    24  bt-mz.B.32
02:27:28        15935  129.50   24.00    0.00  153.50    25  bt-mz.B.32
02:27:28        15937  132.00   25.00    0.00  157.00    10  bt-mz.B.32
02:27:28        15940  127.00   29.50    0.00  156.50    27  bt-mz.B.32
02:27:28        15943  129.50   27.50    0.00  157.00    28  bt-mz.B.32
02:27:28        15945  125.00   31.00    0.00  156.00    29  bt-mz.B.32

02:27:28          PID    %usr %system  %guest    %CPU   CPU  Command
02:27:30         3147    0.00    0.50    0.00    0.50    14  kondemand/14
02:27:30         3154    0.00    0.50    0.00    0.50    21  kondemand/21
02:27:30         4128    0.00    0.50    0.00    0.50    16  gmond
02:27:30        15910    1.00    1.00    0.00    2.00    25  top
02:27:30        15912    1.00    1.50    0.00    2.50    26  pidstat
02:27:30        15914    0.50    1.50    0.00    2.00    18  pidstat
02:27:30        15924  191.00    0.00    0.00  191.00    16  bt-mz.B.32
02:27:30        15925  171.50    8.00    0.00  179.50    17  bt-mz.B.32
02:27:30        15926  168.50    8.50    0.00  177.00     2  bt-mz.B.32
02:27:30        15927  148.00   15.00    0.00  163.00    19  bt-mz.B.32
02:27:30        15928  147.00   15.50    0.00  162.50    20  bt-mz.B.32
02:27:30        15929  147.00   15.50    0.00  162.50    21  bt-mz.B.32
02:27:30        15930  129.00   22.00    0.00  151.00    22  bt-mz.B.32
02:27:30        15931  127.50   23.00    0.00  150.50    23  bt-mz.B.32
02:27:30        15932  129.00   22.00    0.00  151.00    24  bt-mz.B.32
02:27:30        15935  125.00   22.50    0.00  147.50    25  bt-mz.B.32
02:27:30        15937  123.00   28.00    0.00  151.00    10  bt-mz.B.32
02:27:30        15940  123.00   27.50    0.00  150.50    27  bt-mz.B.32
02:27:30        15943  124.50   26.00    0.00  150.50    28  bt-mz.B.32
02:27:30        15945  120.50   29.50    0.00  150.00    29  bt-mz.B.32

02:27:30          PID    %usr %system  %guest    %CPU   CPU  Command
02:27:32         4128    0.00    0.50    0.00    0.50    16  gmond
02:27:32        15910    0.50    0.50    0.00    1.00     9  top
02:27:32        15912    0.50    2.00    0.00    2.50    26  pidstat
02:27:32        15914    1.50    2.00    0.00    3.50     2  pidstat
02:27:32        15924  192.50    0.50    0.00  193.00     0  bt-mz.B.32
02:27:32        15925  173.50    8.50    0.00  182.00    17  bt-mz.B.32
02:27:32        15926  171.00    9.00    0.00  180.00    18  bt-mz.B.32
02:27:32        15927  149.50   16.00    0.00  165.50    19  bt-mz.B.32
02:27:32        15928  146.50   17.00    0.00  163.50    20  bt-mz.B.32
02:27:32        15929  144.50   18.00    0.00  162.50    21  bt-mz.B.32
02:27:32        15930  132.50   21.00    0.00  153.50    22  bt-mz.B.32
02:27:32        15931  136.50   19.50    0.00  156.00    23  bt-mz.B.32
02:27:32        15932  131.50   22.00    0.00  153.50    24  bt-mz.B.32
02:27:32        15935  125.50   24.50    0.00  150.00    25  bt-mz.B.32
02:27:32        15937  126.50   27.00    0.00  153.50    10  bt-mz.B.32
02:27:32        15940  125.00   29.50    0.00  154.50    27  bt-mz.B.32
02:27:32        15943  124.50   27.50    0.00  152.00    28  bt-mz.B.32
02:27:32        15945  122.50   31.00    0.00  153.50    29  bt-mz.B.32

02:27:32          PID    %usr %system  %guest    %CPU   CPU  Command
02:27:34         3136    0.00    0.50    0.00    0.50     3  kondemand/3
02:27:34         3137    0.00    0.50    0.00    0.50     4  kondemand/4
02:27:34         3153    0.00    0.50    0.00    0.50    20  kondemand/20
02:27:34         3195    0.00    0.50    0.00    0.50    12  irqbalance
02:27:34        15910    0.00    1.00    0.00    1.00     9  top
02:27:34        15912    1.00    2.00    0.00    3.00    26  pidstat
02:27:34        15914    0.50    1.50    0.00    2.00     2  pidstat
02:27:34        15924  190.00    0.00    0.00  190.00     0  bt-mz.B.32
02:27:34        15925  172.50    8.50    0.00  181.00    17  bt-mz.B.32
02:27:34        15926  167.50    9.00    0.00  176.50    18  bt-mz.B.32
02:27:34        15927  153.50   13.00    0.00  166.50    19  bt-mz.B.32
02:27:34        15928  149.00   15.00    0.00  164.00    20  bt-mz.B.32
02:27:34        15929  149.00   14.50    0.00  163.50    21  bt-mz.B.32
02:27:34        15930  133.50   21.00    0.00  154.50    22  bt-mz.B.32
02:27:34        15931  132.00   21.00    0.00  153.00    23  bt-mz.B.32
02:27:34        15932  133.50   21.00    0.00  154.50    24  bt-mz.B.32
02:27:34        15935  127.00   23.00    0.00  150.00    25  bt-mz.B.32
02:27:34        15937  128.00   25.00    0.00  153.00    10  bt-mz.B.32
02:27:34        15940  128.00   27.00    0.00  155.00    27  bt-mz.B.32
02:27:34        15943  126.50   27.00    0.00  153.50    28  bt-mz.B.32
02:27:34        15945  128.00   26.00    0.00  154.00    29  bt-mz.B.32

02:27:34          PID    %usr %system  %guest    %CPU   CPU  Command
02:27:36          135    0.00    0.50    0.00    0.50     4  events/4
02:27:36         3021    0.00    1.00    0.00    1.00    12  flush-8:0
02:27:36         3138    0.00    0.50    0.00    0.50     5  kondemand/5
02:27:36         3163    0.00    0.50    0.00    0.50    30  kondemand/30
02:27:36         4128    0.00    0.50    0.00    0.50    16  gmond
02:27:36        15910    1.00    0.50    0.00    1.50     9  top
02:27:36        15912    1.00    1.00    0.00    2.00    26  pidstat
02:27:36        15914    0.50    1.00    0.00    1.50     2  pidstat
02:27:36        15924  192.50    0.50    0.00  193.00    16  bt-mz.B.32
02:27:36        15925  174.50    8.00    0.00  182.50    17  bt-mz.B.32
02:27:36        15926  171.50    9.00    0.00  180.50     2  bt-mz.B.32
02:27:36        15927  152.50   14.50    0.00  167.00    19  bt-mz.B.32
02:27:36        15928  150.50   14.50    0.00  165.00    20  bt-mz.B.32
02:27:36        15929  149.50   16.00    0.00  165.50    21  bt-mz.B.32
02:27:36        15930  131.00   23.00    0.00  154.00    22  bt-mz.B.32
02:27:36        15931  128.50   23.50    0.00  152.00    23  bt-mz.B.32
02:27:36        15932  132.00   21.50    0.00  153.50    24  bt-mz.B.32
02:27:36        15935  130.50   21.50    0.00  152.00    25  bt-mz.B.32
02:27:36        15937  128.00   26.00    0.00  154.00    10  bt-mz.B.32
02:27:36        15940  126.50   28.00    0.00  154.50    27  bt-mz.B.32
02:27:36        15943  129.00   25.50    0.00  154.50    28  bt-mz.B.32
02:27:36        15945  125.50   28.50    0.00  154.00    29  bt-mz.B.32

02:27:36          PID    %usr %system  %guest    %CPU   CPU  Command
02:27:38         3134    0.00    0.50    0.00    0.50     1  kondemand/1
02:27:38         3143    0.00    0.50    0.00    0.50    10  kondemand/10
02:27:38         3144    0.00    0.50    0.00    0.50    11  kondemand/11
02:27:38         3149    0.00    0.50    0.00    0.50    16  kondemand/16
02:27:38        15910    0.50    0.50    0.00    1.00     9  top
02:27:38        15912    0.50    2.00    0.00    2.50    25  pidstat
02:27:38        15914    1.00    2.00    0.00    3.00    18  pidstat
02:27:38        15915    0.00    0.50    0.00    0.50    10  mpstat
02:27:38        15924  191.50    0.00    0.00  191.50     0  bt-mz.B.32
02:27:38        15925  174.50    7.50    0.00  182.00    17  bt-mz.B.32
02:27:38        15926  170.50    8.50    0.00  179.00     2  bt-mz.B.32
02:27:38        15927  149.00   15.00    0.00  164.00    19  bt-mz.B.32
02:27:38        15928  148.50   15.50    0.00  164.00    20  bt-mz.B.32
02:27:38        15929  148.00   15.50    0.00  163.50    21  bt-mz.B.32
02:27:38        15930  129.50   22.00    0.00  151.50    22  bt-mz.B.32
02:27:38        15931  132.50   20.50    0.00  153.00    23  bt-mz.B.32
02:27:38        15932  128.50   23.50    0.00  152.00    24  bt-mz.B.32
02:27:38        15935  124.50   23.50    0.00  148.00     9  bt-mz.B.32
02:27:38        15937  125.50   26.50    0.00  152.00    26  bt-mz.B.32
02:27:38        15940  122.50   29.50    0.00  152.00    27  bt-mz.B.32
02:27:38        15943  123.50   28.50    0.00  152.00    28  bt-mz.B.32
02:27:38        15945  119.50   31.50    0.00  151.00    29  bt-mz.B.32

02:27:38          PID    %usr %system  %guest    %CPU   CPU  Command
02:27:40         1063    0.00    0.50    0.00    0.50     8  jbd2/sda1-8
02:27:40         3139    0.00    0.50    0.00    0.50     6  kondemand/6
02:27:40         3180    0.00    1.00    0.00    1.00     3  kipmi0
02:27:40         4128    0.00    0.50    0.00    0.50    16  gmond
02:27:40        15910    0.50    1.00    0.00    1.50    25  top
02:27:40        15912    0.50    2.00    0.00    2.50    10  pidstat
02:27:40        15914    0.50    2.50    0.00    3.00    18  pidstat
02:27:40        15916    0.00    0.50    0.00    0.50    12  iostat
02:27:40        15924  190.50    0.50    0.00  191.00     0  bt-mz.B.32
02:27:40        15925  172.50    8.00    0.00  180.50    17  bt-mz.B.32
02:27:40        15926  168.50    9.50    0.00  178.00     2  bt-mz.B.32
02:27:40        15927  151.50   14.50    0.00  166.00    19  bt-mz.B.32
02:27:40        15928  145.00   17.50    0.00  162.50    20  bt-mz.B.32
02:27:40        15929  144.50   17.50    0.00  162.00    21  bt-mz.B.32
02:27:40        15930  131.50   22.50    0.00  154.00    22  bt-mz.B.32
02:27:40        15931  133.00   21.00    0.00  154.00    23  bt-mz.B.32
02:27:40        15932  132.50   21.00    0.00  153.50    24  bt-mz.B.32
02:27:40        15935  126.00   23.50    0.00  149.50     9  bt-mz.B.32
02:27:40        15937  126.50   26.00    0.00  152.50    26  bt-mz.B.32
02:27:40        15940  127.00   27.50    0.00  154.50    27  bt-mz.B.32
02:27:40        15943  124.50   27.50    0.00  152.00    28  bt-mz.B.32
02:27:40        15945  123.50   30.50    0.00  154.00    29  bt-mz.B.32

02:27:40          PID    %usr %system  %guest    %CPU   CPU  Command
02:27:42         3145    0.00    0.50    0.00    0.50    12  kondemand/12
02:27:42         4128    0.50    0.00    0.00    0.50    16  gmond
02:27:42        15910    0.50    0.50    0.00    1.00    25  top
02:27:42        15912    1.00    1.50    0.00    2.50    10  pidstat
02:27:42        15914    0.50    2.00    0.00    2.50     2  pidstat
02:27:42        15924  192.00    0.00    0.00  192.00     0  bt-mz.B.32
02:27:42        15925  175.50    7.00    0.00  182.50    17  bt-mz.B.32
02:27:42        15926  169.00    9.50    0.00  178.50    18  bt-mz.B.32
02:27:42        15927  154.50   13.00    0.00  167.50    19  bt-mz.B.32
02:27:42        15928  151.00   15.00    0.00  166.00    20  bt-mz.B.32
02:27:42        15929  149.50   16.00    0.00  165.50    21  bt-mz.B.32
02:27:42        15930  133.50   22.00    0.00  155.50    22  bt-mz.B.32
02:27:42        15931  132.00   22.00    0.00  154.00    23  bt-mz.B.32
02:27:42        15932  135.00   21.00    0.00  156.00    24  bt-mz.B.32
02:27:42        15935  130.50   22.00    0.00  152.50    25  bt-mz.B.32
02:27:42        15937  130.50   24.50    0.00  155.00    26  bt-mz.B.32
02:27:42        15940  128.50   27.50    0.00  156.00    27  bt-mz.B.32
02:27:42        15943  129.00   26.00    0.00  155.00    28  bt-mz.B.32
02:27:42        15945  128.50   27.00    0.00  155.50    29  bt-mz.B.32

02:27:42          PID    %usr %system  %guest    %CPU   CPU  Command
02:27:44         3133    0.00    0.50    0.00    0.50     0  kondemand/0
02:27:44         3148    0.00    0.50    0.00    0.50    15  kondemand/15
02:27:44         3150    0.00    0.50    0.00    0.50    17  kondemand/17
02:27:44         3161    0.00    0.50    0.00    0.50    28  kondemand/28
02:27:44         3180    0.00    0.50    0.00    0.50     3  kipmi0
02:27:44         4128    0.00    0.50    0.00    0.50    16  gmond
02:27:44        15910    0.50    1.00    0.00    1.50    25  top
02:27:44        15912    0.50    2.00    0.00    2.50    10  pidstat
02:27:44        15914    1.00    1.00    0.00    2.00     2  pidstat
02:27:44        15924  191.50    0.50    0.00  192.00    16  bt-mz.B.32
02:27:44        15925  174.50    7.00    0.00  181.50    17  bt-mz.B.32
02:27:44        15926  169.50    9.50    0.00  179.00    18  bt-mz.B.32
02:27:44        15927  151.50   15.50    0.00  167.00    19  bt-mz.B.32
02:27:44        15928  148.00   16.50    0.00  164.50    20  bt-mz.B.32
02:27:44        15929  148.50   16.00    0.00  164.50    21  bt-mz.B.32
02:27:44        15930  130.00   23.00    0.00  153.00    22  bt-mz.B.32
02:27:44        15931  132.00   20.50    0.00  152.50    23  bt-mz.B.32
02:27:44        15932  131.50   21.50    0.00  153.00    24  bt-mz.B.32
02:27:44        15935  127.50   23.00    0.00  150.50     9  bt-mz.B.32
02:27:44        15937  129.50   24.50    0.00  154.00    26  bt-mz.B.32
02:27:44        15940  126.00   28.00    0.00  154.00    27  bt-mz.B.32
02:27:44        15943  128.50   25.50    0.00  154.00    28  bt-mz.B.32
02:27:44        15945  123.50   29.50    0.00  153.00    29  bt-mz.B.32
