procs -----------memory---------- ---swap-- -----io---- --system-- -----cpu-----
 r  b   swpd   free   buff  cache   si   so    bi    bo   in   cs us sy id wa st
 7  0      0 64387232 215544 544736    0    0     0     1    0    0 38  2 60  0  0	
28  0      0 64045400 215544 571520    0    0     0    26 29597 66463 61  4 35  0  0	
24  0      0 64047488 215544 571580    0    0     0     0 28060 9127 84  0 16  0  0	
28  0      0 64048852 215544 571644    0    0     0    98 26900 8554 80  0 20  0  0	
28  0      0 64051604 215544 571704    0    0     0     0 27755 8931 83  0 17  0  0	
30  0      0 64054024 215544 571764    0    0     0     0 26535 8646 79  0 20  0  0	
27  0      0 64054932 215548 571828    0    0     0     6 26696 9059 80  0 20  0  0	
45  0      0 64057672 215548 571888    0    0     0     0 26796 8734 80  0 20  0  0	
36  0      0 64060076 215548 571956    0    0     0     8 27236 8807 82  0 18  0  0	
28  0      0 64060444 215548 572016    0    0     0     0 26751 8884 80  0 20  0  0	
39  0      0 64061364 215548 572080    0    0     0     0 27629 8960 82  0 18  0  0	
41  0      0 64061720 215548 572140    0    0     0     6 27545 9069 82  0 17  0  0	
29  0      0 64061844 215548 572200    0    0     0   106 28407 9357 85  0 15  0  0	
29  0      0 64061836 215548 572268    0    0     0     0 27135 8615 81  0 19  0  0	
29  0      0 64061712 215548 572328    0    0     0     0 27455 8782 82  0 18  0  0	
42  0      0 64061572 215548 572400    0    0     0    10 27668 8977 83  0 17  0  0	
43  0      0 64061572 215548 572460    0    0     0    12 27472 9051 82  0 18  0  0	
42  0      0 64061224 215548 572524    0    0     0  6142 29875 8913 81  0 19  0  0	
28  0      0 64061216 215548 572592    0    0     0     0 27514 9544 82  0 18  0  0	
47  0      0 64061092 215548 572652    0    0     0     0 28196 9118 84  0 16  0  0	
47  0      0 64060836 215548 572716    0    0     0  1358 28507 8908 82  0 18  0  0	
procs -----------memory---------- ---swap-- -----io---- --system-- -----cpu-----
 r  b   swpd   free   buff  cache   si   so    bi    bo   in   cs us sy id wa st
27  0      0 64060952 215548 572776    0    0     0     0 27996 9276 83  0 17  0  0	
26  0      0 64060860 215548 572844    0    0     0    10 27772 8845 83  0 17  0  0	
27  0      0 64060960 215548 572904    0    0     0     0 27245 8967 81  0 19  0  0	
30  0      0 64060960 215548 572968    0    0     0     0 27613 8766 82  0 18  0  0	
