Linux 2.6.32-279.14.1.el6.x86_64 (compute-641-14.local) 	04/21/20 	_x86_64_	(32 CPU)

03:51:23          PID    %usr %system  %guest    %CPU   CPU  Command
03:51:25          109    0.00    0.49    0.00    0.49    26  ksoftirqd/26
03:51:25          933    2.96    1.97    0.00    4.93    24  mpirun
03:51:25          939    0.00    0.99    0.00    0.99    24  top
03:51:25          941    0.49    1.48    0.00    1.97    21  pidstat
03:51:25          943    0.49    2.46    0.00    2.96     4  pidstat
03:51:25          952   84.73    5.91    0.00   90.64     3  bt-mz.B.24
03:51:25          953   86.70    6.90    0.00   93.60     6  bt-mz.B.24
03:51:25          954   85.71    6.40    0.00   92.12     1  bt-mz.B.24
03:51:25          955   89.66    6.40    0.00   96.06    25  bt-mz.B.24
03:51:25          956   81.28    6.90    0.00   88.18     0  bt-mz.B.24
03:51:25          957   89.16    5.91    0.00   95.07    31  bt-mz.B.24
03:51:25          958   89.16    6.90    0.00   96.06    28  bt-mz.B.24
03:51:25          959   80.79    5.42    0.00   86.21    17  bt-mz.B.24
03:51:25          960   85.71    6.90    0.00   92.61    26  bt-mz.B.24
03:51:25          961   72.41    5.91    0.00   78.33     2  bt-mz.B.24
03:51:25          963   81.28    6.90    0.00   88.18     8  bt-mz.B.24
03:51:25          964   81.77    5.91    0.00   87.68    20  bt-mz.B.24
03:51:25          965   86.21    5.42    0.00   91.63     7  bt-mz.B.24
03:51:25          966   77.83    5.91    0.00   83.74    21  bt-mz.B.24
03:51:25          967   75.86    5.91    0.00   81.77    16  bt-mz.B.24
03:51:25          969   76.85    5.91    0.00   82.76     3  bt-mz.B.24
03:51:25          971   90.64    5.42    0.00   96.06    13  bt-mz.B.24
03:51:25          975   89.66    5.42    0.00   95.07    12  bt-mz.B.24
03:51:25          977   90.15    4.93    0.00   95.07    27  bt-mz.B.24
03:51:25          979   77.83    5.42    0.00   83.25    19  bt-mz.B.24
03:51:25          980   88.67    5.42    0.00   94.09    15  bt-mz.B.24
03:51:25          982   80.79    5.91    0.00   86.70    22  bt-mz.B.24
03:51:25          984   89.16    5.91    0.00   95.07    14  bt-mz.B.24
03:51:25          986   74.38    5.42    0.00   79.80     5  bt-mz.B.24
03:51:25         3133    0.00    0.49    0.00    0.49     0  kondemand/0
03:51:25         3141    0.00    0.49    0.00    0.49     8  kondemand/8
03:51:25         3180    0.00    0.49    0.00    0.49    18  kipmi0

03:51:25          PID    %usr %system  %guest    %CPU   CPU  Command
03:51:27          939    1.00    0.50    0.00    1.50    24  top
03:51:27          941    0.50    1.50    0.00    2.00     5  pidstat
03:51:27          943    0.50    1.00    0.00    1.50     4  pidstat
03:51:27          952  119.50    0.00    0.00  119.50    19  bt-mz.B.24
03:51:27          953  105.00    0.00    0.00  105.00     4  bt-mz.B.24
03:51:27          954  110.50    0.00    0.00  110.50     1  bt-mz.B.24
03:51:27          955  114.00    0.50    0.00  114.50     9  bt-mz.B.24
03:51:27          956   96.50    0.00    0.00   96.50    22  bt-mz.B.24
03:51:27          957  108.00    0.00    0.00  108.00    11  bt-mz.B.24
03:51:27          958  112.00    0.00    0.00  112.00    28  bt-mz.B.24
03:51:27          959  107.50    0.50    0.00  108.00    17  bt-mz.B.24
03:51:27          960  108.50    0.00    0.00  108.50    29  bt-mz.B.24
03:51:27          961  105.00    0.00    0.00  105.00     6  bt-mz.B.24
03:51:27          963  110.00    0.50    0.00  110.50    27  bt-mz.B.24
03:51:27          964   98.00    0.00    0.00   98.00     7  bt-mz.B.24
03:51:27          965  105.00    0.00    0.00  105.00     2  bt-mz.B.24
03:51:27          966  105.00    0.00    0.00  105.00     0  bt-mz.B.24
03:51:27          967  102.00    0.50    0.00  102.50    23  bt-mz.B.24
03:51:27          969   94.00    0.50    0.00   94.50     5  bt-mz.B.24
03:51:27          971  110.50    0.50    0.00  111.00    13  bt-mz.B.24
03:51:27          975  108.50    0.00    0.00  108.50     8  bt-mz.B.24
03:51:27          977  110.50    0.00    0.00  110.50    31  bt-mz.B.24
03:51:27          979  112.50    0.00    0.00  112.50    20  bt-mz.B.24
03:51:27          980  110.50    0.00    0.00  110.50    14  bt-mz.B.24
03:51:27          982  100.00    0.00    0.00  100.00    22  bt-mz.B.24
03:51:27          984  112.00    0.00    0.00  112.00    10  bt-mz.B.24
03:51:27          986  102.50    0.00    0.00  102.50    21  bt-mz.B.24
03:51:27         3136    0.00    0.50    0.00    0.50     3  kondemand/3
03:51:27         3146    0.00    0.50    0.00    0.50    13  kondemand/13
03:51:27         3162    0.00    0.50    0.00    0.50    29  kondemand/29
03:51:27         3684    0.00    0.50    0.00    0.50     6  snmpd
03:51:27         3852    0.00    0.50    0.00    0.50    24  pbs_mom

03:51:27          PID    %usr %system  %guest    %CPU   CPU  Command
03:51:29          939    0.50    1.00    0.00    1.50    24  top
03:51:29          941    1.00    1.50    0.00    2.50    21  pidstat
03:51:29          943    0.50    1.50    0.00    2.00     4  pidstat
03:51:29          952  115.50    0.00    0.00  115.50    17  bt-mz.B.24
03:51:29          953  103.00    0.00    0.00  103.00     4  bt-mz.B.24
03:51:29          954  112.00    0.00    0.00  112.00     3  bt-mz.B.24
03:51:29          955  113.00    0.00    0.00  113.00    25  bt-mz.B.24
03:51:29          956   85.00    0.00    0.00   85.00    22  bt-mz.B.24
03:51:29          957  109.50    0.00    0.00  109.50    11  bt-mz.B.24
03:51:29          958  110.00    0.00    0.00  110.00    28  bt-mz.B.24
03:51:29          959  104.00    0.00    0.00  104.00     1  bt-mz.B.24
03:51:29          960  104.50    0.00    0.00  104.50    13  bt-mz.B.24
03:51:29          961   81.00    0.00    0.00   81.00     6  bt-mz.B.24
03:51:29          963  103.50    0.00    0.00  103.50    27  bt-mz.B.24
03:51:29          964   91.00    0.50    0.00   91.50     6  bt-mz.B.24
03:51:29          965  103.50    0.00    0.00  103.50    18  bt-mz.B.24
03:51:29          966  108.50    0.50    0.00  109.00    16  bt-mz.B.24
03:51:29          967  109.00    0.00    0.00  109.00    23  bt-mz.B.24
03:51:29          969  105.00    0.00    0.00  105.00     5  bt-mz.B.24
03:51:29          971  110.50    0.00    0.00  110.50    29  bt-mz.B.24
03:51:29          975  110.50    0.00    0.00  110.50    12  bt-mz.B.24
03:51:29          977  112.50    0.00    0.00  112.50    31  bt-mz.B.24
03:51:29          979   99.50    0.50    0.00  100.00    20  bt-mz.B.24
03:51:29          980  112.00    0.00    0.00  112.00    30  bt-mz.B.24
03:51:29          982   90.50    0.00    0.00   90.50     0  bt-mz.B.24
03:51:29          984  112.50    0.00    0.00  112.50    26  bt-mz.B.24
03:51:29          986  100.50    0.50    0.00  101.00    19  bt-mz.B.24
03:51:29         3163    0.00    0.50    0.00    0.50    30  kondemand/30

03:51:29          PID    %usr %system  %guest    %CPU   CPU  Command
03:51:31          941    0.50    1.50    0.00    2.00    21  pidstat
03:51:31          943    0.50    1.50    0.00    2.00     4  pidstat
03:51:31          952  110.50    0.00    0.00  110.50     5  bt-mz.B.24
03:51:31          953  110.50    0.00    0.00  110.50     7  bt-mz.B.24
03:51:31          954  106.00    0.50    0.00  106.50    20  bt-mz.B.24
03:51:31          955  110.50    0.00    0.00  110.50     9  bt-mz.B.24
03:51:31          956  102.50    0.00    0.00  102.50     2  bt-mz.B.24
03:51:31          957  111.50    0.00    0.00  111.50    27  bt-mz.B.24
03:51:31          958  109.50    0.00    0.00  109.50    12  bt-mz.B.24
03:51:31          959  105.00    0.00    0.00  105.00     4  bt-mz.B.24
03:51:31          960  108.00    0.00    0.00  108.00    11  bt-mz.B.24
03:51:31          961  105.00    0.50    0.00  105.50    16  bt-mz.B.24
03:51:31          963  110.00    0.00    0.00  110.00    28  bt-mz.B.24
03:51:31          964   93.50    0.00    0.00   93.50    22  bt-mz.B.24
03:51:31          965  108.50    0.00    0.00  108.50    18  bt-mz.B.24
03:51:31          966  106.00    0.00    0.00  106.00     0  bt-mz.B.24
03:51:31          967   96.50    0.00    0.00   96.50    23  bt-mz.B.24
03:51:31          969  107.00    0.00    0.00  107.00     1  bt-mz.B.24
03:51:31          971  108.00    0.00    0.00  108.00    10  bt-mz.B.24
03:51:31          975  109.00    0.00    0.00  109.00     8  bt-mz.B.24
03:51:31          977  112.50    0.00    0.00  112.50    15  bt-mz.B.24
03:51:31          979   90.50    0.00    0.00   90.50    23  bt-mz.B.24
03:51:31          980  111.50    0.00    0.00  111.50    30  bt-mz.B.24
03:51:31          982   98.50    0.00    0.00   98.50     6  bt-mz.B.24
03:51:31          984  110.50    0.00    0.00  110.50    29  bt-mz.B.24
03:51:31          986  103.50    0.50    0.00  104.00    19  bt-mz.B.24
03:51:31         3144    0.00    0.50    0.00    0.50    11  kondemand/11
03:51:31         3153    0.00    0.50    0.00    0.50    20  kondemand/20

03:51:31          PID    %usr %system  %guest    %CPU   CPU  Command
03:51:33          939    0.50    1.00    0.00    1.50     8  top
03:51:33          941    0.50    2.00    0.00    2.50    21  pidstat
03:51:33          943    1.00    2.50    0.00    3.50     3  pidstat
03:51:33          952  111.00    0.00    0.00  111.00    25  bt-mz.B.24
03:51:33          953  114.00    0.00    0.00  114.00     2  bt-mz.B.24
03:51:33          954  119.50    0.50    0.00  120.00     5  bt-mz.B.24
03:51:33          955  110.50    0.00    0.00  110.50    24  bt-mz.B.24
03:51:33          956  109.00    0.00    0.00  109.00     1  bt-mz.B.24
03:51:33          957  114.00    0.00    0.00  114.00    26  bt-mz.B.24
03:51:33          958  111.00    0.00    0.00  111.00    29  bt-mz.B.24
03:51:33          959  109.50    0.00    0.00  109.50    18  bt-mz.B.24
03:51:33          960  114.50    0.00    0.00  114.50    11  bt-mz.B.24
03:51:33          961  114.50    0.00    0.00  114.50    16  bt-mz.B.24
03:51:33          963  115.00    0.00    0.00  115.00    12  bt-mz.B.24
03:51:33          964   95.00    0.00    0.00   95.00    21  bt-mz.B.24
03:51:33          965  113.50    0.50    0.00  114.00    17  bt-mz.B.24
03:51:33          966  102.50    0.00    0.00  102.50    19  bt-mz.B.24
03:51:33          967  104.50    0.00    0.00  104.50    20  bt-mz.B.24
03:51:33          969  109.50    0.00    0.00  109.50     4  bt-mz.B.24
03:51:33          971  115.00    0.00    0.00  115.00    10  bt-mz.B.24
03:51:33          975  114.50    0.00    0.00  114.50     8  bt-mz.B.24
03:51:33          977  111.00    0.00    0.00  111.00    28  bt-mz.B.24
03:51:33          979  102.50    0.00    0.00  102.50     6  bt-mz.B.24
03:51:33          980  117.00    0.00    0.00  117.00    14  bt-mz.B.24
03:51:33          982  104.50    0.00    0.00  104.50     7  bt-mz.B.24
03:51:33          984  113.50    0.00    0.00  113.50    15  bt-mz.B.24
03:51:33          986  105.50    0.00    0.00  105.50     0  bt-mz.B.24
03:51:33         3149    0.00    0.50    0.00    0.50    16  kondemand/16
03:51:33         3155    0.00    0.50    0.00    0.50    22  kondemand/22
03:51:33         3159    0.00    0.50    0.00    0.50    26  kondemand/26
03:51:33         3160    0.00    0.50    0.00    0.50    27  kondemand/27

03:51:33          PID    %usr %system  %guest    %CPU   CPU  Command
03:51:35          939    0.50    0.50    0.00    1.00    13  top
03:51:35          941    0.50    2.00    0.00    2.50    21  pidstat
03:51:35          943    0.50    0.50    0.00    1.00     3  pidstat
03:51:35          952  118.00    0.00    0.00  118.00    13  bt-mz.B.24
03:51:35          953  107.00    0.50    0.00  107.50    18  bt-mz.B.24
03:51:35          954  107.50    0.00    0.00  107.50     3  bt-mz.B.24
03:51:35          955  110.50    0.00    0.00  110.50    29  bt-mz.B.24
03:51:35          956  105.50    0.00    0.00  105.50     6  bt-mz.B.24
03:51:35          957  113.50    0.00    0.00  113.50    12  bt-mz.B.24
03:51:35          958  112.00    0.00    0.00  112.00    29  bt-mz.B.24
03:51:35          959  109.00    0.00    0.00  109.00     0  bt-mz.B.24
03:51:35          960  111.50    0.00    0.00  111.50     9  bt-mz.B.24
03:51:35          961  107.00    0.00    0.00  107.00    16  bt-mz.B.24
03:51:35          963  109.00    0.00    0.00  109.00    24  bt-mz.B.24
03:51:35          964  108.00    0.00    0.00  108.00     5  bt-mz.B.24
03:51:35          965  108.50    0.00    0.00  108.50     1  bt-mz.B.24
03:51:35          966  113.00    0.00    0.00  113.00    19  bt-mz.B.24
03:51:35          967  111.00    0.00    0.00  111.00    20  bt-mz.B.24
03:51:35          969  100.50    0.00    0.00  100.50    17  bt-mz.B.24
03:51:35          971  108.00    0.00    0.00  108.00    25  bt-mz.B.24
03:51:35          975  112.00    0.00    0.00  112.00     8  bt-mz.B.24
03:51:35          977  104.50    0.00    0.00  104.50    11  bt-mz.B.24
03:51:35          979  102.50    0.00    0.00  102.50     5  bt-mz.B.24
03:51:35          980  111.50    0.00    0.00  111.50    30  bt-mz.B.24
03:51:35          982  113.50    0.00    0.00  113.50    23  bt-mz.B.24
03:51:35          984  112.50    0.00    0.00  112.50    31  bt-mz.B.24
03:51:35          986   98.00    0.00    0.00   98.00     2  bt-mz.B.24

03:51:35          PID    %usr %system  %guest    %CPU   CPU  Command
03:51:37          939    0.50    1.00    0.00    1.50    13  top
03:51:37          941    1.00    1.50    0.00    2.50    21  pidstat
03:51:37          943    1.00    2.50    0.00    3.50     3  pidstat
03:51:37          952  112.50    0.00    0.00  112.50    13  bt-mz.B.24
03:51:37          953  110.50    0.00    0.00  110.50    18  bt-mz.B.24
03:51:37          954  111.50    0.00    0.00  111.50    19  bt-mz.B.24
03:51:37          955  110.50    0.00    0.00  110.50    25  bt-mz.B.24
03:51:37          956   94.50    0.00    0.00   94.50    19  bt-mz.B.24
03:51:37          957  111.50    0.00    0.00  111.50    31  bt-mz.B.24
03:51:37          958  106.00    0.00    0.00  106.00    29  bt-mz.B.24
03:51:37          959  105.50    0.00    0.00  105.50     5  bt-mz.B.24
03:51:37          960  110.00    0.50    0.00  110.50     9  bt-mz.B.24
03:51:37          961  108.00    0.00    0.00  108.00     6  bt-mz.B.24
03:51:37          963  111.00    0.00    0.00  111.00    28  bt-mz.B.24
03:51:37          964  107.00    0.00    0.00  107.00    21  bt-mz.B.24
03:51:37          965  110.00    0.00    0.00  110.00    16  bt-mz.B.24
03:51:37          966   92.00    0.00    0.00   92.00    22  bt-mz.B.24
03:51:37          967  110.00    0.50    0.00  110.50    20  bt-mz.B.24
03:51:37          969  107.50    0.00    0.00  107.50    17  bt-mz.B.24
03:51:37          971  111.00    0.00    0.00  111.00    27  bt-mz.B.24
03:51:37          975  100.00    0.00    0.00  100.00    14  bt-mz.B.24
03:51:37          977  111.00    0.00    0.00  111.00    10  bt-mz.B.24
03:51:37          979  104.50    0.50    0.00  105.00     1  bt-mz.B.24
03:51:37          980  112.00    0.00    0.00  112.00    24  bt-mz.B.24
03:51:37          982  112.00    0.00    0.00  112.00    23  bt-mz.B.24
03:51:37          984  111.00    0.50    0.00  111.50    12  bt-mz.B.24
03:51:37          986  105.00    0.00    0.00  105.00     2  bt-mz.B.24
03:51:37         3137    0.00    0.50    0.00    0.50     4  kondemand/4
03:51:37         3143    0.00    0.50    0.00    0.50    10  kondemand/10
03:51:37         3158    0.00    0.50    0.00    0.50    25  kondemand/25

03:51:37          PID    %usr %system  %guest    %CPU   CPU  Command
03:51:39          939    0.50    0.50    0.00    1.00    13  top
03:51:39          941    0.50    1.50    0.00    2.00    21  pidstat
03:51:39          943    0.50    1.50    0.00    2.00     3  pidstat
03:51:39          952  117.00    0.00    0.00  117.00    30  bt-mz.B.24
03:51:39          953  106.50    0.00    0.00  106.50     5  bt-mz.B.24
03:51:39          954  114.50    0.00    0.00  114.50    19  bt-mz.B.24
03:51:39          955  105.00    0.00    0.00  105.00    31  bt-mz.B.24
03:51:39          956  105.50    0.00    0.00  105.50     3  bt-mz.B.24
03:51:39          957  108.50    0.00    0.00  108.50     9  bt-mz.B.24
03:51:39          958  112.00    0.00    0.00  112.00    13  bt-mz.B.24
03:51:39          959  105.50    0.00    0.00  105.50    16  bt-mz.B.24
03:51:39          960  106.50    0.00    0.00  106.50    11  bt-mz.B.24
03:51:39          961  111.00    0.00    0.00  111.00     6  bt-mz.B.24
03:51:39          963  111.00    0.00    0.00  111.00    25  bt-mz.B.24
03:51:39          964  107.50    0.00    0.00  107.50     5  bt-mz.B.24
03:51:39          965  110.50    0.00    0.00  110.50     0  bt-mz.B.24
03:51:39          966  103.00    0.00    0.00  103.00    20  bt-mz.B.24
03:51:39          967  106.00    0.00    0.00  106.00    18  bt-mz.B.24
03:51:39          969  108.00    0.50    0.00  108.50     1  bt-mz.B.24
03:51:39          971  107.50    0.00    0.00  107.50    27  bt-mz.B.24
03:51:39          975  109.50    0.00    0.00  109.50     8  bt-mz.B.24
03:51:39          977  105.50    0.00    0.00  105.50    24  bt-mz.B.24
03:51:39          979  103.50    0.00    0.00  103.50     7  bt-mz.B.24
03:51:39          980  111.00    0.00    0.00  111.00    10  bt-mz.B.24
03:51:39          982  103.00    0.00    0.00  103.00    23  bt-mz.B.24
03:51:39          984  113.50    0.00    0.00  113.50    12  bt-mz.B.24
03:51:39          986  104.00    0.50    0.00  104.50     2  bt-mz.B.24
03:51:39         3154    0.00    0.50    0.00    0.50    21  kondemand/21

03:51:39          PID    %usr %system  %guest    %CPU   CPU  Command
03:51:41          129    0.00    0.50    0.00    0.50    31  ksoftirqd/31
03:51:41          939    0.50    1.00    0.00    1.50    13  top
03:51:41          941    0.50    2.00    0.00    2.50    21  pidstat
03:51:41          943    0.50    2.00    0.00    2.50     3  pidstat
03:51:41          952  121.00    0.00    0.00  121.00    11  bt-mz.B.24
03:51:41          953  109.50    0.00    0.00  109.50     2  bt-mz.B.24
03:51:41          954  113.50    0.00    0.00  113.50    17  bt-mz.B.24
03:51:41          955  113.00    0.00    0.00  113.00    29  bt-mz.B.24
03:51:41          956  106.00    0.00    0.00  106.00    19  bt-mz.B.24
03:51:41          957  112.00    0.50    0.00  112.50    27  bt-mz.B.24
03:51:41          958  111.50    0.00    0.00  111.50    25  bt-mz.B.24
03:51:41          959  108.00    0.00    0.00  108.00     4  bt-mz.B.24
03:51:41          960  113.50    0.00    0.00  113.50    13  bt-mz.B.24
03:51:41          961  109.50    0.00    0.00  109.50    22  bt-mz.B.24
03:51:41          963  105.00    0.00    0.00  105.00    26  bt-mz.B.24
03:51:41          964  107.00    0.00    0.00  107.00    23  bt-mz.B.24
03:51:41          965  110.00    0.00    0.00  110.00    16  bt-mz.B.24
03:51:41          966  110.00    0.00    0.00  110.00    20  bt-mz.B.24
03:51:41          967  114.50    0.00    0.00  114.50    18  bt-mz.B.24
03:51:41          969  106.50    0.00    0.00  106.50     1  bt-mz.B.24
03:51:41          971  111.50    0.00    0.00  111.50     9  bt-mz.B.24
03:51:41          975  113.00    0.00    0.00  113.00    31  bt-mz.B.24
03:51:41          977  112.00    0.00    0.00  112.00     8  bt-mz.B.24
03:51:41          979  110.00    0.00    0.00  110.00     5  bt-mz.B.24
03:51:41          980  107.00    0.00    0.00  107.00    30  bt-mz.B.24
03:51:41          982  108.00    0.00    0.00  108.00     3  bt-mz.B.24
03:51:41          984  109.50    0.00    0.00  109.50    28  bt-mz.B.24
03:51:41          986  106.00    0.50    0.00  106.50     6  bt-mz.B.24
03:51:41         3138    0.00    0.50    0.00    0.50     5  kondemand/5
03:51:41         3157    0.00    0.50    0.00    0.50    24  kondemand/24

03:51:41          PID    %usr %system  %guest    %CPU   CPU  Command
03:51:43          939    0.50    0.50    0.00    1.00    13  top
03:51:43          941    0.50    1.50    0.00    2.00    21  pidstat
03:51:43          943    0.50    1.00    0.00    1.50     3  pidstat
03:51:43          945    0.00    0.50    0.00    0.50    12  iostat
03:51:43          952  111.50    0.50    0.00  112.00    31  bt-mz.B.24
03:51:43          953  108.00    0.00    0.00  108.00     0  bt-mz.B.24
03:51:43          954  111.50    0.00    0.00  111.50    17  bt-mz.B.24
03:51:43          955  107.50    0.00    0.00  107.50    30  bt-mz.B.24
03:51:43          956   99.00    0.00    0.00   99.00     5  bt-mz.B.24
03:51:43          957  106.50    0.00    0.00  106.50    11  bt-mz.B.24
03:51:43          958  108.50    0.00    0.00  108.50    10  bt-mz.B.24
03:51:43          959  105.50    0.00    0.00  105.50    19  bt-mz.B.24
03:51:43          960  110.00    0.00    0.00  110.00    13  bt-mz.B.24
03:51:43          961  103.50    0.00    0.00  103.50     6  bt-mz.B.24
03:51:43          963  106.50    0.50    0.00  107.00    26  bt-mz.B.24
03:51:43          964  109.50    0.00    0.00  109.50    23  bt-mz.B.24
03:51:43          965  109.50    0.00    0.00  109.50    16  bt-mz.B.24
03:51:43          966  105.00    0.00    0.00  105.00     4  bt-mz.B.24
03:51:43          967  105.50    0.00    0.00  105.50    18  bt-mz.B.24
03:51:43          969   97.50    0.00    0.00   97.50    22  bt-mz.B.24
03:51:43          971  106.50    0.00    0.00  106.50    28  bt-mz.B.24
03:51:43          975  110.50    0.00    0.00  110.50    14  bt-mz.B.24
03:51:43          977  112.50    0.00    0.00  112.50     8  bt-mz.B.24
03:51:43          979  105.00    0.00    0.00  105.00    22  bt-mz.B.24
03:51:43          980  111.00    0.00    0.00  111.00     9  bt-mz.B.24
03:51:43          982  107.50    0.00    0.00  107.50     3  bt-mz.B.24
03:51:43          984  111.50    0.00    0.00  111.50    12  bt-mz.B.24
03:51:43          986  100.50    0.00    0.00  100.50     1  bt-mz.B.24
03:51:43         3135    0.00    0.50    0.00    0.50     2  kondemand/2
03:51:43         3156    0.00    0.50    0.00    0.50    23  kondemand/23
03:51:43         3164    0.00    0.50    0.00    0.50    31  kondemand/31
03:51:43         3180    0.00    0.50    0.00    0.50     7  kipmi0

03:51:43          PID    %usr %system  %guest    %CPU   CPU  Command
03:51:45          939    0.50    1.00    0.00    1.50    13  top
03:51:45          941    0.50    2.00    0.00    2.50    21  pidstat
03:51:45          943    1.00    2.00    0.00    3.00     3  pidstat
03:51:45          952  118.00    0.00    0.00  118.00    31  bt-mz.B.24
03:51:45          953  109.50    0.00    0.00  109.50     5  bt-mz.B.24
03:51:45          954  105.00    0.00    0.00  105.00    16  bt-mz.B.24
03:51:45          955  111.50    0.00    0.00  111.50    28  bt-mz.B.24
03:51:45          956  110.50    0.00    0.00  110.50     0  bt-mz.B.24
03:51:45          957  109.50    0.00    0.00  109.50    27  bt-mz.B.24
03:51:45          958  113.50    0.00    0.00  113.50    30  bt-mz.B.24
03:51:45          959  105.50    0.00    0.00  105.50     6  bt-mz.B.24
03:51:45          960  110.00    0.00    0.00  110.00    12  bt-mz.B.24
03:51:45          961  111.50    0.00    0.00  111.50    18  bt-mz.B.24
03:51:45          963  108.50    0.00    0.00  108.50    26  bt-mz.B.24
03:51:45          964  114.00    0.00    0.00  114.00     7  bt-mz.B.24
03:51:45          965  101.00    0.50    0.00  101.50    19  bt-mz.B.24
03:51:45          966  105.00    0.00    0.00  105.00    21  bt-mz.B.24
03:51:45          967  103.00    0.00    0.00  103.00    16  bt-mz.B.24
03:51:45          969  102.00    0.00    0.00  102.00    20  bt-mz.B.24
03:51:45          971  109.50    0.00    0.00  109.50     8  bt-mz.B.24
03:51:45          975  110.50    0.00    0.00  110.50    29  bt-mz.B.24
03:51:45          977  106.00    0.00    0.00  106.00    24  bt-mz.B.24
03:51:45          979   97.00    0.00    0.00   97.00    17  bt-mz.B.24
03:51:45          980  113.50    0.00    0.00  113.50     9  bt-mz.B.24
03:51:45          982  107.00    0.50    0.00  107.50     3  bt-mz.B.24
03:51:45          984  104.00    0.00    0.00  104.00    11  bt-mz.B.24
03:51:45          986  100.50    0.00    0.00  100.50     1  bt-mz.B.24
03:51:45         3142    0.00    0.50    0.00    0.50     9  kondemand/9
03:51:45         3145    0.00    0.50    0.00    0.50    12  kondemand/12
03:51:45         3148    0.00    0.50    0.00    0.50    15  kondemand/15

03:51:45          PID    %usr %system  %guest    %CPU   CPU  Command
03:51:47          131    0.00    0.50    0.00    0.50     0  events/0
03:51:47          939    0.50    1.00    0.00    1.50    29  top
03:51:47          941    0.50    1.50    0.00    2.00    21  pidstat
03:51:47          943    0.50    2.00    0.00    2.50     3  pidstat
03:51:47          952  120.50    0.00    0.00  120.50    31  bt-mz.B.24
03:51:47          953  107.50    0.00    0.00  107.50     4  bt-mz.B.24
03:51:47          954  108.50    0.00    0.00  108.50    16  bt-mz.B.24
03:51:47          955  104.50    0.00    0.00  104.50    28  bt-mz.B.24
03:51:47          956  105.00    0.00    0.00  105.00    23  bt-mz.B.24
03:51:47          957  113.50    0.00    0.00  113.50    26  bt-mz.B.24
03:51:47          958  107.00    0.00    0.00  107.00    12  bt-mz.B.24
03:51:47          959   97.50    0.50    0.00   98.00     7  bt-mz.B.24
03:51:47          960  109.50    0.00    0.00  109.50     9  bt-mz.B.24
03:51:47          961  103.00    0.00    0.00  103.00     2  bt-mz.B.24
03:51:47          963  112.50    0.00    0.00  112.50    10  bt-mz.B.24
03:51:47          964  101.50    0.00    0.00  101.50     7  bt-mz.B.24
03:51:47          965  107.50    0.00    0.00  107.50    19  bt-mz.B.24
03:51:47          966  110.00    0.00    0.00  110.00     5  bt-mz.B.24
03:51:47          967   99.50    0.00    0.00   99.50     0  bt-mz.B.24
03:51:47          969  107.00    0.00    0.00  107.00    20  bt-mz.B.24
03:51:47          971  103.00    0.00    0.00  103.00    12  bt-mz.B.24
03:51:47          975  113.00    0.00    0.00  113.00    13  bt-mz.B.24
03:51:47          977  109.50    0.00    0.00  109.50    14  bt-mz.B.24
03:51:47          979  107.00    0.00    0.00  107.00     6  bt-mz.B.24
03:51:47          980  111.50    0.00    0.00  111.50     8  bt-mz.B.24
03:51:47          982  100.00    0.00    0.00  100.00    18  bt-mz.B.24
03:51:47          984  111.00    0.00    0.00  111.00    11  bt-mz.B.24
03:51:47          986  111.00    0.00    0.00  111.00     1  bt-mz.B.24
03:51:47         3150    0.00    0.50    0.00    0.50    17  kondemand/17
03:51:47         3852    0.00    0.50    0.00    0.50     1  pbs_mom

03:51:47          PID    %usr %system  %guest    %CPU   CPU  Command
03:51:49          939    1.00    0.50    0.00    1.50    29  top
03:51:49          941    1.00    1.50    0.00    2.50    21  pidstat
03:51:49          943    1.00    2.00    0.00    3.00    19  pidstat
03:51:49          952  120.50    0.00    0.00  120.50    31  bt-mz.B.24
03:51:49          953  108.50    0.00    0.00  108.50     7  bt-mz.B.24
03:51:49          954   99.50    0.00    0.00   99.50     4  bt-mz.B.24
03:51:49          955   79.00    0.00    0.00   79.00    12  bt-mz.B.24
03:51:49          956   88.00    0.00    0.00   88.00    23  bt-mz.B.24
03:51:49          957  114.50    0.00    0.00  114.50    26  bt-mz.B.24
03:51:49          958   86.50    0.00    0.00   86.50    10  bt-mz.B.24
03:51:49          959   89.50    0.00    0.00   89.50    23  bt-mz.B.24
03:51:49          960  114.00    0.00    0.00  114.00    25  bt-mz.B.24
03:51:49          961  100.50    0.50    0.00  101.00    21  bt-mz.B.24
03:51:49          963  113.00    0.00    0.00  113.00    28  bt-mz.B.24
03:51:49          964  100.00    0.50    0.00  100.50     3  bt-mz.B.24
03:51:49          965  109.00    0.00    0.00  109.00    16  bt-mz.B.24
03:51:49          966  107.00    0.00    0.00  107.00     5  bt-mz.B.24
03:51:49          967  107.00    0.00    0.00  107.00     0  bt-mz.B.24
03:51:49          969  105.00    0.00    0.00  105.00    20  bt-mz.B.24
03:51:49          971   89.00    0.00    0.00   89.00    13  bt-mz.B.24
03:51:49          975  113.00    0.00    0.00  113.00    29  bt-mz.B.24
03:51:49          977  114.00    0.00    0.00  114.00    30  bt-mz.B.24
03:51:49          979  114.00    0.00    0.00  114.00    22  bt-mz.B.24
03:51:49          980  112.00    0.00    0.00  112.00     8  bt-mz.B.24
03:51:49          982  108.50    0.00    0.00  108.50    18  bt-mz.B.24
03:51:49          984  113.50    0.00    0.00  113.50    11  bt-mz.B.24
03:51:49          986  112.50    0.00    0.00  112.50     1  bt-mz.B.24

03:51:49          PID    %usr %system  %guest    %CPU   CPU  Command
03:51:51          939    0.50    0.50    0.00    1.00    29  top
03:51:51          941    0.50    2.00    0.00    2.50     5  pidstat
03:51:51          943    0.50    0.50    0.00    1.00    19  pidstat
03:51:51          952  115.00    0.00    0.00  115.00    31  bt-mz.B.24
03:51:51          953   95.50    0.50    0.00   96.00    23  bt-mz.B.24
03:51:51          954  111.50    0.00    0.00  111.50     4  bt-mz.B.24
03:51:51          955  100.50    0.00    0.00  100.50    28  bt-mz.B.24
03:51:51          956  102.00    0.00    0.00  102.00     1  bt-mz.B.24
03:51:51          957  108.00    0.00    0.00  108.00    10  bt-mz.B.24
03:51:51          958  106.00    0.00    0.00  106.00    26  bt-mz.B.24
03:51:51          959  100.50    0.50    0.00  101.00     7  bt-mz.B.24
03:51:51          960  108.50    0.00    0.00  108.50    25  bt-mz.B.24
03:51:51          961  100.50    0.00    0.00  100.50    18  bt-mz.B.24
03:51:51          963  105.50    0.00    0.00  105.50    12  bt-mz.B.24
03:51:51          964  105.50    0.00    0.00  105.50    19  bt-mz.B.24
03:51:51          965  103.50    0.00    0.00  103.50    22  bt-mz.B.24
03:51:51          966  106.00    0.00    0.00  106.00    21  bt-mz.B.24
03:51:51          967  108.50    0.00    0.00  108.50     0  bt-mz.B.24
03:51:51          969  100.50    0.00    0.00  100.50    20  bt-mz.B.24
03:51:51          971  107.50    0.00    0.00  107.50    13  bt-mz.B.24
03:51:51          975   97.50    0.50    0.00   98.00    29  bt-mz.B.24
03:51:51          977  109.00    0.50    0.00  109.50    14  bt-mz.B.24
03:51:51          979  102.50    0.00    0.00  102.50     6  bt-mz.B.24
03:51:51          980  108.50    0.00    0.00  108.50    24  bt-mz.B.24
03:51:51          982  106.50    0.00    0.00  106.50     2  bt-mz.B.24
03:51:51          984  109.50    0.00    0.00  109.50    27  bt-mz.B.24
03:51:51          986   96.00    0.00    0.00   96.00     3  bt-mz.B.24
03:51:51         3133    0.00    0.50    0.00    0.50     0  kondemand/0

03:51:51          PID    %usr %system  %guest    %CPU   CPU  Command
03:51:53          939    0.50    0.50    0.00    1.00    13  top
03:51:53          941    0.50    1.50    0.00    2.00    21  pidstat
03:51:53          943    0.50    1.50    0.00    2.00    19  pidstat
03:51:53          952  114.50    0.00    0.00  114.50     8  bt-mz.B.24
03:51:53          953  107.00    0.50    0.00  107.50    20  bt-mz.B.24
03:51:53          954  105.00    0.00    0.00  105.00     1  bt-mz.B.24
03:51:53          955  113.00    0.00    0.00  113.00    26  bt-mz.B.24
03:51:53          956  110.00    0.00    0.00  110.00    17  bt-mz.B.24
03:51:53          957  113.50    0.00    0.00  113.50    24  bt-mz.B.24
03:51:53          958  108.00    0.00    0.00  108.00    15  bt-mz.B.24
03:51:53          959  111.50    0.00    0.00  111.50    23  bt-mz.B.24
03:51:53          960  112.50    0.00    0.00  112.50    25  bt-mz.B.24
03:51:53          961  104.00    0.00    0.00  104.00    19  bt-mz.B.24
03:51:53          963  111.00    0.00    0.00  111.00    10  bt-mz.B.24
03:51:53          964  109.00    0.00    0.00  109.00     3  bt-mz.B.24
03:51:53          965  102.00    0.00    0.00  102.00     6  bt-mz.B.24
03:51:53          966  112.00    0.00    0.00  112.00     5  bt-mz.B.24
03:51:53          967  106.00    0.00    0.00  106.00    16  bt-mz.B.24
03:51:53          969   97.00    0.00    0.00   97.00     0  bt-mz.B.24
03:51:53          971  114.50    0.00    0.00  114.50    12  bt-mz.B.24
03:51:53          975  106.00    0.00    0.00  106.00    14  bt-mz.B.24
03:51:53          977  112.00    0.00    0.00  112.00    11  bt-mz.B.24
03:51:53          979  107.00    0.50    0.00  107.50     7  bt-mz.B.24
03:51:53          980  106.00    0.50    0.00  106.50    31  bt-mz.B.24
03:51:53          982  108.50    0.00    0.00  108.50    18  bt-mz.B.24
03:51:53          984  113.00    0.00    0.00  113.00    13  bt-mz.B.24
03:51:53          986  106.50    0.00    0.00  106.50    22  bt-mz.B.24
03:51:53         3151    0.00    0.50    0.00    0.50    18  kondemand/18
03:51:53         3195    0.00    0.50    0.00    0.50    10  irqbalance

03:51:53          PID    %usr %system  %guest    %CPU   CPU  Command
03:51:55          939    0.50    1.00    0.00    1.50    29  top
03:51:55          941    0.50    1.50    0.00    2.00    21  pidstat
03:51:55          943    0.50    2.00    0.00    2.50    19  pidstat
03:51:55          952  118.00    0.00    0.00  118.00    31  bt-mz.B.24
03:51:55          953  114.50    0.00    0.00  114.50     4  bt-mz.B.24
03:51:55          954  110.50    0.00    0.00  110.50     3  bt-mz.B.24
03:51:55          955  104.50    0.50    0.00  105.00     8  bt-mz.B.24
03:51:55          956  111.00    0.00    0.00  111.00     1  bt-mz.B.24
03:51:55          957  111.50    0.00    0.00  111.50    24  bt-mz.B.24
03:51:55          958  110.00    0.00    0.00  110.00    29  bt-mz.B.24
03:51:55          959   94.50    0.00    0.00   94.50     7  bt-mz.B.24
03:51:55          960  112.50    0.00    0.00  112.50    25  bt-mz.B.24
03:51:55          961  104.00    0.00    0.00  104.00    23  bt-mz.B.24
03:51:55          963  113.00    0.00    0.00  113.00    26  bt-mz.B.24
03:51:55          964  105.50    0.00    0.00  105.50     2  bt-mz.B.24
03:51:55          965   99.50    0.00    0.00   99.50    20  bt-mz.B.24
03:51:55          966  112.00    0.00    0.00  112.00     5  bt-mz.B.24
03:51:55          967   93.00    0.00    0.00   93.00    16  bt-mz.B.24
03:51:55          969  107.50    0.00    0.00  107.50     0  bt-mz.B.24
03:51:55          971  114.00    0.00    0.00  114.00    12  bt-mz.B.24
03:51:55          975  112.00    0.00    0.00  112.00    30  bt-mz.B.24
03:51:55          977  109.00    0.00    0.00  109.00    27  bt-mz.B.24
03:51:55          979   92.00    0.00    0.00   92.00    23  bt-mz.B.24
03:51:55          980  110.50    0.00    0.00  110.50    15  bt-mz.B.24
03:51:55          982  107.00    0.00    0.00  107.00    18  bt-mz.B.24
03:51:55          984  111.50    0.00    0.00  111.50    13  bt-mz.B.24
03:51:55          986  102.50    0.50    0.00  103.00    22  bt-mz.B.24
03:51:55         3139    0.00    0.50    0.00    0.50     6  kondemand/6
03:51:55         3152    0.00    0.50    0.00    0.50    19  kondemand/19

03:51:55          PID    %usr %system  %guest    %CPU   CPU  Command
03:51:57          939    0.50    0.50    0.00    1.00    29  top
03:51:57          941    0.50    2.00    0.00    2.50    21  pidstat
03:51:57          943    1.00    2.50    0.00    3.50    19  pidstat
03:51:57          952  113.50    0.00    0.00  113.50    25  bt-mz.B.24
03:51:57          953  104.00    0.00    0.00  104.00    20  bt-mz.B.24
03:51:57          954  112.00    0.00    0.00  112.00     3  bt-mz.B.24
03:51:57          955  109.00    0.00    0.00  109.00    14  bt-mz.B.24
03:51:57          956  102.50    0.50    0.00  103.00     0  bt-mz.B.24
03:51:57          957  109.00    0.00    0.00  109.00    10  bt-mz.B.24
03:51:57          958   99.00    0.00    0.00   99.00    12  bt-mz.B.24
03:51:57          959   85.50    0.00    0.00   85.50     6  bt-mz.B.24
03:51:57          960  107.00    0.00    0.00  107.00     8  bt-mz.B.24
03:51:57          961   80.50    0.00    0.00   80.50     5  bt-mz.B.24
03:51:57          963  111.00    0.00    0.00  111.00    26  bt-mz.B.24
03:51:57          964  106.50    0.00    0.00  106.50     2  bt-mz.B.24
03:51:57          965   96.50    0.00    0.00   96.50     4  bt-mz.B.24
03:51:57          966  111.00    0.00    0.00  111.00    21  bt-mz.B.24
03:51:57          967  109.50    0.00    0.00  109.50     1  bt-mz.B.24
03:51:57          969  106.00    0.00    0.00  106.00    16  bt-mz.B.24
03:51:57          971  103.00    0.00    0.00  103.00    31  bt-mz.B.24
03:51:57          975  105.00    0.00    0.00  105.00    30  bt-mz.B.24
03:51:57          977  112.00    0.00    0.00  112.00    11  bt-mz.B.24
03:51:57          979   87.50    0.00    0.00   87.50    23  bt-mz.B.24
03:51:57          980  109.00    0.00    0.00  109.00    15  bt-mz.B.24
03:51:57          982  101.50    0.00    0.00  101.50    18  bt-mz.B.24
03:51:57          984  111.00    0.50    0.00  111.50    13  bt-mz.B.24
03:51:57          986  109.00    0.00    0.00  109.00    22  bt-mz.B.24
03:51:57         3021    0.00    1.00    0.00    1.00    21  flush-8:0
03:51:57         3134    0.00    0.50    0.00    0.50     1  kondemand/1
03:51:57         3141    0.00    0.50    0.00    0.50     8  kondemand/8

03:51:57          PID    %usr %system  %guest    %CPU   CPU  Command
03:51:59          939    0.50    0.50    0.00    1.00    29  top
03:51:59          941    1.00    1.50    0.00    2.50    21  pidstat
03:51:59          943    1.00    1.00    0.00    2.00    19  pidstat
03:51:59          952  118.00    0.00    0.00  118.00     9  bt-mz.B.24
03:51:59          953  100.00    0.00    0.00  100.00     0  bt-mz.B.24
03:51:59          954  112.00    0.50    0.00  112.50    19  bt-mz.B.24
03:51:59          955  112.50    0.00    0.00  112.50    25  bt-mz.B.24
03:51:59          956  108.50    0.00    0.00  108.50     6  bt-mz.B.24
03:51:59          957  111.50    0.00    0.00  111.50    28  bt-mz.B.24
03:51:59          958  112.00    0.00    0.00  112.00    10  bt-mz.B.24
03:51:59          959  106.00    0.00    0.00  106.00    20  bt-mz.B.24
03:51:59          960  108.00    0.00    0.00  108.00    12  bt-mz.B.24
03:51:59          961  109.50    0.00    0.00  109.50    16  bt-mz.B.24
03:51:59          963  110.00    0.00    0.00  110.00     8  bt-mz.B.24
03:51:59          964  106.00    0.00    0.00  106.00     3  bt-mz.B.24
03:51:59          965  109.00    0.00    0.00  109.00     7  bt-mz.B.24
03:51:59          966   99.50    0.00    0.00   99.50     5  bt-mz.B.24
03:51:59          967  115.00    0.00    0.00  115.00    17  bt-mz.B.24
03:51:59          969  100.00    0.00    0.00  100.00     4  bt-mz.B.24
03:51:59          971  115.00    0.00    0.00  115.00    31  bt-mz.B.24
03:51:59          975  111.50    0.00    0.00  111.50    14  bt-mz.B.24
03:51:59          977  114.50    0.00    0.00  114.50    11  bt-mz.B.24
03:51:59          979  107.00    0.00    0.00  107.00    23  bt-mz.B.24
03:51:59          980  111.00    0.00    0.00  111.00    13  bt-mz.B.24
03:51:59          982  108.00    0.00    0.00  108.00    18  bt-mz.B.24
03:51:59          984  109.00    0.00    0.00  109.00    29  bt-mz.B.24
03:51:59          986  106.50    0.00    0.00  106.50    22  bt-mz.B.24
03:51:59         3140    0.00    0.50    0.00    0.50     7  kondemand/7

03:51:59          PID    %usr %system  %guest    %CPU   CPU  Command
03:52:01          939    1.00    0.50    0.00    1.50    29  top
03:52:01          941    0.50    2.00    0.00    2.50     5  pidstat
03:52:01          943    0.50    2.50    0.00    3.00     2  pidstat
03:52:01          952  108.50    0.00    0.00  108.50    25  bt-mz.B.24
03:52:01          953  107.00    0.00    0.00  107.00     0  bt-mz.B.24
03:52:01          954   99.00    0.00    0.00   99.00    19  bt-mz.B.24
03:52:01          955  105.50    0.00    0.00  105.50    15  bt-mz.B.24
03:52:01          956  105.00    0.00    0.00  105.00    16  bt-mz.B.24
03:52:01          957  111.00    0.00    0.00  111.00    28  bt-mz.B.24
03:52:01          958  110.00    0.00    0.00  110.00    10  bt-mz.B.24
03:52:01          959  106.50    0.00    0.00  106.50    20  bt-mz.B.24
03:52:01          960   99.00    0.00    0.00   99.00    12  bt-mz.B.24
03:52:01          961   97.50    0.00    0.00   97.50    16  bt-mz.B.24
03:52:01          963  110.00    0.00    0.00  110.00     8  bt-mz.B.24
03:52:01          964  107.50    0.00    0.00  107.50     3  bt-mz.B.24
03:52:01          965  104.00    0.00    0.00  104.00    18  bt-mz.B.24
03:52:01          966  112.50    0.00    0.00  112.50    21  bt-mz.B.24
03:52:01          967  103.50    0.50    0.00  104.00    17  bt-mz.B.24
03:52:01          969  103.00    0.50    0.00  103.50     4  bt-mz.B.24
03:52:01          971  108.50    0.00    0.00  108.50    31  bt-mz.B.24
03:52:01          975  111.00    0.00    0.00  111.00    14  bt-mz.B.24
03:52:01          977  111.00    0.00    0.00  111.00    11  bt-mz.B.24
03:52:01          979  107.00    0.00    0.00  107.00     7  bt-mz.B.24
03:52:01          980  111.00    0.00    0.00  111.00    13  bt-mz.B.24
03:52:01          982  104.50    0.00    0.00  104.50     1  bt-mz.B.24
03:52:01          984  100.00    0.00    0.00  100.00    24  bt-mz.B.24
03:52:01          986  102.00    0.00    0.00  102.00     6  bt-mz.B.24
03:52:01         3136    0.00    0.50    0.00    0.50     3  kondemand/3
03:52:01         3161    0.00    0.50    0.00    0.50    28  kondemand/28
03:52:01         3180    0.00    0.50    0.00    0.50    23  kipmi0
03:52:01         3808    0.50    0.00    0.00    0.50    28  crond

03:52:01          PID    %usr %system  %guest    %CPU   CPU  Command
03:52:03          939    0.50    1.00    0.00    1.50    29  top
03:52:03          941    0.50    1.50    0.00    2.00     5  pidstat
03:52:03          943    0.50    1.00    0.00    1.50     2  pidstat
03:52:03          945    0.00    0.50    0.00    0.50    28  iostat
03:52:03          952  110.50    0.00    0.00  110.50     8  bt-mz.B.24
03:52:03          953   88.50    0.00    0.00   88.50    16  bt-mz.B.24
03:52:03          954  102.50    0.00    0.00  102.50     3  bt-mz.B.24
03:52:03          955  110.00    0.00    0.00  110.00    15  bt-mz.B.24
03:52:03          956   89.50    0.00    0.00   89.50     0  bt-mz.B.24
03:52:03          957  112.00    0.00    0.00  112.00    28  bt-mz.B.24
03:52:03          958  109.00    0.00    0.00  109.00    26  bt-mz.B.24
03:52:03          959  111.50    0.00    0.00  111.50    20  bt-mz.B.24
03:52:03          960  102.00    0.00    0.00  102.00    12  bt-mz.B.24
03:52:03          961   89.00    0.00    0.00   89.00    21  bt-mz.B.24
03:52:03          963  113.00    0.00    0.00  113.00    10  bt-mz.B.24
03:52:03          964  102.00    0.00    0.00  102.00    18  bt-mz.B.24
03:52:03          965  110.00    0.00    0.00  110.00     2  bt-mz.B.24
03:52:03          966  108.50    0.00    0.00  108.50     5  bt-mz.B.24
03:52:03          967  102.00    0.50    0.00  102.50    17  bt-mz.B.24
03:52:03          969  101.50    0.00    0.00  101.50     4  bt-mz.B.24
03:52:03          971  106.00    0.50    0.00  106.50    31  bt-mz.B.24
03:52:03          975  113.00    0.00    0.00  113.00    30  bt-mz.B.24
03:52:03          977  113.00    0.00    0.00  113.00    27  bt-mz.B.24
03:52:03          979  112.50    0.00    0.00  112.50     7  bt-mz.B.24
03:52:03          980  112.50    0.00    0.00  112.50    13  bt-mz.B.24
03:52:03          982  104.50    0.50    0.00  105.00     1  bt-mz.B.24
03:52:03          984  106.50    0.00    0.00  106.50    25  bt-mz.B.24
03:52:03          986  113.00    0.00    0.00  113.00     6  bt-mz.B.24
03:52:03         3146    0.00    0.50    0.00    0.50    13  kondemand/13
03:52:03         3852    0.50    0.00    0.00    0.50    18  pbs_mom

03:52:03          PID    %usr %system  %guest    %CPU   CPU  Command
03:52:05          939    0.50    0.50    0.00    1.00    29  top
03:52:05          941    1.00    1.50    0.00    2.50     5  pidstat
03:52:05          943    1.00    2.00    0.00    3.00     2  pidstat
03:52:05          944    0.00    0.50    0.00    0.50    27  mpstat
03:52:05          952  115.00    0.00    0.00  115.00    30  bt-mz.B.24
03:52:05          953  114.00    0.00    0.00  114.00     0  bt-mz.B.24
03:52:05          954   99.00    0.00    0.00   99.00     7  bt-mz.B.24
03:52:05          955  110.00    0.00    0.00  110.00    15  bt-mz.B.24
03:52:05          956  105.00    0.00    0.00  105.00     3  bt-mz.B.24
03:52:05          957  112.00    0.00    0.00  112.00    31  bt-mz.B.24
03:52:05          958  111.00    0.50    0.00  111.50    26  bt-mz.B.24
03:52:05          959  103.50    0.00    0.00  103.50    20  bt-mz.B.24
03:52:05          960  108.50    0.00    0.00  108.50    14  bt-mz.B.24
03:52:05          961  103.50    0.50    0.00  104.00    22  bt-mz.B.24
03:52:05          963  110.00    0.00    0.00  110.00    13  bt-mz.B.24
03:52:05          964   89.50    0.00    0.00   89.50     4  bt-mz.B.24
03:52:05          965   98.00    0.00    0.00   98.00    23  bt-mz.B.24
03:52:05          966   90.00    0.50    0.00   90.50    16  bt-mz.B.24
03:52:05          967  111.50    0.00    0.00  111.50    17  bt-mz.B.24
03:52:05          969  103.50    0.00    0.00  103.50    18  bt-mz.B.24
03:52:05          971  109.50    0.00    0.00  109.50    25  bt-mz.B.24
03:52:05          975  107.50    0.00    0.00  107.50    28  bt-mz.B.24
03:52:05          977  109.50    0.00    0.00  109.50    10  bt-mz.B.24
03:52:05          979  101.50    0.00    0.00  101.50     7  bt-mz.B.24
03:52:05          980  111.50    0.00    0.00  111.50    11  bt-mz.B.24
03:52:05          982  109.00    0.00    0.00  109.00    20  bt-mz.B.24
03:52:05          984  111.00    0.00    0.00  111.00     8  bt-mz.B.24
03:52:05          986  101.00    0.50    0.00  101.50    21  bt-mz.B.24
03:52:05         3147    0.00    0.50    0.00    0.50    14  kondemand/14
03:52:05         3180    0.00    1.00    0.00    1.00     7  kipmi0

03:52:05          PID    %usr %system  %guest    %CPU   CPU  Command
03:52:07          939    0.50    0.50    0.00    1.00    29  top
03:52:07          941    0.50    2.00    0.00    2.50    21  pidstat
03:52:07          943    0.00    1.50    0.00    1.50    18  pidstat
03:52:07          952  117.00    0.00    0.00  117.00    24  bt-mz.B.24
03:52:07          953  110.50    0.00    0.00  110.50     7  bt-mz.B.24
03:52:07          954  110.00    0.00    0.00  110.00    16  bt-mz.B.24
03:52:07          955  109.00    0.00    0.00  109.00    10  bt-mz.B.24
03:52:07          956  101.00    0.50    0.00  101.50    23  bt-mz.B.24
03:52:07          957  101.00    0.00    0.00  101.00    30  bt-mz.B.24
03:52:07          958  101.50    0.00    0.00  101.50    14  bt-mz.B.24
03:52:07          959  101.50    0.00    0.00  101.50    20  bt-mz.B.24
03:52:07          960  106.00    0.00    0.00  106.00    25  bt-mz.B.24
03:52:07          961  109.50    0.00    0.00  109.50     6  bt-mz.B.24
03:52:07          963  111.50    0.00    0.00  111.50    13  bt-mz.B.24
03:52:07          964  111.50    0.00    0.00  111.50     4  bt-mz.B.24
03:52:07          965  108.00    0.00    0.00  108.00    19  bt-mz.B.24
03:52:07          966  107.00    0.00    0.00  107.00     3  bt-mz.B.24
03:52:07          967  109.50    0.00    0.00  109.50     5  bt-mz.B.24
03:52:07          969  107.50    0.00    0.00  107.50     2  bt-mz.B.24
03:52:07          971  111.00    0.00    0.00  111.00     9  bt-mz.B.24
03:52:07          975  113.50    0.00    0.00  113.50    12  bt-mz.B.24
03:52:07          977  101.00    0.00    0.00  101.00    26  bt-mz.B.24
03:52:07          979  104.50    0.00    0.00  104.50    22  bt-mz.B.24
03:52:07          980  112.00    0.00    0.00  112.00    27  bt-mz.B.24
03:52:07          982  110.50    0.00    0.00  110.50     1  bt-mz.B.24
03:52:07          984  115.00    0.00    0.00  115.00    15  bt-mz.B.24
03:52:07          986  102.00    0.00    0.00  102.00     0  bt-mz.B.24
03:52:07         3153    0.00    0.50    0.00    0.50    20  kondemand/20
03:52:07         3162    0.00    0.50    0.00    0.50    29  kondemand/29

03:52:07          PID    %usr %system  %guest    %CPU   CPU  Command
03:52:09          144    0.00    0.50    0.00    0.50    13  events/13
03:52:09          145    0.00    0.50    0.00    0.50    14  events/14
03:52:09          939    0.50    1.00    0.00    1.50    29  top
03:52:09          941    0.50    1.50    0.00    2.00    21  pidstat
03:52:09          943    1.00    1.50    0.00    2.50    18  pidstat
03:52:09          952  121.00    0.00    0.00  121.00    28  bt-mz.B.24
03:52:09          953   88.50    0.00    0.00   88.50     1  bt-mz.B.24
03:52:09          954  108.00    0.00    0.00  108.00    16  bt-mz.B.24
03:52:09          955  119.00    0.00    0.00  119.00    10  bt-mz.B.24
03:52:09          956  110.00    0.00    0.00  110.00    23  bt-mz.B.24
03:52:09          957  115.00    0.00    0.00  115.00    26  bt-mz.B.24
03:52:09          958  112.00    0.00    0.00  112.00    11  bt-mz.B.24
03:52:09          959  105.00    0.00    0.00  105.00     0  bt-mz.B.24
03:52:09          960  114.50    0.00    0.00  114.50     9  bt-mz.B.24
03:52:09          961  109.00    0.00    0.00  109.00    22  bt-mz.B.24
03:52:09          963  117.50    0.00    0.00  117.50    29  bt-mz.B.24
03:52:09          964  108.50    0.00    0.00  108.50     2  bt-mz.B.24
03:52:09          965   88.00    0.50    0.00   88.50     1  bt-mz.B.24
03:52:09          966  113.00    0.00    0.00  113.00     3  bt-mz.B.24
03:52:09          967  113.00    0.00    0.00  113.00     5  bt-mz.B.24
03:52:09          969  114.00    0.00    0.00  114.00    18  bt-mz.B.24
03:52:09          971  111.00    0.00    0.00  111.00    14  bt-mz.B.24
03:52:09          975  114.50    0.00    0.00  114.50    12  bt-mz.B.24
03:52:09          977  109.00    0.00    0.00  109.00     8  bt-mz.B.24
03:52:09          979   85.50    0.00    0.00   85.50    20  bt-mz.B.24
03:52:09          980  115.50    0.00    0.00  115.50    27  bt-mz.B.24
03:52:09          982  112.50    0.00    0.00  112.50    17  bt-mz.B.24
03:52:09          984  114.50    0.00    0.00  114.50    15  bt-mz.B.24
03:52:09          986   85.00    0.00    0.00   85.00     4  bt-mz.B.24
03:52:09         3137    0.00    0.50    0.00    0.50     4  kondemand/4
03:52:09         3149    0.00    0.50    0.00    0.50    16  kondemand/16

03:52:09          PID    %usr %system  %guest    %CPU   CPU  Command
03:52:11           81    0.00    0.50    0.00    0.50    19  ksoftirqd/19
03:52:11          939    0.50    0.50    0.00    1.00    29  top
03:52:11          941    0.50    1.50    0.00    2.00    21  pidstat
03:52:11          943    1.00    2.50    0.00    3.50    18  pidstat
03:52:11          952  119.50    0.00    0.00  119.50    28  bt-mz.B.24
03:52:11          953  107.00    0.00    0.00  107.00    17  bt-mz.B.24
03:52:11          954  105.00    0.00    0.00  105.00    16  bt-mz.B.24
03:52:11          955  111.00    0.00    0.00  111.00    26  bt-mz.B.24
03:52:11          956  109.50    0.00    0.00  109.50     4  bt-mz.B.24
03:52:11          957  108.00    0.00    0.00  108.00    10  bt-mz.B.24
03:52:11          958  109.00    0.00    0.00  109.00    11  bt-mz.B.24
03:52:11          959   91.50    0.00    0.00   91.50     7  bt-mz.B.24
03:52:11          960  114.00    0.00    0.00  114.00     9  bt-mz.B.24
03:52:11          961  111.50    0.00    0.00  111.50     6  bt-mz.B.24
03:52:11          963  113.00    0.00    0.00  113.00    29  bt-mz.B.24
03:52:11          964  108.50    0.00    0.00  108.50    23  bt-mz.B.24
03:52:11          965   94.00    0.00    0.00   94.00     5  bt-mz.B.24
03:52:11          966  113.00    0.00    0.00  113.00    19  bt-mz.B.24
03:52:11          967  108.50    0.00    0.00  108.50    21  bt-mz.B.24
03:52:11          969  103.50    0.00    0.00  103.50     2  bt-mz.B.24
03:52:11          971  107.50    0.50    0.00  108.00    14  bt-mz.B.24
03:52:11          975  110.50    0.00    0.00  110.50    30  bt-mz.B.24
03:52:11          977  113.50    0.00    0.00  113.50     8  bt-mz.B.24
03:52:11          979  102.50    0.00    0.00  102.50     1  bt-mz.B.24
03:52:11          980  105.50    0.00    0.00  105.50    31  bt-mz.B.24
03:52:11          982   90.00    0.00    0.00   90.00     0  bt-mz.B.24
03:52:11          984  113.50    0.00    0.00  113.50    25  bt-mz.B.24
03:52:11          986  105.50    0.50    0.00  106.00    20  bt-mz.B.24
03:52:11         3143    0.00    0.50    0.00    0.50    10  kondemand/10
03:52:11         3144    0.00    0.50    0.00    0.50    11  kondemand/11
03:52:11         3159    0.00    0.50    0.00    0.50    26  kondemand/26
03:52:11         3163    0.00    0.50    0.00    0.50    30  kondemand/30
03:52:11         3684    0.00    0.50    0.00    0.50    22  snmpd
03:52:11         3852    0.00    0.50    0.00    0.50     8  pbs_mom

03:52:11          PID    %usr %system  %guest    %CPU   CPU  Command
03:52:13          939    0.50    1.00    0.00    1.50    29  top
03:52:13          941    0.50    2.00    0.00    2.50    21  pidstat
03:52:13          943    1.00    1.50    0.00    2.50     2  pidstat
03:52:13          952  115.00    0.00    0.00  115.00    15  bt-mz.B.24
03:52:13          953  109.00    0.00    0.00  109.00     4  bt-mz.B.24
03:52:13          954  100.00    0.00    0.00  100.00     5  bt-mz.B.24
03:52:13          955  111.00    0.00    0.00  111.00    11  bt-mz.B.24
03:52:13          956  109.00    0.00    0.00  109.00    17  bt-mz.B.24
03:52:13          957  110.00    0.00    0.00  110.00    12  bt-mz.B.24
03:52:13          958  111.50    0.00    0.00  111.50     8  bt-mz.B.24
03:52:13          959  105.50    0.50    0.00  106.00    23  bt-mz.B.24
03:52:13          960  108.50    0.00    0.00  108.50     9  bt-mz.B.24
03:52:13          961  107.50    0.00    0.00  107.50     6  bt-mz.B.24
03:52:13          963  108.00    0.00    0.00  108.00    14  bt-mz.B.24
03:52:13          964  104.50    0.00    0.00  104.50     0  bt-mz.B.24
03:52:13          965  105.50    0.00    0.00  105.50    18  bt-mz.B.24
03:52:13          966  109.50    0.00    0.00  109.50     3  bt-mz.B.24
03:52:13          967  104.00    0.00    0.00  104.00     2  bt-mz.B.24
03:52:13          969  110.50    0.00    0.00  110.50    16  bt-mz.B.24
03:52:13          971  108.00    0.00    0.00  108.00    13  bt-mz.B.24
03:52:13          975  110.00    0.00    0.00  110.00    10  bt-mz.B.24
03:52:13          977  110.50    0.50    0.00  111.00    24  bt-mz.B.24
03:52:13          979   98.00    0.00    0.00   98.00    19  bt-mz.B.24
03:52:13          980  107.50    0.00    0.00  107.50    31  bt-mz.B.24
03:52:13          982  104.00    0.00    0.00  104.00     0  bt-mz.B.24
03:52:13          984  109.50    0.00    0.00  109.50    25  bt-mz.B.24
03:52:13          986   99.50    0.00    0.00   99.50    20  bt-mz.B.24
03:52:13         3155    0.00    0.50    0.00    0.50    22  kondemand/22

03:52:13          PID    %usr %system  %guest    %CPU   CPU  Command
03:52:15          939    0.50    0.50    0.00    1.00    29  top
03:52:15          941    1.00    1.50    0.00    2.50     5  pidstat
03:52:15          943    0.00    1.00    0.00    1.00     2  pidstat
03:52:15          952  115.00    0.00    0.00  115.00    24  bt-mz.B.24
03:52:15          953  109.50    0.00    0.00  109.50    17  bt-mz.B.24
03:52:15          954  108.50    0.00    0.00  108.50    21  bt-mz.B.24
03:52:15          955  111.50    0.00    0.00  111.50    12  bt-mz.B.24
03:52:15          956  111.00    0.00    0.00  111.00    16  bt-mz.B.24
03:52:15          957  112.50    0.00    0.00  112.50    28  bt-mz.B.24
03:52:15          958  104.50    0.00    0.00  104.50    29  bt-mz.B.24
03:52:15          959  104.50    0.00    0.00  104.50     7  bt-mz.B.24
03:52:15          960  107.50    0.50    0.00  108.00    25  bt-mz.B.24
03:52:15          961  112.00    0.00    0.00  112.00    22  bt-mz.B.24
03:52:15          963  112.50    0.00    0.00  112.50    14  bt-mz.B.24
03:52:15          964  101.00    0.00    0.00  101.00    17  bt-mz.B.24
03:52:15          965  112.50    0.00    0.00  112.50    18  bt-mz.B.24
03:52:15          966  109.50    0.00    0.00  109.50     3  bt-mz.B.24
03:52:15          967   99.00    0.00    0.00   99.00     0  bt-mz.B.24
03:52:15          969  107.00    0.00    0.00  107.00     1  bt-mz.B.24
03:52:15          971  110.50    0.00    0.00  110.50    13  bt-mz.B.24
03:52:15          975  112.50    0.00    0.00  112.50    26  bt-mz.B.24
03:52:15          977  109.00    0.00    0.00  109.00     8  bt-mz.B.24
03:52:15          979  103.00    0.50    0.00  103.50    23  bt-mz.B.24
03:52:15          980  104.50    0.00    0.00  104.50    31  bt-mz.B.24
03:52:15          982   98.00    0.00    0.00   98.00    19  bt-mz.B.24
03:52:15          984  103.50    0.50    0.00  104.00    27  bt-mz.B.24
03:52:15          986  111.50    0.00    0.00  111.50     4  bt-mz.B.24
