procs -----------memory---------- ---swap-- -----io---- --system-- -----cpu-----
 r  b   swpd   free   buff  cache   si   so    bi    bo   in   cs us sy id wa st
 8  0      0 64644008 214884 282332    0    0     0     1    0    0 38  2 60  0  0	
26  0      0 64452840 214888 295752    0    0   118   104 27995 20654 46 10 43  1  0	
24  0      0 64453552 214888 295812    0    0     0    32 28608 8299 70 10 20  0  0	
33  0      0 64455148 214888 295872    0    0     0    16 28848 8385 71 10 19  0  0	
31  0      0 64455976 214888 295936    0    0     0     0 28797 8365 72 10 19  0  0	
22  0      0 64457224 214888 295996    0    0     0     0 28707 8321 71 10 19  0  0	
21  0      0 64458180 214888 296060    0    0     0    12 28430 8273 70 10 20  0  0	
27  0      0 64458468 214888 296120    0    0     0     0 28710 8300 70 10 19  0  0	
26  0      0 64459368 214888 296180    0    0     0     0 28457 8319 70 10 20  0  0	
33  0      0 64457552 214888 296244    0    0     0     6 28781 8391 71 10 19  0  0	
26  0      0 64457652 214888 296304    0    0     0     6 28775 8344 72  9 19  0  0	
24  0      0 64457832 214888 296364    0    0     0     6 28427 8241 70 10 20  0  0	
21  0      0 64458096 214888 296428    0    0     0     0 28645 8271 71 10 19  0  0	
21  0      0 64457972 214888 296488    0    0     0     2 28386 8222 70 10 20  0  0	
26  0      0 64455668 214888 296552    0    0     0    18 28692 8321 71 10 20  0  0	
33  0      0 64455908 214888 296616    0    0     0    40 28849 8428 72 10 19  0  0	
26  0      0 64455420 214888 296680    0    0     0     0 28868 8459 72 10 19  0  0	
21  0      0 64455668 214888 296740    0    0     0     6 28659 8285 71 10 19  0  0	
25  0      0 64455040 214888 296804    0    0     0  3290 30850 8362 71 10 20  0  0	
32  0      0 64453232 214888 296872    0    0     0   596 29065 8424 71 10 19  0  0	
25  0      0 64452752 214888 296932    0    0     0     8 28854 8389 72  9 19  0  0	
procs -----------memory---------- ---swap-- -----io---- --system-- -----cpu-----
 r  b   swpd   free   buff  cache   si   so    bi    bo   in   cs us sy id wa st
21  0      0 64452256 214888 296992    0    0     0     0 28716 8394 71 10 19  0  0	
25  0      0 64452524 214888 297056    0    0     0     6 28741 8358 70 10 20  0  0	
