procs -----------memory---------- ---swap-- -----io---- --system-- -----cpu-----
 r  b   swpd   free   buff  cache   si   so    bi    bo   in   cs us sy id wa st
 9  0      0 64579936 215092 357736    0    0     0     1    0    0 38  2 60  0  0	
31  0      0 64231396 215092 385064    0    0     0    86 30869 29895 67  5 28  0  0	
26  0      0 64232404 215092 385124    0    0     0    32 28323 8662 85  0 15  0  0	
26  0      0 64233540 215092 385184    0    0     0    94 28548 8880 86  0 14  0  0	
31  0      0 64235716 215092 385248    0    0     0    10 29853 9164 90  0 10  0  0	
27  0      0 64237912 215092 385308    0    0     0     0 29977 9257 90  0 10  0  0	
44  0      0 64239116 215092 385368    0    0     0     6 29912 9208 90  0 10  0  0	
41  0      0 64240816 215092 385432    0    0     0     6 30005 9068 90  0 10  0  0	
37  0      0 64243244 215092 385496    0    0     0     0 31196 9467 94  0  6  0  0	
46  0      0 64244632 215092 385556    0    0     0     6 29891 9251 89  0 11  0  0	
47  0      0 64245668 215092 385620    0    0     0     0 30134 9236 90  0 10  0  0	
25  0      0 64246280 215092 385680    0    0     0    58 30215 9238 90  0  9  0  0	
27  0      0 64246272 215092 385740    0    0     0    16 29314 8915 88  0 12  0  0	
27  0      0 64246396 215092 385804    0    0     0    40 31332 9536 94  0  6  0  0	
27  0      0 64246396 215092 385864    0    0     0     0 30320 9286 91  0  9  0  0	
46  0      0 64246412 215092 385936    0    0     0     0 30638 9380 92  0  8  0  0	
46  0      0 64245784 215172 386000    0    0     0  6128 31957 9038 89  0 11  0  0	
36  0      0 64245784 215172 386060    0    0     0     0 30727 9364 92  0  8  0  0	
46  0      0 64245652 215176 386124    0    0     0  1342 30705 8985 88  0 12  0  0	
26  0      0 64245652 215176 386188    0    0     0     0 30012 9059 90  0 10  0  0	
37  0      0 64245760 215176 386248    0    0     0     8 30018 9209 90  0 10  0  0	
procs -----------memory---------- ---swap-- -----io---- --system-- -----cpu-----
 r  b   swpd   free   buff  cache   si   so    bi    bo   in   cs us sy id wa st
40  0      0 64245636 215176 386312    0    0     0    68 30063 9202 90  0  9  0  0	
49  0      0 64245644 215176 386376    0    0     0     0 30443 9141 91  0  9  0  0	
43  0      0 64245644 215176 386440    0    0     0     0 30316 9309 91  0  9  0  0	
44  0      0 64245636 215176 386500    0    0     0     8 30798 9469 92  0  8  0  0	
27  0      0 64245636 215176 386560    0    0     0     0 30640 9315 92  0  8  0  0	
27  0      0 64245504 215176 386624    0    0     0     2 29120 8871 87  0 13  0  0	
36  0      0 64245380 215176 386688    0    0     0     6 30265 9332 91  0  9  0  0	
40  0      0 64245364 215176 386748    0    0     0    10 30203 9210 91  0  9  0  0	
34  0      0 64245240 215176 386816    0    0     0     0 29437 9109 88  0 12  0  0	
36  0      0 64245240 215176 386880    0    0     0     0 29159 8923 87  0 13  0  0	
26  0      0 64245248 215176 386940    0    0     0  1274 31275 9296 90  0 10  0  0	
45  0      0 64245380 215176 386944    0    0     0     8 30003 9251 90  0 10  0  0	
47  0      0 64245272 215176 387004    0    0     0    10 30083 9104 90  0 10  0  0	
47  0      0 64245272 215176 387064    0    0     0    10 30686 9331 92  0  8  0  0	
38  0      0 64245008 215176 387128    0    0     0     0 30727 9212 92  0  8  0  0	
35  0      0 64244992 215176 387192    0    0     0    10 30332 9218 91  0  9  0  0	
46  0      0 64244992 215180 387256    0    0     0     6 29649 9010 89  0 11  0  0	
43  0      0 64244504 215180 387320    0    0     0     4 30570 9304 91  0  9  0  0	
44  0      0 64244512 215180 387380    0    0     0    16 30609 9210 92  0  8  0  0	
30  0      0 64244380 215180 387440    0    0     0     0 29771 9088 89  0 11  0  0	
26  0      0 64244372 215180 387504    0    0     0     0 30215 9179 91  0  9  0  0	
procs -----------memory---------- ---swap-- -----io---- --system-- -----cpu-----
 r  b   swpd   free   buff  cache   si   so    bi    bo   in   cs us sy id wa st
 5  0      0 64244256 215180 387564    0    0     0     0 31169 13686 87  0 13  0  0	
