Linux 2.6.32-279.14.1.el6.x86_64 (compute-641-14.local) 	04/21/20 	_x86_64_	(32 CPU)

04:07:38          PID    %usr %system  %guest    %CPU   CPU  Command
04:07:40         3133    0.00    0.49    0.00    0.49     0  kondemand/0
04:07:40         3157    0.00    0.49    0.00    0.49    24  kondemand/24
04:07:40         3180    0.00    0.98    0.00    0.98    28  kipmi0
04:07:40         4128    0.49    0.00    0.00    0.49    17  gmond
04:07:40         4140    2.45    2.45    0.00    4.90    26  mpirun
04:07:40         4146    0.00    0.49    0.00    0.49    15  top
04:07:40         4148    0.00    1.96    0.00    1.96     0  pidstat
04:07:40         4150    0.49    1.96    0.00    2.45    12  pidstat
04:07:40         4159   89.71    6.86    0.00   96.57    17  bt-mz.B.24
04:07:40         4160   94.61    7.35    0.00  101.96    31  bt-mz.B.24
04:07:40         4161   88.24    7.35    0.00   95.59     3  bt-mz.B.24
04:07:40         4162   85.29    6.86    0.00   92.16    22  bt-mz.B.24
04:07:40         4163   84.31    7.35    0.00   91.67     2  bt-mz.B.24
04:07:40         4164   79.90    6.86    0.00   86.76    21  bt-mz.B.24
04:07:40         4165   86.27    7.35    0.00   93.63    23  bt-mz.B.24
04:07:40         4166   80.39    7.35    0.00   87.75    19  bt-mz.B.24
04:07:40         4167   83.33    6.86    0.00   90.20    31  bt-mz.B.24
04:07:40         4168   81.86    6.37    0.00   88.24     1  bt-mz.B.24
04:07:40         4169   91.18    6.37    0.00   97.55    30  bt-mz.B.24
04:07:40         4170   81.86    6.37    0.00   88.24     4  bt-mz.B.24
04:07:40         4171   84.80    6.37    0.00   91.18    24  bt-mz.B.24
04:07:40         4173   84.31    6.37    0.00   90.69    18  bt-mz.B.24
04:07:40         4174   92.16    6.37    0.00   98.53    28  bt-mz.B.24
04:07:40         4175   79.90    6.86    0.00   86.76     6  bt-mz.B.24
04:07:40         4176   88.24    6.37    0.00   94.61     7  bt-mz.B.24
04:07:40         4177   85.29    5.39    0.00   90.69    16  bt-mz.B.24
04:07:40         4180   91.67    6.86    0.00   98.53    27  bt-mz.B.24
04:07:40         4181   83.33    6.37    0.00   89.71    16  bt-mz.B.24
04:07:40         4183   91.67    5.88    0.00   97.55    29  bt-mz.B.24
04:07:40         4184   91.18    4.90    0.00   96.08    11  bt-mz.B.24

04:07:40          PID    %usr %system  %guest    %CPU   CPU  Command
04:07:42         3149    0.00    0.50    0.00    0.50    16  kondemand/16
04:07:42         3180    0.00    0.50    0.00    0.50    28  kipmi0
04:07:42         4128    0.00    0.50    0.00    0.50    17  gmond
04:07:42         4146    0.50    1.00    0.00    1.50    15  top
04:07:42         4148    1.00    1.50    0.00    2.50     0  pidstat
04:07:42         4150    0.50    1.00    0.00    1.50    12  pidstat
04:07:42         4159  107.00    0.00    0.00  107.00     9  bt-mz.B.24
04:07:42         4160  108.00    0.00    0.00  108.00    10  bt-mz.B.24
04:07:42         4161  106.00    0.00    0.00  106.00    19  bt-mz.B.24
04:07:42         4162  107.50    0.00    0.00  107.50     6  bt-mz.B.24
04:07:42         4163  102.50    0.00    0.00  102.50     2  bt-mz.B.24
04:07:42         4164  100.50    0.00    0.00  100.50     5  bt-mz.B.24
04:07:42         4165   96.50    0.00    0.00   96.50    20  bt-mz.B.24
04:07:42         4166  100.00    0.00    0.00  100.00     3  bt-mz.B.24
04:07:42         4167  106.50    0.00    0.00  106.50    31  bt-mz.B.24
04:07:42         4168   97.00    0.00    0.00   97.00    17  bt-mz.B.24
04:07:42         4169  109.00    0.00    0.00  109.00    14  bt-mz.B.24
04:07:42         4170  103.00    0.00    0.00  103.00     4  bt-mz.B.24
04:07:42         4171  110.50    0.00    0.00  110.50     8  bt-mz.B.24
04:07:42         4173   90.50    0.00    0.00   90.50    21  bt-mz.B.24
04:07:42         4174  108.50    0.00    0.00  108.50    28  bt-mz.B.24
04:07:42         4175  100.00    0.00    0.00  100.00    18  bt-mz.B.24
04:07:42         4176  108.50    0.00    0.00  108.50     7  bt-mz.B.24
04:07:42         4177  101.50    0.00    0.00  101.50    16  bt-mz.B.24
04:07:42         4180  108.50    0.00    0.00  108.50    27  bt-mz.B.24
04:07:42         4181   93.50    0.00    0.00   93.50     5  bt-mz.B.24
04:07:42         4183  107.00    0.50    0.00  107.50    13  bt-mz.B.24
04:07:42         4184  106.00    0.00    0.00  106.00    12  bt-mz.B.24

04:07:42          PID    %usr %system  %guest    %CPU   CPU  Command
04:07:44         3139    0.00    0.50    0.00    0.50     6  kondemand/6
04:07:44         3150    0.00    0.50    0.00    0.50    17  kondemand/17
04:07:44         3180    0.00    0.50    0.00    0.50    28  kipmi0
04:07:44         4146    1.00    0.50    0.00    1.50    24  top
04:07:44         4148    0.50    2.00    0.00    2.50     0  pidstat
04:07:44         4150    1.00    2.50    0.00    3.50    28  pidstat
04:07:44         4159  118.50    0.00    0.00  118.50    27  bt-mz.B.24
04:07:44         4160  110.00    0.00    0.00  110.00    31  bt-mz.B.24
04:07:44         4161  113.00    0.00    0.00  113.00     3  bt-mz.B.24
04:07:44         4162  116.00    0.00    0.00  116.00    22  bt-mz.B.24
04:07:44         4163  105.00    0.00    0.00  105.00    19  bt-mz.B.24
04:07:44         4164  112.50    0.00    0.00  112.50    21  bt-mz.B.24
04:07:44         4165  105.00    0.00    0.00  105.00    20  bt-mz.B.24
04:07:44         4166  103.00    0.50    0.00  103.50     5  bt-mz.B.24
04:07:44         4167  110.00    0.00    0.00  110.00    17  bt-mz.B.24
04:07:44         4168  113.00    0.00    0.00  113.00     4  bt-mz.B.24
04:07:44         4169  115.50    0.00    0.00  115.50     9  bt-mz.B.24
04:07:44         4170  106.50    0.00    0.00  106.50     1  bt-mz.B.24
04:07:44         4171  117.00    0.00    0.00  117.00     8  bt-mz.B.24
04:07:44         4173  102.50    0.00    0.00  102.50    10  bt-mz.B.24
04:07:44         4174  113.00    0.00    0.00  113.00    12  bt-mz.B.24
04:07:44         4175  103.50    0.00    0.00  103.50    16  bt-mz.B.24
04:07:44         4176  117.00    0.00    0.00  117.00     7  bt-mz.B.24
04:07:44         4177  110.00    0.00    0.00  110.00     0  bt-mz.B.24
04:07:44         4180  110.50    0.00    0.00  110.50    13  bt-mz.B.24
04:07:44         4181  107.00    0.00    0.00  107.00     6  bt-mz.B.24
04:07:44         4183  115.00    0.00    0.00  115.00    14  bt-mz.B.24
04:07:44         4184  108.50    0.00    0.00  108.50    28  bt-mz.B.24

04:07:44          PID    %usr %system  %guest    %CPU   CPU  Command
04:07:46         3180    0.00    0.50    0.00    0.50    12  kipmi0
04:07:46         4128    0.00    0.50    0.00    0.50    17  gmond
04:07:46         4146    0.50    0.50    0.00    1.00     8  top
04:07:46         4148    0.50    1.50    0.00    2.00    16  pidstat
04:07:46         4150    0.50    2.00    0.00    2.50    12  pidstat
04:07:46         4159   98.50    0.00    0.00   98.50    31  bt-mz.B.24
04:07:46         4160   99.00    0.00    0.00   99.00    31  bt-mz.B.24
04:07:46         4161  107.50    0.00    0.00  107.50    19  bt-mz.B.24
04:07:46         4162  100.50    0.00    0.00  100.50     6  bt-mz.B.24
04:07:46         4163   98.50    0.00    0.00   98.50    23  bt-mz.B.24
04:07:46         4164   98.50    0.00    0.00   98.50    21  bt-mz.B.24
04:07:46         4165  107.50    0.00    0.00  107.50     4  bt-mz.B.24
04:07:46         4166   98.50    0.00    0.00   98.50     5  bt-mz.B.24
04:07:46         4167  106.00    0.00    0.00  106.00     1  bt-mz.B.24
04:07:46         4168  100.00    0.00    0.00  100.00    15  bt-mz.B.24
04:07:46         4169  108.50    0.00    0.00  108.50     9  bt-mz.B.24
04:07:46         4170   99.00    0.50    0.00   99.50     0  bt-mz.B.24
04:07:46         4171  105.50    0.00    0.00  105.50     8  bt-mz.B.24
04:07:46         4173  109.00    0.50    0.00  109.50    10  bt-mz.B.24
04:07:46         4174   97.00    0.50    0.00   97.50    27  bt-mz.B.24
04:07:46         4175   99.00    0.00    0.00   99.00    23  bt-mz.B.24
04:07:46         4176  107.50    0.00    0.00  107.50     7  bt-mz.B.24
04:07:46         4177  104.00    0.00    0.00  104.00    17  bt-mz.B.24
04:07:46         4180  108.00    0.00    0.00  108.00    13  bt-mz.B.24
04:07:46         4181  106.00    0.00    0.00  106.00    18  bt-mz.B.24
04:07:46         4183  108.50    0.00    0.00  108.50    14  bt-mz.B.24
04:07:46         4184  109.00    0.00    0.00  109.00    28  bt-mz.B.24

04:07:46          PID    %usr %system  %guest    %CPU   CPU  Command
04:07:48         4146    0.50    0.50    0.00    1.00     8  top
04:07:48         4148    1.00    1.50    0.00    2.50     1  pidstat
04:07:48         4150    0.50    2.00    0.00    2.50    12  pidstat
04:07:48         4159  117.00    0.00    0.00  117.00    15  bt-mz.B.24
04:07:48         4160  112.00    0.00    0.00  112.00    31  bt-mz.B.24
04:07:48         4161  112.50    0.00    0.00  112.50     3  bt-mz.B.24
04:07:48         4162  109.50    0.00    0.00  109.50     4  bt-mz.B.24
04:07:48         4163  113.50    0.00    0.00  113.50    22  bt-mz.B.24
04:07:48         4164  114.50    0.00    0.00  114.50     5  bt-mz.B.24
04:07:48         4165  110.50    0.00    0.00  110.50    19  bt-mz.B.24
04:07:48         4166  107.00    0.00    0.00  107.00    18  bt-mz.B.24
04:07:48         4167  107.00    0.00    0.00  107.00     0  bt-mz.B.24
04:07:48         4168  104.00    0.00    0.00  104.00    25  bt-mz.B.24
04:07:48         4169   92.00    0.00    0.00   92.00    12  bt-mz.B.24
04:07:48         4170  112.00    0.00    0.00  112.00    16  bt-mz.B.24
04:07:48         4171   99.50    0.00    0.00   99.50    15  bt-mz.B.24
04:07:48         4173  115.00    0.00    0.00  115.00    26  bt-mz.B.24
04:07:48         4174  112.00    0.00    0.00  112.00    11  bt-mz.B.24
04:07:48         4175  108.50    0.00    0.00  108.50    23  bt-mz.B.24
04:07:48         4176  105.50    0.00    0.00  105.50    20  bt-mz.B.24
04:07:48         4177  113.00    0.00    0.00  113.00     1  bt-mz.B.24
04:07:48         4180  107.50    0.00    0.00  107.50    28  bt-mz.B.24
04:07:48         4181  108.00    0.00    0.00  108.00    17  bt-mz.B.24
04:07:48         4183  114.50    0.00    0.00  114.50    30  bt-mz.B.24
04:07:48         4184   99.00    0.00    0.00   99.00    13  bt-mz.B.24

04:07:48          PID    %usr %system  %guest    %CPU   CPU  Command
04:07:50         3134    0.00    0.50    0.00    0.50     1  kondemand/1
04:07:50         3136    0.00    0.50    0.00    0.50     3  kondemand/3
04:07:50         3138    0.00    0.50    0.00    0.50     5  kondemand/5
04:07:50         3148    0.00    0.50    0.00    0.50    15  kondemand/15
04:07:50         3161    0.00    0.50    0.00    0.50    28  kondemand/28
04:07:50         4146    0.50    1.00    0.00    1.50     8  top
04:07:50         4148    0.50    2.00    0.00    2.50    17  pidstat
04:07:50         4150    0.50    1.50    0.00    2.00    12  pidstat
04:07:50         4159  111.00    0.00    0.00  111.00     9  bt-mz.B.24
04:07:50         4160  107.50    0.00    0.00  107.50    24  bt-mz.B.24
04:07:50         4161  109.50    0.00    0.00  109.50    19  bt-mz.B.24
04:07:50         4162  107.50    0.00    0.00  107.50     5  bt-mz.B.24
04:07:50         4163  109.50    0.00    0.00  109.50     6  bt-mz.B.24
04:07:50         4164  106.00    0.00    0.00  106.00     1  bt-mz.B.24
04:07:50         4165   97.00    0.00    0.00   97.00     3  bt-mz.B.24
04:07:50         4166  109.00    0.00    0.00  109.00    18  bt-mz.B.24
04:07:50         4167  103.50    0.00    0.00  103.50    16  bt-mz.B.24
04:07:50         4168  104.00    0.00    0.00  104.00     8  bt-mz.B.24
04:07:50         4169  105.50    0.00    0.00  105.50    28  bt-mz.B.24
04:07:50         4170  103.00    0.00    0.00  103.00    23  bt-mz.B.24
04:07:50         4171  101.50    0.00    0.00  101.50    30  bt-mz.B.24
04:07:50         4173  112.00    0.00    0.00  112.00    26  bt-mz.B.24
04:07:50         4174  109.50    0.00    0.00  109.50    13  bt-mz.B.24
04:07:50         4175  110.00    0.00    0.00  110.00     4  bt-mz.B.24
04:07:50         4176  106.50    0.00    0.00  106.50     7  bt-mz.B.24
04:07:50         4177  101.00    0.00    0.00  101.00     2  bt-mz.B.24
04:07:50         4180  102.00    0.00    0.00  102.00    28  bt-mz.B.24
04:07:50         4181  104.50    0.50    0.00  105.00     0  bt-mz.B.24
04:07:50         4183  105.00    0.00    0.00  105.00    15  bt-mz.B.24
04:07:50         4184   99.00    0.00    0.00   99.00    31  bt-mz.B.24

04:07:50          PID    %usr %system  %guest    %CPU   CPU  Command
04:07:52         3156    0.00    0.50    0.00    0.50    23  kondemand/23
04:07:52         4128    0.00    0.50    0.00    0.50     1  gmond
04:07:52         4146    0.50    0.50    0.00    1.00     8  top
04:07:52         4148    0.50    2.00    0.00    2.50     1  pidstat
04:07:52         4150    0.50    1.00    0.00    1.50    12  pidstat
04:07:52         4159  116.00    0.00    0.00  116.00     9  bt-mz.B.24
04:07:52         4160  102.00    0.50    0.00  102.50    24  bt-mz.B.24
04:07:52         4161  105.50    0.00    0.00  105.50    19  bt-mz.B.24
04:07:52         4162  111.00    0.00    0.00  111.00    20  bt-mz.B.24
04:07:52         4163  108.50    0.00    0.00  108.50     6  bt-mz.B.24
04:07:52         4164  113.00    0.50    0.00  113.50    17  bt-mz.B.24
04:07:52         4165  106.50    0.00    0.00  106.50     3  bt-mz.B.24
04:07:52         4166  107.50    0.00    0.00  107.50    18  bt-mz.B.24
04:07:52         4167  109.00    0.00    0.00  109.00     0  bt-mz.B.24
04:07:52         4168  110.50    0.50    0.00  111.00     8  bt-mz.B.24
04:07:52         4169  108.50    0.00    0.00  108.50    28  bt-mz.B.24
04:07:52         4170  110.00    0.00    0.00  110.00    23  bt-mz.B.24
04:07:52         4171  102.50    0.00    0.00  102.50    25  bt-mz.B.24
04:07:52         4173  112.50    0.00    0.00  112.50    10  bt-mz.B.24
04:07:52         4174  113.00    0.00    0.00  113.00    13  bt-mz.B.24
04:07:52         4175  111.50    0.00    0.00  111.50     4  bt-mz.B.24
04:07:52         4176  103.50    0.00    0.00  103.50    21  bt-mz.B.24
04:07:52         4177  109.00    0.00    0.00  109.00     2  bt-mz.B.24
04:07:52         4180  107.50    0.00    0.00  107.50    12  bt-mz.B.24
04:07:52         4181  103.50    0.00    0.00  103.50    22  bt-mz.B.24
04:07:52         4183  102.00    0.00    0.00  102.00    30  bt-mz.B.24
04:07:52         4184  110.00    0.50    0.00  110.50    31  bt-mz.B.24

04:07:52          PID    %usr %system  %guest    %CPU   CPU  Command
04:07:54         3153    0.00    0.50    0.00    0.50    20  kondemand/20
04:07:54         4146    0.50    1.00    0.00    1.50     8  top
04:07:54         4148    0.50    1.50    0.00    2.00     1  pidstat
04:07:54         4150    0.50    3.00    0.00    3.50    12  pidstat
04:07:54         4159  110.50    0.00    0.00  110.50    25  bt-mz.B.24
04:07:54         4160  109.50    0.00    0.00  109.50    24  bt-mz.B.24
04:07:54         4161  108.50    0.00    0.00  108.50    19  bt-mz.B.24
04:07:54         4162  113.50    0.00    0.00  113.50    20  bt-mz.B.24
04:07:54         4163  106.50    0.00    0.00  106.50     1  bt-mz.B.24
04:07:54         4164  107.00    0.00    0.00  107.00    17  bt-mz.B.24
04:07:54         4165  113.00    0.00    0.00  113.00     6  bt-mz.B.24
04:07:54         4166  108.50    0.00    0.00  108.50     2  bt-mz.B.24
04:07:54         4167  112.50    0.00    0.00  112.50    16  bt-mz.B.24
04:07:54         4168  103.00    0.00    0.00  103.00    12  bt-mz.B.24
04:07:54         4169  102.00    0.50    0.00  102.50    30  bt-mz.B.24
04:07:54         4170  115.00    0.00    0.00  115.00     7  bt-mz.B.24
04:07:54         4171  109.50    0.00    0.00  109.50    10  bt-mz.B.24
04:07:54         4173  111.50    0.00    0.00  111.50    13  bt-mz.B.24
04:07:54         4174  109.50    0.00    0.00  109.50     9  bt-mz.B.24
04:07:54         4175  100.50    0.00    0.00  100.50     4  bt-mz.B.24
04:07:54         4176  111.00    0.00    0.00  111.00     5  bt-mz.B.24
04:07:54         4177  103.00    0.50    0.00  103.50     0  bt-mz.B.24
04:07:54         4180   96.00    0.00    0.00   96.00    28  bt-mz.B.24
04:07:54         4181  105.00    0.00    0.00  105.00    22  bt-mz.B.24
04:07:54         4183  108.00    0.00    0.00  108.00    30  bt-mz.B.24
04:07:54         4184  112.50    0.00    0.00  112.50    15  bt-mz.B.24

04:07:54          PID    %usr %system  %guest    %CPU   CPU  Command
04:07:56         3147    0.00    0.50    0.00    0.50    14  kondemand/14
04:07:56         4128    0.50    0.50    0.00    1.00    17  gmond
04:07:56         4146    0.50    1.00    0.00    1.50     8  top
04:07:56         4148    0.50    2.00    0.00    2.50     1  pidstat
04:07:56         4150    0.50    2.00    0.00    2.50    12  pidstat
04:07:56         4159  111.50    0.00    0.00  111.50     9  bt-mz.B.24
04:07:56         4160  108.50    0.00    0.00  108.50    25  bt-mz.B.24
04:07:56         4161  111.00    0.00    0.00  111.00    17  bt-mz.B.24
04:07:56         4162  104.00    0.00    0.00  104.00     3  bt-mz.B.24
04:07:56         4163  107.00    0.00    0.00  107.00    19  bt-mz.B.24
04:07:56         4164  105.50    0.00    0.00  105.50    20  bt-mz.B.24
04:07:56         4165  104.50    0.00    0.00  104.50     6  bt-mz.B.24
04:07:56         4166  110.50    0.00    0.00  110.50    18  bt-mz.B.24
04:07:56         4167  108.50    0.00    0.00  108.50    22  bt-mz.B.24
04:07:56         4168  109.00    0.00    0.00  109.00    24  bt-mz.B.24
04:07:56         4169  109.50    0.50    0.00  110.00    11  bt-mz.B.24
04:07:56         4170  103.00    0.00    0.00  103.00     2  bt-mz.B.24
04:07:56         4171  106.00    0.00    0.00  106.00    10  bt-mz.B.24
04:07:56         4173  105.50    0.50    0.00  106.00    29  bt-mz.B.24
04:07:56         4174  108.50    0.00    0.00  108.50    30  bt-mz.B.24
04:07:56         4175  108.00    0.00    0.00  108.00     4  bt-mz.B.24
04:07:56         4176  113.00    0.00    0.00  113.00    21  bt-mz.B.24
04:07:56         4177  104.50    0.00    0.00  104.50    16  bt-mz.B.24
04:07:56         4180  113.00    0.50    0.00  113.50    28  bt-mz.B.24
04:07:56         4181  108.50    0.00    0.00  108.50     0  bt-mz.B.24
04:07:56         4183  105.50    0.00    0.00  105.50    26  bt-mz.B.24
04:07:56         4184  107.50    0.00    0.00  107.50    15  bt-mz.B.24

04:07:56          PID    %usr %system  %guest    %CPU   CPU  Command
04:07:58         3141    0.00    0.50    0.00    0.50     8  kondemand/8
04:07:58         3144    0.00    0.50    0.00    0.50    11  kondemand/11
04:07:58         3145    0.00    0.50    0.00    0.50    12  kondemand/12
04:07:58         3155    0.00    0.50    0.00    0.50    22  kondemand/22
04:07:58         3158    0.00    0.50    0.00    0.50    25  kondemand/25
04:07:58         3162    0.00    0.50    0.00    0.50    29  kondemand/29
04:07:58         3684    0.00    0.50    0.00    0.50    22  snmpd
04:07:58         3852    0.50    0.50    0.00    1.00     8  pbs_mom
04:07:58         4128    0.00    0.50    0.00    0.50     1  gmond
04:07:58         4146    1.00    0.50    0.00    1.50     8  top
04:07:58         4148    0.50    1.50    0.00    2.00    17  pidstat
04:07:58         4150    1.00    2.00    0.00    3.00    28  pidstat
04:07:58         4159  102.00    0.00    0.00  102.00    12  bt-mz.B.24
04:07:58         4160  100.00    0.00    0.00  100.00    28  bt-mz.B.24
04:07:58         4161  108.50    0.00    0.00  108.50     1  bt-mz.B.24
04:07:58         4162  109.00    0.00    0.00  109.00    23  bt-mz.B.24
04:07:58         4163  109.00    0.00    0.00  109.00     6  bt-mz.B.24
04:07:58         4164  109.50    0.00    0.00  109.50    18  bt-mz.B.24
04:07:58         4165  110.00    0.00    0.00  110.00     7  bt-mz.B.24
04:07:58         4166  106.50    0.00    0.00  106.50    17  bt-mz.B.24
04:07:58         4167  108.50    0.00    0.00  108.50    19  bt-mz.B.24
04:07:58         4168  113.00    0.00    0.00  113.00     8  bt-mz.B.24
04:07:58         4169  107.00    0.00    0.00  107.00    25  bt-mz.B.24
04:07:58         4170  106.50    0.00    0.00  106.50     3  bt-mz.B.24
04:07:58         4171  108.50    0.50    0.00  109.00    15  bt-mz.B.24
04:07:58         4173  112.00    0.00    0.00  112.00    13  bt-mz.B.24
04:07:58         4174  112.50    0.00    0.00  112.50    14  bt-mz.B.24
04:07:58         4175  112.00    0.00    0.00  112.00     4  bt-mz.B.24
04:07:58         4176  113.50    0.00    0.00  113.50     5  bt-mz.B.24
04:07:58         4177  112.00    0.00    0.00  112.00    16  bt-mz.B.24
04:07:58         4180   90.00    0.00    0.00   90.00    27  bt-mz.B.24
04:07:58         4181  105.50    0.00    0.00  105.50     0  bt-mz.B.24
04:07:58         4183  109.50    0.00    0.00  109.50    10  bt-mz.B.24
04:07:58         4184  110.50    0.00    0.00  110.50    31  bt-mz.B.24

04:07:58          PID    %usr %system  %guest    %CPU   CPU  Command
04:08:00         4146    0.50    0.50    0.00    1.00     8  top
04:08:00         4148    1.00    1.50    0.00    2.50     1  pidstat
04:08:00         4150    0.50    0.50    0.00    1.00    28  pidstat
04:08:00         4159  112.00    0.00    0.00  112.00    10  bt-mz.B.24
04:08:00         4160  102.00    0.00    0.00  102.00    30  bt-mz.B.24
04:08:00         4161  110.00    0.00    0.00  110.00    22  bt-mz.B.24
04:08:00         4162  108.00    0.00    0.00  108.00    19  bt-mz.B.24
04:08:00         4163  109.50    0.50    0.00  110.00     6  bt-mz.B.24
04:08:00         4164  112.50    0.00    0.00  112.50     2  bt-mz.B.24
04:08:00         4165  106.50    0.00    0.00  106.50     7  bt-mz.B.24
04:08:00         4166   99.00    0.00    0.00   99.00    21  bt-mz.B.24
04:08:00         4167  106.50    0.00    0.00  106.50     3  bt-mz.B.24
04:08:00         4168  108.50    0.00    0.00  108.50    15  bt-mz.B.24
04:08:00         4169  111.00    0.00    0.00  111.00    25  bt-mz.B.24
04:08:00         4170   95.50    0.00    0.00   95.50    17  bt-mz.B.24
04:08:00         4171  104.00    0.00    0.00  104.00    24  bt-mz.B.24
04:08:00         4173  109.50    0.00    0.00  109.50    29  bt-mz.B.24
04:08:00         4174  109.50    0.00    0.00  109.50    14  bt-mz.B.24
04:08:00         4175  102.00    0.50    0.00  102.50     4  bt-mz.B.24
04:08:00         4176  108.00    0.50    0.00  108.50    16  bt-mz.B.24
04:08:00         4177  108.50    0.00    0.00  108.50     5  bt-mz.B.24
04:08:00         4180  110.50    0.00    0.00  110.50    11  bt-mz.B.24
04:08:00         4181  101.50    0.00    0.00  101.50     0  bt-mz.B.24
04:08:00         4183  104.50    0.50    0.00  105.00    13  bt-mz.B.24
04:08:00         4184  101.00    0.50    0.00  101.50    12  bt-mz.B.24

04:08:00          PID    %usr %system  %guest    %CPU   CPU  Command
04:08:02         3140    0.00    0.50    0.00    0.50     7  kondemand/7
04:08:02         3142    0.00    0.50    0.00    0.50     9  kondemand/9
04:08:02         3152    0.00    0.50    0.00    0.50    19  kondemand/19
04:08:02         3154    0.00    0.50    0.00    0.50    21  kondemand/21
04:08:02         3180    0.00    1.00    0.00    1.00    12  kipmi0
04:08:02         4128    0.00    0.50    0.00    0.50    17  gmond
04:08:02         4146    0.00    1.00    0.00    1.00     8  top
04:08:02         4148    0.50    1.50    0.00    2.00     1  pidstat
04:08:02         4150    0.50    3.00    0.00    3.50    28  pidstat
04:08:02         4152    0.00    0.50    0.00    0.50     9  iostat
04:08:02         4159  116.00    0.00    0.00  116.00     8  bt-mz.B.24
04:08:02         4160  115.00    0.00    0.00  115.00    14  bt-mz.B.24
04:08:02         4161  113.50    0.00    0.00  113.50     6  bt-mz.B.24
04:08:02         4162  108.00    0.00    0.00  108.00    18  bt-mz.B.24
04:08:02         4163  110.00    0.00    0.00  110.00     2  bt-mz.B.24
04:08:02         4164  111.00    0.00    0.00  111.00    21  bt-mz.B.24
04:08:02         4165  116.50    0.50    0.00  117.00     7  bt-mz.B.24
04:08:02         4166  113.00    0.00    0.00  113.00    19  bt-mz.B.24
04:08:02         4167  101.00    0.00    0.00  101.00    22  bt-mz.B.24
04:08:02         4168  109.00    0.00    0.00  109.00     9  bt-mz.B.24
04:08:02         4169  111.50    0.00    0.00  111.50    25  bt-mz.B.24
04:08:02         4170  114.50    0.00    0.00  114.50    23  bt-mz.B.24
04:08:02         4171  108.00    0.00    0.00  108.00    28  bt-mz.B.24
04:08:02         4173  112.50    0.00    0.00  112.50    29  bt-mz.B.24
04:08:02         4174  106.00    0.00    0.00  106.00    30  bt-mz.B.24
04:08:02         4175  110.50    0.00    0.00  110.50     4  bt-mz.B.24
04:08:02         4176  109.00    0.00    0.00  109.00    16  bt-mz.B.24
04:08:02         4177  104.50    0.00    0.00  104.50     3  bt-mz.B.24
04:08:02         4180  113.00    0.00    0.00  113.00    26  bt-mz.B.24
04:08:02         4181  106.50    0.00    0.00  106.50    17  bt-mz.B.24
04:08:02         4183  110.00    0.00    0.00  110.00    12  bt-mz.B.24
04:08:02         4184  111.00    0.00    0.00  111.00    24  bt-mz.B.24

04:08:02          PID    %usr %system  %guest    %CPU   CPU  Command
04:08:04         3133    0.00    0.50    0.00    0.50     0  kondemand/0
04:08:04         3143    0.00    0.50    0.00    0.50    10  kondemand/10
04:08:04         3164    0.00    0.50    0.00    0.50    31  kondemand/31
04:08:04         3180    0.00    0.50    0.00    0.50    12  kipmi0
04:08:04         4146    1.00    0.50    0.00    1.50     8  top
04:08:04         4148    0.50    2.00    0.00    2.50     5  pidstat
04:08:04         4150    1.00    1.00    0.00    2.00    28  pidstat
04:08:04         4159  115.50    0.00    0.00  115.50    14  bt-mz.B.24
04:08:04         4160  107.50    0.00    0.00  107.50    30  bt-mz.B.24
04:08:04         4161  109.00    0.50    0.00  109.50     6  bt-mz.B.24
04:08:04         4162  113.00    0.00    0.00  113.00    21  bt-mz.B.24
04:08:04         4163  106.00    0.00    0.00  106.00    18  bt-mz.B.24
04:08:04         4164  112.00    0.00    0.00  112.00    20  bt-mz.B.24
04:08:04         4165   98.00    0.00    0.00   98.00     7  bt-mz.B.24
04:08:04         4166  107.00    0.00    0.00  107.00    22  bt-mz.B.24
04:08:04         4167  109.00    0.00    0.00  109.00    17  bt-mz.B.24
04:08:04         4168  106.50    0.00    0.00  106.50    11  bt-mz.B.24
04:08:04         4169  105.00    0.00    0.00  105.00    30  bt-mz.B.24
04:08:04         4170  103.00    0.00    0.00  103.00    19  bt-mz.B.24
04:08:04         4171  101.50    0.00    0.00  101.50    13  bt-mz.B.24
04:08:04         4173  104.50    0.00    0.00  104.50    29  bt-mz.B.24
04:08:04         4174  104.50    0.00    0.00  104.50    24  bt-mz.B.24
04:08:04         4175  109.50    0.00    0.00  109.50     0  bt-mz.B.24
04:08:04         4176  107.50    0.00    0.00  107.50    23  bt-mz.B.24
04:08:04         4177  110.50    0.00    0.00  110.50    16  bt-mz.B.24
04:08:04         4180  104.50    0.00    0.00  104.50    26  bt-mz.B.24
04:08:04         4181  113.00    0.00    0.00  113.00     1  bt-mz.B.24
04:08:04         4183  106.50    0.00    0.00  106.50    28  bt-mz.B.24
04:08:04         4184  107.00    0.00    0.00  107.00    25  bt-mz.B.24

04:08:04          PID    %usr %system  %guest    %CPU   CPU  Command
04:08:06         3180    0.00    0.50    0.00    0.50    12  kipmi0
04:08:06         4146    0.50    0.50    0.00    1.00     8  top
04:08:06         4148    1.00    2.00    0.00    3.00    18  pidstat
04:08:06         4150    0.50    2.50    0.00    3.00    28  pidstat
04:08:06         4159  109.50    0.00    0.00  109.50    24  bt-mz.B.24
04:08:06         4160   98.00    0.00    0.00   98.00    30  bt-mz.B.24
04:08:06         4161  110.50    0.00    0.00  110.50    22  bt-mz.B.24
04:08:06         4162  106.50    0.50    0.00  107.00     6  bt-mz.B.24
04:08:06         4163  112.00    0.00    0.00  112.00     0  bt-mz.B.24
04:08:06         4164  113.50    0.00    0.00  113.50     4  bt-mz.B.24
04:08:06         4165  106.50    0.00    0.00  106.50     1  bt-mz.B.24
04:08:06         4166   99.50    0.00    0.00   99.50     7  bt-mz.B.24
04:08:06         4167  110.50    0.50    0.00  111.00     5  bt-mz.B.24
04:08:06         4168  113.00    0.00    0.00  113.00    11  bt-mz.B.24
04:08:06         4169  101.00    0.00    0.00  101.00    26  bt-mz.B.24
04:08:06         4170  110.50    0.00    0.00  110.50     3  bt-mz.B.24
04:08:06         4171  110.50    0.00    0.00  110.50    13  bt-mz.B.24
04:08:06         4173  104.50    0.00    0.00  104.50    27  bt-mz.B.24
04:08:06         4174  110.00    0.00    0.00  110.00    14  bt-mz.B.24
04:08:06         4175  103.00    0.00    0.00  103.00    16  bt-mz.B.24
04:08:06         4176  111.50    0.00    0.00  111.50    23  bt-mz.B.24
04:08:06         4177  109.00    0.00    0.00  109.00     2  bt-mz.B.24
04:08:06         4180  106.50    0.00    0.00  106.50    10  bt-mz.B.24
04:08:06         4181  106.00    0.00    0.00  106.00    17  bt-mz.B.24
04:08:06         4183  110.00    0.00    0.00  110.00    15  bt-mz.B.24
04:08:06         4184  110.50    0.50    0.00  111.00    25  bt-mz.B.24

04:08:06          PID    %usr %system  %guest    %CPU   CPU  Command
04:08:08          117    0.00    0.50    0.00    0.50    28  ksoftirqd/28
04:08:08          133    0.00    0.50    0.00    0.50     2  events/2
04:08:08         3163    0.00    0.50    0.00    0.50    30  kondemand/30
04:08:08         3180    0.00    1.00    0.00    1.00    12  kipmi0
04:08:08         4128    0.00    0.50    0.00    0.50     1  gmond
04:08:08         4146    0.50    0.50    0.00    1.00    24  top
04:08:08         4148    0.50    1.50    0.00    2.00     2  pidstat
04:08:08         4150    1.00    1.50    0.00    2.50    12  pidstat
04:08:08         4159  105.00    0.00    0.00  105.00    12  bt-mz.B.24
04:08:08         4160  108.50    0.00    0.00  108.50    14  bt-mz.B.24
04:08:08         4161  113.00    0.00    0.00  113.00    22  bt-mz.B.24
04:08:08         4162  107.00    0.00    0.00  107.00    16  bt-mz.B.24
04:08:08         4163  107.00    0.00    0.00  107.00     3  bt-mz.B.24
04:08:08         4164  105.00    0.00    0.00  105.00     4  bt-mz.B.24
04:08:08         4165  108.00    0.00    0.00  108.00    19  bt-mz.B.24
04:08:08         4166  109.50    0.00    0.00  109.50     6  bt-mz.B.24
04:08:08         4167  109.50    0.00    0.00  109.50     7  bt-mz.B.24
04:08:08         4168  110.50    0.00    0.00  110.50    11  bt-mz.B.24
04:08:08         4169  108.00    0.00    0.00  108.00    26  bt-mz.B.24
04:08:08         4170  104.00    0.50    0.00  104.50     5  bt-mz.B.24
04:08:08         4171  108.00    0.00    0.00  108.00    13  bt-mz.B.24
04:08:08         4173  101.50    0.50    0.00  102.00    27  bt-mz.B.24
04:08:08         4174   95.00    0.50    0.00   95.50    10  bt-mz.B.24
04:08:08         4175   97.00    0.00    0.00   97.00     5  bt-mz.B.24
04:08:08         4176  105.00    0.00    0.00  105.00    21  bt-mz.B.24
04:08:08         4177  111.50    0.50    0.00  112.00    18  bt-mz.B.24
04:08:08         4180  106.50    0.00    0.00  106.50    29  bt-mz.B.24
04:08:08         4181  110.00    0.00    0.00  110.00    17  bt-mz.B.24
04:08:08         4183  111.00    0.00    0.00  111.00    15  bt-mz.B.24
04:08:08         4184  111.50    0.00    0.00  111.50    25  bt-mz.B.24

04:08:08          PID    %usr %system  %guest    %CPU   CPU  Command
04:08:10         3151    0.00    0.50    0.00    0.50    18  kondemand/18
04:08:10         4128    0.50    0.00    0.00    0.50    17  gmond
04:08:10         4146    0.50    1.00    0.00    1.50    24  top
04:08:10         4148    0.50    2.00    0.00    2.50    18  pidstat
04:08:10         4150    0.50    1.50    0.00    2.00    28  pidstat
04:08:10         4159  118.50    0.00    0.00  118.50    14  bt-mz.B.24
04:08:10         4160   99.50    0.00    0.00   99.50    28  bt-mz.B.24
04:08:10         4161  110.50    0.00    0.00  110.50    19  bt-mz.B.24
04:08:10         4162  106.50    0.00    0.00  106.50     0  bt-mz.B.24
04:08:10         4163  105.50    0.00    0.00  105.50     5  bt-mz.B.24
04:08:10         4164  108.00    0.00    0.00  108.00    22  bt-mz.B.24
04:08:10         4165  108.00    0.00    0.00  108.00     3  bt-mz.B.24
04:08:10         4166  102.00    0.50    0.00  102.50     6  bt-mz.B.24
04:08:10         4167  112.00    0.00    0.00  112.00    23  bt-mz.B.24
04:08:10         4168  109.50    0.00    0.00  109.50    29  bt-mz.B.24
04:08:10         4169  107.50    0.00    0.00  107.50    24  bt-mz.B.24
04:08:10         4170  106.00    0.00    0.00  106.00    16  bt-mz.B.24
04:08:10         4171   82.00    0.00    0.00   82.00    25  bt-mz.B.24
04:08:10         4173  107.00    0.00    0.00  107.00    10  bt-mz.B.24
04:08:10         4174  101.00    0.00    0.00  101.00     9  bt-mz.B.24
04:08:10         4175  109.50    0.00    0.00  109.50    21  bt-mz.B.24
04:08:10         4176  115.00    0.00    0.00  115.00     4  bt-mz.B.24
04:08:10         4177  109.00    0.00    0.00  109.00     2  bt-mz.B.24
04:08:10         4180  102.00    0.00    0.00  102.00    25  bt-mz.B.24
04:08:10         4181  114.50    0.00    0.00  114.50    17  bt-mz.B.24
04:08:10         4183  112.50    0.00    0.00  112.50    31  bt-mz.B.24
04:08:10         4184  113.00    0.00    0.00  113.00    27  bt-mz.B.24

04:08:10          PID    %usr %system  %guest    %CPU   CPU  Command
04:08:12          101    0.00    0.50    0.00    0.50    24  ksoftirqd/24
04:08:12         3021    0.00    1.00    0.00    1.00    19  flush-8:0
04:08:12         4146    0.50    1.00    0.00    1.50    24  top
04:08:12         4148    0.50    2.00    0.00    2.50    18  pidstat
04:08:12         4150    0.50    3.00    0.00    3.50    28  pidstat
04:08:12         4159  119.00    0.00    0.00  119.00    14  bt-mz.B.24
04:08:12         4160  113.00    0.00    0.00  113.00    12  bt-mz.B.24
04:08:12         4161  113.00    0.00    0.00  113.00    19  bt-mz.B.24
04:08:12         4162  110.00    0.00    0.00  110.00     0  bt-mz.B.24
04:08:12         4163  111.00    0.00    0.00  111.00    21  bt-mz.B.24
04:08:12         4164  113.00    0.00    0.00  113.00    22  bt-mz.B.24
04:08:12         4165  104.50    0.00    0.00  104.50     3  bt-mz.B.24
04:08:12         4166  107.00    0.00    0.00  107.00     1  bt-mz.B.24
04:08:12         4167  110.00    0.00    0.00  110.00    23  bt-mz.B.24
04:08:12         4168  111.00    0.00    0.00  111.00    13  bt-mz.B.24
04:08:12         4169  110.00    0.50    0.00  110.50    24  bt-mz.B.24
04:08:12         4170  109.50    0.00    0.00  109.50     2  bt-mz.B.24
04:08:12         4171   99.50    0.00    0.00   99.50     9  bt-mz.B.24
04:08:12         4173  112.00    0.00    0.00  112.00    10  bt-mz.B.24
04:08:12         4174  102.00    0.00    0.00  102.00    31  bt-mz.B.24
04:08:12         4175  111.00    0.00    0.00  111.00     7  bt-mz.B.24
04:08:12         4176  108.00    0.00    0.00  108.00     4  bt-mz.B.24
04:08:12         4177  106.00    0.00    0.00  106.00    18  bt-mz.B.24
04:08:12         4180   98.50    0.00    0.00   98.50    25  bt-mz.B.24
04:08:12         4181  112.00    0.00    0.00  112.00    17  bt-mz.B.24
04:08:12         4183  109.00    0.00    0.00  109.00    15  bt-mz.B.24
04:08:12         4184  113.00    0.00    0.00  113.00    11  bt-mz.B.24

04:08:12          PID    %usr %system  %guest    %CPU   CPU  Command
04:08:14         3137    0.00    0.50    0.00    0.50     4  kondemand/4
04:08:14         3146    0.00    0.50    0.00    0.50    13  kondemand/13
04:08:14         3157    0.00    0.50    0.00    0.50    24  kondemand/24
04:08:14         3160    0.00    0.50    0.00    0.50    27  kondemand/27
04:08:14         3195    0.00    0.50    0.00    0.50    10  irqbalance
04:08:14         4071    0.00    0.50    0.00    0.50     3  nfsiod
04:08:14         4128    0.00    0.50    0.00    0.50     1  gmond
04:08:14         4146    0.50    0.50    0.00    1.00    24  top
04:08:14         4148    1.00    1.50    0.00    2.50    18  pidstat
04:08:14         4150    0.50    1.50    0.00    2.00    28  pidstat
04:08:14         4159  116.00    0.00    0.00  116.00    10  bt-mz.B.24
04:08:14         4160  110.50    0.00    0.00  110.50    29  bt-mz.B.24
04:08:14         4161  115.00    0.00    0.00  115.00    16  bt-mz.B.24
04:08:14         4162  110.00    0.00    0.00  110.00     2  bt-mz.B.24
04:08:14         4163  112.00    0.00    0.00  112.00    18  bt-mz.B.24
04:08:14         4164  114.00    0.50    0.00  114.50     6  bt-mz.B.24
04:08:14         4165  106.50    0.00    0.00  106.50    22  bt-mz.B.24
04:08:14         4166  106.50    0.00    0.00  106.50     3  bt-mz.B.24
04:08:14         4167  115.50    0.00    0.00  115.50     4  bt-mz.B.24
04:08:14         4168  111.00    0.00    0.00  111.00    13  bt-mz.B.24
04:08:14         4169  112.50    0.00    0.00  112.50     8  bt-mz.B.24
04:08:14         4170  109.50    0.00    0.00  109.50    17  bt-mz.B.24
04:08:14         4171  109.50    0.00    0.00  109.50    25  bt-mz.B.24
04:08:14         4173  115.00    0.00    0.00  115.00    14  bt-mz.B.24
04:08:14         4174  104.50    0.00    0.00  104.50    24  bt-mz.B.24
04:08:14         4175  114.00    0.00    0.00  114.00    21  bt-mz.B.24
04:08:14         4176  105.50    0.00    0.00  105.50     1  bt-mz.B.24
04:08:14         4177  105.50    0.00    0.00  105.50     7  bt-mz.B.24
04:08:14         4180  114.00    0.00    0.00  114.00    12  bt-mz.B.24
04:08:14         4181  114.50    0.50    0.00  115.00    19  bt-mz.B.24
04:08:14         4183  115.50    0.50    0.00  116.00    15  bt-mz.B.24
04:08:14         4184  115.50    0.00    0.00  115.50    27  bt-mz.B.24

04:08:14          PID    %usr %system  %guest    %CPU   CPU  Command
04:08:16         3135    0.00    0.50    0.00    0.50     2  kondemand/2
04:08:16         3139    0.00    0.50    0.00    0.50     6  kondemand/6
04:08:16         3159    0.00    0.50    0.00    0.50    26  kondemand/26
04:08:16         3180    0.00    0.50    0.00    0.50    12  kipmi0
04:08:16         4146    0.50    0.50    0.00    1.00    24  top
04:08:16         4148    0.50    1.50    0.00    2.00    18  pidstat
04:08:16         4150    0.50    2.50    0.00    3.00    28  pidstat
04:08:16         4159  106.00    0.00    0.00  106.00    12  bt-mz.B.24
04:08:16         4160  108.50    0.00    0.00  108.50     8  bt-mz.B.24
04:08:16         4161  110.50    0.00    0.00  110.50    16  bt-mz.B.24
04:08:16         4162  108.50    0.00    0.00  108.50    18  bt-mz.B.24
04:08:16         4163  105.00    0.00    0.00  105.00     0  bt-mz.B.24
04:08:16         4164  109.00    0.00    0.00  109.00     6  bt-mz.B.24
04:08:16         4165  109.00    0.00    0.00  109.00    20  bt-mz.B.24
04:08:16         4166  109.00    0.00    0.00  109.00    22  bt-mz.B.24
04:08:16         4167  109.50    0.00    0.00  109.50     4  bt-mz.B.24
04:08:16         4168  108.50    0.00    0.00  108.50    29  bt-mz.B.24
04:08:16         4169  109.00    0.00    0.00  109.00    24  bt-mz.B.24
04:08:16         4170  106.50    0.00    0.00  106.50     2  bt-mz.B.24
04:08:16         4171  112.00    0.00    0.00  112.00    15  bt-mz.B.24
04:08:16         4173  115.00    0.00    0.00  115.00    14  bt-mz.B.24
04:08:16         4174  110.00    0.00    0.00  110.00    26  bt-mz.B.24
04:08:16         4175  108.00    0.00    0.00  108.00    21  bt-mz.B.24
04:08:16         4176  114.50    0.00    0.00  114.50     1  bt-mz.B.24
04:08:16         4177  115.50    0.00    0.00  115.50    23  bt-mz.B.24
04:08:16         4180  108.00    0.00    0.00  108.00    10  bt-mz.B.24
04:08:16         4181  116.00    0.00    0.00  116.00    19  bt-mz.B.24
04:08:16         4183  109.00    0.00    0.00  109.00    31  bt-mz.B.24
04:08:16         4184  115.00    0.00    0.00  115.00    27  bt-mz.B.24

04:08:16          PID    %usr %system  %guest    %CPU   CPU  Command
04:08:18         1063    0.00    0.50    0.00    0.50    12  jbd2/sda1-8
04:08:18         3149    0.00    0.50    0.00    0.50    16  kondemand/16
04:08:18         4128    0.00    0.50    0.00    0.50     1  gmond
04:08:18         4146    0.50    1.00    0.00    1.50    24  top
04:08:18         4148    0.50    2.00    0.00    2.50     2  pidstat
04:08:18         4150    0.50    2.00    0.00    2.50    28  pidstat
04:08:18         4159  115.00    0.50    0.00  115.50    30  bt-mz.B.24
04:08:18         4160  106.50    0.00    0.00  106.50     8  bt-mz.B.24
04:08:18         4161  107.00    0.00    0.00  107.00     0  bt-mz.B.24
04:08:18         4162   96.50    0.50    0.00   97.00     2  bt-mz.B.24
04:08:18         4163  103.00    0.00    0.00  103.00    18  bt-mz.B.24
04:08:18         4164  101.50    0.00    0.00  101.50     6  bt-mz.B.24
04:08:18         4165  108.00    0.00    0.00  108.00    20  bt-mz.B.24
04:08:18         4166  111.00    0.00    0.00  111.00    22  bt-mz.B.24
04:08:18         4167  106.50    0.00    0.00  106.50     4  bt-mz.B.24
04:08:18         4168  114.00    0.00    0.00  114.00    13  bt-mz.B.24
04:08:18         4169  110.00    0.00    0.00  110.00    12  bt-mz.B.24
04:08:18         4170   99.00    0.00    0.00   99.00     2  bt-mz.B.24
04:08:18         4171  101.00    0.00    0.00  101.00    15  bt-mz.B.24
04:08:18         4173  110.00    0.00    0.00  110.00    14  bt-mz.B.24
04:08:18         4174  101.50    0.00    0.00  101.50    26  bt-mz.B.24
04:08:18         4175  111.00    0.00    0.00  111.00     5  bt-mz.B.24
04:08:18         4176  114.50    0.00    0.00  114.50     1  bt-mz.B.24
04:08:18         4177  112.50    0.00    0.00  112.50    23  bt-mz.B.24
04:08:18         4180  111.00    0.50    0.00  111.50    24  bt-mz.B.24
04:08:18         4181  114.00    0.00    0.00  114.00    19  bt-mz.B.24
04:08:18         4183  107.00    0.00    0.00  107.00    31  bt-mz.B.24
04:08:18         4184  113.50    0.00    0.00  113.50    27  bt-mz.B.24

04:08:18          PID    %usr %system  %guest    %CPU   CPU  Command
04:08:20           69    0.00    0.50    0.00    0.50    16  ksoftirqd/16
04:08:20           77    0.00    0.50    0.00    0.50    18  ksoftirqd/18
04:08:20         4128    0.50    0.00    0.00    0.50     1  gmond
04:08:20         4146    0.50    0.50    0.00    1.00    24  top
04:08:20         4148    1.00    1.50    0.00    2.50     2  pidstat
04:08:20         4150    0.50    1.00    0.00    1.50    28  pidstat
04:08:20         4159  111.50    0.00    0.00  111.50    30  bt-mz.B.24
04:08:20         4160   98.50    0.00    0.00   98.50    24  bt-mz.B.24
04:08:20         4161  108.00    0.00    0.00  108.00     0  bt-mz.B.24
04:08:20         4162  104.50    0.00    0.00  104.50     1  bt-mz.B.24
04:08:20         4163  104.50    0.00    0.00  104.50    18  bt-mz.B.24
04:08:20         4164  105.00    0.00    0.00  105.00     6  bt-mz.B.24
04:08:20         4165   99.00    0.00    0.00   99.00    20  bt-mz.B.24
04:08:20         4166  104.00    0.00    0.00  104.00    22  bt-mz.B.24
04:08:20         4167   95.50    0.00    0.00   95.50     4  bt-mz.B.24
04:08:20         4168  111.00    0.00    0.00  111.00    29  bt-mz.B.24
04:08:20         4169  104.00    0.50    0.00  104.50    28  bt-mz.B.24
04:08:20         4170  103.50    0.00    0.00  103.50    18  bt-mz.B.24
04:08:20         4171   98.00    0.00    0.00   98.00    15  bt-mz.B.24
04:08:20         4173  104.50    0.00    0.00  104.50    14  bt-mz.B.24
04:08:20         4174  109.50    0.00    0.00  109.50    26  bt-mz.B.24
04:08:20         4175  109.50    0.00    0.00  109.50     5  bt-mz.B.24
04:08:20         4176  108.50    0.00    0.00  108.50    16  bt-mz.B.24
04:08:20         4177  106.00    0.00    0.00  106.00     7  bt-mz.B.24
04:08:20         4180  107.00    0.00    0.00  107.00     8  bt-mz.B.24
04:08:20         4181  111.00    0.00    0.00  111.00    19  bt-mz.B.24
04:08:20         4183   95.50    0.00    0.00   95.50    31  bt-mz.B.24
04:08:20         4184  106.50    0.00    0.00  106.50    27  bt-mz.B.24

04:08:20          PID    %usr %system  %guest    %CPU   CPU  Command
04:08:22         3161    0.00    0.50    0.00    0.50    28  kondemand/28
04:08:22         3180    0.00    0.50    0.00    0.50    31  kipmi0
04:08:22         4146    0.50    0.50    0.00    1.00    24  top
04:08:22         4148    0.50    2.00    0.00    2.50     2  pidstat
04:08:22         4150    0.50    1.50    0.00    2.00    12  pidstat
04:08:22         4159  115.00    0.00    0.00  115.00    14  bt-mz.B.24
04:08:22         4160  109.00    0.50    0.00  109.50    26  bt-mz.B.24
04:08:22         4161  107.00    0.00    0.00  107.00     3  bt-mz.B.24
04:08:22         4162  110.50    0.00    0.00  110.50     4  bt-mz.B.24
04:08:22         4163  113.00    0.00    0.00  113.00    18  bt-mz.B.24
04:08:22         4164  109.00    0.00    0.00  109.00     6  bt-mz.B.24
04:08:22         4165  106.00    0.00    0.00  106.00    22  bt-mz.B.24
04:08:22         4166  110.50    0.00    0.00  110.50     7  bt-mz.B.24
04:08:22         4167  107.00    0.00    0.00  107.00    17  bt-mz.B.24
04:08:22         4168  105.50    0.50    0.00  106.00    13  bt-mz.B.24
04:08:22         4169  111.00    0.00    0.00  111.00     9  bt-mz.B.24
04:08:22         4170  110.00    0.00    0.00  110.00    16  bt-mz.B.24
04:08:22         4171  106.50    0.00    0.00  106.50    25  bt-mz.B.24
04:08:22         4173  110.00    0.50    0.00  110.50    15  bt-mz.B.24
04:08:22         4174  105.50    0.00    0.00  105.50    24  bt-mz.B.24
04:08:22         4175  112.50    0.00    0.00  112.50    21  bt-mz.B.24
04:08:22         4176  110.00    0.00    0.00  110.00    20  bt-mz.B.24
04:08:22         4177  107.50    0.00    0.00  107.50    23  bt-mz.B.24
04:08:22         4180  105.00    0.00    0.00  105.00    10  bt-mz.B.24
04:08:22         4181  110.00    0.00    0.00  110.00    19  bt-mz.B.24
04:08:22         4183  107.50    0.00    0.00  107.50    29  bt-mz.B.24
04:08:22         4184  113.50    0.00    0.00  113.50    27  bt-mz.B.24

04:08:22          PID    %usr %system  %guest    %CPU   CPU  Command
04:08:24           37    0.00    0.50    0.00    0.50     8  ksoftirqd/8
04:08:24         3150    0.00    0.50    0.00    0.50    17  kondemand/17
04:08:24         3180    0.00    0.50    0.00    0.50    31  kipmi0
04:08:24         4128    0.00    0.50    0.00    0.50    17  gmond
04:08:24         4146    0.50    1.00    0.00    1.50     8  top
04:08:24         4148    0.50    1.50    0.00    2.00     4  pidstat
04:08:24         4150    1.50    2.50    0.00    4.00    28  pidstat
04:08:24         4159  117.50    0.00    0.00  117.50    11  bt-mz.B.24
04:08:24         4160  111.50    0.00    0.00  111.50    10  bt-mz.B.24
04:08:24         4161  113.00    0.00    0.00  113.00    18  bt-mz.B.24
04:08:24         4162  114.00    0.00    0.00  114.00    20  bt-mz.B.24
04:08:24         4163  106.50    0.00    0.00  106.50     2  bt-mz.B.24
04:08:24         4164  103.50    0.00    0.00  103.50    22  bt-mz.B.24
04:08:24         4165  112.00    0.00    0.00  112.00     6  bt-mz.B.24
04:08:24         4166  103.50    0.00    0.00  103.50    23  bt-mz.B.24
04:08:24         4167  111.50    0.00    0.00  111.50    17  bt-mz.B.24
04:08:24         4168  111.50    0.00    0.00  111.50     8  bt-mz.B.24
04:08:24         4169  106.50    0.00    0.00  106.50    30  bt-mz.B.24
04:08:24         4170  103.00    0.00    0.00  103.00     3  bt-mz.B.24
04:08:24         4171  110.50    0.00    0.00  110.50    12  bt-mz.B.24
04:08:24         4173  113.50    0.00    0.00  113.50    15  bt-mz.B.24
04:08:24         4174  106.50    0.50    0.00  107.00    13  bt-mz.B.24
04:08:24         4175  113.00    0.00    0.00  113.00     5  bt-mz.B.24
04:08:24         4176  114.00    0.00    0.00  114.00     0  bt-mz.B.24
04:08:24         4177  112.00    0.00    0.00  112.00     7  bt-mz.B.24
04:08:24         4180  108.50    0.00    0.00  108.50    14  bt-mz.B.24
04:08:24         4181  106.50    0.00    0.00  106.50    19  bt-mz.B.24
04:08:24         4183  105.50    0.00    0.00  105.50    27  bt-mz.B.24
04:08:24         4184  108.50    0.50    0.00  109.00     8  bt-mz.B.24

04:08:24          PID    %usr %system  %guest    %CPU   CPU  Command
04:08:26         3141    0.00    0.50    0.00    0.50     8  kondemand/8
04:08:26         3148    0.00    0.50    0.00    0.50    15  kondemand/15
04:08:26         3180    0.00    0.50    0.00    0.50    31  kipmi0
04:08:26         4146    0.50    0.50    0.00    1.00     8  top
04:08:26         4148    1.00    1.50    0.00    2.50     1  pidstat
04:08:26         4150    0.00    1.50    0.00    1.50    12  pidstat
04:08:26         4159  108.50    0.00    0.00  108.50    12  bt-mz.B.24
04:08:26         4160  108.00    0.00    0.00  108.00    10  bt-mz.B.24
04:08:26         4161  110.00    0.50    0.00  110.50    18  bt-mz.B.24
04:08:26         4162  109.50    0.00    0.00  109.50    20  bt-mz.B.24
04:08:26         4163  103.00    0.00    0.00  103.00     2  bt-mz.B.24
04:08:26         4164  107.00    0.00    0.00  107.00     0  bt-mz.B.24
04:08:26         4165  107.50    0.00    0.00  107.50     6  bt-mz.B.24
04:08:26         4166  106.00    0.00    0.00  106.00     7  bt-mz.B.24
04:08:26         4167  104.50    0.00    0.00  104.50    19  bt-mz.B.24
04:08:26         4168   96.00    0.00    0.00   96.00    31  bt-mz.B.24
04:08:26         4169  107.50    0.00    0.00  107.50    30  bt-mz.B.24
04:08:26         4170  101.00    0.00    0.00  101.00     5  bt-mz.B.24
04:08:26         4171  110.00    0.00    0.00  110.00    28  bt-mz.B.24
04:08:26         4173  107.50    0.00    0.00  107.50    15  bt-mz.B.24
04:08:26         4174  109.00    0.00    0.00  109.00    13  bt-mz.B.24
04:08:26         4175  103.00    0.50    0.00  103.50    21  bt-mz.B.24
04:08:26         4176  104.50    0.00    0.00  104.50    16  bt-mz.B.24
04:08:26         4177  108.50    0.00    0.00  108.50    17  bt-mz.B.24
04:08:26         4180  103.00    0.00    0.00  103.00    11  bt-mz.B.24
04:08:26         4181  105.00    0.00    0.00  105.00     4  bt-mz.B.24
04:08:26         4183  101.50    0.50    0.00  102.00    27  bt-mz.B.24
04:08:26         4184   97.00    0.00    0.00   97.00    26  bt-mz.B.24
