Linux 2.6.32-279.14.1.el6.x86_64 (compute-641-14.local) 	04/21/20 	_x86_64_	(32 CPU)

03:18:31     CPU    %usr   %nice    %sys %iowait    %irq   %soft  %steal  %guest   %idle
03:18:33     all   64.65    0.00    5.54    0.00    0.00    0.08    0.00    0.00   29.74
03:18:35     all   86.51    0.00    0.17    0.00    0.00    0.00    0.00    0.00   13.32
03:18:37     all   80.95    0.00    0.16    0.00    0.00    0.00    0.00    0.00   18.90
03:18:39     all   85.62    0.00    0.17    0.00    0.00    0.00    0.00    0.00   14.21
03:18:41     all   84.95    0.00    0.20    0.00    0.00    0.00    0.00    0.00   14.85
03:18:43     all   84.18    0.00    0.17    0.00    0.00    0.00    0.00    0.00   15.65
03:18:45     all   79.22    0.00    0.19    0.00    0.00    0.00    0.00    0.00   20.59
03:18:47     all   84.21    0.00    0.16    0.00    0.00    0.00    0.00    0.00   15.63
03:18:49     all   84.06    0.00    0.17    0.00    0.00    0.00    0.00    0.00   15.77
03:18:51     all   83.65    0.00    0.17    0.00    0.00    0.00    0.00    0.00   16.18
03:18:53     all   83.98    0.00    0.23    0.00    0.00    0.00    0.00    0.00   15.79
03:18:55     all   85.23    0.00    0.19    0.00    0.00    0.00    0.00    0.00   14.58
03:18:57     all   84.53    0.00    0.17    0.00    0.00    0.00    0.00    0.00   15.30
03:18:59     all   82.34    0.00    0.17    0.00    0.00    0.00    0.00    0.00   17.49
03:19:01     all   84.73    0.00    0.20    0.00    0.00    0.00    0.00    0.00   15.06
03:19:03     all   87.98    0.00    0.17    0.00    0.00    0.00    0.00    0.00   11.85
03:19:05     all   83.46    0.00    0.19    0.00    0.00    0.00    0.00    0.00   16.35
03:19:07     all   81.40    0.00    0.20    0.00    0.00    0.02    0.00    0.00   18.38
03:19:09     all   85.23    0.00    0.20    0.00    0.00    0.00    0.00    0.00   14.56
03:19:11     all   83.67    0.00    0.19    0.00    0.00    0.00    0.00    0.00   16.14
03:19:13     all   84.91    0.00    0.23    0.02    0.00    0.00    0.00    0.00   14.84
03:19:15     all   84.31    0.00    0.16    0.00    0.00    0.00    0.00    0.00   15.53
03:19:17     all   82.18    0.00    0.16    0.00    0.00    0.00    0.00    0.00   17.66
03:19:19     all   85.81    0.00    0.20    0.00    0.00    0.00    0.00    0.00   13.99
03:19:21     all   84.23    0.00    0.17    0.00    0.00    0.00    0.00    0.00   15.60
03:19:23     all   84.22    0.00    0.22    0.00    0.00    0.00    0.00    0.00   15.56
03:19:25     all   82.89    0.00    0.19    0.00    0.00    0.00    0.00    0.00   16.92
03:19:27     all   81.81    0.00    0.23    0.00    0.00    0.00    0.00    0.00   17.96
03:19:29     all   90.83    0.00    0.16    0.00    0.00    0.00    0.00    0.00    9.02
03:19:31     all   83.61    0.00    0.17    0.00    0.00    0.00    0.00    0.00   16.22
03:19:33     all   83.59    0.00    0.20    0.00    0.00    0.00    0.00    0.00   16.20
03:19:35     all   84.73    0.00    0.22    0.00    0.00    0.00    0.00    0.00   15.05
03:19:37     all   85.57    0.00    0.20    0.00    0.00    0.00    0.00    0.00   14.22
03:19:39     all   86.42    0.00    0.20    0.00    0.00    0.00    0.00    0.00   13.38
03:19:41     all   83.70    0.00    0.17    0.00    0.00    0.00    0.00    0.00   16.13
03:19:43     all   81.69    0.00    0.19    0.02    0.00    0.00    0.00    0.00   18.11
03:19:45     all   84.59    0.00    0.20    0.00    0.00    0.00    0.00    0.00   15.21
03:19:47     all   82.76    0.00    0.16    0.00    0.00    0.00    0.00    0.00   17.08
03:19:49     all   83.76    0.00    0.19    0.00    0.00    0.00    0.00    0.00   16.05
03:19:51     all   84.29    0.00    0.22    0.00    0.00    0.00    0.00    0.00   15.49
03:19:53     all   83.32    0.00    0.20    0.00    0.00    0.00    0.00    0.00   16.47
03:19:55     all   83.50    0.00    0.20    0.00    0.00    0.00    0.00    0.00   16.30
03:19:57     all   83.12    0.00    0.19    0.00    0.00    0.00    0.00    0.00   16.69
03:19:59     all   85.56    0.00    0.19    0.00    0.00    0.00    0.00    0.00   14.25
03:20:01     all   87.87    0.00    0.20    0.00    0.00    0.00    0.00    0.00   11.92
03:20:03     all   83.25    0.00    0.19    0.00    0.00    0.00    0.00    0.00   16.57
03:20:05     all   82.08    0.00    0.19    0.00    0.00    0.00    0.00    0.00   17.73
03:20:07     all   87.29    0.00    0.19    0.00    0.00    0.00    0.00    0.00   12.52
03:20:09     all   83.82    0.00    0.19    0.00    0.00    0.00    0.00    0.00   15.99
03:20:11     all   81.83    0.00    0.20    0.00    0.00    0.00    0.00    0.00   17.97
03:20:13     all   84.11    0.00    0.19    0.00    0.00    0.00    0.00    0.00   15.71
03:20:15     all   83.07    0.00    0.19    0.00    0.00    0.00    0.00    0.00   16.74
03:20:17     all   87.32    0.00    0.19    0.00    0.00    0.00    0.00    0.00   12.49
03:20:19     all   84.63    0.00    0.20    0.00    0.00    0.00    0.00    0.00   15.17
03:20:21     all   87.18    0.00    0.19    0.00    0.00    0.00    0.00    0.00   12.63
03:20:23     all   85.89    0.00    0.22    0.00    0.00    0.00    0.00    0.00   13.89
03:20:25     all   85.84    0.00    0.17    0.00    0.00    0.00    0.00    0.00   13.99
03:20:27     all   82.87    0.00    0.17    0.00    0.00    0.00    0.00    0.00   16.96
03:20:29     all   83.28    0.00    0.20    0.00    0.00    0.00    0.00    0.00   16.52
03:20:31     all   83.40    0.00    0.14    0.00    0.00    0.00    0.00    0.00   16.46
03:20:33     all   83.68    0.00    0.19    0.00    0.00    0.00    0.00    0.00   16.13
03:20:35     all   82.90    0.00    0.17    0.00    0.00    0.00    0.00    0.00   16.93
03:20:37     all   82.69    0.00    0.23    0.00    0.00    0.02    0.00    0.00   17.06
03:20:39     all   86.75    0.00    0.19    0.00    0.00    0.00    0.00    0.00   13.07
03:20:41     all   84.95    0.00    0.19    0.00    0.00    0.00    0.00    0.00   14.86
