Linux 2.6.32-279.14.1.el6.x86_64 (compute-641-14.local) 	04/21/20 	_x86_64_	(32 CPU)

02:36:00          PID    %usr %system  %guest    %CPU   CPU  Command
02:36:02         3134    0.00    0.49    0.00    0.49     1  kondemand/1
02:36:02         3135    0.00    0.49    0.00    0.49     2  kondemand/2
02:36:02         3141    0.00    0.49    0.00    0.49     8  kondemand/8
02:36:02         3143    0.00    0.49    0.00    0.49    10  kondemand/10
02:36:02         3147    0.00    0.49    0.00    0.49    14  kondemand/14
02:36:02         3161    0.00    0.49    0.00    0.49    28  kondemand/28
02:36:02         3180    0.00    0.49    0.00    0.49    16  kipmi0
02:36:02         4128    0.49    0.49    0.00    0.99    16  gmond
02:36:02        17908    2.96    1.48    0.00    4.43    12  mpirun
02:36:02        17914    0.49    0.49    0.00    0.99     5  top
02:36:02        17916    0.49    1.48    0.00    1.97    22  pidstat
02:36:02        17918    0.99    1.48    0.00    2.46     8  pidstat
02:36:02        17928  135.47    8.87    0.00  144.33    16  bt-mz.B.32
02:36:02        17929  137.44   14.29    0.00  151.72    17  bt-mz.B.32
02:36:02        17930  133.99   15.76    0.00  149.75    18  bt-mz.B.32
02:36:02        17931  121.18   17.73    0.00  138.92    19  bt-mz.B.32
02:36:02        17932  118.23   19.21    0.00  137.44    20  bt-mz.B.32
02:36:02        17933  115.27   22.17    0.00  137.44    21  bt-mz.B.32
02:36:02        17934  106.90   22.17    0.00  129.06     6  bt-mz.B.32
02:36:02        17935  105.91   24.14    0.00  130.05    23  bt-mz.B.32
02:36:02        17936  103.94   23.65    0.00  127.59    24  bt-mz.B.32
02:36:02        17939  100.00   26.11    0.00  126.11    25  bt-mz.B.32
02:36:02        17941  100.49   27.59    0.00  128.08    10  bt-mz.B.32
02:36:02        17944  100.49   28.57    0.00  129.06    27  bt-mz.B.32
02:36:02        17946   99.01   28.08    0.00  127.09    28  bt-mz.B.32
02:36:02        17948   99.51   27.59    0.00  127.09    29  bt-mz.B.32

02:36:02          PID    %usr %system  %guest    %CPU   CPU  Command
02:36:04           25    0.00    0.50    0.00    0.50     5  ksoftirqd/5
02:36:04         3146    0.00    0.50    0.00    0.50    13  kondemand/13
02:36:04        17914    0.50    1.00    0.00    1.50     5  top
02:36:04        17916    0.50    1.50    0.00    2.00    22  pidstat
02:36:04        17918    1.00    2.00    0.00    3.00     8  pidstat
02:36:04        17928  166.00    5.50    0.00  171.50     0  bt-mz.B.32
02:36:04        17929  167.00   12.50    0.00  179.50    17  bt-mz.B.32
02:36:04        17930  165.50   12.00    0.00  177.50    18  bt-mz.B.32
02:36:04        17931  145.50   18.50    0.00  164.00    19  bt-mz.B.32
02:36:04        17932  143.00   20.00    0.00  163.00    20  bt-mz.B.32
02:36:04        17933  143.00   19.50    0.00  162.50     5  bt-mz.B.32
02:36:04        17934  132.00   21.00    0.00  153.00     6  bt-mz.B.32
02:36:04        17935  127.50   23.50    0.00  151.00    23  bt-mz.B.32
02:36:04        17936  126.00   24.50    0.00  150.50    24  bt-mz.B.32
02:36:04        17939  121.50   26.50    0.00  148.00    25  bt-mz.B.32
02:36:04        17941  120.50   30.50    0.00  151.00    10  bt-mz.B.32
02:36:04        17944  122.00   30.00    0.00  152.00    27  bt-mz.B.32
02:36:04        17946  118.50   31.50    0.00  150.00    28  bt-mz.B.32
02:36:04        17948  118.50   32.00    0.00  150.50    29  bt-mz.B.32

02:36:04          PID    %usr %system  %guest    %CPU   CPU  Command
02:36:06          109    0.00    0.50    0.00    0.50    26  ksoftirqd/26
02:36:06         3137    0.00    0.50    0.00    0.50     4  kondemand/4
02:36:06         3158    0.00    0.50    0.00    0.50    25  kondemand/25
02:36:06         3180    0.00    0.50    0.00    0.50     0  kipmi0
02:36:06         4128    0.50    0.50    0.00    1.00    16  gmond
02:36:06        17914    0.50    0.50    0.00    1.00    21  top
02:36:06        17916    0.50    2.00    0.00    2.50    22  pidstat
02:36:06        17918    0.50    1.00    0.00    1.50     8  pidstat
02:36:06        17928  172.00    1.50    0.00  173.50     0  bt-mz.B.32
02:36:06        17929  172.50    9.00    0.00  181.50    17  bt-mz.B.32
02:36:06        17930  168.00   10.50    0.00  178.50    18  bt-mz.B.32
02:36:06        17931  148.50   15.50    0.00  164.00    19  bt-mz.B.32
02:36:06        17932  146.00   18.00    0.00  164.00    20  bt-mz.B.32
02:36:06        17933  144.00   18.50    0.00  162.50     5  bt-mz.B.32
02:36:06        17934  133.00   19.00    0.00  152.00     6  bt-mz.B.32
02:36:06        17935  132.50   20.00    0.00  152.50    23  bt-mz.B.32
02:36:06        17936  130.50   21.50    0.00  152.00    24  bt-mz.B.32
02:36:06        17939  122.50   26.00    0.00  148.50    25  bt-mz.B.32
02:36:06        17941  124.00   27.00    0.00  151.00    10  bt-mz.B.32
02:36:06        17944  125.50   27.50    0.00  153.00    27  bt-mz.B.32
02:36:06        17946  120.50   29.50    0.00  150.00    28  bt-mz.B.32
02:36:06        17948  123.00   27.00    0.00  150.00    29  bt-mz.B.32

02:36:06          PID    %usr %system  %guest    %CPU   CPU  Command
02:36:08         3138    0.00    0.50    0.00    0.50     5  kondemand/5
02:36:08         3139    0.00    0.50    0.00    0.50     6  kondemand/6
02:36:08         3140    0.00    0.50    0.00    0.50     7  kondemand/7
02:36:08         3145    0.00    0.50    0.00    0.50    12  kondemand/12
02:36:08         3148    0.00    0.50    0.00    0.50    15  kondemand/15
02:36:08         3154    0.00    0.50    0.00    0.50    21  kondemand/21
02:36:08         3155    0.00    0.50    0.00    0.50    22  kondemand/22
02:36:08        17914    0.50    1.00    0.00    1.50    21  top
02:36:08        17916    0.50    2.00    0.00    2.50    22  pidstat
02:36:08        17918    0.50    2.50    0.00    3.00     8  pidstat
02:36:08        17928  173.50    1.00    0.00  174.50    16  bt-mz.B.32
02:36:08        17929  173.00   10.50    0.00  183.50    17  bt-mz.B.32
02:36:08        17930  171.00   10.50    0.00  181.50    18  bt-mz.B.32
02:36:08        17931  149.50   16.50    0.00  166.00    19  bt-mz.B.32
02:36:08        17932  148.50   17.50    0.00  166.00    20  bt-mz.B.32
02:36:08        17933  148.00   17.00    0.00  165.00     5  bt-mz.B.32
02:36:08        17934  134.00   20.50    0.00  154.50     6  bt-mz.B.32
02:36:08        17935  132.50   21.50    0.00  154.00    23  bt-mz.B.32
02:36:08        17936  129.00   22.00    0.00  151.00    24  bt-mz.B.32
02:36:08        17939  124.50   25.00    0.00  149.50    25  bt-mz.B.32
02:36:08        17941  125.00   28.00    0.00  153.00    10  bt-mz.B.32
02:36:08        17944  125.00   28.50    0.00  153.50    27  bt-mz.B.32
02:36:08        17946  121.50   30.00    0.00  151.50    28  bt-mz.B.32
02:36:08        17948  122.50   29.50    0.00  152.00    29  bt-mz.B.32

02:36:08          PID    %usr %system  %guest    %CPU   CPU  Command
02:36:10         3160    0.00    0.50    0.00    0.50    27  kondemand/27
02:36:10         3684    0.00    0.50    0.00    0.50     2  snmpd
02:36:10         3852    0.00    0.50    0.00    0.50    24  pbs_mom
02:36:10         4128    0.00    0.50    0.00    0.50     0  gmond
02:36:10        17914    0.50    0.50    0.00    1.00     5  top
02:36:10        17916    1.00    1.50    0.00    2.50    22  pidstat
02:36:10        17918    1.00    1.50    0.00    2.50     8  pidstat
02:36:10        17928  173.50    2.00    0.00  175.50     0  bt-mz.B.32
02:36:10        17929  173.00   10.50    0.00  183.50    17  bt-mz.B.32
02:36:10        17930  170.50   10.00    0.00  180.50    18  bt-mz.B.32
02:36:10        17931  148.00   17.50    0.00  165.50    19  bt-mz.B.32
02:36:10        17932  148.00   18.00    0.00  166.00    20  bt-mz.B.32
02:36:10        17933  147.00   18.00    0.00  165.00    21  bt-mz.B.32
02:36:10        17934  135.00   19.00    0.00  154.00     6  bt-mz.B.32
02:36:10        17935  132.00   21.50    0.00  153.50    23  bt-mz.B.32
02:36:10        17936  130.50   22.50    0.00  153.00    24  bt-mz.B.32
02:36:10        17939  124.50   25.50    0.00  150.00    25  bt-mz.B.32
02:36:10        17941  125.50   27.00    0.00  152.50    10  bt-mz.B.32
02:36:10        17944  125.50   29.00    0.00  154.50    27  bt-mz.B.32
02:36:10        17946  121.50   30.50    0.00  152.00    28  bt-mz.B.32
02:36:10        17948  123.50   28.50    0.00  152.00    29  bt-mz.B.32
