procs -----------memory---------- ---swap-- -----io---- --system-- -----cpu-----
 r  b   swpd   free   buff  cache   si   so    bi    bo   in   cs us sy id wa st
 8  0  13768 64972772  36988 113184    0    0     0     1    0    0 65  1 34  0  0	
48  0  13768 64726232  37016 137536    0    0     0     0 18506 28669  6  3 91  0  0	
48  0  13768 64622416  37016 139584    0    0     0     0 42520 11106 86  0 14  0  0	
48  0  13768 64624556  37036 139660    0    0     0   132 42817 11142 87  0 13  0  0	
25  0  13768 64626664  37036 139764    0    0     0     0 42485 11114 86  0 14  0  0	
48  0  13768 64630640  37036 139852    0    0     0     0 42292 11075 86  0 14  0  0	
48  0  13768 64631688  37036 139940    0    0     0     0 42749 11128 87  0 13  0  0	
48  0  13768 64632588  37044 140032    0    0     0     8 42144 11065 85  0 14  0  0	
48  0  13768 64633696  37052 140120    0    0     0     8 42850 11213 87  0 13  0  0	
25  0  13768 64634092  37052 140208    0    0     0    10 42430 11110 86  0 14  0  0	
48  0  13768 64634304  37052 140300    0    0     0     0 42333 11081 86  0 14  0  0	
48  0  13768 64634472  37060 140380    0    0     0   136 42932 11213 87  0 13  0  0	
48  0  13768 64634348  37060 140476    0    0     0     0 41990 11028 85  0 15  0  0	
48  0  13768 64634348  37060 140568    0    0     0     0 42791 11162 87  0 13  0  0	
25  0  13768 64634348  37060 140656    0    0     0     0 42433 11128 86  0 14  0  0	
50  0  13768 64634364  37060 140748    0    0     0     0 42544 11161 86  0 14  0  0	
27  0  13768 64634232  37068 140832    0    0     0    12 42786 11170 87  0 13  0  0	
48  0  13768 64634100  37068 140932    0    0     0     0 42129 11055 85  0 14  0  0	
48  0  13768 64633968  37068 141024    0    0     0     0 42864 11136 87  0 13  0  0	
26  0  13768 64633472  37068 141116    0    0     0  6092 47293 11074 85  0 14  0  0	
46  0  13768 64633472  37068 141116    0    0     0     0 42796 11227 87  0 13  0  0	
procs -----------memory---------- ---swap-- -----io---- --system-- -----cpu-----
 r  b   swpd   free   buff  cache   si   so    bi    bo   in   cs us sy id wa st
25  0  13768 64633356  37084 141188    0    0     0  1346 43717 11165 86  0 14  0  0	
48  0  13768 64633108  37084 141296    0    0     0     0 42559 11137 86  0 14  0  0	
48  0  13768 64633108  37084 141384    0    0     0     0 42807 11167 87  0 13  0  0	
48  0  13768 64633100  37092 141476    0    0     0    12 42057 11032 85  0 15  0  0	
 0  0  13768 64667696  37100 114824    0    0     0     8 45646 19362 84  0 16  0  0	
