Linux 2.6.32-279.14.1.el6.x86_64 (compute-641-14.local) 	04/21/20 	_x86_64_	(32 CPU)

04:07:38     CPU    %usr   %nice    %sys %iowait    %irq   %soft  %steal  %guest   %idle
04:07:40     all   63.38    0.00    5.44    0.02    0.00    0.08    0.00    0.00   31.09
04:07:42     all   78.86    0.00    0.19    0.00    0.00    0.00    0.00    0.00   20.95
04:07:44     all   80.94    0.00    0.17    0.00    0.00    0.00    0.00    0.00   18.88
04:07:46     all   80.43    0.00    0.20    0.00    0.00    0.00    0.00    0.00   19.37
04:07:48     all   80.23    0.00    0.16    0.00    0.00    0.00    0.00    0.00   19.61
04:07:50     all   80.66    0.00    0.19    0.00    0.00    0.00    0.00    0.00   19.16
04:07:52     all   81.49    0.00    0.17    0.00    0.00    0.00    0.00    0.00   18.34
04:07:54     all   80.23    0.00    0.19    0.00    0.00    0.00    0.00    0.00   19.58
04:07:56     all   82.44    0.00    0.20    0.00    0.00    0.00    0.00    0.00   17.36
04:07:58     all   79.98    0.00    0.17    0.00    0.00    0.00    0.00    0.00   19.85
04:08:00     all   80.39    0.00    0.19    0.00    0.00    0.00    0.00    0.00   19.42
04:08:02     all   82.48    0.00    0.19    0.00    0.00    0.00    0.00    0.00   17.33
04:08:04     all   82.12    0.00    0.17    0.00    0.00    0.00    0.00    0.00   17.71
04:08:06     all   81.62    0.00    0.22    0.00    0.00    0.00    0.00    0.00   18.16
04:08:08     all   80.56    0.00    0.19    0.00    0.00    0.00    0.00    0.00   19.25
04:08:10     all   81.17    0.00    0.17    0.00    0.00    0.00    0.00    0.00   18.66
04:08:12     all   79.13    0.00    0.22    0.00    0.00    0.00    0.00    0.00   20.65
04:08:14     all   84.77    0.00    0.22    0.00    0.00    0.00    0.00    0.00   15.01
04:08:16     all   81.99    0.00    0.19    0.00    0.00    0.00    0.00    0.00   17.82
04:08:18     all   80.67    0.00    0.20    0.00    0.00    0.00    0.00    0.00   19.13
04:08:20     all   80.89    0.00    0.20    0.00    0.00    0.00    0.00    0.00   18.91
04:08:22     all   82.00    0.00    0.17    0.00    0.00    0.00    0.00    0.00   17.83
04:08:24     all   81.42    0.00    0.20    0.00    0.00    0.00    0.00    0.00   18.38
04:08:26     all   80.84    0.00    0.20    0.00    0.00    0.00    0.00    0.00   18.96
