Linux 2.6.32-279.14.1.el6.x86_64 (compute-641-14.local) 	04/21/20 	_x86_64_	(32 CPU)

03:14:19     CPU    %usr   %nice    %sys %iowait    %irq   %soft  %steal  %guest   %idle
03:14:21     all   59.88    0.00    4.52    0.00    0.00    0.11    0.00    0.00   35.49
03:14:23     all   77.54    0.00    0.17    0.00    0.00    0.00    0.00    0.00   22.28
03:14:25     all   79.04    0.00    0.16    0.00    0.00    0.00    0.00    0.00   20.80
03:14:27     all   80.51    0.00    0.22    0.00    0.00    0.00    0.00    0.00   19.27
03:14:29     all   81.75    0.00    0.17    0.00    0.00    0.00    0.00    0.00   18.08
03:14:31     all   82.07    0.00    0.17    0.00    0.00    0.00    0.00    0.00   17.76
03:14:33     all   79.88    0.00    0.19    0.00    0.00    0.00    0.00    0.00   19.93
03:14:35     all   80.67    0.00    0.20    0.00    0.00    0.00    0.00    0.00   19.13
03:14:37     all   81.62    0.00    0.16    0.00    0.00    0.00    0.00    0.00   18.23
03:14:39     all   80.27    0.00    0.16    0.00    0.00    0.00    0.00    0.00   19.57
03:14:41     all   79.72    0.00    0.17    0.00    0.00    0.00    0.00    0.00   20.11
03:14:43     all   82.04    0.00    0.19    0.00    0.00    0.00    0.00    0.00   17.77
03:14:45     all   80.38    0.00    0.19    0.00    0.00    0.00    0.00    0.00   19.43
03:14:47     all   82.14    0.00    0.17    0.00    0.00    0.00    0.00    0.00   17.69
03:14:49     all   80.90    0.00    0.20    0.00    0.00    0.00    0.00    0.00   18.89
03:14:51     all   81.26    0.00    0.22    0.02    0.00    0.00    0.00    0.00   18.51
03:14:53     all   83.95    0.00    0.17    0.00    0.00    0.00    0.00    0.00   15.88
03:14:55     all   81.45    0.00    0.22    0.00    0.00    0.02    0.00    0.00   18.31
03:14:57     all   81.90    0.00    0.20    0.00    0.00    0.00    0.00    0.00   17.90
03:14:59     all   80.73    0.00    0.17    0.00    0.00    0.00    0.00    0.00   19.10
03:15:01     all   82.03    0.00    0.16    0.00    0.00    0.00    0.00    0.00   17.82
03:15:03     all   82.29    0.00    0.17    0.02    0.00    0.00    0.00    0.00   17.52
03:15:05     all   81.57    0.00    0.16    0.00    0.00    0.00    0.00    0.00   18.27
03:15:07     all   79.88    0.00    0.25    0.00    0.00    0.00    0.00    0.00   19.87
