Linux 2.6.32-279.14.1.el6.x86_64 (compute-641-14.local) 	04/21/20 	_x86_64_	(32 CPU)

04:05:11          PID    %usr %system  %guest    %CPU   CPU  Command
04:05:13          161    0.00    0.49    0.00    0.49    30  events/30
04:05:13         3133    0.00    0.49    0.00    0.49     0  kondemand/0
04:05:13         3158    0.00    0.49    0.00    0.49    25  kondemand/25
04:05:13         3161    0.00    0.49    0.00    0.49    28  kondemand/28
04:05:13         3180    0.00    0.49    0.00    0.49    11  kipmi0
04:05:13         3749    3.43    1.96    0.00    5.39    24  mpirun
04:05:13         3755    0.49    0.49    0.00    0.98    26  top
04:05:13         3757    0.98    1.47    0.00    2.45     2  pidstat
04:05:13         3759    0.49    1.47    0.00    1.96     6  pidstat
04:05:13         3768   93.63    5.88    0.00   99.51     0  bt-mz.B.24
04:05:13         3769   90.69    7.35    0.00   98.04    26  bt-mz.B.24
04:05:13         3770   89.22    6.37    0.00   95.59     4  bt-mz.B.24
04:05:13         3771   80.88    6.86    0.00   87.75    12  bt-mz.B.24
04:05:13         3772   87.75    7.35    0.00   95.10    21  bt-mz.B.24
04:05:13         3773   86.27    6.86    0.00   93.14     9  bt-mz.B.24
04:05:13         3774   81.86    6.86    0.00   88.73    25  bt-mz.B.24
04:05:13         3775   79.90    6.37    0.00   86.27    22  bt-mz.B.24
04:05:13         3776   89.71    6.86    0.00   96.57    13  bt-mz.B.24
04:05:13         3777   86.27    6.37    0.00   92.65    11  bt-mz.B.24
04:05:13         3778   90.69    5.88    0.00   96.57    27  bt-mz.B.24
04:05:13         3779   82.84    6.86    0.00   89.71     3  bt-mz.B.24
04:05:13         3780   83.33    6.37    0.00   89.71    17  bt-mz.B.24
04:05:13         3781   85.78    6.37    0.00   92.16    23  bt-mz.B.24
04:05:13         3784   91.67    5.39    0.00   97.06    30  bt-mz.B.24
04:05:13         3786   83.82    6.37    0.00   90.20    10  bt-mz.B.24
04:05:13         3787   89.22    5.88    0.00   95.10     7  bt-mz.B.24
04:05:13         3788   82.84    6.37    0.00   89.22     1  bt-mz.B.24
04:05:13         3789   82.35    5.39    0.00   87.75     8  bt-mz.B.24
04:05:13         3790   80.88    4.90    0.00   85.78     1  bt-mz.B.24
04:05:13         3792   79.41    4.41    0.00   83.82    14  bt-mz.B.24
04:05:13         3793   91.18    5.88    0.00   97.06    15  bt-mz.B.24
04:05:13         3794   81.86    4.90    0.00   86.76    18  bt-mz.B.24
04:05:13         3796   80.88    3.92    0.00   84.80    22  bt-mz.B.24

04:05:13          PID    %usr %system  %guest    %CPU   CPU  Command
04:05:15           61    0.00    0.50    0.00    0.50    14  ksoftirqd/14
04:05:15         3141    0.00    0.50    0.00    0.50     8  kondemand/8
04:05:15         3755    0.50    1.00    0.00    1.50    26  top
04:05:15         3757    0.50    1.50    0.00    2.00     2  pidstat
04:05:15         3759    0.50    1.00    0.00    1.50     6  pidstat
04:05:15         3768  112.00    0.00    0.00  112.00     7  bt-mz.B.24
04:05:15         3769  108.50    0.00    0.00  108.50    15  bt-mz.B.24
04:05:15         3770  111.00    0.00    0.00  111.00    22  bt-mz.B.24
04:05:15         3771  110.00    0.00    0.00  110.00     0  bt-mz.B.24
04:05:15         3772  107.50    0.00    0.00  107.50    18  bt-mz.B.24
04:05:15         3773  111.00    0.00    0.00  111.00    25  bt-mz.B.24
04:05:15         3774  113.00    0.00    0.00  113.00    27  bt-mz.B.24
04:05:15         3775  105.00    0.50    0.00  105.50    17  bt-mz.B.24
04:05:15         3776  112.00    0.00    0.00  112.00    14  bt-mz.B.24
04:05:15         3777  107.50    0.00    0.00  107.50    11  bt-mz.B.24
04:05:15         3778  108.00    0.00    0.00  108.00    12  bt-mz.B.24
04:05:15         3779  100.50    0.00    0.00  100.50    17  bt-mz.B.24
04:05:15         3780  102.00    0.00    0.00  102.00    16  bt-mz.B.24
04:05:15         3781  104.50    0.00    0.00  104.50     4  bt-mz.B.24
04:05:15         3784  107.50    0.00    0.00  107.50    29  bt-mz.B.24
04:05:15         3786  113.50    0.50    0.00  114.00    10  bt-mz.B.24
04:05:15         3787  113.00    0.00    0.00  113.00    23  bt-mz.B.24
04:05:15         3788   90.50    0.00    0.00   90.50     6  bt-mz.B.24
04:05:15         3789  111.50    0.00    0.00  111.50    31  bt-mz.B.24
04:05:15         3790   92.50    0.00    0.00   92.50     5  bt-mz.B.24
04:05:15         3792  109.00    0.00    0.00  109.00     8  bt-mz.B.24
04:05:15         3793  110.50    0.00    0.00  110.50    28  bt-mz.B.24
04:05:15         3794  103.00    0.00    0.00  103.00    20  bt-mz.B.24
04:05:15         3796  112.00    0.00    0.00  112.00    19  bt-mz.B.24

04:05:15          PID    %usr %system  %guest    %CPU   CPU  Command
04:05:17         3150    0.00    0.50    0.00    0.50    17  kondemand/17
04:05:17         3156    0.00    0.50    0.00    0.50    23  kondemand/23
04:05:17         3755    0.50    0.50    0.00    1.00    26  top
04:05:17         3757    0.50    2.00    0.00    2.50    18  pidstat
04:05:17         3759    1.00    2.50    0.00    3.50     6  pidstat
04:05:17         3768  102.00    0.50    0.00  102.50    16  bt-mz.B.24
04:05:17         3769  114.50    0.00    0.00  114.50    15  bt-mz.B.24
04:05:17         3770  110.00    0.00    0.00  110.00    20  bt-mz.B.24
04:05:17         3771  102.50    0.00    0.00  102.50     0  bt-mz.B.24
04:05:17         3772  109.00    0.00    0.00  109.00     2  bt-mz.B.24
04:05:17         3773  113.50    0.00    0.00  113.50     9  bt-mz.B.24
04:05:17         3774  110.50    0.50    0.00  111.00    11  bt-mz.B.24
04:05:17         3775   98.00    0.00    0.00   98.00     5  bt-mz.B.24
04:05:17         3776  111.50    0.00    0.00  111.50    14  bt-mz.B.24
04:05:17         3777  105.00    0.00    0.00  105.00    30  bt-mz.B.24
04:05:17         3778  106.00    0.00    0.00  106.00    27  bt-mz.B.24
04:05:17         3779  110.50    0.00    0.00  110.50     1  bt-mz.B.24
04:05:17         3780  102.00    0.00    0.00  102.00     7  bt-mz.B.24
04:05:17         3781   99.00    0.00    0.00   99.00     0  bt-mz.B.24
04:05:17         3784  112.50    0.00    0.00  112.50    29  bt-mz.B.24
04:05:17         3786  111.50    0.00    0.00  111.50    10  bt-mz.B.24
04:05:17         3787  110.50    0.00    0.00  110.50    23  bt-mz.B.24
04:05:17         3788   99.50    0.50    0.00  100.00    22  bt-mz.B.24
04:05:17         3789  101.50    0.50    0.00  102.00    24  bt-mz.B.24
04:05:17         3790  106.00    0.00    0.00  106.00    21  bt-mz.B.24
04:05:17         3792  110.50    0.00    0.00  110.50     8  bt-mz.B.24
04:05:17         3793  109.00    0.00    0.00  109.00    28  bt-mz.B.24
04:05:17         3794  103.50    0.00    0.00  103.50     4  bt-mz.B.24
04:05:17         3796  112.50    0.00    0.00  112.50     3  bt-mz.B.24
04:05:17         3852    0.00    0.50    0.00    0.50    19  pbs_mom

04:05:17          PID    %usr %system  %guest    %CPU   CPU  Command
04:05:19         3147    0.00    0.50    0.00    0.50    14  kondemand/14
04:05:19         3148    0.00    0.50    0.00    0.50    15  kondemand/15
04:05:19         3164    0.00    0.50    0.00    0.50    31  kondemand/31
04:05:19         3180    0.00    1.00    0.00    1.00    15  kipmi0
04:05:19         3755    0.50    1.00    0.00    1.50    26  top
04:05:19         3757    0.50    2.00    0.00    2.50    18  pidstat
04:05:19         3759    1.00    1.50    0.00    2.50     6  pidstat
04:05:19         3768  100.00    0.50    0.00  100.50     0  bt-mz.B.24
04:05:19         3769  111.00    0.00    0.00  111.00    27  bt-mz.B.24
04:05:19         3770  112.50    0.00    0.00  112.50     4  bt-mz.B.24
04:05:19         3771   96.50    0.00    0.00   96.50    23  bt-mz.B.24
04:05:19         3772  107.00    0.00    0.00  107.00    20  bt-mz.B.24
04:05:19         3773  112.50    0.00    0.00  112.50    13  bt-mz.B.24
04:05:19         3774  113.50    0.00    0.00  113.50    29  bt-mz.B.24
04:05:19         3775  110.00    0.00    0.00  110.00     5  bt-mz.B.24
04:05:19         3776  112.50    0.00    0.00  112.50    11  bt-mz.B.24
04:05:19         3777  115.50    0.00    0.00  115.50    14  bt-mz.B.24
04:05:19         3778  108.00    0.00    0.00  108.00    31  bt-mz.B.24
04:05:19         3779  109.50    0.00    0.00  109.50    17  bt-mz.B.24
04:05:19         3780  103.50    0.00    0.00  103.50     1  bt-mz.B.24
04:05:19         3781  106.50    0.00    0.00  106.50    16  bt-mz.B.24
04:05:19         3784  111.00    0.00    0.00  111.00    26  bt-mz.B.24
04:05:19         3786  110.50    0.00    0.00  110.50    10  bt-mz.B.24
04:05:19         3787  110.00    0.00    0.00  110.00     3  bt-mz.B.24
04:05:19         3788  112.00    0.00    0.00  112.00    22  bt-mz.B.24
04:05:19         3789  112.00    0.00    0.00  112.00    25  bt-mz.B.24
04:05:19         3790  108.50    0.00    0.00  108.50    19  bt-mz.B.24
04:05:19         3792  109.50    0.00    0.00  109.50     8  bt-mz.B.24
04:05:19         3793  114.50    0.00    0.00  114.50    12  bt-mz.B.24
04:05:19         3794  102.50    0.00    0.00  102.50    21  bt-mz.B.24
04:05:19         3796  105.00    0.50    0.00  105.50     7  bt-mz.B.24

04:05:19          PID    %usr %system  %guest    %CPU   CPU  Command
04:05:21          149    0.00    0.50    0.00    0.50    18  events/18
04:05:21         3180    0.00    0.50    0.00    0.50    15  kipmi0
04:05:21         3755    0.50    0.50    0.00    1.00    26  top
04:05:21         3757    0.50    1.50    0.00    2.00    18  pidstat
04:05:21         3759    0.50    1.50    0.00    2.00     6  pidstat
04:05:21         3768  118.50    0.00    0.00  118.50    16  bt-mz.B.24
04:05:21         3769  113.50    0.00    0.00  113.50     8  bt-mz.B.24
04:05:21         3770  113.00    0.00    0.00  113.00     7  bt-mz.B.24
04:05:21         3771  110.50    0.00    0.00  110.50    20  bt-mz.B.24
04:05:21         3772  108.00    0.50    0.00  108.50     4  bt-mz.B.24
04:05:21         3773  116.00    0.00    0.00  116.00    29  bt-mz.B.24
04:05:21         3774  115.00    0.00    0.00  115.00    31  bt-mz.B.24
04:05:21         3775   99.00    0.50    0.00   99.50    18  bt-mz.B.24
04:05:21         3776  107.00    0.00    0.00  107.00    27  bt-mz.B.24
04:05:21         3777  117.50    0.00    0.00  117.50    30  bt-mz.B.24
04:05:21         3778  113.50    0.00    0.00  113.50    13  bt-mz.B.24
04:05:21         3779  105.00    0.50    0.00  105.50     2  bt-mz.B.24
04:05:21         3780  110.50    0.50    0.00  111.00     1  bt-mz.B.24
04:05:21         3781  104.50    0.00    0.00  104.50     5  bt-mz.B.24
04:05:21         3784  116.00    0.00    0.00  116.00    10  bt-mz.B.24
04:05:21         3786  111.50    0.00    0.00  111.50    25  bt-mz.B.24
04:05:21         3787  103.00    0.00    0.00  103.00     6  bt-mz.B.24
04:05:21         3788  109.00    0.00    0.00  109.00    20  bt-mz.B.24
04:05:21         3789  112.00    0.00    0.00  112.00    15  bt-mz.B.24
04:05:21         3790  115.00    0.00    0.00  115.00    19  bt-mz.B.24
04:05:21         3792  111.50    0.00    0.00  111.50    11  bt-mz.B.24
04:05:21         3793  116.00    0.50    0.00  116.50    12  bt-mz.B.24
04:05:21         3794  111.00    0.50    0.00  111.50    21  bt-mz.B.24
04:05:21         3796  101.00    0.00    0.00  101.00     0  bt-mz.B.24

04:05:21          PID    %usr %system  %guest    %CPU   CPU  Command
04:05:23         3137    0.00    0.50    0.00    0.50     4  kondemand/4
04:05:23         3163    0.00    0.50    0.00    0.50    30  kondemand/30
04:05:23         3195    0.50    0.00    0.00    0.50    26  irqbalance
04:05:23         3684    0.00    0.50    0.00    0.50    22  snmpd
04:05:23         3755    0.50    0.50    0.00    1.00    10  top
04:05:23         3757    1.00    1.00    0.00    2.00    18  pidstat
04:05:23         3759    0.50    2.00    0.00    2.50    22  pidstat
04:05:23         3768  105.00    0.00    0.00  105.00    18  bt-mz.B.24
04:05:23         3769  108.00    0.00    0.00  108.00    28  bt-mz.B.24
04:05:23         3770  111.50    0.00    0.00  111.50     3  bt-mz.B.24
04:05:23         3771  107.00    0.00    0.00  107.00    23  bt-mz.B.24
04:05:23         3772  104.50    0.00    0.00  104.50     4  bt-mz.B.24
04:05:23         3773  109.50    0.00    0.00  109.50    15  bt-mz.B.24
04:05:23         3774  109.50    0.00    0.00  109.50    24  bt-mz.B.24
04:05:23         3775  102.50    0.00    0.00  102.50     7  bt-mz.B.24
04:05:23         3776  110.50    0.00    0.00  110.50    27  bt-mz.B.24
04:05:23         3777  113.00    0.00    0.00  113.00    14  bt-mz.B.24
04:05:23         3778  111.00    0.00    0.00  111.00    13  bt-mz.B.24
04:05:23         3779  102.00    0.50    0.00  102.50     2  bt-mz.B.24
04:05:23         3780  109.50    0.00    0.00  109.50     1  bt-mz.B.24
04:05:23         3781  107.00    0.00    0.00  107.00     0  bt-mz.B.24
04:05:23         3784  110.00    0.00    0.00  110.00     9  bt-mz.B.24
04:05:23         3786  107.50    0.00    0.00  107.50     8  bt-mz.B.24
04:05:23         3787  112.50    0.00    0.00  112.50     6  bt-mz.B.24
04:05:23         3788  105.00    0.00    0.00  105.00    20  bt-mz.B.24
04:05:23         3789   97.00    0.00    0.00   97.00    31  bt-mz.B.24
04:05:23         3790   99.50    0.50    0.00  100.00    19  bt-mz.B.24
04:05:23         3792   96.00    0.00    0.00   96.00    26  bt-mz.B.24
04:05:23         3793  106.50    0.00    0.00  106.50    12  bt-mz.B.24
04:05:23         3794  111.50    0.00    0.00  111.50    21  bt-mz.B.24
04:05:23         3796  104.00    0.00    0.00  104.00    16  bt-mz.B.24

04:05:23          PID    %usr %system  %guest    %CPU   CPU  Command
04:05:25         3135    0.00    0.50    0.00    0.50     2  kondemand/2
04:05:25         3138    0.00    0.50    0.00    0.50     5  kondemand/5
04:05:25         3139    0.00    0.50    0.00    0.50     6  kondemand/6
04:05:25         3149    0.00    0.50    0.00    0.50    16  kondemand/16
04:05:25         3154    0.00    0.50    0.00    0.50    21  kondemand/21
04:05:25         3155    0.00    0.50    0.00    0.50    22  kondemand/22
04:05:25         3180    0.00    1.00    0.00    1.00    15  kipmi0
04:05:25         3755    0.50    1.00    0.00    1.50    26  top
04:05:25         3757    0.50    2.00    0.00    2.50    18  pidstat
04:05:25         3759    0.50    1.00    0.00    1.50    22  pidstat
04:05:25         3768  105.00    0.00    0.00  105.00     2  bt-mz.B.24
04:05:25         3769  109.00    0.00    0.00  109.00    28  bt-mz.B.24
04:05:25         3770  103.00    0.00    0.00  103.00     3  bt-mz.B.24
04:05:25         3771  101.50    0.00    0.00  101.50     7  bt-mz.B.24
04:05:25         3772  109.00    0.00    0.00  109.00    17  bt-mz.B.24
04:05:25         3773  111.00    0.00    0.00  111.00    27  bt-mz.B.24
04:05:25         3774  110.00    0.00    0.00  110.00    31  bt-mz.B.24
04:05:25         3775  102.50    0.00    0.00  102.50    22  bt-mz.B.24
04:05:25         3776  106.00    0.00    0.00  106.00    11  bt-mz.B.24
04:05:25         3777  112.00    0.00    0.00  112.00    30  bt-mz.B.24
04:05:25         3778  111.50    0.00    0.00  111.50    13  bt-mz.B.24
04:05:25         3779   99.00    0.00    0.00   99.00    23  bt-mz.B.24
04:05:25         3780  103.50    0.00    0.00  103.50     1  bt-mz.B.24
04:05:25         3781  106.00    0.00    0.00  106.00    21  bt-mz.B.24
04:05:25         3784  105.00    0.00    0.00  105.00    25  bt-mz.B.24
04:05:25         3786  103.50    0.00    0.00  103.50     8  bt-mz.B.24
04:05:25         3787  109.00    0.00    0.00  109.00     4  bt-mz.B.24
04:05:25         3788   95.50    0.00    0.00   95.50     3  bt-mz.B.24
04:05:25         3789  109.00    0.00    0.00  109.00     9  bt-mz.B.24
04:05:25         3790  101.50    0.00    0.00  101.50    19  bt-mz.B.24
04:05:25         3792  110.50    0.00    0.00  110.50    10  bt-mz.B.24
04:05:25         3793  102.00    0.00    0.00  102.00    12  bt-mz.B.24
04:05:25         3794  108.50    0.00    0.00  108.50     6  bt-mz.B.24
04:05:25         3796  106.00    0.00    0.00  106.00     0  bt-mz.B.24

04:05:25          PID    %usr %system  %guest    %CPU   CPU  Command
04:05:27         3755    1.00    0.50    0.00    1.50    26  top
04:05:27         3757    0.50    1.50    0.00    2.00    18  pidstat
04:05:27         3759    1.00    2.50    0.00    3.50    22  pidstat
04:05:27         3768  103.50    0.00    0.00  103.50    18  bt-mz.B.24
04:05:27         3769  116.00    0.50    0.00  116.50    28  bt-mz.B.24
04:05:27         3770   75.50    0.00    0.00   75.50    19  bt-mz.B.24
04:05:27         3771  111.50    0.00    0.00  111.50     2  bt-mz.B.24
04:05:27         3772  109.50    0.00    0.00  109.50     1  bt-mz.B.24
04:05:27         3773  106.00    0.00    0.00  106.00    27  bt-mz.B.24
04:05:27         3774  113.50    0.00    0.00  113.50    15  bt-mz.B.24
04:05:27         3775  109.00    0.00    0.00  109.00     6  bt-mz.B.24
04:05:27         3776  102.50    0.00    0.00  102.50    11  bt-mz.B.24
04:05:27         3777  113.50    0.00    0.00  113.50    14  bt-mz.B.24
04:05:27         3778  113.50    0.00    0.00  113.50    13  bt-mz.B.24
04:05:27         3779  113.00    0.00    0.00  113.00     7  bt-mz.B.24
04:05:27         3780  110.00    0.00    0.00  110.00     0  bt-mz.B.24
04:05:27         3781   94.50    0.00    0.00   94.50    21  bt-mz.B.24
04:05:27         3784  108.50    0.00    0.00  108.50    10  bt-mz.B.24
04:05:27         3786  113.00    0.00    0.00  113.00     8  bt-mz.B.24
04:05:27         3787  109.00    0.00    0.00  109.00     4  bt-mz.B.24
04:05:27         3788   68.00    0.50    0.00   68.50     3  bt-mz.B.24
04:05:27         3789  111.00    0.00    0.00  111.00     9  bt-mz.B.24
04:05:27         3790   92.00    0.00    0.00   92.00     3  bt-mz.B.24
04:05:27         3792  105.00    0.00    0.00  105.00    26  bt-mz.B.24
04:05:27         3793  102.00    0.00    0.00  102.00    12  bt-mz.B.24
04:05:27         3794   98.50    0.00    0.00   98.50     5  bt-mz.B.24
04:05:27         3796  101.00    0.00    0.00  101.00    21  bt-mz.B.24

04:05:27          PID    %usr %system  %guest    %CPU   CPU  Command
04:05:29         3180    0.00    0.50    0.00    0.50    31  kipmi0
04:05:29         3755    0.50    0.50    0.00    1.00    10  top
04:05:29         3757    0.50    1.00    0.00    1.50     2  pidstat
04:05:29         3759    0.50    1.50    0.00    2.00    22  pidstat
04:05:29         3761    0.00    0.50    0.00    0.50    18  iostat
04:05:29         3768  101.50    0.50    0.00  102.00    23  bt-mz.B.24
04:05:29         3769  107.50    0.00    0.00  107.50    12  bt-mz.B.24
04:05:29         3770  107.00    0.00    0.00  107.00     0  bt-mz.B.24
04:05:29         3771  104.00    0.00    0.00  104.00    20  bt-mz.B.24
04:05:29         3772  104.50    0.00    0.00  104.50     5  bt-mz.B.24
04:05:29         3773  106.50    0.00    0.00  106.50    27  bt-mz.B.24
04:05:29         3774  110.50    0.00    0.00  110.50    15  bt-mz.B.24
04:05:29         3775  104.50    0.00    0.00  104.50     6  bt-mz.B.24
04:05:29         3776  101.00    0.00    0.00  101.00    11  bt-mz.B.24
04:05:29         3777  109.00    0.00    0.00  109.00    14  bt-mz.B.24
04:05:29         3778  110.00    0.00    0.00  110.00    29  bt-mz.B.24
04:05:29         3779  105.00    0.00    0.00  105.00     7  bt-mz.B.24
04:05:29         3780  105.50    0.00    0.00  105.50    18  bt-mz.B.24
04:05:29         3781   95.50    0.50    0.00   96.00    19  bt-mz.B.24
04:05:29         3784  107.50    0.00    0.00  107.50     8  bt-mz.B.24
04:05:29         3786  103.00    0.00    0.00  103.00    25  bt-mz.B.24
04:05:29         3787  105.00    0.50    0.00  105.50    17  bt-mz.B.24
04:05:29         3788  102.00    0.00    0.00  102.00     3  bt-mz.B.24
04:05:29         3789  110.50    0.00    0.00  110.50     9  bt-mz.B.24
04:05:29         3790   99.00    0.00    0.00   99.00     1  bt-mz.B.24
04:05:29         3792  108.00    0.00    0.00  108.00    10  bt-mz.B.24
04:05:29         3793  100.00    0.00    0.00  100.00    13  bt-mz.B.24
04:05:29         3794  100.00    0.00    0.00  100.00    21  bt-mz.B.24
04:05:29         3796   96.00    0.00    0.00   96.00     4  bt-mz.B.24

04:05:29          PID    %usr %system  %guest    %CPU   CPU  Command
04:05:31         3134    0.00    0.50    0.00    0.50     1  kondemand/1
04:05:31         3153    0.00    0.50    0.00    0.50    20  kondemand/20
04:05:31         3180    0.00    0.50    0.00    0.50    27  kipmi0
04:05:31         3755    0.50    0.50    0.00    1.00    27  top
04:05:31         3757    0.50    2.00    0.00    2.50    18  pidstat
04:05:31         3759    1.00    2.00    0.00    3.00    22  pidstat
04:05:31         3768  113.50    0.00    0.00  113.50     2  bt-mz.B.24
04:05:31         3769  120.00    0.00    0.00  120.00    24  bt-mz.B.24
04:05:31         3770  111.00    0.00    0.00  111.00     3  bt-mz.B.24
04:05:31         3771  113.00    0.00    0.00  113.00    19  bt-mz.B.24
04:05:31         3772  112.00    0.00    0.00  112.00    17  bt-mz.B.24
04:05:31         3773  111.00    0.00    0.00  111.00    13  bt-mz.B.24
04:05:31         3774  118.00    0.00    0.00  118.00    31  bt-mz.B.24
04:05:31         3775  112.50    0.00    0.00  112.50     6  bt-mz.B.24
04:05:31         3776  116.00    0.00    0.00  116.00    28  bt-mz.B.24
04:05:31         3777  110.50    0.50    0.00  111.00     9  bt-mz.B.24
04:05:31         3778  115.50    0.00    0.00  115.50    11  bt-mz.B.24
04:05:31         3779  115.00    0.00    0.00  115.00     1  bt-mz.B.24
04:05:31         3780  101.00    0.00    0.00  101.00     2  bt-mz.B.24
04:05:31         3781  112.50    0.00    0.00  112.50     5  bt-mz.B.24
04:05:31         3784  119.50    0.00    0.00  119.50    14  bt-mz.B.24
04:05:31         3786  112.50    0.00    0.00  112.50    25  bt-mz.B.24
04:05:31         3787   92.00    0.00    0.00   92.00     2  bt-mz.B.24
04:05:31         3788  111.50    0.00    0.00  111.50     7  bt-mz.B.24
04:05:31         3789  111.50    0.00    0.00  111.50    12  bt-mz.B.24
04:05:31         3790  107.50    0.00    0.00  107.50    22  bt-mz.B.24
04:05:31         3792  119.50    0.00    0.00  119.50    10  bt-mz.B.24
04:05:31         3793  118.50    0.00    0.00  118.50    29  bt-mz.B.24
04:05:31         3794  104.50    0.00    0.00  104.50    16  bt-mz.B.24
04:05:31         3796  108.00    0.00    0.00  108.00     4  bt-mz.B.24

04:05:31          PID    %usr %system  %guest    %CPU   CPU  Command
04:05:33         3145    0.00    0.50    0.00    0.50    12  kondemand/12
04:05:33         3180    0.00    1.00    0.00    1.00    27  kipmi0
04:05:33         3755    0.50    1.00    0.00    1.50    27  top
04:05:33         3757    0.50    2.00    0.00    2.50    18  pidstat
04:05:33         3759    0.50    1.50    0.00    2.00    22  pidstat
04:05:33         3768  104.50    0.00    0.00  104.50     3  bt-mz.B.24
04:05:33         3769  107.00    0.00    0.00  107.00    24  bt-mz.B.24
04:05:33         3770  102.50    0.00    0.00  102.50    19  bt-mz.B.24
04:05:33         3771  104.50    0.00    0.00  104.50    23  bt-mz.B.24
04:05:33         3772   90.00    0.00    0.00   90.00     2  bt-mz.B.24
04:05:33         3773  112.50    0.00    0.00  112.50    13  bt-mz.B.24
04:05:33         3774  112.50    0.00    0.00  112.50    31  bt-mz.B.24
04:05:33         3775   93.50    0.00    0.00   93.50    16  bt-mz.B.24
04:05:33         3776  109.00    0.00    0.00  109.00    10  bt-mz.B.24
04:05:33         3777  103.50    0.00    0.00  103.50    26  bt-mz.B.24
04:05:33         3778  111.00    0.00    0.00  111.00    11  bt-mz.B.24
04:05:33         3779  107.00    0.00    0.00  107.00    17  bt-mz.B.24
04:05:33         3780   92.00    0.00    0.00   92.00     7  bt-mz.B.24
04:05:33         3781  112.50    0.00    0.00  112.50     5  bt-mz.B.24
04:05:33         3784  111.00    0.00    0.00  111.00    14  bt-mz.B.24
04:05:33         3786  111.00    0.00    0.00  111.00     9  bt-mz.B.24
04:05:33         3787   90.00    0.00    0.00   90.00    18  bt-mz.B.24
04:05:33         3788  107.00    0.00    0.00  107.00     1  bt-mz.B.24
04:05:33         3789  109.50    0.00    0.00  109.50    28  bt-mz.B.24
04:05:33         3790  111.00    0.00    0.00  111.00     6  bt-mz.B.24
04:05:33         3792  102.00    0.50    0.00  102.50    15  bt-mz.B.24
04:05:33         3793  105.00    0.00    0.00  105.00    12  bt-mz.B.24
04:05:33         3794  107.00    0.50    0.00  107.50     0  bt-mz.B.24
04:05:33         3796  109.00    0.00    0.00  109.00     4  bt-mz.B.24

04:05:33          PID    %usr %system  %guest    %CPU   CPU  Command
04:05:35         3136    0.00    0.50    0.00    0.50     3  kondemand/3
04:05:35         3755    0.50    0.50    0.00    1.00    27  top
04:05:35         3757    0.50    1.50    0.00    2.00     2  pidstat
04:05:35         3759    1.00    1.50    0.00    2.50     6  pidstat
04:05:35         3768  109.50    0.00    0.00  109.50    19  bt-mz.B.24
04:05:35         3769  106.50    0.00    0.00  106.50     8  bt-mz.B.24
04:05:35         3770  108.50    0.00    0.00  108.50     3  bt-mz.B.24
04:05:35         3771  108.50    0.00    0.00  108.50     7  bt-mz.B.24
04:05:35         3772  107.50    0.00    0.00  107.50     1  bt-mz.B.24
04:05:35         3773  104.00    0.00    0.00  104.00    31  bt-mz.B.24
04:05:35         3774  103.00    0.00    0.00  103.00    24  bt-mz.B.24
04:05:35         3775  106.50    0.00    0.00  106.50    16  bt-mz.B.24
04:05:35         3776  107.50    0.00    0.00  107.50    27  bt-mz.B.24
04:05:35         3777  106.00    0.00    0.00  106.00    26  bt-mz.B.24
04:05:35         3778  107.00    0.50    0.00  107.50    11  bt-mz.B.24
04:05:35         3779  102.00    0.50    0.00  102.50    17  bt-mz.B.24
04:05:35         3780   98.00    0.00    0.00   98.00    20  bt-mz.B.24
04:05:35         3781  110.00    0.50    0.00  110.50    21  bt-mz.B.24
04:05:35         3784  109.00    0.00    0.00  109.00    30  bt-mz.B.24
04:05:35         3786  110.00    0.00    0.00  110.00     9  bt-mz.B.24
04:05:35         3787  109.00    0.00    0.00  109.00    18  bt-mz.B.24
04:05:35         3788  105.50    0.00    0.00  105.50    13  bt-mz.B.24
04:05:35         3789  102.50    0.00    0.00  102.50    28  bt-mz.B.24
04:05:35         3790  109.00    0.00    0.00  109.00    22  bt-mz.B.24
04:05:35         3792  108.00    0.00    0.00  108.00    15  bt-mz.B.24
04:05:35         3793  102.50    0.00    0.00  102.50    10  bt-mz.B.24
04:05:35         3794  100.50    0.00    0.00  100.50     0  bt-mz.B.24
04:05:35         3796  101.50    0.00    0.00  101.50     4  bt-mz.B.24

04:05:35          PID    %usr %system  %guest    %CPU   CPU  Command
04:05:37         3144    0.00    0.50    0.00    0.50    11  kondemand/11
04:05:37         3180    0.00    0.50    0.00    0.50    27  kipmi0
04:05:37         3755    0.50    1.00    0.00    1.50    27  top
04:05:37         3757    1.00    1.00    0.00    2.00     0  pidstat
04:05:37         3759    0.50    2.50    0.00    3.00    22  pidstat
04:05:37         3768  100.00    0.00    0.00  100.00    19  bt-mz.B.24
04:05:37         3769  106.50    0.00    0.00  106.50     8  bt-mz.B.24
04:05:37         3770  109.50    0.50    0.00  110.00    18  bt-mz.B.24
04:05:37         3771  112.00    0.50    0.00  112.50    23  bt-mz.B.24
04:05:37         3772  105.00    0.00    0.00  105.00     7  bt-mz.B.24
04:05:37         3773  110.50    0.00    0.00  110.50     9  bt-mz.B.24
04:05:37         3774  107.50    0.00    0.00  107.50    24  bt-mz.B.24
04:05:37         3775  109.00    0.00    0.00  109.00     2  bt-mz.B.24
04:05:37         3776  112.00    0.00    0.00  112.00    11  bt-mz.B.24
04:05:37         3777  105.00    0.00    0.00  105.00    26  bt-mz.B.24
04:05:37         3778  110.50    0.00    0.00  110.50    31  bt-mz.B.24
04:05:37         3779  114.50    0.00    0.00  114.50     1  bt-mz.B.24
04:05:37         3780  115.50    0.00    0.00  115.50     4  bt-mz.B.24
04:05:37         3781  108.00    0.00    0.00  108.00     5  bt-mz.B.24
04:05:37         3784  112.50    0.00    0.00  112.50    10  bt-mz.B.24
04:05:37         3786  108.50    0.00    0.00  108.50    14  bt-mz.B.24
04:05:37         3787   99.50    0.00    0.00   99.50    18  bt-mz.B.24
04:05:37         3788  116.00    0.00    0.00  116.00    29  bt-mz.B.24
04:05:37         3789  110.00    0.00    0.00  110.00    12  bt-mz.B.24
04:05:37         3790  116.00    0.00    0.00  116.00     6  bt-mz.B.24
04:05:37         3792  111.50    0.00    0.00  111.50    15  bt-mz.B.24
04:05:37         3793  109.00    0.00    0.00  109.00    28  bt-mz.B.24
04:05:37         3794  109.50    0.00    0.00  109.50    16  bt-mz.B.24
04:05:37         3796  110.50    0.00    0.00  110.50     3  bt-mz.B.24

04:05:37          PID    %usr %system  %guest    %CPU   CPU  Command
04:05:39         3133    0.00    0.50    0.00    0.50     0  kondemand/0
04:05:39         3142    0.00    0.50    0.00    0.50     9  kondemand/9
04:05:39         3152    0.00    0.50    0.00    0.50    19  kondemand/19
04:05:39         3755    0.50    0.50    0.00    1.00    27  top
04:05:39         3757    0.50    1.50    0.00    2.00    18  pidstat
04:05:39         3759    0.50    0.50    0.00    1.00    22  pidstat
04:05:39         3768  112.00    0.00    0.00  112.00    17  bt-mz.B.24
04:05:39         3769  109.50    0.00    0.00  109.50     8  bt-mz.B.24
04:05:39         3770  111.50    0.00    0.00  111.50     2  bt-mz.B.24
04:05:39         3771  109.00    0.00    0.00  109.00     0  bt-mz.B.24
04:05:39         3772  109.50    0.00    0.00  109.50     6  bt-mz.B.24
04:05:39         3773  110.00    0.00    0.00  110.00    27  bt-mz.B.24
04:05:39         3774  109.50    0.00    0.00  109.50    31  bt-mz.B.24
04:05:39         3775  106.50    0.00    0.00  106.50     5  bt-mz.B.24
04:05:39         3776  106.50    0.00    0.00  106.50    11  bt-mz.B.24
04:05:39         3777  103.50    0.00    0.00  103.50    26  bt-mz.B.24
04:05:39         3778  110.50    0.00    0.00  110.50    14  bt-mz.B.24
04:05:39         3779  109.50    0.00    0.00  109.50     1  bt-mz.B.24
04:05:39         3780  109.50    0.00    0.00  109.50     4  bt-mz.B.24
04:05:39         3781  108.50    0.00    0.00  108.50    21  bt-mz.B.24
04:05:39         3784  109.50    0.00    0.00  109.50    25  bt-mz.B.24
04:05:39         3786  101.50    0.00    0.00  101.50     9  bt-mz.B.24
04:05:39         3787  104.00    0.00    0.00  104.00    23  bt-mz.B.24
04:05:39         3788  111.00    0.00    0.00  111.00    29  bt-mz.B.24
04:05:39         3789  104.50    0.00    0.00  104.50    12  bt-mz.B.24
04:05:39         3790  109.00    0.00    0.00  109.00    20  bt-mz.B.24
04:05:39         3792  104.00    0.00    0.00  104.00    15  bt-mz.B.24
04:05:39         3793  109.00    0.00    0.00  109.00    28  bt-mz.B.24
04:05:39         3794  107.50    0.00    0.00  107.50     3  bt-mz.B.24
04:05:39         3796  109.00    0.00    0.00  109.00    19  bt-mz.B.24

04:05:39          PID    %usr %system  %guest    %CPU   CPU  Command
04:05:41         3160    0.00    0.50    0.00    0.50    27  kondemand/27
04:05:41         3755    0.50    0.50    0.00    1.00    27  top
04:05:41         3757    0.50    1.50    0.00    2.00     3  pidstat
04:05:41         3759    1.00    2.50    0.00    3.50     6  pidstat
04:05:41         3768  114.00    0.00    0.00  114.00    22  bt-mz.B.24
04:05:41         3769  112.50    0.00    0.00  112.50    24  bt-mz.B.24
04:05:41         3770  110.50    0.00    0.00  110.50    18  bt-mz.B.24
04:05:41         3771  109.00    0.00    0.00  109.00     0  bt-mz.B.24
04:05:41         3772  108.50    0.00    0.00  108.50    16  bt-mz.B.24
04:05:41         3773  101.50    0.00    0.00  101.50    26  bt-mz.B.24
04:05:41         3774  104.50    0.00    0.00  104.50    25  bt-mz.B.24
04:05:41         3775  107.00    0.00    0.00  107.00    20  bt-mz.B.24
04:05:41         3776  106.00    0.50    0.00  106.50    11  bt-mz.B.24
04:05:41         3777  102.50    0.00    0.00  102.50    30  bt-mz.B.24
04:05:41         3778  112.00    0.00    0.00  112.00    12  bt-mz.B.24
04:05:41         3779  101.50    0.00    0.00  101.50     1  bt-mz.B.24
04:05:41         3780  108.00    0.50    0.00  108.50    17  bt-mz.B.24
04:05:41         3781  112.00    0.00    0.00  112.00    21  bt-mz.B.24
04:05:41         3784  111.50    0.00    0.00  111.50    13  bt-mz.B.24
04:05:41         3786  102.00    0.50    0.00  102.50     9  bt-mz.B.24
04:05:41         3787  112.00    0.00    0.00  112.00     7  bt-mz.B.24
04:05:41         3788  109.50    0.00    0.00  109.50    29  bt-mz.B.24
04:05:41         3789  104.50    0.00    0.00  104.50    31  bt-mz.B.24
04:05:41         3790  106.50    0.50    0.00  107.00     4  bt-mz.B.24
04:05:41         3792  110.50    0.00    0.00  110.50    15  bt-mz.B.24
04:05:41         3793  111.50    0.00    0.00  111.50    28  bt-mz.B.24
04:05:41         3794  111.00    0.00    0.00  111.00    19  bt-mz.B.24
04:05:41         3796  103.50    0.00    0.00  103.50     2  bt-mz.B.24
04:05:41         3852    0.50    0.50    0.00    1.00    24  pbs_mom

04:05:41          PID    %usr %system  %guest    %CPU   CPU  Command
04:05:43         3021    0.00    0.50    0.00    0.50     3  flush-8:0
04:05:43         3140    0.00    0.50    0.00    0.50     7  kondemand/7
04:05:43         3157    0.00    0.50    0.00    0.50    24  kondemand/24
04:05:43         3180    0.00    0.50    0.00    0.50    27  kipmi0
04:05:43         3195    0.00    0.50    0.00    0.50    10  irqbalance
04:05:43         3755    1.00    0.50    0.00    1.50    11  top
04:05:43         3757    1.00    2.00    0.00    3.00     1  pidstat
04:05:43         3759    0.50    1.00    0.00    1.50     6  pidstat
04:05:43         3768  106.00    0.00    0.00  106.00     6  bt-mz.B.24
04:05:43         3769  110.00    0.00    0.00  110.00     8  bt-mz.B.24
04:05:43         3770  112.00    0.50    0.00  112.50    16  bt-mz.B.24
04:05:43         3771  110.50    0.50    0.00  111.00     0  bt-mz.B.24
04:05:43         3772  109.50    0.00    0.00  109.50     3  bt-mz.B.24
04:05:43         3773  109.00    0.00    0.00  109.00    10  bt-mz.B.24
04:05:43         3774   98.00    0.00    0.00   98.00    25  bt-mz.B.24
04:05:43         3775   95.00    0.00    0.00   95.00     7  bt-mz.B.24
04:05:43         3776  110.50    0.00    0.00  110.50    11  bt-mz.B.24
04:05:43         3777  106.50    0.50    0.00  107.00    14  bt-mz.B.24
04:05:43         3778  108.00    0.00    0.00  108.00    30  bt-mz.B.24
04:05:43         3779  109.50    0.00    0.00  109.50    22  bt-mz.B.24
04:05:43         3780  112.00    0.00    0.00  112.00    17  bt-mz.B.24
04:05:43         3781  111.00    0.00    0.00  111.00     5  bt-mz.B.24
04:05:43         3784  107.00    0.00    0.00  107.00    12  bt-mz.B.24
04:05:43         3786  100.00    0.00    0.00  100.00    25  bt-mz.B.24
04:05:43         3787   96.00    0.00    0.00   96.00    23  bt-mz.B.24
04:05:43         3788  102.00    0.00    0.00  102.00     9  bt-mz.B.24
04:05:43         3789  111.00    0.00    0.00  111.00    15  bt-mz.B.24
04:05:43         3790  112.50    0.00    0.00  112.50     4  bt-mz.B.24
04:05:43         3792  103.00    0.00    0.00  103.00    13  bt-mz.B.24
04:05:43         3793  104.00    0.50    0.00  104.50    27  bt-mz.B.24
04:05:43         3794  104.00    0.00    0.00  104.00    19  bt-mz.B.24
04:05:43         3796  113.00    0.00    0.00  113.00    18  bt-mz.B.24

04:05:43          PID    %usr %system  %guest    %CPU   CPU  Command
04:05:45         3143    0.00    0.50    0.00    0.50    10  kondemand/10
04:05:45         3755    0.50    1.00    0.00    1.50    11  top
04:05:45         3757    0.50    1.00    0.00    1.50     1  pidstat
04:05:45         3759    1.00    2.00    0.00    3.00     6  pidstat
04:05:45         3760    0.00    0.50    0.00    0.50    28  mpstat
04:05:45         3768   96.00    0.00    0.00   96.00     0  bt-mz.B.24
04:05:45         3769  114.00    0.00    0.00  114.00     8  bt-mz.B.24
04:05:45         3770   94.00    0.00    0.00   94.00    16  bt-mz.B.24
04:05:45         3771   85.00    0.00    0.00   85.00    16  bt-mz.B.24
04:05:45         3772  107.50    0.00    0.00  107.50    22  bt-mz.B.24
04:05:45         3773  111.50    0.00    0.00  111.50    10  bt-mz.B.24
04:05:45         3774  107.00    0.00    0.00  107.00     9  bt-mz.B.24
04:05:45         3775  106.50    0.00    0.00  106.50    19  bt-mz.B.24
04:05:45         3776   98.50    0.00    0.00   98.50    27  bt-mz.B.24
04:05:45         3777  112.50    0.00    0.00  112.50    14  bt-mz.B.24
04:05:45         3778  112.00    0.00    0.00  112.00    30  bt-mz.B.24
04:05:45         3779  109.00    0.00    0.00  109.00    20  bt-mz.B.24
04:05:45         3780  108.00    0.00    0.00  108.00    17  bt-mz.B.24
04:05:45         3781  112.00    0.00    0.00  112.00    21  bt-mz.B.24
04:05:45         3784  111.50    0.00    0.00  111.50    12  bt-mz.B.24
04:05:45         3786  103.50    0.00    0.00  103.50    25  bt-mz.B.24
04:05:45         3787  112.00    0.00    0.00  112.00     7  bt-mz.B.24
04:05:45         3788   98.50    0.00    0.00   98.50    31  bt-mz.B.24
04:05:45         3789  100.00    0.00    0.00  100.00    15  bt-mz.B.24
04:05:45         3790  109.00    0.00    0.00  109.00     4  bt-mz.B.24
04:05:45         3792  112.00    0.00    0.00  112.00    29  bt-mz.B.24
04:05:45         3793   99.00    0.00    0.00   99.00    11  bt-mz.B.24
04:05:45         3794  103.00    0.50    0.00  103.50     3  bt-mz.B.24
04:05:45         3796  110.50    0.00    0.00  110.50     2  bt-mz.B.24

04:05:45          PID    %usr %system  %guest    %CPU   CPU  Command
04:05:47         3151    0.00    0.50    0.00    0.50    18  kondemand/18
04:05:47         3159    0.00    0.50    0.00    0.50    26  kondemand/26
04:05:47         3180    0.00    0.50    0.00    0.50    11  kipmi0
04:05:47         3755    0.50    0.50    0.00    1.00    11  top
04:05:47         3757    1.00    2.00    0.00    3.00     1  pidstat
04:05:47         3759    1.00    1.50    0.00    2.50    22  pidstat
04:05:47         3768  111.00    0.00    0.00  111.00    23  bt-mz.B.24
04:05:47         3769  105.00    0.00    0.00  105.00    13  bt-mz.B.24
04:05:47         3770   94.00    0.00    0.00   94.00    16  bt-mz.B.24
04:05:47         3771   97.50    0.00    0.00   97.50    16  bt-mz.B.24
04:05:47         3772  108.50    0.00    0.00  108.50     6  bt-mz.B.24
04:05:47         3773  110.50    0.00    0.00  110.50    26  bt-mz.B.24
04:05:47         3774  108.00    0.00    0.00  108.00    30  bt-mz.B.24
04:05:47         3775  103.50    0.00    0.00  103.50     0  bt-mz.B.24
04:05:47         3776  110.50    0.00    0.00  110.50    27  bt-mz.B.24
04:05:47         3777  107.00    0.00    0.00  107.00    24  bt-mz.B.24
04:05:47         3778  108.00    0.00    0.00  108.00     8  bt-mz.B.24
04:05:47         3779  110.00    0.00    0.00  110.00    20  bt-mz.B.24
04:05:47         3780  108.00    0.00    0.00  108.00    17  bt-mz.B.24
04:05:47         3781  111.50    0.00    0.00  111.50     5  bt-mz.B.24
04:05:47         3784  105.50    0.00    0.00  105.50    28  bt-mz.B.24
04:05:47         3786  106.00    0.00    0.00  106.00    25  bt-mz.B.24
04:05:47         3787  104.00    0.00    0.00  104.00     7  bt-mz.B.24
04:05:47         3788  108.00    0.00    0.00  108.00    31  bt-mz.B.24
04:05:47         3789  108.00    0.50    0.00  108.50     9  bt-mz.B.24
04:05:47         3790  102.00    0.00    0.00  102.00     4  bt-mz.B.24
04:05:47         3792  105.50    0.00    0.00  105.50    10  bt-mz.B.24
04:05:47         3793  106.00    0.00    0.00  106.00    11  bt-mz.B.24
04:05:47         3794  107.00    0.00    0.00  107.00    19  bt-mz.B.24
04:05:47         3796  110.50    0.00    0.00  110.50     2  bt-mz.B.24

04:05:47          PID    %usr %system  %guest    %CPU   CPU  Command
04:05:49         3141    0.00    0.50    0.00    0.50     8  kondemand/8
04:05:49         3146    0.00    0.50    0.00    0.50    13  kondemand/13
04:05:49         3180    0.00    1.00    0.00    1.00    11  kipmi0
04:05:49         3755    0.50    0.50    0.00    1.00    11  top
04:05:49         3757    0.50    1.00    0.00    1.50    17  pidstat
04:05:49         3759    0.50    1.50    0.00    2.00    22  pidstat
04:05:49         3761    0.00    0.50    0.00    0.50    18  iostat
04:05:49         3768  120.00    0.00    0.00  120.00     7  bt-mz.B.24
04:05:49         3769  106.50    0.00    0.00  106.50    13  bt-mz.B.24
04:05:49         3770  108.00    0.00    0.00  108.00     5  bt-mz.B.24
04:05:49         3771  107.50    0.50    0.00  108.00     3  bt-mz.B.24
04:05:49         3772  108.50    0.00    0.00  108.50     6  bt-mz.B.24
04:05:49         3773  110.00    0.00    0.00  110.00    26  bt-mz.B.24
04:05:49         3774  109.00    0.00    0.00  109.00    14  bt-mz.B.24
04:05:49         3775  107.00    0.00    0.00  107.00     4  bt-mz.B.24
04:05:49         3776  112.00    0.00    0.00  112.00    27  bt-mz.B.24
04:05:49         3777  105.00    0.00    0.00  105.00    30  bt-mz.B.24
04:05:49         3778  110.00    0.00    0.00  110.00     8  bt-mz.B.24
04:05:49         3779  103.00    0.00    0.00  103.00    22  bt-mz.B.24
04:05:49         3780  110.50    0.00    0.00  110.50    16  bt-mz.B.24
04:05:49         3781  108.00    0.00    0.00  108.00    21  bt-mz.B.24
04:05:49         3784  106.50    0.50    0.00  107.00    28  bt-mz.B.24
04:05:49         3786  111.50    0.00    0.00  111.50    25  bt-mz.B.24
04:05:49         3787  111.00    0.00    0.00  111.00     1  bt-mz.B.24
04:05:49         3788  112.50    0.50    0.00  113.00    31  bt-mz.B.24
04:05:49         3789  108.00    0.00    0.00  108.00    29  bt-mz.B.24
04:05:49         3790  111.50    0.00    0.00  111.50     2  bt-mz.B.24
04:05:49         3792  109.50    0.00    0.00  109.50    12  bt-mz.B.24
04:05:49         3793  104.50    0.00    0.00  104.50    24  bt-mz.B.24
04:05:49         3794  113.50    0.00    0.00  113.50    18  bt-mz.B.24
04:05:49         3796  109.00    0.50    0.00  109.50     0  bt-mz.B.24

04:05:49          PID    %usr %system  %guest    %CPU   CPU  Command
04:05:51         3180    0.00    0.50    0.00    0.50    27  kipmi0
04:05:51         3755    1.00    0.50    0.00    1.50    11  top
04:05:51         3757    0.50    2.00    0.00    2.50    17  pidstat
04:05:51         3759    0.50    1.50    0.00    2.00     6  pidstat
04:05:51         3768  106.00    0.00    0.00  106.00     7  bt-mz.B.24
04:05:51         3769  110.00    0.00    0.00  110.00    13  bt-mz.B.24
04:05:51         3770  108.00    0.00    0.00  108.00    16  bt-mz.B.24
04:05:51         3771  106.50    0.00    0.00  106.50     3  bt-mz.B.24
04:05:51         3772  111.00    0.00    0.00  111.00    22  bt-mz.B.24
04:05:51         3773  107.50    0.00    0.00  107.50    26  bt-mz.B.24
04:05:51         3774  111.50    0.00    0.00  111.50    14  bt-mz.B.24
04:05:51         3775  111.00    0.00    0.00  111.00     4  bt-mz.B.24
04:05:51         3776  110.50    0.00    0.00  110.50    11  bt-mz.B.24
04:05:51         3777  108.00    0.00    0.00  108.00    14  bt-mz.B.24
04:05:51         3778  109.00    0.00    0.00  109.00    24  bt-mz.B.24
04:05:51         3779  111.00    0.00    0.00  111.00     1  bt-mz.B.24
04:05:51         3780  106.50    0.00    0.00  106.50     0  bt-mz.B.24
04:05:51         3781  106.00    0.00    0.00  106.00     5  bt-mz.B.24
04:05:51         3784  105.50    0.00    0.00  105.50    29  bt-mz.B.24
04:05:51         3786  107.00    0.00    0.00  107.00     9  bt-mz.B.24
04:05:51         3787  109.50    0.50    0.00  110.00    23  bt-mz.B.24
04:05:51         3788  107.50    0.00    0.00  107.50    15  bt-mz.B.24
04:05:51         3789  103.00    0.00    0.00  103.00    12  bt-mz.B.24
04:05:51         3790  106.50    0.00    0.00  106.50    18  bt-mz.B.24
04:05:51         3792  109.00    0.00    0.00  109.00    28  bt-mz.B.24
04:05:51         3793  102.50    0.00    0.00  102.50     8  bt-mz.B.24
04:05:51         3794  106.50    0.00    0.00  106.50    21  bt-mz.B.24
04:05:51         3796  108.00    0.00    0.00  108.00    19  bt-mz.B.24

04:05:51          PID    %usr %system  %guest    %CPU   CPU  Command
04:05:53           51    0.00    0.50    0.00    0.50    12  migration/12
04:05:53         3161    0.00    0.50    0.00    0.50    28  kondemand/28
04:05:53         3180    0.00    1.00    0.00    1.00    11  kipmi0
04:05:53         3755    0.50    0.50    0.00    1.00    11  top
04:05:53         3757    0.50    1.50    0.00    2.00    17  pidstat
04:05:53         3759    0.50    1.50    0.00    2.00     6  pidstat
04:05:53         3768  115.50    0.00    0.00  115.50     4  bt-mz.B.24
04:05:53         3769  105.00    0.00    0.00  105.00    13  bt-mz.B.24
04:05:53         3770  109.50    0.00    0.00  109.50     7  bt-mz.B.24
04:05:53         3771  110.50    0.50    0.00  111.00    19  bt-mz.B.24
04:05:53         3772  105.00    0.00    0.00  105.00     6  bt-mz.B.24
04:05:53         3773  107.00    0.00    0.00  107.00    25  bt-mz.B.24
04:05:53         3774  110.00    0.00    0.00  110.00    14  bt-mz.B.24
04:05:53         3775  103.50    0.00    0.00  103.50    20  bt-mz.B.24
04:05:53         3776  104.50    0.00    0.00  104.50    29  bt-mz.B.24
04:05:53         3777  109.50    0.00    0.00  109.50    30  bt-mz.B.24
04:05:53         3778  108.50    0.00    0.00  108.50     8  bt-mz.B.24
04:05:53         3779  112.00    0.00    0.00  112.00     1  bt-mz.B.24
04:05:53         3780   96.50    0.00    0.00   96.50    22  bt-mz.B.24
04:05:53         3781   97.00    0.00    0.00   97.00     0  bt-mz.B.24
04:05:53         3784   96.00    0.00    0.00   96.00    29  bt-mz.B.24
04:05:53         3786  106.50    0.00    0.00  106.50    26  bt-mz.B.24
04:05:53         3787  102.50    0.00    0.00  102.50     3  bt-mz.B.24
04:05:53         3788  112.00    0.00    0.00  112.00    15  bt-mz.B.24
04:05:53         3789  109.00    0.00    0.00  109.00    11  bt-mz.B.24
04:05:53         3790  105.50    0.00    0.00  105.50    16  bt-mz.B.24
04:05:53         3792  108.00    0.00    0.00  108.00    27  bt-mz.B.24
04:05:53         3793  112.00    0.00    0.00  112.00    12  bt-mz.B.24
04:05:53         3794  114.00    0.00    0.00  114.00     5  bt-mz.B.24
04:05:53         3796  113.50    0.00    0.00  113.50    18  bt-mz.B.24

04:05:53          PID    %usr %system  %guest    %CPU   CPU  Command
04:05:55         3158    0.00    0.50    0.00    0.50    25  kondemand/25
04:05:55         3162    0.00    0.50    0.00    0.50    29  kondemand/29
04:05:55         3684    0.00    0.50    0.00    0.50    22  snmpd
04:05:55         3755    0.50    1.00    0.00    1.50    11  top
04:05:55         3757    1.00    1.50    0.00    2.50    17  pidstat
04:05:55         3759    1.00    2.00    0.00    3.00    22  pidstat
04:05:55         3768  113.50    0.00    0.00  113.50     1  bt-mz.B.24
04:05:55         3769  104.50    0.00    0.00  104.50    28  bt-mz.B.24
04:05:55         3770  110.00    0.00    0.00  110.00     5  bt-mz.B.24
04:05:55         3771  107.00    0.50    0.00  107.50     2  bt-mz.B.24
04:05:55         3772  108.50    0.00    0.00  108.50    23  bt-mz.B.24
04:05:55         3773  112.50    0.00    0.00  112.50    25  bt-mz.B.24
04:05:55         3774  107.50    0.00    0.00  107.50    14  bt-mz.B.24
04:05:55         3775  108.00    0.00    0.00  108.00     6  bt-mz.B.24
04:05:55         3776   95.00    0.00    0.00   95.00    30  bt-mz.B.24
04:05:55         3777  107.50    0.00    0.00  107.50     9  bt-mz.B.24
04:05:55         3778  112.50    0.00    0.00  112.50     8  bt-mz.B.24
04:05:55         3779  110.50    0.00    0.00  110.50    16  bt-mz.B.24
04:05:55         3780  106.00    0.00    0.00  106.00    20  bt-mz.B.24
04:05:55         3781  107.50    0.00    0.00  107.50    19  bt-mz.B.24
04:05:55         3784  102.00    0.00    0.00  102.00    29  bt-mz.B.24
04:05:55         3786  111.50    0.50    0.00  112.00    10  bt-mz.B.24
04:05:55         3787  107.50    0.00    0.00  107.50     3  bt-mz.B.24
04:05:55         3788  108.50    0.00    0.00  108.50    27  bt-mz.B.24
04:05:55         3789  107.50    0.00    0.00  107.50    11  bt-mz.B.24
04:05:55         3790  103.50    0.00    0.00  103.50     0  bt-mz.B.24
04:05:55         3792  104.00    0.00    0.00  104.00    31  bt-mz.B.24
04:05:55         3793  108.00    0.00    0.00  108.00    15  bt-mz.B.24
04:05:55         3794  105.50    0.00    0.00  105.50    22  bt-mz.B.24
04:05:55         3796  107.50    0.00    0.00  107.50    21  bt-mz.B.24

04:05:55          PID    %usr %system  %guest    %CPU   CPU  Command
04:05:57         3137    0.00    0.50    0.00    0.50     4  kondemand/4
04:05:57         3147    0.00    0.50    0.00    0.50    14  kondemand/14
04:05:57         3148    0.00    0.50    0.00    0.50    15  kondemand/15
04:05:57         3150    0.00    0.50    0.00    0.50    17  kondemand/17
04:05:57         3755    0.50    0.50    0.00    1.00    11  top
04:05:57         3757    0.50    1.50    0.00    2.00    17  pidstat
04:05:57         3759    0.50    2.00    0.00    2.50     7  pidstat
04:05:57         3768  113.00    0.00    0.00  113.00    17  bt-mz.B.24
04:05:57         3769  108.50    0.00    0.00  108.50     9  bt-mz.B.24
04:05:57         3770  112.50    0.00    0.00  112.50    20  bt-mz.B.24
04:05:57         3771  106.50    0.00    0.00  106.50     3  bt-mz.B.24
04:05:57         3772  113.50    0.00    0.00  113.50    23  bt-mz.B.24
04:05:57         3773  108.50    0.00    0.00  108.50    25  bt-mz.B.24
04:05:57         3774  105.00    0.00    0.00  105.00    29  bt-mz.B.24
04:05:57         3775  112.00    0.00    0.00  112.00     2  bt-mz.B.24
04:05:57         3776  110.50    0.00    0.00  110.50    14  bt-mz.B.24
04:05:57         3777  106.00    0.00    0.00  106.00    15  bt-mz.B.24
04:05:57         3778  113.50    0.00    0.00  113.50    24  bt-mz.B.24
04:05:57         3779  113.50    0.00    0.00  113.50     0  bt-mz.B.24
04:05:57         3780  103.00    0.00    0.00  103.00     4  bt-mz.B.24
04:05:57         3781  108.00    0.50    0.00  108.50    19  bt-mz.B.24
04:05:57         3784  113.00    0.00    0.00  113.00    13  bt-mz.B.24
04:05:57         3786  111.50    0.00    0.00  111.50    10  bt-mz.B.24
04:05:57         3787  106.50    0.50    0.00  107.00    18  bt-mz.B.24
04:05:57         3788  111.00    0.00    0.00  111.00    27  bt-mz.B.24
04:05:57         3789  109.50    0.00    0.00  109.50     8  bt-mz.B.24
04:05:57         3790  106.00    0.00    0.00  106.00     6  bt-mz.B.24
04:05:57         3792  103.50    0.50    0.00  104.00    30  bt-mz.B.24
04:05:57         3793  106.50    0.00    0.00  106.50    28  bt-mz.B.24
04:05:57         3794  104.50    0.00    0.00  104.50     7  bt-mz.B.24
04:05:57         3796  113.00    0.00    0.00  113.00     5  bt-mz.B.24

04:05:57          PID    %usr %system  %guest    %CPU   CPU  Command
04:05:59         3135    0.00    0.50    0.00    0.50     2  kondemand/2
04:05:59         3156    0.00    0.50    0.00    0.50    23  kondemand/23
04:05:59         3180    0.00    0.50    0.00    0.50    27  kipmi0
04:05:59         3755    0.50    1.00    0.00    1.50    11  top
04:05:59         3757    0.50    2.00    0.00    2.50    17  pidstat
04:05:59         3759    1.00    2.00    0.00    3.00     6  pidstat
04:05:59         3768  114.00    0.00    0.00  114.00     1  bt-mz.B.24
04:05:59         3769  112.00    0.00    0.00  112.00    12  bt-mz.B.24
04:05:59         3770  113.50    0.00    0.00  113.50     4  bt-mz.B.24
04:05:59         3771  108.50    0.00    0.00  108.50     7  bt-mz.B.24
04:05:59         3772  105.50    0.50    0.00  106.00     5  bt-mz.B.24
04:05:59         3773  104.00    0.50    0.00  104.50     9  bt-mz.B.24
04:05:59         3774  109.50    0.00    0.00  109.50    29  bt-mz.B.24
04:05:59         3775  100.50    0.50    0.00  101.00     2  bt-mz.B.24
04:05:59         3776  108.50    0.00    0.00  108.50    14  bt-mz.B.24
04:05:59         3777  110.50    0.00    0.00  110.50    31  bt-mz.B.24
04:05:59         3778  102.50    0.00    0.00  102.50    24  bt-mz.B.24
04:05:59         3779  108.50    0.00    0.00  108.50     0  bt-mz.B.24
04:05:59         3780   98.50    0.50    0.00   99.00    20  bt-mz.B.24
04:05:59         3781  106.50    0.50    0.00  107.00    19  bt-mz.B.24
04:05:59         3784   99.00    0.00    0.00   99.00    13  bt-mz.B.24
04:05:59         3786  111.00    0.00    0.00  111.00    10  bt-mz.B.24
04:05:59         3787  108.00    0.00    0.00  108.00    18  bt-mz.B.24
04:05:59         3788  110.50    0.00    0.00  110.50    11  bt-mz.B.24
04:05:59         3789  103.00    0.00    0.00  103.00     8  bt-mz.B.24
04:05:59         3790  111.00    0.00    0.00  111.00    22  bt-mz.B.24
04:05:59         3792  100.00    0.00    0.00  100.00    30  bt-mz.B.24
04:05:59         3793  106.00    0.00    0.00  106.00    28  bt-mz.B.24
04:05:59         3794  101.00    0.00    0.00  101.00    23  bt-mz.B.24
04:05:59         3796  109.50    0.50    0.00  110.00    21  bt-mz.B.24

04:05:59          PID    %usr %system  %guest    %CPU   CPU  Command
04:06:01          136    0.00    0.50    0.00    0.50     5  events/5
04:06:01         3164    0.00    0.50    0.00    0.50    31  kondemand/31
04:06:01         3755    1.00    0.50    0.00    1.50    11  top
04:06:01         3757    1.00    1.50    0.00    2.50    17  pidstat
04:06:01         3759    0.50    2.00    0.00    2.50     6  pidstat
04:06:01         3768  110.00    0.00    0.00  110.00     5  bt-mz.B.24
04:06:01         3769  114.50    0.00    0.00  114.50    12  bt-mz.B.24
04:06:01         3770  111.50    0.00    0.00  111.50     3  bt-mz.B.24
04:06:01         3771   99.50    0.00    0.00   99.50    22  bt-mz.B.24
04:06:01         3772  110.50    0.00    0.00  110.50    23  bt-mz.B.24
04:06:01         3773  110.00    0.00    0.00  110.00     9  bt-mz.B.24
04:06:01         3774  113.00    0.00    0.00  113.00    13  bt-mz.B.24
04:06:01         3775  105.50    0.00    0.00  105.50     1  bt-mz.B.24
04:06:01         3776  113.00    0.00    0.00  113.00    14  bt-mz.B.24
04:06:01         3777  115.50    0.00    0.00  115.50    31  bt-mz.B.24
04:06:01         3778  110.00    0.00    0.00  110.00    24  bt-mz.B.24
04:06:01         3779  105.50    0.50    0.00  106.00     0  bt-mz.B.24
04:06:01         3780  107.50    0.00    0.00  107.50     4  bt-mz.B.24
04:06:01         3781  111.50    0.00    0.00  111.50    19  bt-mz.B.24
04:06:01         3784   96.00    0.00    0.00   96.00    27  bt-mz.B.24
04:06:01         3786  107.50    0.00    0.00  107.50    10  bt-mz.B.24
04:06:01         3787  112.50    0.00    0.00  112.50    18  bt-mz.B.24
04:06:01         3788  109.50    0.00    0.00  109.50    11  bt-mz.B.24
04:06:01         3789  103.50    0.00    0.00  103.50    11  bt-mz.B.24
04:06:01         3790  103.00    0.00    0.00  103.00    21  bt-mz.B.24
04:06:01         3792   98.50    0.00    0.00   98.50    29  bt-mz.B.24
04:06:01         3793  107.00    0.50    0.00  107.50    28  bt-mz.B.24
04:06:01         3794  110.50    0.00    0.00  110.50     0  bt-mz.B.24
04:06:01         3796  104.50    0.50    0.00  105.00    20  bt-mz.B.24
04:06:01         3808    0.50    0.00    0.00    0.50    12  crond
04:06:01         3852    0.00    0.50    0.00    0.50    18  pbs_mom
