procs -----------memory---------- ---swap-- -----io---- --system-- -----cpu-----
 r  b   swpd   free   buff  cache   si   so    bi    bo   in   cs us sy id wa st
 7  0      0 64380564 215544 543016    0    0     0     1    0    0 38  2 60  0  0	
27  0      0 64047132 215544 569924    0    0     0     0 28969 23189 63  5 33  0  0	
33  0      0 64047372 215544 569984    0    0     0     2 26723 8988 80  0 20  0  0	
28  0      0 64050368 215544 570044    0    0     0   118 27639 9094 82  0 17  0  0	
39  0      0 64053588 215544 570108    0    0     0     0 27241 9049 81  0 19  0  0	
28  0      0 64054388 215544 570168    0    0     0     0 27431 9034 82  0 18  0  0	
27  0      0 64057188 215544 570232    0    0     0     6 27525 9011 82  0 18  0  0	
30  0      0 64059860 215544 570292    0    0     0    10 27163 8604 81  0 19  0  0	
25  0      0 64060488 215544 570360    0    0     0     0 27701 8977 82  0 18  0  0	
38  0      0 64062936 215544 570420    0    0     0     0 26783 8701 80  0 20  0  0	
26  0      0 64063864 215544 570480    0    0     0    98 27214 8529 81  0 18  0  0	
34  0      0 64064040 215544 570544    0    0     0     0 26598 8702 79  0 21  0  0	
42  0      0 64063656 215544 570604    0    0     0     0 27120 9063 80  0 19  0  0	
25  0      0 64063648 215544 570672    0    0     0     0 27659 8914 83  0 17  0  0	
26  0      0 64063516 215544 570732    0    0     0     8 27665 8983 82  0 18  0  0	
27  0      0 64063640 215544 570804    0    0     0     0 28459 9092 85  0 15  0  0	
35  0      0 64063764 215544 570864    0    0     0     0 27250 8559 81  0 19  0  0	
26  0      0 64063144 215544 570928    0    0     0  6092 29448 9027 81  0 19  0  0	
28  0      0 64063036 215544 570992    0    0     0    14 27221 8711 81  0 19  0  0	
29  0      0 64062896 215544 571052    0    0     0     0 27164 8977 81  0 18  0  0	
28  0      0 64062524 215544 571116    0    0     0  1360 28394 9241 82  0 18  0  0	
procs -----------memory---------- ---swap-- -----io---- --system-- -----cpu-----
 r  b   swpd   free   buff  cache   si   so    bi    bo   in   cs us sy id wa st
33  0      0 64062648 215544 571180    0    0     0     8 27532 8812 82  0 17  0  0	
37  0      0 64062540 215544 571248    0    0     0     0 27540 8817 82  0 18  0  0	
36  0      0 64062656 215544 571248    0    0     0    10 27479 8991 82  0 18  0  0	
42  0      0 64062532 215544 571312    0    0     0     0 28499 9260 85  0 15  0  0	
29  0      0 64062408 215544 571372    0    0     0     0 27002 9317 81  0 19  0  0	
