procs -----------memory---------- ---swap-- -----io---- --system-- -----cpu-----
 r  b   swpd   free   buff  cache   si   so    bi    bo   in   cs us sy id wa st
 7  0      0 64391388 215540 536556    0    0     0     1    0    0 38  2 60  0  0	
26  0      0 64048848 215540 563392    0    0     0     0 30066 31410 63  4 33  0  0	
27  0      0 64048716 215540 563452    0    0     0     0 28167 8911 84  0 16  0  0	
37  0      0 64051904 215540 563512    0    0     0   116 27008 8785 81  0 19  0  0	
47  0      0 64053648 215540 563576    0    0     0    18 26663 9177 79  0 21  0  0	
27  0      0 64055636 215540 563636    0    0     0     0 26061 8580 78  0 22  0  0	
25  0      0 64058576 215540 563700    0    0     0     6 27320 8990 82  0 18  0  0	
26  0      0 64060616 215540 563760    0    0     0     0 27739 8768 83  0 17  0  0	
28  0      0 64062648 215540 563828    0    0     0     0 27856 9062 83  0 17  0  0	
38  0      0 64065500 215540 563888    0    0     0    86 27520 8742 82  0 18  0  0	
41  0      0 64066396 215540 563952    0    0     0     0 28066 8997 84  0 16  0  0	
28  0      0 64067000 215540 564012    0    0     0     6 28227 8839 84  0 16  0  0	
27  0      0 64067024 215540 564072    0    0     0     0 26469 8990 79  0 21  0  0	
32  0      0 64066760 215540 564136    0    0     0     0 26823 8715 80  0 20  0  0	
38  0      0 64066768 215540 564196    0    0     0     8 27079 9053 81  0 19  0  0	
37  0      0 64066644 215540 564268    0    0     0    12 27505 8929 82  0 18  0  0	
27  0      0 64066560 215540 564328    0    0     0     0 27255 8885 82  0 18  0  0	
42  0      0 64066288 215540 564388    0    0     0  6100 30306 8804 80  0 20  0  0	
30  0      0 64066156 215540 564460    0    0     0    14 26992 8832 81  0 19  0  0	
42  0      0 64066148 215540 564520    0    0     0     0 27010 8972 81  0 19  0  0	
26  0      0 64066164 215540 564584    0    0     0  1342 28229 8532 81  0 19  0  0	
procs -----------memory---------- ---swap-- -----io---- --system-- -----cpu-----
 r  b   swpd   free   buff  cache   si   so    bi    bo   in   cs us sy id wa st
26  0      0 64066156 215540 564644    0    0     0     8 27041 8951 81  0 19  0  0	
27  0      0 64066148 215540 564708    0    0     0    12 27238 8832 81  0 19  0  0	
41  0      0 64066148 215540 564772    0    0     0     8 27166 8917 81  0 19  0  0	
29  0      0 64066156 215540 564772    0    0     0     0 27094 8867 81  0 19  0  0	
44  0      0 64066156 215540 564836    0    0     0     8 26959 8932 80  0 19  0  0	
