Linux 2.6.32-279.14.1.el6.x86_64 (compute-641-14.local) 	04/21/20 	_x86_64_	(32 CPU)

02:22:35     CPU    %usr   %nice    %sys %iowait    %irq   %soft  %steal  %guest   %idle
02:22:37     all   50.67    0.00   14.81    0.00    0.00    0.14    0.00    0.00   34.38
02:22:39     all   70.80    0.00   12.55    0.00    0.00    0.11    0.00    0.00   16.54
02:22:41     all   71.25    0.00   12.28    0.00    0.00    0.14    0.00    0.00   16.33
02:22:43     all   71.74    0.00   12.15    0.00    0.00    0.14    0.00    0.00   15.97
02:22:45     all   70.75    0.00   12.43    0.00    0.00    0.19    0.00    0.00   16.64
02:22:47     all   72.55    0.00   11.82    0.00    0.00    0.16    0.00    0.00   15.48
02:22:49     all   71.47    0.00   12.26    0.00    0.00    0.17    0.00    0.00   16.10
02:22:51     all   70.81    0.00   12.44    0.00    0.00    0.17    0.00    0.00   16.58
02:22:53     all   72.74    0.00   11.76    0.00    0.00    0.13    0.00    0.00   15.38
02:22:55     all   71.12    0.00   12.43    0.00    0.00    0.16    0.00    0.00   16.29
02:22:57     all   70.82    0.00   12.56    0.00    0.00    0.14    0.00    0.00   16.48
02:22:59     all   72.53    0.00   11.81    0.00    0.00    0.14    0.00    0.00   15.52
02:23:01     all   71.88    0.00   12.08    0.00    0.00    0.16    0.00    0.00   15.88
02:23:03     all   70.96    0.00   12.46    0.00    0.00    0.22    0.00    0.00   16.36
02:23:05     all   72.96    0.00   11.57    0.00    0.00    0.14    0.00    0.00   15.33
02:23:07     all   71.72    0.00   12.05    0.00    0.00    0.19    0.00    0.00   16.04
02:23:09     all   67.80    0.00   13.75    0.00    0.00    0.17    0.00    0.00   18.27
