Linux 2.6.32-279.14.1.el6.x86_64 (compute-641-14.local) 	04/21/20 	_x86_64_	(32 CPU)

03:38:57     CPU    %usr   %nice    %sys %iowait    %irq   %soft  %steal  %guest   %idle
03:38:59     all   67.38    0.00    5.12    0.00    0.00    0.05    0.00    0.00   27.46
03:39:01     all   87.70    0.00    0.16    0.00    0.00    0.00    0.00    0.00   12.15
03:39:03     all   89.05    0.00    0.17    0.00    0.00    0.00    0.00    0.00   10.78
03:39:05     all   87.22    0.00    0.16    0.00    0.00    0.00    0.00    0.00   12.63
03:39:07     all   88.63    0.00    0.14    0.00    0.00    0.00    0.00    0.00   11.23
03:39:09     all   89.32    0.00    0.19    0.00    0.00    0.00    0.00    0.00   10.49
03:39:11     all   90.80    0.00    0.17    0.00    0.00    0.00    0.00    0.00    9.03
03:39:13     all   89.67    0.00    0.17    0.00    0.00    0.00    0.00    0.00   10.16
03:39:15     all   88.92    0.00    0.17    0.00    0.00    0.00    0.00    0.00   10.91
03:39:17     all   89.50    0.00    0.14    0.00    0.00    0.00    0.00    0.00   10.36
03:39:19     all   89.83    0.00    0.19    0.00    0.00    0.02    0.00    0.00    9.97
03:39:21     all   89.37    0.00    0.17    0.00    0.00    0.00    0.00    0.00   10.46
03:39:23     all   90.51    0.00    0.19    0.00    0.00    0.00    0.00    0.00    9.30
03:39:25     all   88.36    0.00    0.19    0.00    0.00    0.00    0.00    0.00   11.45
03:39:27     all   90.62    0.00    0.20    0.00    0.00    0.00    0.00    0.00    9.17
03:39:29     all   90.92    0.00    0.17    0.00    0.00    0.00    0.00    0.00    8.91
03:39:31     all   89.48    0.00    0.14    0.00    0.00    0.00    0.00    0.00   10.38
03:39:33     all   91.12    0.00    0.22    0.00    0.00    0.00    0.00    0.00    8.66
03:39:35     all   87.04    0.00    0.14    0.00    0.00    0.00    0.00    0.00   12.81
03:39:37     all   94.01    0.00    0.17    0.00    0.00    0.00    0.00    0.00    5.81
03:39:39     all   91.00    0.00    0.16    0.00    0.00    0.00    0.00    0.00    8.85
03:39:41     all   89.20    0.00    0.16    0.00    0.00    0.00    0.00    0.00   10.64
03:39:43     all   88.20    0.00    0.19    0.00    0.00    0.00    0.00    0.00   11.62
03:39:45     all   90.26    0.00    0.16    0.02    0.00    0.00    0.00    0.00    9.57
03:39:47     all   91.17    0.00    0.17    0.00    0.00    0.00    0.00    0.00    8.66
03:39:49     all   90.40    0.00    0.17    0.00    0.00    0.00    0.00    0.00    9.42
03:39:51     all   90.12    0.00    0.14    0.00    0.00    0.00    0.00    0.00    9.74
03:39:53     all   91.76    0.00    0.14    0.00    0.00    0.02    0.00    0.00    8.08
03:39:55     all   89.25    0.00    0.16    0.00    0.00    0.00    0.00    0.00   10.60
03:39:57     all   90.69    0.00    0.19    0.00    0.00    0.00    0.00    0.00    9.12
03:39:59     all   90.51    0.00    0.16    0.00    0.00    0.00    0.00    0.00    9.33
03:40:01     all   90.32    0.00    0.17    0.00    0.00    0.00    0.00    0.00    9.51
03:40:03     all   90.62    1.22    0.34    0.00    0.00    0.00    0.00    0.00    7.82
03:40:05     all   92.37    0.58    0.73    0.00    0.00    0.00    0.00    0.00    6.31
03:40:07     all   90.96    0.00    0.16    0.00    0.00    0.00    0.00    0.00    8.88
03:40:09     all   91.42    0.00    0.16    0.00    0.00    0.00    0.00    0.00    8.42
03:40:11     all   91.59    0.00    0.19    0.00    0.00    0.00    0.00    0.00    8.22
03:40:13     all   91.67    0.00    0.16    0.00    0.00    0.00    0.00    0.00    8.18
03:40:15     all   93.31    0.00    0.19    0.00    0.00    0.00    0.00    0.00    6.51
03:40:17     all   91.31    0.00    0.17    0.00    0.00    0.00    0.00    0.00    8.52
03:40:19     all   89.92    0.00    0.19    0.00    0.00    0.00    0.00    0.00    9.89
