Linux 2.6.32-279.14.1.el6.x86_64 (compute-641-14.local) 	04/21/20 	_x86_64_	(32 CPU)

02:05:55     CPU    %usr   %nice    %sys %iowait    %irq   %soft  %steal  %guest   %idle
02:05:57     all   46.13    0.00    9.70    0.89    0.00    0.08    0.00    0.00   43.19
02:05:59     all   70.42    0.00   10.00    0.00    0.00    0.03    0.00    0.00   19.54
02:06:01     all   71.27    0.00    9.57    0.00    0.00    0.03    0.00    0.00   19.13
02:06:03     all   71.65    0.00    9.47    0.00    0.00    0.03    0.00    0.00   18.85
02:06:05     all   71.00    0.00    9.65    0.00    0.00    0.05    0.00    0.00   19.31
02:06:07     all   69.77    0.00   10.14    0.02    0.00    0.03    0.00    0.00   20.05
02:06:09     all   70.33    0.00   10.15    0.00    0.00    0.03    0.00    0.00   19.49
02:06:11     all   69.84    0.00   10.12    0.00    0.00    0.02    0.00    0.00   20.03
02:06:13     all   71.22    0.00    9.61    0.00    0.00    0.05    0.00    0.00   19.12
02:06:15     all   71.77    0.00    9.36    0.00    0.00    0.05    0.00    0.00   18.82
02:06:17     all   69.95    0.00   10.04    0.00    0.00    0.03    0.00    0.00   19.98
02:06:19     all   70.98    0.00    9.64    0.00    0.00    0.03    0.00    0.00   19.34
02:06:21     all   69.76    0.00   10.10    0.00    0.00    0.03    0.00    0.00   20.11
02:06:23     all   70.54    0.00    9.85    0.00    0.00    0.03    0.00    0.00   19.57
02:06:25     all   71.50    0.00    9.55    0.00    0.00    0.05    0.00    0.00   18.90
02:06:27     all   71.73    0.00    9.49    0.00    0.00    0.03    0.00    0.00   18.76
02:06:29     all   70.85    0.00    9.68    0.00    0.00    0.03    0.00    0.00   19.45
02:06:31     all   70.44    0.00    9.93    0.02    0.00    0.03    0.00    0.00   19.59
02:06:33     all   70.71    0.00    9.72    0.00    0.00    0.05    0.00    0.00   19.52
02:06:35     all   71.88    0.00    9.44    0.00    0.00    0.02    0.00    0.00   18.66
02:06:37     all   71.04    0.00    9.60    0.00    0.00    0.03    0.00    0.00   19.33
02:06:39     all   70.39    0.00   10.02    0.00    0.00    0.02    0.00    0.00   19.57
