Linux 2.6.32-279.14.1.el6.x86_64 (compute-641-14.local) 	04/21/20 	_x86_64_	(32 CPU)

02:21:58          PID    %usr %system  %guest    %CPU   CPU  Command
02:22:00           41    0.00    0.49    0.00    0.49     9  ksoftirqd/9
02:22:00         3137    0.00    0.49    0.00    0.49     4  kondemand/4
02:22:00         3141    0.00    0.49    0.00    0.49     8  kondemand/8
02:22:00         3145    0.00    0.49    0.00    0.49    12  kondemand/12
02:22:00         3157    0.00    0.49    0.00    0.49    24  kondemand/24
02:22:00         3159    0.00    0.49    0.00    0.49    26  kondemand/26
02:22:00         4128    0.00    0.49    0.00    0.49    16  gmond
02:22:00        14772    2.45    1.47    0.00    3.92     0  mpirun
02:22:00        14778    0.49    0.98    0.00    1.47    11  top
02:22:00        14780    0.98    1.47    0.00    2.45    12  pidstat
02:22:00        14782    0.98    1.96    0.00    2.94    21  pidstat
02:22:00        14792  137.75    9.80    0.00  147.55     0  bt-mz.B.32
02:22:00        14793  138.24   15.20    0.00  153.43     1  bt-mz.B.32
02:22:00        14794  135.29   15.69    0.00  150.98    18  bt-mz.B.32
02:22:00        14795  118.14   22.06    0.00  140.20    19  bt-mz.B.32
02:22:00        14796  119.61   20.10    0.00  139.71    20  bt-mz.B.32
02:22:00        14797  118.63   19.61    0.00  138.24    21  bt-mz.B.32
02:22:00        14798  108.33   22.55    0.00  130.88    22  bt-mz.B.32
02:22:00        14799  103.92   25.49    0.00  129.41    23  bt-mz.B.32
02:22:00        14800  102.94   25.98    0.00  128.92     8  bt-mz.B.32
02:22:00        14803  101.47   25.49    0.00  126.96     9  bt-mz.B.32
02:22:00        14805  100.00   28.92    0.00  128.92    26  bt-mz.B.32
02:22:00        14806   96.08   33.33    0.00  129.41    27  bt-mz.B.32
02:22:00        14810  100.00   27.45    0.00  127.45    28  bt-mz.B.32
02:22:00        14812   97.55   30.39    0.00  127.94    13  bt-mz.B.32
02:22:00        14813   93.63   34.31    0.00  127.94    30  bt-mz.B.32
02:22:00        14815   85.78   38.24    0.00  124.02    31  bt-mz.B.32

02:22:00          PID    %usr %system  %guest    %CPU   CPU  Command
02:22:02         3135    0.00    0.50    0.00    0.50     2  kondemand/2
02:22:02         3143    0.00    0.50    0.00    0.50    10  kondemand/10
02:22:02         3148    0.00    0.50    0.00    0.50    15  kondemand/15
02:22:02         3161    0.00    0.50    0.00    0.50    28  kondemand/28
02:22:02         3180    0.00    0.50    0.00    0.50    16  kipmi0
02:22:02         3808    0.00    0.50    0.00    0.50    24  crond
02:22:02         4128    0.50    0.00    0.00    0.50     0  gmond
02:22:02        14778    1.00    0.50    0.00    1.50    11  top
02:22:02        14780    0.50    1.50    0.00    2.00    12  pidstat
02:22:02        14782    0.50    1.00    0.00    1.50     5  pidstat
02:22:02        14792  172.50    1.00    0.00  173.50    16  bt-mz.B.32
02:22:02        14793  172.00    9.00    0.00  181.00     1  bt-mz.B.32
02:22:02        14794  169.50    9.50    0.00  179.00    18  bt-mz.B.32
02:22:02        14795  146.00   18.00    0.00  164.00    19  bt-mz.B.32
02:22:02        14796  149.00   15.50    0.00  164.50    20  bt-mz.B.32
02:22:02        14797  144.00   18.50    0.00  162.50    21  bt-mz.B.32
02:22:02        14798  132.50   19.50    0.00  152.00    22  bt-mz.B.32
02:22:02        14799  131.00   20.50    0.00  151.50    23  bt-mz.B.32
02:22:02        14800  126.50   24.00    0.00  150.50     8  bt-mz.B.32
02:22:02        14803  123.50   24.50    0.00  148.00     9  bt-mz.B.32
02:22:02        14805  119.50   30.50    0.00  150.00    26  bt-mz.B.32
02:22:02        14806  119.50   31.50    0.00  151.00    11  bt-mz.B.32
02:22:02        14810  122.50   25.50    0.00  148.00    28  bt-mz.B.32
02:22:02        14812  119.00   30.50    0.00  149.50    13  bt-mz.B.32
02:22:02        14813  115.50   34.00    0.00  149.50    30  bt-mz.B.32
02:22:02        14815  107.50   37.00    0.00  144.50    31  bt-mz.B.32

02:22:02          PID    %usr %system  %guest    %CPU   CPU  Command
02:22:04         3164    0.00    0.50    0.00    0.50    31  kondemand/31
02:22:04         3180    0.00    1.00    0.00    1.00     0  kipmi0
02:22:04         3852    0.00    0.50    0.00    0.50     7  pbs_mom
02:22:04         4128    0.00    0.50    0.00    0.50     0  gmond
02:22:04        14778    0.50    1.00    0.00    1.50    27  top
02:22:04        14780    0.50    1.50    0.00    2.00    12  pidstat
02:22:04        14782    1.00    2.50    0.00    3.50    21  pidstat
02:22:04        14792  174.00    1.50    0.00  175.50     0  bt-mz.B.32
02:22:04        14793  172.50   10.50    0.00  183.00     1  bt-mz.B.32
02:22:04        14794  170.00   10.50    0.00  180.50    18  bt-mz.B.32
02:22:04        14795  147.00   18.00    0.00  165.00    19  bt-mz.B.32
02:22:04        14796  150.00   15.50    0.00  165.50    20  bt-mz.B.32
02:22:04        14797  145.00   18.00    0.00  163.00     5  bt-mz.B.32
02:22:04        14798  134.50   19.00    0.00  153.50    22  bt-mz.B.32
02:22:04        14799  131.50   21.50    0.00  153.00    23  bt-mz.B.32
02:22:04        14800  127.50   25.00    0.00  152.50     8  bt-mz.B.32
02:22:04        14803  125.00   24.00    0.00  149.00     9  bt-mz.B.32
02:22:04        14805  120.50   31.50    0.00  152.00    26  bt-mz.B.32
02:22:04        14806  119.00   33.50    0.00  152.50    27  bt-mz.B.32
02:22:04        14810  125.00   27.00    0.00  152.00    28  bt-mz.B.32
02:22:04        14812  120.00   31.00    0.00  151.00    13  bt-mz.B.32
02:22:04        14813  116.00   35.00    0.00  151.00    30  bt-mz.B.32
02:22:04        14815  106.50   39.50    0.00  146.00    31  bt-mz.B.32

02:22:04          PID    %usr %system  %guest    %CPU   CPU  Command
02:22:06           49    0.00    0.50    0.00    0.50    11  ksoftirqd/11
02:22:06         3139    0.00    0.50    0.00    0.50     6  kondemand/6
02:22:06         3151    0.00    0.50    0.00    0.50    18  kondemand/18
02:22:06         3153    0.00    0.50    0.00    0.50    20  kondemand/20
02:22:06         3155    0.00    0.50    0.00    0.50    22  kondemand/22
02:22:06         3180    0.00    0.50    0.00    0.50     0  kipmi0
02:22:06         4128    0.00    0.50    0.00    0.50     0  gmond
02:22:06        14778    0.50    1.00    0.00    1.50    11  top
02:22:06        14780    0.50    2.00    0.00    2.50    12  pidstat
02:22:06        14782    0.50    2.00    0.00    2.50    21  pidstat
02:22:06        14792  173.50    1.50    0.00  175.00    16  bt-mz.B.32
02:22:06        14793  171.50   11.00    0.00  182.50     1  bt-mz.B.32
02:22:06        14794  169.00   11.00    0.00  180.00    18  bt-mz.B.32
02:22:06        14795  146.00   20.00    0.00  166.00    19  bt-mz.B.32
02:22:06        14796  148.50   16.50    0.00  165.00    20  bt-mz.B.32
02:22:06        14797  146.00   17.00    0.00  163.00     5  bt-mz.B.32
02:22:06        14798  133.50   20.00    0.00  153.50    22  bt-mz.B.32
02:22:06        14799  131.50   21.50    0.00  153.00    23  bt-mz.B.32
02:22:06        14800  127.00   25.50    0.00  152.50     8  bt-mz.B.32
02:22:06        14803  124.50   25.00    0.00  149.50     9  bt-mz.B.32
02:22:06        14805  121.00   31.00    0.00  152.00    26  bt-mz.B.32
02:22:06        14806  118.00   34.50    0.00  152.50    27  bt-mz.B.32
02:22:06        14810  124.00   26.50    0.00  150.50    28  bt-mz.B.32
02:22:06        14812  119.50   31.50    0.00  151.00    13  bt-mz.B.32
02:22:06        14813  116.00   34.50    0.00  150.50    30  bt-mz.B.32
02:22:06        14815  107.00   39.00    0.00  146.00    31  bt-mz.B.32

02:22:06          PID    %usr %system  %guest    %CPU   CPU  Command
02:22:08          162    0.00    0.50    0.00    0.50    31  events/31
02:22:08         3162    0.00    0.50    0.00    0.50    29  kondemand/29
02:22:08        14778    0.50    1.00    0.00    1.50    11  top
02:22:08        14780    1.00    1.50    0.00    2.50    12  pidstat
02:22:08        14782    0.50    2.50    0.00    3.00    21  pidstat
02:22:08        14792  176.00    2.00    0.00  178.00    16  bt-mz.B.32
02:22:08        14793  176.00    9.50    0.00  185.50     1  bt-mz.B.32
02:22:08        14794  172.50   10.50    0.00  183.00    18  bt-mz.B.32
02:22:08        14795  147.50   19.00    0.00  166.50    19  bt-mz.B.32
02:22:08        14796  151.50   16.50    0.00  168.00    20  bt-mz.B.32
02:22:08        14797  147.50   18.50    0.00  166.00     5  bt-mz.B.32
02:22:08        14798  135.50   21.00    0.00  156.50    22  bt-mz.B.32
02:22:08        14799  134.00   21.00    0.00  155.00    23  bt-mz.B.32
02:22:08        14800  128.50   25.00    0.00  153.50     8  bt-mz.B.32
02:22:08        14803  126.50   25.00    0.00  151.50     9  bt-mz.B.32
02:22:08        14805  125.00   29.00    0.00  154.00    26  bt-mz.B.32
02:22:08        14806  119.50   35.00    0.00  154.50    11  bt-mz.B.32
02:22:08        14810  125.50   27.00    0.00  152.50    28  bt-mz.B.32
02:22:08        14812  123.00   30.50    0.00  153.50    13  bt-mz.B.32
02:22:08        14813  118.00   35.50    0.00  153.50    30  bt-mz.B.32
02:22:08        14815  108.50   39.50    0.00  148.00    31  bt-mz.B.32

02:22:08          PID    %usr %system  %guest    %CPU   CPU  Command
02:22:10         3133    0.00    0.50    0.00    0.50     0  kondemand/0
02:22:10         3149    0.00    0.50    0.00    0.50    16  kondemand/16
02:22:10         3160    0.00    0.50    0.00    0.50    27  kondemand/27
02:22:10         3163    0.00    0.50    0.00    0.50    30  kondemand/30
02:22:10         4128    0.50    0.50    0.00    1.00    16  gmond
02:22:10        14772    0.00    0.50    0.00    0.50    16  mpirun
02:22:10        14778    0.00    1.00    0.00    1.00    27  top
02:22:10        14780    0.50    1.50    0.00    2.00     9  pidstat
02:22:10        14782    0.00    1.00    0.00    1.00     3  pidstat
