Linux 2.6.32-279.14.1.el6.x86_64 (compute-662-5.local) 	04/21/20 	_x86_64_	(48 CPU)

02:25:09     CPU    %usr   %nice    %sys %iowait    %irq   %soft  %steal  %guest   %idle
02:25:11     all   77.91    0.00    4.07    0.00    0.00    0.05    0.00    0.00   17.98
02:25:13     all   97.16    0.00    0.20    0.00    0.00    0.00    0.00    0.00    2.65
02:25:15     all   96.96    0.00    0.18    0.00    0.00    0.00    0.00    0.00    2.87
02:25:17     all   97.09    0.00    0.20    0.00    0.00    0.00    0.00    0.00    2.71
02:25:19     all   97.21    0.00    0.21    0.00    0.00    0.00    0.00    0.00    2.58
02:25:21     all   97.22    0.00    0.20    0.00    0.00    0.00    0.00    0.00    2.58
02:25:23     all   97.07    0.00    0.21    0.00    0.00    0.00    0.00    0.00    2.72
02:25:25     all   97.43    0.00    0.20    0.00    0.00    0.00    0.00    0.00    2.38
02:25:27     all   97.19    0.00    0.20    0.00    0.00    0.00    0.00    0.00    2.62
02:25:29     all   97.28    0.00    0.20    0.00    0.00    0.00    0.00    0.00    2.52
02:25:31     all   96.95    0.00    0.19    0.00    0.00    0.01    0.00    0.00    2.85
02:25:33     all   97.35    0.00    0.19    0.00    0.00    0.00    0.00    0.00    2.46
02:25:35     all   97.06    0.00    0.19    0.00    0.00    0.00    0.00    0.00    2.75
02:25:37     all   97.33    0.00    0.20    0.00    0.00    0.00    0.00    0.00    2.47
02:25:39     all   96.77    0.00    0.18    0.00    0.00    0.00    0.00    0.00    3.05
02:25:41     all   97.23    0.00    0.19    0.00    0.00    0.00    0.00    0.00    2.58
02:25:43     all   96.68    0.00    0.23    0.06    0.00    0.01    0.00    0.00    3.02
