Linux 2.6.32-279.14.1.el6.x86_64 (compute-641-14.local) 	04/21/20 	_x86_64_	(32 CPU)

04:05:11     CPU    %usr   %nice    %sys %iowait    %irq   %soft  %steal  %guest   %idle
04:05:13     all   62.37    0.00    5.11    0.00    0.00    0.08    0.00    0.00   32.44
04:05:15     all   80.92    0.00    0.16    0.00    0.00    0.00    0.00    0.00   18.93
04:05:17     all   80.87    0.00    0.17    0.00    0.00    0.00    0.00    0.00   18.96
04:05:19     all   80.21    0.00    0.20    0.00    0.00    0.00    0.00    0.00   19.59
04:05:21     all   83.52    0.00    0.19    0.00    0.00    0.00    0.00    0.00   16.29
04:05:23     all   80.82    0.00    0.17    0.00    0.00    0.00    0.00    0.00   19.01
04:05:25     all   81.12    0.00    0.17    0.00    0.00    0.00    0.00    0.00   18.71
04:05:27     all   77.38    0.00    0.17    0.00    0.00    0.00    0.00    0.00   22.44
04:05:29     all   79.33    0.00    0.17    0.00    0.00    0.00    0.00    0.00   20.50
04:05:31     all   82.37    0.00    0.16    0.00    0.00    0.00    0.00    0.00   17.47
04:05:33     all   80.18    0.00    0.20    0.00    0.00    0.00    0.00    0.00   19.61
04:05:35     all   80.59    0.00    0.16    0.00    0.00    0.00    0.00    0.00   19.26
04:05:37     all   81.70    0.00    0.19    0.00    0.00    0.00    0.00    0.00   18.12
04:05:39     all   81.39    0.00    0.16    0.02    0.00    0.00    0.00    0.00   18.44
04:05:41     all   81.36    0.00    0.20    0.00    0.00    0.00    0.00    0.00   18.44
04:05:43     all   81.04    0.00    0.22    0.00    0.00    0.00    0.00    0.00   18.74
04:05:45     all   79.41    0.00    0.14    0.00    0.00    0.00    0.00    0.00   20.45
04:05:47     all   79.90    0.00    0.14    0.00    0.00    0.00    0.00    0.00   19.96
04:05:49     all   82.29    0.00    0.20    0.00    0.00    0.00    0.00    0.00   17.51
04:05:51     all   80.60    0.00    0.16    0.00    0.00    0.02    0.00    0.00   19.22
04:05:53     all   80.76    0.00    0.20    0.00    0.00    0.00    0.00    0.00   19.03
04:05:55     all   80.95    0.00    0.19    0.00    0.00    0.00    0.00    0.00   18.87
04:05:57     all   81.11    0.00    0.19    0.00    0.00    0.00    0.00    0.00   18.71
04:05:59     all   81.67    0.00    0.20    0.00    0.00    0.00    0.00    0.00   18.13
04:06:01     all   80.59    0.00    0.20    0.02    0.00    0.00    0.00    0.00   19.19
