Linux 2.6.32-279.14.1.el6.x86_64 (compute-641-14.local) 	04/21/20 	_x86_64_	(32 CPU)

03:32:01          PID    %usr %system  %guest    %CPU   CPU  Command
03:32:03         3141    0.00    0.49    0.00    0.49     8  kondemand/8
03:32:03         3142    0.00    0.49    0.00    0.49     9  kondemand/9
03:32:03         3152    0.00    0.49    0.00    0.49    19  kondemand/19
03:32:03         3160    0.00    0.49    0.00    0.49    27  kondemand/27
03:32:03         3163    0.00    0.49    0.00    0.49    30  kondemand/30
03:32:03         3164    0.00    0.49    0.00    0.49    31  kondemand/31
03:32:03         3180    0.00    0.49    0.00    0.49     0  kipmi0
03:32:03        30590    2.96    1.48    0.00    4.43    12  mpirun
03:32:03        30596    0.49    0.49    0.00    0.99    27  top
03:32:03        30598    0.49    1.48    0.00    1.97     2  pidstat
03:32:03        30600    0.49    1.97    0.00    2.46    20  pidstat
03:32:03        30609   96.55    5.91    0.00  102.46     0  bt-mz.B.24
03:32:03        30610  112.81    5.91    0.00  118.72    15  bt-mz.B.24
03:32:03        30611   84.73    5.91    0.00   90.64     7  bt-mz.B.24
03:32:03        30612   81.28    4.93    0.00   86.21    23  bt-mz.B.24
03:32:03        30613  104.43    5.42    0.00  109.85    10  bt-mz.B.24
03:32:03        30614  102.96    4.93    0.00  107.88    24  bt-mz.B.24
03:32:03        30615   84.24    5.42    0.00   89.66     6  bt-mz.B.24
03:32:03        30616   89.16    3.94    0.00   93.10     2  bt-mz.B.24
03:32:03        30617  101.97    4.43    0.00  106.40    12  bt-mz.B.24
03:32:03        30618   88.18    4.43    0.00   92.61     1  bt-mz.B.24
03:32:03        30619  101.48    3.94    0.00  105.42    29  bt-mz.B.24
03:32:03        30620  101.48    4.93    0.00  106.40    11  bt-mz.B.24
03:32:03        30622   89.16    5.42    0.00   94.58    21  bt-mz.B.24

03:32:03          PID    %usr %system  %guest    %CPU   CPU  Command
03:32:05         4128    0.00    0.50    0.00    0.50     1  gmond
03:32:05        30596    0.50    1.00    0.00    1.50    27  top
03:32:05        30598    0.50    2.00    0.00    2.50     2  pidstat
03:32:05        30600    0.50    2.50    0.00    3.00    20  pidstat
03:32:05        30609  115.50    0.00    0.00  115.50     5  bt-mz.B.24
03:32:05        30610  131.00    0.00    0.00  131.00    10  bt-mz.B.24
03:32:05        30611  126.50    0.00    0.00  126.50     4  bt-mz.B.24
03:32:05        30612  108.50    0.00    0.00  108.50    23  bt-mz.B.24
03:32:05        30613  126.50    0.00    0.00  126.50    27  bt-mz.B.24
03:32:05        30614  126.00    0.00    0.00  126.00    15  bt-mz.B.24
03:32:05        30615  101.50    0.00    0.00  101.50    22  bt-mz.B.24
03:32:05        30616  113.50    0.00    0.00  113.50    31  bt-mz.B.24
03:32:05        30617  122.00    0.00    0.00  122.00    12  bt-mz.B.24
03:32:05        30618  107.50    0.00    0.00  107.50    16  bt-mz.B.24
03:32:05        30619  127.50    0.00    0.00  127.50    29  bt-mz.B.24
03:32:05        30620  123.50    0.50    0.00  124.00     8  bt-mz.B.24
03:32:05        30622  102.50    0.00    0.00  102.50     7  bt-mz.B.24

03:32:05          PID    %usr %system  %guest    %CPU   CPU  Command
03:32:07         3134    0.00    0.50    0.00    0.50     1  kondemand/1
03:32:07         3140    0.00    0.50    0.00    0.50     7  kondemand/7
03:32:07         3153    0.00    0.50    0.00    0.50    20  kondemand/20
03:32:07         3158    0.00    0.50    0.00    0.50    25  kondemand/25
03:32:07         4128    0.00    0.50    0.00    0.50     1  gmond
03:32:07        30596    0.50    0.50    0.00    1.00    27  top
03:32:07        30598    0.50    2.00    0.00    2.50     2  pidstat
03:32:07        30600    1.00    1.00    0.00    2.00    20  pidstat
03:32:07        30609  127.00    0.00    0.00  127.00     0  bt-mz.B.24
03:32:07        30610  136.00    0.00    0.00  136.00    27  bt-mz.B.24
03:32:07        30611  116.00    0.00    0.00  116.00    18  bt-mz.B.24
03:32:07        30612  114.50    0.00    0.00  114.50    16  bt-mz.B.24
03:32:07        30613  115.00    0.00    0.00  115.00    12  bt-mz.B.24
03:32:07        30614  118.50    0.50    0.00  119.00    26  bt-mz.B.24
03:32:07        30615  112.50    0.00    0.00  112.50     6  bt-mz.B.24
03:32:07        30616  120.50    0.00    0.00  120.50    11  bt-mz.B.24
03:32:07        30617  121.00    0.00    0.00  121.00    15  bt-mz.B.24
03:32:07        30618  123.00    0.00    0.00  123.00     7  bt-mz.B.24
03:32:07        30619  106.50    0.00    0.00  106.50    28  bt-mz.B.24
03:32:07        30620  122.50    0.00    0.00  122.50    30  bt-mz.B.24
03:32:07        30622  118.50    0.00    0.00  118.50    20  bt-mz.B.24

03:32:07          PID    %usr %system  %guest    %CPU   CPU  Command
03:32:09         3135    0.00    0.50    0.00    0.50     2  kondemand/2
03:32:09         3151    0.00    0.50    0.00    0.50    18  kondemand/18
03:32:09        30596    0.50    1.00    0.00    1.50    27  top
03:32:09        30598    1.00    1.50    0.00    2.50    18  pidstat
03:32:09        30600    1.00    1.50    0.00    2.50     4  pidstat
03:32:09        30609  136.50    0.00    0.00  136.50     3  bt-mz.B.24
03:32:09        30610  127.00    0.00    0.00  127.00    27  bt-mz.B.24
03:32:09        30611  120.00    0.00    0.00  120.00     6  bt-mz.B.24
03:32:09        30612  108.00    0.00    0.00  108.00     4  bt-mz.B.24
03:32:09        30613  128.50    0.00    0.00  128.50    10  bt-mz.B.24
03:32:09        30614  127.00    0.00    0.00  127.00    30  bt-mz.B.24
03:32:09        30615  115.50    0.00    0.00  115.50     2  bt-mz.B.24
03:32:09        30616  124.00    0.00    0.00  124.00    24  bt-mz.B.24
03:32:09        30617  126.50    0.00    0.00  126.50    12  bt-mz.B.24
03:32:09        30618  124.50    0.00    0.00  124.50     7  bt-mz.B.24
03:32:09        30619  118.50    0.00    0.00  118.50    11  bt-mz.B.24
03:32:09        30620  121.50    0.00    0.00  121.50    13  bt-mz.B.24
03:32:09        30622  119.50    0.00    0.00  119.50     5  bt-mz.B.24

03:32:09          PID    %usr %system  %guest    %CPU   CPU  Command
03:32:11         3136    0.00    0.50    0.00    0.50     3  kondemand/3
03:32:11         3146    0.00    0.50    0.00    0.50    13  kondemand/13
03:32:11         3150    0.00    0.50    0.00    0.50    17  kondemand/17
03:32:11         3161    0.00    0.50    0.00    0.50    28  kondemand/28
03:32:11         3180    0.00    0.50    0.00    0.50     2  kipmi0
03:32:11         3852    0.00    0.50    0.00    0.50     8  pbs_mom
03:32:11         4128    0.50    0.00    0.00    0.50    17  gmond
03:32:11        30596    1.00    0.50    0.00    1.50    27  top
03:32:11        30598    0.50    1.50    0.00    2.00    21  pidstat
03:32:11        30600    0.50    2.50    0.00    3.00    18  pidstat
03:32:11        30609  142.00    0.00    0.00  142.00    17  bt-mz.B.24
03:32:11        30610  124.00    0.00    0.00  124.00    10  bt-mz.B.24
03:32:11        30611  125.00    0.00    0.00  125.00    16  bt-mz.B.24
03:32:11        30612  118.00    0.00    0.00  118.00     5  bt-mz.B.24
03:32:11        30613  128.50    0.00    0.00  128.50    26  bt-mz.B.24
03:32:11        30614  127.00    0.00    0.00  127.00    27  bt-mz.B.24
03:32:11        30615  116.00    0.00    0.00  116.00     3  bt-mz.B.24
03:32:11        30616  123.00    0.50    0.00  123.50    30  bt-mz.B.24
03:32:11        30617  123.00    0.50    0.00  123.50     8  bt-mz.B.24
03:32:11        30618  118.00    0.00    0.00  118.00     4  bt-mz.B.24
03:32:11        30619  108.50    0.50    0.00  109.00    31  bt-mz.B.24
03:32:11        30620  125.00    0.00    0.00  125.00    13  bt-mz.B.24
03:32:11        30622  125.00    0.00    0.00  125.00     7  bt-mz.B.24

03:32:11          PID    %usr %system  %guest    %CPU   CPU  Command
03:32:13          141    0.00    0.50    0.00    0.50    10  events/10
03:32:13         3133    0.00    0.50    0.00    0.50     0  kondemand/0
03:32:13         4128    0.00    0.50    0.00    0.50    17  gmond
03:32:13        30596    0.50    1.00    0.00    1.50    11  top
03:32:13        30598    0.50    2.00    0.00    2.50    20  pidstat
03:32:13        30600    0.50    1.50    0.00    2.00    18  pidstat
03:32:13        30609  138.00    0.00    0.00  138.00    21  bt-mz.B.24
03:32:13        30610  119.50    0.00    0.00  119.50    27  bt-mz.B.24
03:32:13        30611  126.00    0.00    0.00  126.00    19  bt-mz.B.24
03:32:13        30612  119.00    0.00    0.00  119.00     2  bt-mz.B.24
03:32:13        30613  120.50    0.00    0.00  120.50    11  bt-mz.B.24
03:32:13        30614  121.50    0.00    0.00  121.50    24  bt-mz.B.24
03:32:13        30615  117.00    0.00    0.00  117.00     2  bt-mz.B.24
03:32:13        30616  115.00    0.00    0.00  115.00    28  bt-mz.B.24
03:32:13        30617  115.00    0.00    0.00  115.00    27  bt-mz.B.24
03:32:13        30618  123.00    0.00    0.00  123.00     5  bt-mz.B.24
03:32:13        30619  121.50    0.00    0.00  121.50    31  bt-mz.B.24
03:32:13        30620  121.00    0.00    0.00  121.00    12  bt-mz.B.24
03:32:13        30622  114.00    0.00    0.00  114.00    17  bt-mz.B.24

03:32:13          PID    %usr %system  %guest    %CPU   CPU  Command
03:32:15         3156    0.00    0.50    0.00    0.50    23  kondemand/23
03:32:15         3180    0.00    0.50    0.00    0.50    16  kipmi0
03:32:15        30596    0.50    0.50    0.00    1.00    11  top
03:32:15        30598    0.50    1.50    0.00    2.00    20  pidstat
03:32:15        30600    0.50    1.00    0.00    1.50     2  pidstat
03:32:15        30609  132.50    0.00    0.00  132.50    21  bt-mz.B.24
03:32:15        30610  119.50    0.00    0.00  119.50    24  bt-mz.B.24
03:32:15        30611  124.50    0.00    0.00  124.50     6  bt-mz.B.24
03:32:15        30612  116.00    0.00    0.00  116.00     0  bt-mz.B.24
03:32:15        30613  121.00    0.00    0.00  121.00    11  bt-mz.B.24
03:32:15        30614  116.00    0.00    0.00  116.00    29  bt-mz.B.24
03:32:15        30615  119.00    0.00    0.00  119.00     3  bt-mz.B.24
03:32:15        30616  114.00    0.00    0.00  114.00     8  bt-mz.B.24
03:32:15        30617  120.50    0.00    0.00  120.50    26  bt-mz.B.24
03:32:15        30618  123.00    0.50    0.00  123.50    23  bt-mz.B.24
03:32:15        30619  128.00    0.00    0.00  128.00    31  bt-mz.B.24
03:32:15        30620  118.00    0.00    0.00  118.00    25  bt-mz.B.24
03:32:15        30622  121.50    0.00    0.00  121.50    18  bt-mz.B.24

03:32:15          PID    %usr %system  %guest    %CPU   CPU  Command
03:32:17         3143    0.00    0.50    0.00    0.50    10  kondemand/10
03:32:17         4128    0.00    0.50    0.00    0.50    17  gmond
03:32:17        30596    0.50    1.00    0.00    1.50    11  top
03:32:17        30598    1.50    1.50    0.00    3.00    20  pidstat
03:32:17        30600    0.50    3.00    0.00    3.50     2  pidstat
03:32:17        30609  136.50    0.00    0.00  136.50     5  bt-mz.B.24
03:32:17        30610  121.50    0.00    0.00  121.50    24  bt-mz.B.24
03:32:17        30611  131.00    0.00    0.00  131.00    16  bt-mz.B.24
03:32:17        30612  121.00    0.00    0.00  121.00    21  bt-mz.B.24
03:32:17        30613  118.00    0.50    0.00  118.50    27  bt-mz.B.24
03:32:17        30614  133.00    0.00    0.00  133.00    13  bt-mz.B.24
03:32:17        30615  130.00    0.00    0.00  130.00     3  bt-mz.B.24
03:32:17        30616  113.50    0.00    0.00  113.50    10  bt-mz.B.24
03:32:17        30617  133.50    0.00    0.00  133.50    26  bt-mz.B.24
03:32:17        30618  130.50    0.00    0.00  130.50     7  bt-mz.B.24
03:32:17        30619  123.00    0.00    0.00  123.00    11  bt-mz.B.24
03:32:17        30620  126.50    0.00    0.00  126.50    14  bt-mz.B.24
03:32:17        30622  123.00    0.50    0.00  123.50    18  bt-mz.B.24

03:32:17          PID    %usr %system  %guest    %CPU   CPU  Command
03:32:19         3138    0.00    0.50    0.00    0.50     5  kondemand/5
03:32:19         3139    0.00    0.50    0.00    0.50     6  kondemand/6
03:32:19         3147    0.00    0.50    0.00    0.50    14  kondemand/14
03:32:19         4128    0.00    0.50    0.00    0.50     1  gmond
03:32:19        30596    0.50    0.50    0.00    1.00    11  top
03:32:19        30598    0.50    2.00    0.00    2.50    20  pidstat
03:32:19        30600    1.00    1.00    0.00    2.00    18  pidstat
03:32:19        30609  128.50    0.00    0.00  128.50     2  bt-mz.B.24
03:32:19        30610  131.50    0.00    0.00  131.50    13  bt-mz.B.24
03:32:19        30611  125.00    0.00    0.00  125.00     0  bt-mz.B.24
03:32:19        30612  130.00    0.00    0.00  130.00    18  bt-mz.B.24
03:32:19        30613  118.00    0.00    0.00  118.00    28  bt-mz.B.24
03:32:19        30614  117.00    0.00    0.00  117.00    28  bt-mz.B.24
03:32:19        30615  121.00    0.00    0.00  121.00     3  bt-mz.B.24
03:32:19        30616  113.00    0.00    0.00  113.00    30  bt-mz.B.24
03:32:19        30617  125.00    0.50    0.00  125.50    26  bt-mz.B.24
03:32:19        30618  121.50    0.00    0.00  121.50     7  bt-mz.B.24
03:32:19        30619  118.50    0.00    0.00  118.50    27  bt-mz.B.24
03:32:19        30620  116.00    0.00    0.00  116.00    24  bt-mz.B.24
03:32:19        30622  114.50    0.00    0.00  114.50     4  bt-mz.B.24

03:32:19          PID    %usr %system  %guest    %CPU   CPU  Command
03:32:21          151    0.00    0.50    0.00    0.50    20  events/20
03:32:21         3149    0.00    0.50    0.00    0.50    16  kondemand/16
03:32:21        30596    0.50    1.00    0.00    1.50    11  top
03:32:21        30598    0.50    1.50    0.00    2.00    20  pidstat
03:32:21        30600    0.50    1.50    0.00    2.00     2  pidstat
03:32:21        30609  128.50    0.50    0.00  129.00     1  bt-mz.B.24
03:32:21        30610  126.00    0.00    0.00  126.00    13  bt-mz.B.24
03:32:21        30611  122.50    0.00    0.00  122.50     3  bt-mz.B.24
03:32:21        30612  118.00    0.00    0.00  118.00    18  bt-mz.B.24
03:32:21        30613  120.50    0.00    0.00  120.50    15  bt-mz.B.24
03:32:21        30614  120.00    0.00    0.00  120.00    31  bt-mz.B.24
03:32:21        30615  113.00    0.00    0.00  113.00     7  bt-mz.B.24
03:32:21        30616  111.50    0.00    0.00  111.50    25  bt-mz.B.24
03:32:21        30617  122.50    0.00    0.00  122.50    12  bt-mz.B.24
03:32:21        30618  120.50    0.00    0.00  120.50    16  bt-mz.B.24
03:32:21        30619  125.50    0.00    0.00  125.50     8  bt-mz.B.24
03:32:21        30620  120.00    0.00    0.00  120.00    14  bt-mz.B.24
03:32:21        30622  118.00    0.00    0.00  118.00     0  bt-mz.B.24

03:32:21          PID    %usr %system  %guest    %CPU   CPU  Command
03:32:23         3162    0.00    0.50    0.00    0.50    29  kondemand/29
03:32:23         4128    0.00    0.50    0.00    0.50     1  gmond
03:32:23        30596    0.50    0.50    0.00    1.00    11  top
03:32:23        30598    0.50    2.00    0.00    2.50    20  pidstat
03:32:23        30600    0.50    2.00    0.00    2.50    18  pidstat
03:32:23        30602    0.00    0.50    0.00    0.50     9  iostat
03:32:23        30609  144.50    0.00    0.00  144.50    16  bt-mz.B.24
03:32:23        30610  129.50    0.00    0.00  129.50     8  bt-mz.B.24
03:32:23        30611  129.50    0.00    0.00  129.50     3  bt-mz.B.24
03:32:23        30612  112.50    0.00    0.00  112.50    23  bt-mz.B.24
03:32:23        30613  120.50    0.00    0.00  120.50    31  bt-mz.B.24
03:32:23        30614  129.50    0.00    0.00  129.50    10  bt-mz.B.24
03:32:23        30615  119.00    0.00    0.00  119.00    22  bt-mz.B.24
03:32:23        30616  105.00    0.00    0.00  105.00    30  bt-mz.B.24
03:32:23        30617  111.00    0.00    0.00  111.00     9  bt-mz.B.24
03:32:23        30618  116.00    0.00    0.00  116.00     0  bt-mz.B.24
03:32:23        30619  126.50    0.00    0.00  126.50    26  bt-mz.B.24
03:32:23        30620  118.00    0.00    0.00  118.00    11  bt-mz.B.24
03:32:23        30622  115.50    0.00    0.00  115.50    19  bt-mz.B.24

03:32:23          PID    %usr %system  %guest    %CPU   CPU  Command
03:32:25         3137    0.00    0.50    0.00    0.50     4  kondemand/4
03:32:25         3154    0.00    0.50    0.00    0.50    21  kondemand/21
03:32:25         3155    0.00    0.50    0.00    0.50    22  kondemand/22
03:32:25         3159    0.00    0.50    0.00    0.50    26  kondemand/26
03:32:25        30596    0.50    1.00    0.00    1.50    11  top
03:32:25        30598    1.00    1.50    0.00    2.50    20  pidstat
03:32:25        30600    0.50    2.00    0.00    2.50    18  pidstat
03:32:25        30609  126.50    0.00    0.00  126.50    17  bt-mz.B.24
03:32:25        30610  128.50    0.00    0.00  128.50    25  bt-mz.B.24
03:32:25        30611  124.50    0.00    0.00  124.50    19  bt-mz.B.24
03:32:25        30612  132.00    0.00    0.00  132.00     2  bt-mz.B.24
03:32:25        30613  118.00    0.00    0.00  118.00    24  bt-mz.B.24
03:32:25        30614  118.50    0.00    0.00  118.50    10  bt-mz.B.24
03:32:25        30615  119.00    0.00    0.00  119.00    22  bt-mz.B.24
03:32:25        30616  122.00    0.00    0.00  122.00    31  bt-mz.B.24
03:32:25        30617  118.50    0.00    0.00  118.50    29  bt-mz.B.24
03:32:25        30618  120.00    0.00    0.00  120.00     0  bt-mz.B.24
03:32:25        30619  116.50    0.00    0.00  116.50    30  bt-mz.B.24
03:32:25        30620  118.50    0.00    0.00  118.50    11  bt-mz.B.24
03:32:25        30622  112.50    0.00    0.00  112.50     5  bt-mz.B.24

03:32:25          PID    %usr %system  %guest    %CPU   CPU  Command
03:32:27          149    0.00    0.50    0.00    0.50    18  events/18
03:32:27         3157    0.00    0.50    0.00    0.50    24  kondemand/24
03:32:27         4128    0.50    0.50    0.00    1.00     1  gmond
03:32:27        30596    0.50    0.50    0.00    1.00    27  top
03:32:27        30598    0.50    1.50    0.00    2.00    20  pidstat
03:32:27        30600    1.00    1.50    0.00    2.50    18  pidstat
03:32:27        30609  126.50    0.00    0.00  126.50    19  bt-mz.B.24
03:32:27        30610  116.50    0.00    0.00  116.50    10  bt-mz.B.24
03:32:27        30611  120.00    0.00    0.00  120.00     3  bt-mz.B.24
03:32:27        30612  114.50    0.00    0.00  114.50     2  bt-mz.B.24
03:32:27        30613  116.50    0.00    0.00  116.50    15  bt-mz.B.24
03:32:27        30614  114.00    0.00    0.00  114.00    26  bt-mz.B.24
03:32:27        30615  114.50    0.00    0.00  114.50     5  bt-mz.B.24
03:32:27        30616  113.50    0.00    0.00  113.50    28  bt-mz.B.24
03:32:27        30617  124.00    0.00    0.00  124.00    13  bt-mz.B.24
03:32:27        30618  118.00    0.00    0.00  118.00     0  bt-mz.B.24
03:32:27        30619  103.00    0.00    0.00  103.00    14  bt-mz.B.24
03:32:27        30620  117.50    0.00    0.00  117.50    31  bt-mz.B.24
03:32:27        30622  110.50    0.00    0.00  110.50    21  bt-mz.B.24

03:32:27          PID    %usr %system  %guest    %CPU   CPU  Command
03:32:29         3145    0.00    0.50    0.00    0.50    12  kondemand/12
03:32:29         3148    0.00    0.50    0.00    0.50    15  kondemand/15
03:32:29         3180    0.00    0.50    0.00    0.50    16  kipmi0
03:32:29        30596    0.50    0.50    0.00    1.00    27  top
03:32:29        30598    1.00    1.50    0.00    2.50    20  pidstat
03:32:29        30600    0.50    2.00    0.00    2.50    18  pidstat
03:32:29        30609  131.50    0.00    0.00  131.50    17  bt-mz.B.24
03:32:29        30610  125.00    0.00    0.00  125.00     8  bt-mz.B.24
03:32:29        30611  115.50    0.00    0.00  115.50    19  bt-mz.B.24
03:32:29        30612  125.50    0.00    0.00  125.50     2  bt-mz.B.24
03:32:29        30613  116.50    0.00    0.00  116.50     9  bt-mz.B.24
03:32:29        30614  123.00    0.00    0.00  123.00    10  bt-mz.B.24
03:32:29        30615  123.00    0.00    0.00  123.00     5  bt-mz.B.24
03:32:29        30616  127.00    0.00    0.00  127.00    12  bt-mz.B.24
03:32:29        30617  126.00    0.00    0.00  126.00    13  bt-mz.B.24
03:32:29        30618  121.50    0.00    0.00  121.50     0  bt-mz.B.24
03:32:29        30619  101.00    0.50    0.00  101.50    14  bt-mz.B.24
03:32:29        30620  115.50    0.00    0.00  115.50    15  bt-mz.B.24
03:32:29        30622  112.00    0.00    0.00  112.00    16  bt-mz.B.24

03:32:29          PID    %usr %system  %guest    %CPU   CPU  Command
03:32:31         3141    0.00    0.50    0.00    0.50     8  kondemand/8
03:32:31         3144    0.00    0.50    0.00    0.50    11  kondemand/11
03:32:31         4128    0.00    0.50    0.00    0.50     1  gmond
03:32:31        30596    0.50    1.00    0.00    1.50    27  top
03:32:31        30598    1.00    1.50    0.00    2.50    20  pidstat
03:32:31        30600    0.50    1.50    0.00    2.00    18  pidstat
03:32:31        30609  140.00    0.00    0.00  140.00    17  bt-mz.B.24
03:32:31        30610  121.00    0.00    0.00  121.00    10  bt-mz.B.24
03:32:31        30611  115.00    0.00    0.00  115.00    21  bt-mz.B.24
03:32:31        30612  107.50    0.00    0.00  107.50     3  bt-mz.B.24
03:32:31        30613  125.00    0.00    0.00  125.00     9  bt-mz.B.24
03:32:31        30614  116.50    0.50    0.00  117.00    26  bt-mz.B.24
03:32:31        30615  118.00    0.00    0.00  118.00     7  bt-mz.B.24
03:32:31        30616  116.50    0.00    0.00  116.50    24  bt-mz.B.24
03:32:31        30617  113.00    0.00    0.00  113.00    29  bt-mz.B.24
03:32:31        30618  110.00    0.00    0.00  110.00     6  bt-mz.B.24
03:32:31        30619  115.50    0.00    0.00  115.50    30  bt-mz.B.24
03:32:31        30620  119.50    0.00    0.00  119.50    31  bt-mz.B.24
03:32:31        30622  118.00    0.00    0.00  118.00     0  bt-mz.B.24

03:32:31          PID    %usr %system  %guest    %CPU   CPU  Command
03:32:33          143    0.00    0.50    0.00    0.50    12  events/12
03:32:33          157    0.00    0.50    0.00    0.50    26  events/26
03:32:33         3142    0.00    0.50    0.00    0.50     9  kondemand/9
03:32:33         3195    0.00    0.50    0.00    0.50    28  irqbalance
03:32:33         4128    0.00    0.50    0.00    0.50     1  gmond
03:32:33        30596    0.50    1.00    0.00    1.50    27  top
03:32:33        30598    0.50    2.00    0.00    2.50     4  pidstat
03:32:33        30600    1.00    2.00    0.00    3.00    18  pidstat
03:32:33        30609  138.00    0.00    0.00  138.00    22  bt-mz.B.24
03:32:33        30610  127.50    0.00    0.00  127.50    15  bt-mz.B.24
03:32:33        30611  123.00    0.00    0.00  123.00    17  bt-mz.B.24
03:32:33        30612  121.50    0.00    0.00  121.50     1  bt-mz.B.24
03:32:33        30613  132.50    0.00    0.00  132.50    25  bt-mz.B.24
03:32:33        30614  119.00    0.00    0.00  119.00    12  bt-mz.B.24
03:32:33        30615  122.50    0.00    0.00  122.50     5  bt-mz.B.24
03:32:33        30616  122.00    0.00    0.00  122.00    24  bt-mz.B.24
03:32:33        30617  120.50    0.00    0.00  120.50    13  bt-mz.B.24
03:32:33        30618  116.50    0.00    0.00  116.50    21  bt-mz.B.24
03:32:33        30619  121.00    0.00    0.00  121.00    30  bt-mz.B.24
03:32:33        30620  116.50    0.00    0.00  116.50    31  bt-mz.B.24
03:32:33        30622  113.00    0.00    0.00  113.00    16  bt-mz.B.24

03:32:33          PID    %usr %system  %guest    %CPU   CPU  Command
03:32:35         3152    0.00    0.50    0.00    0.50    19  kondemand/19
03:32:35         3160    0.00    0.50    0.00    0.50    27  kondemand/27
03:32:35         3180    0.00    0.50    0.00    0.50    16  kipmi0
03:32:35        19576    0.00    0.50    0.00    0.50     0  flush-0:23
03:32:35        30596    1.00    0.50    0.00    1.50    27  top
03:32:35        30598    0.50    1.50    0.00    2.00     4  pidstat
03:32:35        30600    0.50    1.50    0.00    2.00    18  pidstat
03:32:35        30609  137.50    0.00    0.00  137.50     6  bt-mz.B.24
03:32:35        30610  124.50    0.00    0.00  124.50     8  bt-mz.B.24
03:32:35        30611  119.50    0.00    0.00  119.50     6  bt-mz.B.24
03:32:35        30612  122.50    0.00    0.00  122.50    19  bt-mz.B.24
03:32:35        30613  116.00    0.00    0.00  116.00    10  bt-mz.B.24
03:32:35        30614  116.00    0.00    0.00  116.00    28  bt-mz.B.24
03:32:35        30615  112.00    0.00    0.00  112.00     0  bt-mz.B.24
03:32:35        30616  118.50    0.00    0.00  118.50    29  bt-mz.B.24
03:32:35        30617  118.50    0.00    0.00  118.50    12  bt-mz.B.24
03:32:35        30618  115.00    0.00    0.00  115.00    17  bt-mz.B.24
03:32:35        30619  121.00    0.00    0.00  121.00    30  bt-mz.B.24
03:32:35        30620  120.00    0.50    0.00  120.50    31  bt-mz.B.24
03:32:35        30622  114.00    0.00    0.00  114.00     1  bt-mz.B.24

03:32:35          PID    %usr %system  %guest    %CPU   CPU  Command
03:32:37         1063    0.00    0.50    0.00    0.50    12  jbd2/sda1-8
03:32:37         3021    0.00    1.00    0.00    1.00    11  flush-8:0
03:32:37         3133    0.00    0.50    0.00    0.50     0  kondemand/0
03:32:37         3134    0.00    0.50    0.00    0.50     1  kondemand/1
03:32:37         3140    0.00    0.50    0.00    0.50     7  kondemand/7
03:32:37         3163    0.00    0.50    0.00    0.50    30  kondemand/30
03:32:37         3164    0.00    0.50    0.00    0.50    31  kondemand/31
03:32:37         4128    0.00    0.50    0.00    0.50    17  gmond
03:32:37        30596    0.50    0.50    0.00    1.00    27  top
03:32:37        30598    1.00    1.50    0.00    2.50     4  pidstat
03:32:37        30600    1.00    1.00    0.00    2.00    18  pidstat
03:32:37        30609  128.00    0.00    0.00  128.00    21  bt-mz.B.24
03:32:37        30610  128.00    0.00    0.00  128.00    28  bt-mz.B.24
03:32:37        30611  127.50    0.00    0.00  127.50    18  bt-mz.B.24
03:32:37        30612  121.00    0.00    0.00  121.00    19  bt-mz.B.24
03:32:37        30613  116.00    0.00    0.00  116.00    12  bt-mz.B.24
03:32:37        30614  110.50    0.00    0.00  110.50    27  bt-mz.B.24
03:32:37        30615  120.50    0.00    0.00  120.50    16  bt-mz.B.24
03:32:37        30616  121.00    0.00    0.00  121.00    13  bt-mz.B.24
03:32:37        30617  118.00    0.00    0.00  118.00    10  bt-mz.B.24
03:32:37        30618  114.50    0.00    0.00  114.50     6  bt-mz.B.24
03:32:37        30619  114.00    0.50    0.00  114.50     8  bt-mz.B.24
03:32:37        30620  114.50    0.00    0.00  114.50    15  bt-mz.B.24
03:32:37        30622  114.00    0.00    0.00  114.00     0  bt-mz.B.24

03:32:37          PID    %usr %system  %guest    %CPU   CPU  Command
03:32:39          160    0.00    0.50    0.00    0.50    29  events/29
03:32:39         3135    0.00    0.50    0.00    0.50     2  kondemand/2
03:32:39         3136    0.00    0.50    0.00    0.50     3  kondemand/3
03:32:39         3153    0.00    0.50    0.00    0.50    20  kondemand/20
03:32:39         3158    0.00    0.50    0.00    0.50    25  kondemand/25
03:32:39        30596    0.50    0.50    0.00    1.00    11  top
03:32:39        30598    0.50    2.00    0.00    2.50     4  pidstat
03:32:39        30600    0.50    2.00    0.00    2.50    18  pidstat
03:32:39        30609  133.50    0.00    0.00  133.50     5  bt-mz.B.24
03:32:39        30610  125.00    0.00    0.00  125.00    12  bt-mz.B.24
03:32:39        30611  119.00    0.00    0.00  119.00    18  bt-mz.B.24
03:32:39        30612  124.00    0.00    0.00  124.00    19  bt-mz.B.24
03:32:39        30613  115.50    0.00    0.00  115.50    28  bt-mz.B.24
03:32:39        30614  113.00    0.00    0.00  113.00    29  bt-mz.B.24
03:32:39        30615  117.50    0.00    0.00  117.50    16  bt-mz.B.24
03:32:39        30616  113.50    0.00    0.00  113.50    11  bt-mz.B.24
03:32:39        30617  126.00    0.00    0.00  126.00    10  bt-mz.B.24
03:32:39        30618  126.50    0.00    0.00  126.50     6  bt-mz.B.24
03:32:39        30619  121.50    0.00    0.00  121.50    25  bt-mz.B.24
03:32:39        30620  128.00    0.00    0.00  128.00    15  bt-mz.B.24
03:32:39        30622  121.00    0.50    0.00  121.50     0  bt-mz.B.24

03:32:39          PID    %usr %system  %guest    %CPU   CPU  Command
03:32:41         3146    0.00    0.50    0.00    0.50    13  kondemand/13
03:32:41         3151    0.00    0.50    0.00    0.50    18  kondemand/18
03:32:41         3684    0.00    0.50    0.00    0.50     6  snmpd
03:32:41         4128    0.00    0.50    0.00    0.50    17  gmond
03:32:41        30596    0.50    1.00    0.00    1.50    11  top
03:32:41        30598    1.00    1.50    0.00    2.50     4  pidstat
03:32:41        30600    1.00    1.00    0.00    2.00     2  pidstat
03:32:41        30609  124.50    0.00    0.00  124.50    21  bt-mz.B.24
03:32:41        30610  131.00    0.00    0.00  131.00    30  bt-mz.B.24
03:32:41        30611  121.50    0.00    0.00  121.50     3  bt-mz.B.24
03:32:41        30612  118.50    0.00    0.00  118.50    19  bt-mz.B.24
03:32:41        30613  117.00    0.00    0.00  117.00    11  bt-mz.B.24
03:32:41        30614  111.00    0.00    0.00  111.00    13  bt-mz.B.24
03:32:41        30615  122.50    0.00    0.00  122.50     0  bt-mz.B.24
03:32:41        30616  117.00    0.00    0.00  117.00    26  bt-mz.B.24
03:32:41        30617  120.50    0.00    0.00  120.50    28  bt-mz.B.24
03:32:41        30618  117.50    0.00    0.00  117.50    22  bt-mz.B.24
03:32:41        30619  118.00    0.00    0.00  118.00    10  bt-mz.B.24
03:32:41        30620  112.00    0.00    0.00  112.00    29  bt-mz.B.24
03:32:41        30622  111.50    0.00    0.00  111.50    17  bt-mz.B.24

03:32:41          PID    %usr %system  %guest    %CPU   CPU  Command
03:32:43         3150    0.00    0.50    0.00    0.50    17  kondemand/17
03:32:43         3161    0.00    0.50    0.00    0.50    28  kondemand/28
03:32:43         3180    0.00    0.50    0.00    0.50    19  kipmi0
03:32:43         3852    0.50    0.50    0.00    1.00    11  pbs_mom
03:32:43        30596    0.50    0.50    0.00    1.00    11  top
03:32:43        30598    0.50    2.00    0.00    2.50     4  pidstat
03:32:43        30600    0.50    1.50    0.00    2.00     3  pidstat
03:32:43        30609  131.50    0.00    0.00  131.50     6  bt-mz.B.24
03:32:43        30610  127.00    0.00    0.00  127.00    14  bt-mz.B.24
03:32:43        30611  118.50    0.00    0.00  118.50    21  bt-mz.B.24
03:32:43        30612  120.00    0.00    0.00  120.00     3  bt-mz.B.24
03:32:43        30613  117.00    0.00    0.00  117.00    13  bt-mz.B.24
03:32:43        30614  120.50    0.00    0.00  120.50    29  bt-mz.B.24
03:32:43        30615  119.50    0.00    0.00  119.50    19  bt-mz.B.24
03:32:43        30616  121.00    0.00    0.00  121.00    26  bt-mz.B.24
03:32:43        30617  120.00    0.00    0.00  120.00    10  bt-mz.B.24
03:32:43        30618  121.00    0.00    0.00  121.00    16  bt-mz.B.24
03:32:43        30619  121.50    0.00    0.00  121.50     9  bt-mz.B.24
03:32:43        30620  121.00    0.00    0.00  121.00    11  bt-mz.B.24
03:32:43        30622  112.00    0.00    0.00  112.00     5  bt-mz.B.24

03:32:43          PID    %usr %system  %guest    %CPU   CPU  Command
03:32:45         3143    0.00    0.50    0.00    0.50    10  kondemand/10
03:32:45         4128    0.50    0.50    0.00    1.00    17  gmond
03:32:45        30596    0.50    1.00    0.00    1.50    11  top
03:32:45        30598    0.50    1.50    0.00    2.00    20  pidstat
03:32:45        30600    1.50    2.00    0.00    3.50    19  pidstat
03:32:45        30609  131.00    0.00    0.00  131.00     1  bt-mz.B.24
03:32:45        30610  119.50    0.50    0.00  120.00    24  bt-mz.B.24
03:32:45        30611  121.50    0.00    0.00  121.50     0  bt-mz.B.24
03:32:45        30612  120.50    0.50    0.00  121.00     3  bt-mz.B.24
03:32:45        30613  103.00    0.50    0.00  103.50    28  bt-mz.B.24
03:32:45        30614  118.00    0.00    0.00  118.00    13  bt-mz.B.24
03:32:45        30615  116.00    0.00    0.00  116.00    16  bt-mz.B.24
03:32:45        30616  120.50    0.00    0.00  120.50    10  bt-mz.B.24
03:32:45        30617  113.50    0.50    0.00  114.00    12  bt-mz.B.24
03:32:45        30618  107.00    0.00    0.00  107.00    23  bt-mz.B.24
03:32:45        30619  125.50    0.00    0.00  125.50    31  bt-mz.B.24
03:32:45        30620  119.50    0.00    0.00  119.50     9  bt-mz.B.24
03:32:45        30622  121.50    0.00    0.00  121.50    22  bt-mz.B.24

03:32:45          PID    %usr %system  %guest    %CPU   CPU  Command
03:32:47         3138    0.00    0.50    0.00    0.50     5  kondemand/5
03:32:47        30596    0.50    0.50    0.00    1.00    11  top
03:32:47        30598    1.00    2.00    0.00    3.00    20  pidstat
03:32:47        30600    0.50    2.00    0.00    2.50    19  pidstat
03:32:47        30601    0.00    0.50    0.00    0.50    11  mpstat
03:32:47        30602    0.00    0.50    0.00    0.50    25  iostat
03:32:47        30609  134.00    0.00    0.00  134.00    20  bt-mz.B.24
03:32:47        30610  127.00    0.00    0.00  127.00     9  bt-mz.B.24
03:32:47        30611  120.50    0.00    0.00  120.50     4  bt-mz.B.24
03:32:47        30612  124.50    0.00    0.00  124.50     0  bt-mz.B.24
03:32:47        30613  124.00    0.00    0.00  124.00    28  bt-mz.B.24
03:32:47        30614  131.00    0.00    0.00  131.00    14  bt-mz.B.24
03:32:47        30615  117.50    0.00    0.00  117.50     5  bt-mz.B.24
03:32:47        30616  128.50    0.00    0.00  128.50    12  bt-mz.B.24
03:32:47        30617  124.50    0.00    0.00  124.50    10  bt-mz.B.24
03:32:47        30618  115.50    0.00    0.00  115.50     5  bt-mz.B.24
03:32:47        30619  132.00    0.00    0.00  132.00    15  bt-mz.B.24
03:32:47        30620  131.50    0.00    0.00  131.50    26  bt-mz.B.24
03:32:47        30622  127.00    0.00    0.00  127.00    23  bt-mz.B.24

03:32:47          PID    %usr %system  %guest    %CPU   CPU  Command
03:32:49         3139    0.00    0.50    0.00    0.50     6  kondemand/6
03:32:49         3147    0.00    0.50    0.00    0.50    14  kondemand/14
03:32:49         3180    0.00    0.50    0.00    0.50    19  kipmi0
03:32:49         4128    0.00    0.50    0.00    0.50     1  gmond
03:32:49        30596    0.50    0.50    0.00    1.00    11  top
03:32:49        30598    0.50    1.50    0.00    2.00    20  pidstat
03:32:49        30600    0.50    1.00    0.00    1.50    19  pidstat
03:32:49        30609  118.00    0.00    0.00  118.00    19  bt-mz.B.24
03:32:49        30610  120.00    0.00    0.00  120.00    26  bt-mz.B.24
03:32:49        30611  113.50    0.00    0.00  113.50     3  bt-mz.B.24
03:32:49        30612  113.00    0.00    0.00  113.00    19  bt-mz.B.24
03:32:49        30613  102.00    0.00    0.00  102.00    14  bt-mz.B.24
03:32:49        30614  114.50    0.00    0.00  114.50     8  bt-mz.B.24
03:32:49        30615  109.50    0.00    0.00  109.50    17  bt-mz.B.24
03:32:49        30616  101.50    0.00    0.00  101.50    30  bt-mz.B.24
03:32:49        30617  112.50    0.00    0.00  112.50    28  bt-mz.B.24
03:32:49        30618  112.50    0.00    0.00  112.50     5  bt-mz.B.24
03:32:49        30619  127.00    0.00    0.00  127.00    31  bt-mz.B.24
03:32:49        30620  104.00    0.00    0.00  104.00    25  bt-mz.B.24
03:32:49        30622  117.50    0.00    0.00  117.50    23  bt-mz.B.24

03:32:49          PID    %usr %system  %guest    %CPU   CPU  Command
03:32:51         3149    0.00    0.50    0.00    0.50    16  kondemand/16
03:32:51         3156    0.00    0.50    0.00    0.50    23  kondemand/23
03:32:51        30596    1.00    0.50    0.00    1.50    11  top
03:32:51        30598    1.00    2.00    0.00    3.00     4  pidstat
03:32:51        30600    0.50    2.50    0.00    3.00    19  pidstat
03:32:51        30609  133.00    0.00    0.00  133.00     4  bt-mz.B.24
03:32:51        30610  126.00    0.00    0.00  126.00    10  bt-mz.B.24
03:32:51        30611  122.00    0.50    0.00  122.50     3  bt-mz.B.24
03:32:51        30612  116.50    0.00    0.00  116.50    21  bt-mz.B.24
03:32:51        30613  122.50    0.00    0.00  122.50    25  bt-mz.B.24
03:32:51        30614  117.50    0.00    0.00  117.50    11  bt-mz.B.24
03:32:51        30615  116.50    0.00    0.00  116.50     0  bt-mz.B.24
03:32:51        30616  125.00    0.00    0.00  125.00    15  bt-mz.B.24
03:32:51        30617  115.00    0.00    0.00  115.00    27  bt-mz.B.24
03:32:51        30618  122.00    0.00    0.00  122.00    18  bt-mz.B.24
03:32:51        30619  112.00    0.00    0.00  112.00     8  bt-mz.B.24
03:32:51        30620  130.00    0.00    0.00  130.00    14  bt-mz.B.24
03:32:51        30622  129.00    0.00    0.00  129.00    23  bt-mz.B.24

03:32:51          PID    %usr %system  %guest    %CPU   CPU  Command
03:32:53         3195    0.00    0.50    0.00    0.50    28  irqbalance
03:32:53         4128    0.00    0.50    0.00    0.50     1  gmond
03:32:53        30596    0.50    1.00    0.00    1.50    11  top
03:32:53        30598    0.50    1.50    0.00    2.00     4  pidstat
03:32:53        30600    0.50    1.50    0.00    2.00     3  pidstat
03:32:53        30609  137.00    0.00    0.00  137.00    20  bt-mz.B.24
03:32:53        30610  120.00    0.00    0.00  120.00    26  bt-mz.B.24
03:32:53        30611  114.50    0.00    0.00  114.50     3  bt-mz.B.24
03:32:53        30612   98.50    0.00    0.00   98.50    19  bt-mz.B.24
03:32:53        30613  117.00    0.00    0.00  117.00    11  bt-mz.B.24
03:32:53        30614  119.00    0.00    0.00  119.00    30  bt-mz.B.24
03:32:53        30615  107.00    0.50    0.00  107.50    23  bt-mz.B.24
03:32:53        30616  112.00    0.00    0.00  112.00    27  bt-mz.B.24
03:32:53        30617  107.00    0.00    0.00  107.00    24  bt-mz.B.24
03:32:53        30618  114.00    0.00    0.00  114.00    23  bt-mz.B.24
03:32:53        30619  122.50    0.00    0.00  122.50     8  bt-mz.B.24
03:32:53        30620  115.00    0.00    0.00  115.00    14  bt-mz.B.24
03:32:53        30622  119.50    0.00    0.00  119.50    16  bt-mz.B.24

03:32:53          PID    %usr %system  %guest    %CPU   CPU  Command
03:32:55         3137    0.00    0.50    0.00    0.50     4  kondemand/4
03:32:55        30596    0.50    0.50    0.00    1.00    11  top
03:32:55        30598    1.00    1.50    0.00    2.50     4  pidstat
03:32:55        30600    1.00    2.00    0.00    3.00     3  pidstat
03:32:55        30609  133.00    0.00    0.00  133.00    22  bt-mz.B.24
03:32:55        30610  127.00    0.00    0.00  127.00    27  bt-mz.B.24
03:32:55        30611  127.00    0.00    0.00  127.00     6  bt-mz.B.24
03:32:55        30612  126.50    0.00    0.00  126.50     3  bt-mz.B.24
03:32:55        30613  118.50    0.50    0.00  119.00    25  bt-mz.B.24
03:32:55        30614  105.50    0.00    0.00  105.50    15  bt-mz.B.24
03:32:55        30615  119.00    0.00    0.00  119.00    23  bt-mz.B.24
03:32:55        30616  110.50    0.00    0.00  110.50    31  bt-mz.B.24
03:32:55        30617  120.00    0.00    0.00  120.00    13  bt-mz.B.24
03:32:55        30618  120.00    0.00    0.00  120.00    22  bt-mz.B.24
03:32:55        30619  137.50    0.00    0.00  137.50     8  bt-mz.B.24
03:32:55        30620  115.50    0.00    0.00  115.50    10  bt-mz.B.24
03:32:55        30622  116.50    0.00    0.00  116.50    17  bt-mz.B.24

03:32:55          PID    %usr %system  %guest    %CPU   CPU  Command
03:32:57         3154    0.00    0.50    0.00    0.50    21  kondemand/21
03:32:57         3159    0.00    0.50    0.00    0.50    26  kondemand/26
03:32:57         4128    0.50    0.50    0.00    1.00     1  gmond
03:32:57        30596    0.50    1.00    0.00    1.50    11  top
03:32:57        30598    0.50    2.00    0.00    2.50     5  pidstat
03:32:57        30600    1.00    2.50    0.00    3.50     3  pidstat
03:32:57        30609  140.00    0.00    0.00  140.00    20  bt-mz.B.24
03:32:57        30610  116.00    0.00    0.00  116.00    10  bt-mz.B.24
03:32:57        30611  123.50    0.00    0.00  123.50    16  bt-mz.B.24
03:32:57        30612  113.00    0.00    0.00  113.00     3  bt-mz.B.24
03:32:57        30613  118.50    0.00    0.00  118.50    24  bt-mz.B.24
03:32:57        30614  112.50    0.00    0.00  112.50     8  bt-mz.B.24
03:32:57        30615  125.00    0.00    0.00  125.00    23  bt-mz.B.24
03:32:57        30616  119.50    0.50    0.00  120.00    25  bt-mz.B.24
03:32:57        30617  112.50    0.00    0.00  112.50    12  bt-mz.B.24
03:32:57        30618  128.50    0.00    0.00  128.50    17  bt-mz.B.24
03:32:57        30619  128.00    0.00    0.00  128.00    31  bt-mz.B.24
03:32:57        30620  121.00    0.50    0.00  121.50    14  bt-mz.B.24
03:32:57        30622  120.50    0.00    0.00  120.50     6  bt-mz.B.24

03:32:57          PID    %usr %system  %guest    %CPU   CPU  Command
03:32:59         3141    0.00    0.50    0.00    0.50     8  kondemand/8
03:32:59         3144    0.00    0.50    0.00    0.50    11  kondemand/11
03:32:59         3145    0.00    0.50    0.00    0.50    12  kondemand/12
03:32:59         3155    0.00    0.50    0.00    0.50    22  kondemand/22
03:32:59         3157    0.00    0.50    0.00    0.50    24  kondemand/24
03:32:59         3162    0.00    0.50    0.00    0.50    29  kondemand/29
03:32:59         3180    0.00    0.50    0.00    0.50     3  kipmi0
03:32:59        30596    1.00    0.50    0.00    1.50    11  top
03:32:59        30598    1.00    1.50    0.00    2.50    16  pidstat
03:32:59        30600    0.00    1.00    0.00    1.00     3  pidstat
03:32:59        30609  136.50    0.00    0.00  136.50     5  bt-mz.B.24
03:32:59        30610  118.00    0.00    0.00  118.00    10  bt-mz.B.24
03:32:59        30611  121.00    0.00    0.00  121.00    22  bt-mz.B.24
03:32:59        30612  126.00    0.00    0.00  126.00     3  bt-mz.B.24
03:32:59        30613  118.00    0.00    0.00  118.00    25  bt-mz.B.24
03:32:59        30614  120.00    0.00    0.00  120.00    24  bt-mz.B.24
03:32:59        30615  121.50    0.00    0.00  121.50     2  bt-mz.B.24
03:32:59        30616  118.50    0.00    0.00  118.50    27  bt-mz.B.24
03:32:59        30617  119.00    0.00    0.00  119.00    29  bt-mz.B.24
03:32:59        30618  116.50    0.00    0.00  116.50    23  bt-mz.B.24
03:32:59        30619  114.00    0.00    0.00  114.00    11  bt-mz.B.24
03:32:59        30620  117.50    0.00    0.00  117.50    30  bt-mz.B.24
03:32:59        30622  121.50    0.00    0.00  121.50     7  bt-mz.B.24

03:32:59          PID    %usr %system  %guest    %CPU   CPU  Command
03:33:01         3148    0.00    0.50    0.00    0.50    15  kondemand/15
03:33:01         4128    0.00    0.50    0.00    0.50     1  gmond
03:33:01        30596    0.50    0.50    0.00    1.00    11  top
03:33:01        30598    0.50    1.50    0.00    2.00    16  pidstat
03:33:01        30600    1.00    3.00    0.00    4.00    19  pidstat
03:33:01        30605    0.00    0.50    0.00    0.50    24  vmstat
03:33:01        30609  136.00    0.00    0.00  136.00     3  bt-mz.B.24
03:33:01        30610  118.00    0.00    0.00  118.00    27  bt-mz.B.24
03:33:01        30611  128.00    0.00    0.00  128.00     0  bt-mz.B.24
03:33:01        30612  128.00    0.00    0.00  128.00    22  bt-mz.B.24
03:33:01        30613  127.00    0.00    0.00  127.00    25  bt-mz.B.24
03:33:01        30614  120.50    0.00    0.00  120.50    12  bt-mz.B.24
03:33:01        30615  119.00    0.00    0.00  119.00     1  bt-mz.B.24
03:33:01        30616  119.50    0.00    0.00  119.50    30  bt-mz.B.24
03:33:01        30617  129.50    0.00    0.00  129.50     8  bt-mz.B.24
03:33:01        30618  116.50    0.00    0.00  116.50    16  bt-mz.B.24
03:33:01        30619  111.50    0.00    0.00  111.50    28  bt-mz.B.24
03:33:01        30620  125.00    0.00    0.00  125.00    13  bt-mz.B.24
03:33:01        30622  113.50    0.00    0.00  113.50     7  bt-mz.B.24

03:33:01          PID    %usr %system  %guest    %CPU   CPU  Command
03:33:03         3133    0.00    0.50    0.00    0.50     0  kondemand/0
03:33:03         3142    0.00    0.50    0.00    0.50     9  kondemand/9
03:33:03         4128    0.00    0.50    0.00    0.50     1  gmond
03:33:03        30596    0.50    1.00    0.00    1.50    27  top
03:33:03        30598    1.00    1.50    0.00    2.50    16  pidstat
03:33:03        30600    0.50    2.00    0.00    2.50    19  pidstat
03:33:03        30609  137.50    0.00    0.00  137.50     1  bt-mz.B.24
03:33:03        30610  131.00    0.00    0.00  131.00    11  bt-mz.B.24
03:33:03        30611  127.00    0.00    0.00  127.00     0  bt-mz.B.24
03:33:03        30612  118.00    0.00    0.00  118.00     0  bt-mz.B.24
03:33:03        30613  126.00    0.00    0.00  126.00    25  bt-mz.B.24
03:33:03        30614  115.00    0.00    0.00  115.00    26  bt-mz.B.24
03:33:03        30615  118.50    0.00    0.00  118.50    22  bt-mz.B.24
03:33:03        30616  123.50    0.00    0.00  123.50    30  bt-mz.B.24
03:33:03        30617  118.00    0.00    0.00  118.00     8  bt-mz.B.24
03:33:03        30618  118.00    0.00    0.00  118.00    18  bt-mz.B.24
03:33:03        30619  116.00    0.50    0.00  116.50    28  bt-mz.B.24
03:33:03        30620  115.00    0.00    0.00  115.00    29  bt-mz.B.24
03:33:03        30622  113.00    0.00    0.00  113.00    17  bt-mz.B.24

03:33:03          PID    %usr %system  %guest    %CPU   CPU  Command
03:33:05        30596    0.50    1.00    0.00    1.50    12  top
03:33:05        30598    0.50    1.50    0.00    2.00    16  pidstat
03:33:05        30600    0.00    0.50    0.00    0.50    19  pidstat
03:33:05        30609  124.00    0.00    0.00  124.00     1  bt-mz.B.24
03:33:05        30610  123.00    0.00    0.00  123.00    11  bt-mz.B.24
03:33:05        30611  126.00    0.00    0.00  126.00    22  bt-mz.B.24
03:33:05        30612  112.50    0.00    0.00  112.50     2  bt-mz.B.24
03:33:05        30613  128.50    0.00    0.00  128.50    25  bt-mz.B.24
03:33:05        30614  101.00    0.00    0.00  101.00    27  bt-mz.B.24
03:33:05        30615  119.50    0.00    0.00  119.50    17  bt-mz.B.24
03:33:05        30616  121.00    0.00    0.00  121.00    14  bt-mz.B.24
03:33:05        30617  124.50    0.00    0.00  124.50    24  bt-mz.B.24
03:33:05        30618  116.50    0.00    0.00  116.50     0  bt-mz.B.24
03:33:05        30619  113.00    0.00    0.00  113.00    12  bt-mz.B.24
03:33:05        30620  115.50    0.00    0.00  115.50    30  bt-mz.B.24
03:33:05        30622  113.50    0.00    0.00  113.50     2  bt-mz.B.24

03:33:05          PID    %usr %system  %guest    %CPU   CPU  Command
03:33:07         3021    0.00    0.50    0.00    0.50    27  flush-8:0
03:33:07         3134    0.00    0.50    0.00    0.50     1  kondemand/1
03:33:07         3152    0.00    0.50    0.00    0.50    19  kondemand/19
03:33:07         3160    0.00    0.50    0.00    0.50    27  kondemand/27
03:33:07        30596    0.50    0.50    0.00    1.00    12  top
03:33:07        30598    1.00    1.50    0.00    2.50    16  pidstat
03:33:07        30600    1.00    2.50    0.00    3.50     6  pidstat
03:33:07        30602    0.00    0.50    0.00    0.50     9  iostat
03:33:07        30609  124.50    0.00    0.00  124.50     4  bt-mz.B.24
03:33:07        30610  117.50    0.00    0.00  117.50    10  bt-mz.B.24
03:33:07        30611  118.50    0.00    0.00  118.50     1  bt-mz.B.24
03:33:07        30612  112.50    0.00    0.00  112.50     0  bt-mz.B.24
03:33:07        30613  114.00    0.00    0.00  114.00    30  bt-mz.B.24
03:33:07        30614  122.50    0.00    0.00  122.50    11  bt-mz.B.24
03:33:07        30615  117.00    0.00    0.00  117.00    17  bt-mz.B.24
03:33:07        30616  111.50    0.00    0.00  111.50    27  bt-mz.B.24
03:33:07        30617  116.50    0.00    0.00  116.50    14  bt-mz.B.24
03:33:07        30618  116.50    0.50    0.00  117.00     3  bt-mz.B.24
03:33:07        30619  122.50    0.00    0.00  122.50    12  bt-mz.B.24
03:33:07        30620  106.50    0.00    0.00  106.50     8  bt-mz.B.24
03:33:07        30622  120.50    0.00    0.00  120.50    19  bt-mz.B.24

03:33:07          PID    %usr %system  %guest    %CPU   CPU  Command
03:33:09         3135    0.00    0.50    0.00    0.50     2  kondemand/2
03:33:09         3136    0.00    0.50    0.00    0.50     3  kondemand/3
03:33:09         3140    0.00    0.50    0.00    0.50     7  kondemand/7
03:33:09         3163    0.00    0.50    0.00    0.50    30  kondemand/30
03:33:09         4128    0.00    0.50    0.00    0.50     1  gmond
03:33:09        30596    0.50    1.00    0.00    1.50    12  top
03:33:09        30598    1.00    1.50    0.00    2.50    16  pidstat
03:33:09        30600    1.00    2.00    0.00    3.00    22  pidstat
03:33:09        30609  135.00    0.00    0.00  135.00     5  bt-mz.B.24
03:33:09        30610  127.50    0.00    0.00  127.50     8  bt-mz.B.24
03:33:09        30611  126.50    0.00    0.00  126.50     3  bt-mz.B.24
03:33:09        30612  126.00    0.00    0.00  126.00     0  bt-mz.B.24
03:33:09        30613  123.50    0.00    0.00  123.50    28  bt-mz.B.24
03:33:09        30614  124.50    0.00    0.00  124.50    27  bt-mz.B.24
03:33:09        30615  121.00    0.00    0.00  121.00     4  bt-mz.B.24
03:33:09        30616  120.50    0.50    0.00  121.00    24  bt-mz.B.24
03:33:09        30617  111.50    0.00    0.00  111.50    14  bt-mz.B.24
03:33:09        30618  118.50    0.00    0.00  118.50    16  bt-mz.B.24
03:33:09        30619  122.50    0.50    0.00  123.00    10  bt-mz.B.24
03:33:09        30620  113.50    0.00    0.00  113.50    26  bt-mz.B.24
03:33:09        30622  126.50    0.00    0.00  126.50    20  bt-mz.B.24

03:33:09          PID    %usr %system  %guest    %CPU   CPU  Command
03:33:11          135    0.00    0.50    0.00    0.50     4  events/4
03:33:11         3146    0.00    0.50    0.00    0.50    13  kondemand/13
03:33:11         3153    0.00    0.50    0.00    0.50    20  kondemand/20
03:33:11         3164    0.00    0.50    0.00    0.50    31  kondemand/31
03:33:11         4128    0.50    0.50    0.00    1.00     1  gmond
03:33:11        30596    0.50    0.50    0.00    1.00    25  top
03:33:11        30598    0.50    1.50    0.00    2.00    16  pidstat
03:33:11        30600    0.50    2.00    0.00    2.50    22  pidstat
03:33:11        30609  140.50    0.00    0.00  140.50    19  bt-mz.B.24
03:33:11        30610  122.50    0.00    0.00  122.50    12  bt-mz.B.24
03:33:11        30611  120.50    0.00    0.00  120.50     3  bt-mz.B.24
03:33:11        30612  125.50    0.00    0.00  125.50     5  bt-mz.B.24
03:33:11        30613  132.50    0.00    0.00  132.50    13  bt-mz.B.24
03:33:11        30614  123.50    0.50    0.00  124.00    11  bt-mz.B.24
03:33:11        30615  116.50    0.00    0.00  116.50     6  bt-mz.B.24
03:33:11        30616  123.00    0.00    0.00  123.00    24  bt-mz.B.24
03:33:11        30617  122.00    0.50    0.00  122.50    30  bt-mz.B.24
03:33:11        30618  117.50    0.00    0.00  117.50    16  bt-mz.B.24
03:33:11        30619  116.00    0.00    0.00  116.00    10  bt-mz.B.24
03:33:11        30620  123.00    0.00    0.00  123.00    14  bt-mz.B.24
03:33:11        30622  116.00    0.00    0.00  116.00     0  bt-mz.B.24

03:33:11          PID    %usr %system  %guest    %CPU   CPU  Command
03:33:13         3158    0.00    0.50    0.00    0.50    25  kondemand/25
03:33:13         3180    0.00    0.50    0.00    0.50     5  kipmi0
03:33:13        30596    0.50    0.50    0.00    1.00    25  top
03:33:13        30598    0.50    1.50    0.00    2.00    16  pidstat
03:33:13        30600    1.00    1.50    0.00    2.50    22  pidstat
03:33:13        30609  133.00    0.00    0.00  133.00     3  bt-mz.B.24
03:33:13        30610  118.00    0.00    0.00  118.00    26  bt-mz.B.24
03:33:13        30611  117.00    0.00    0.00  117.00     4  bt-mz.B.24
03:33:13        30612  121.00    0.00    0.00  121.00    21  bt-mz.B.24
03:33:13        30613  113.00    0.00    0.00  113.00    11  bt-mz.B.24
03:33:13        30614  122.00    0.00    0.00  122.00    15  bt-mz.B.24
03:33:13        30615  116.50    0.00    0.00  116.50     5  bt-mz.B.24
03:33:13        30616  115.50    0.00    0.00  115.50    25  bt-mz.B.24
03:33:13        30617  105.50    0.00    0.00  105.50    29  bt-mz.B.24
03:33:13        30618  117.50    0.00    0.00  117.50    16  bt-mz.B.24
03:33:13        30619  113.50    0.00    0.00  113.50    24  bt-mz.B.24
03:33:13        30620  113.50    0.50    0.00  114.00    27  bt-mz.B.24
03:33:13        30622  103.00    0.00    0.00  103.00     1  bt-mz.B.24

03:33:13          PID    %usr %system  %guest    %CPU   CPU  Command
03:33:15         3143    0.00    0.50    0.00    0.50    10  kondemand/10
03:33:15         3150    0.00    0.50    0.00    0.50    17  kondemand/17
03:33:15         3151    0.00    0.50    0.00    0.50    18  kondemand/18
03:33:15         3161    0.00    0.50    0.00    0.50    28  kondemand/28
03:33:15         4128    0.00    0.50    0.00    0.50     1  gmond
03:33:15        30596    1.00    1.00    0.00    2.00    25  top
03:33:15        30598    1.00    1.50    0.00    2.50    16  pidstat
03:33:15        30600    0.50    1.50    0.00    2.00    22  pidstat
03:33:15        30609  131.00    0.00    0.00  131.00     0  bt-mz.B.24
03:33:15        30610  120.00    0.00    0.00  120.00    15  bt-mz.B.24
03:33:15        30611  122.00    0.00    0.00  122.00     1  bt-mz.B.24
03:33:15        30612  128.50    0.00    0.00  128.50     6  bt-mz.B.24
03:33:15        30613  126.50    0.00    0.00  126.50    28  bt-mz.B.24
03:33:15        30614  119.50    0.00    0.00  119.50    25  bt-mz.B.24
03:33:15        30615  119.00    0.00    0.00  119.00    20  bt-mz.B.24
03:33:15        30616  123.50    0.00    0.00  123.50     9  bt-mz.B.24
03:33:15        30617  122.50    0.00    0.00  122.50    29  bt-mz.B.24
03:33:15        30618  109.50    0.00    0.00  109.50     0  bt-mz.B.24
03:33:15        30619  117.00    0.00    0.00  117.00     8  bt-mz.B.24
03:33:15        30620  122.50    0.00    0.00  122.50    12  bt-mz.B.24
03:33:15        30622  109.50    0.00    0.00  109.50    22  bt-mz.B.24

03:33:15          PID    %usr %system  %guest    %CPU   CPU  Command
03:33:17         3138    0.00    0.50    0.00    0.50     5  kondemand/5
03:33:17        30596    0.50    0.50    0.00    1.00    25  top
03:33:17        30598    1.00    2.00    0.00    3.00    16  pidstat
03:33:17        30600    1.00    1.50    0.00    2.50    22  pidstat
03:33:17        30609  123.50    0.00    0.00  123.50     0  bt-mz.B.24
03:33:17        30610  126.50    0.00    0.00  126.50    15  bt-mz.B.24
03:33:17        30611  127.50    0.00    0.00  127.50     3  bt-mz.B.24
03:33:17        30612  118.50    0.00    0.00  118.50     1  bt-mz.B.24
03:33:17        30613  126.00    0.00    0.00  126.00    14  bt-mz.B.24
03:33:17        30614  110.50    0.00    0.00  110.50    10  bt-mz.B.24
03:33:17        30615  129.50    0.00    0.00  129.50     4  bt-mz.B.24
03:33:17        30616  119.00    0.00    0.00  119.00    26  bt-mz.B.24
03:33:17        30617  108.50    0.00    0.00  108.50    26  bt-mz.B.24
03:33:17        30618  110.00    0.00    0.00  110.00    16  bt-mz.B.24
03:33:17        30619  115.50    0.00    0.00  115.50     8  bt-mz.B.24
03:33:17        30620  107.00    0.00    0.00  107.00    31  bt-mz.B.24
03:33:17        30622  117.50    0.00    0.00  117.50    21  bt-mz.B.24

03:33:17          PID    %usr %system  %guest    %CPU   CPU  Command
03:33:19         3139    0.00    0.50    0.00    0.50     6  kondemand/6
03:33:19         3147    0.00    0.50    0.00    0.50    14  kondemand/14
03:33:19        30596    0.50    0.50    0.00    1.00    25  top
03:33:19        30598    0.50    1.50    0.00    2.00    16  pidstat
03:33:19        30600    0.00    1.00    0.00    1.00     6  pidstat
03:33:19        30609  129.00    0.00    0.00  129.00     0  bt-mz.B.24
03:33:19        30610  127.50    0.00    0.00  127.50    15  bt-mz.B.24
03:33:19        30611  125.00    0.00    0.00  125.00    17  bt-mz.B.24
03:33:19        30612  113.00    0.00    0.00  113.00    23  bt-mz.B.24
03:33:19        30613  114.00    0.00    0.00  114.00    10  bt-mz.B.24
03:33:19        30614  102.50    0.00    0.00  102.50    31  bt-mz.B.24
03:33:19        30615  110.00    0.00    0.00  110.00     6  bt-mz.B.24
03:33:19        30616  108.50    0.00    0.00  108.50    30  bt-mz.B.24
03:33:19        30617  114.00    0.00    0.00  114.00    14  bt-mz.B.24
03:33:19        30618  114.00    0.00    0.00  114.00    20  bt-mz.B.24
03:33:19        30619  120.50    0.00    0.00  120.50    24  bt-mz.B.24
03:33:19        30620  105.50    0.00    0.00  105.50    28  bt-mz.B.24
03:33:19        30622  109.50    0.00    0.00  109.50     5  bt-mz.B.24

03:33:19          PID    %usr %system  %guest    %CPU   CPU  Command
03:33:21         3149    0.00    0.50    0.00    0.50    16  kondemand/16
03:33:21         4128    0.00    0.50    0.00    0.50     1  gmond
03:33:21        30596    1.00    1.00    0.00    2.00    25  top
03:33:21        30598    0.50    2.00    0.00    2.50    16  pidstat
03:33:21        30600    0.50    2.50    0.00    3.00     6  pidstat
03:33:21        30609  144.50    0.00    0.00  144.50     0  bt-mz.B.24
03:33:21        30610  126.50    0.00    0.00  126.50    25  bt-mz.B.24
03:33:21        30611  121.00    0.00    0.00  121.00    22  bt-mz.B.24
03:33:21        30612  117.50    0.00    0.00  117.50     5  bt-mz.B.24
03:33:21        30613  122.00    0.00    0.00  122.00     8  bt-mz.B.24
03:33:21        30614  123.00    0.00    0.00  123.00    31  bt-mz.B.24
03:33:21        30615  119.00    0.00    0.00  119.00     0  bt-mz.B.24
03:33:21        30616  119.00    0.00    0.00  119.00    13  bt-mz.B.24
03:33:21        30617  117.50    0.50    0.00  118.00    14  bt-mz.B.24
03:33:21        30618  117.50    0.00    0.00  117.50    19  bt-mz.B.24
03:33:21        30619  120.50    0.00    0.00  120.50     9  bt-mz.B.24
03:33:21        30620  119.50    0.00    0.00  119.50    11  bt-mz.B.24
03:33:21        30622  125.50    0.00    0.00  125.50     2  bt-mz.B.24

03:33:21          PID    %usr %system  %guest    %CPU   CPU  Command
03:33:23         3137    0.00    0.50    0.00    0.50     4  kondemand/4
03:33:23         3156    0.00    0.50    0.00    0.50    23  kondemand/23
03:33:23         3180    0.00    0.50    0.00    0.50    21  kipmi0
03:33:23         3684    0.50    0.00    0.00    0.50    22  snmpd
03:33:23         4128    0.00    0.50    0.00    0.50     1  gmond
03:33:23        30598    0.50    2.00    0.00    2.50     0  pidstat
03:33:23        30600    1.00    1.50    0.00    2.50     6  pidstat
03:33:23        30609  126.00    0.00    0.00  126.00     3  bt-mz.B.24
03:33:23        30610  118.00    0.00    0.00  118.00     9  bt-mz.B.24
03:33:23        30611  126.00    0.00    0.00  126.00    22  bt-mz.B.24
03:33:23        30612  120.00    0.00    0.00  120.00     2  bt-mz.B.24
03:33:23        30613  120.50    0.00    0.00  120.50     8  bt-mz.B.24
03:33:23        30614  113.50    0.00    0.00  113.50    27  bt-mz.B.24
03:33:23        30615  109.50    0.50    0.00  110.00     3  bt-mz.B.24
03:33:23        30616  121.00    0.00    0.00  121.00    25  bt-mz.B.24
03:33:23        30617  109.00    0.00    0.00  109.00    30  bt-mz.B.24
03:33:23        30618  117.50    0.00    0.00  117.50    16  bt-mz.B.24
03:33:23        30619  121.00    0.00    0.00  121.00    13  bt-mz.B.24
03:33:23        30620  116.00    0.00    0.00  116.00    10  bt-mz.B.24
03:33:23        30622  122.00    0.00    0.00  122.00    23  bt-mz.B.24

03:33:23          PID    %usr %system  %guest    %CPU   CPU  Command
03:33:25         4128    0.50    0.00    0.00    0.50     1  gmond
03:33:25        30596    0.50    0.50    0.00    1.00    25  top
03:33:25        30598    0.50    1.00    0.00    1.50     0  pidstat
03:33:25        30600    0.50    2.00    0.00    2.50     1  pidstat
03:33:25        30602    0.00    0.50    0.00    0.50    25  iostat
03:33:25        30609  130.00    0.00    0.00  130.00    20  bt-mz.B.24
03:33:25        30610  119.00    0.50    0.00  119.50    25  bt-mz.B.24
03:33:25        30611  123.50    0.00    0.00  123.50     4  bt-mz.B.24
03:33:25        30612  116.50    0.00    0.00  116.50    23  bt-mz.B.24
03:33:25        30613  122.00    0.00    0.00  122.00     8  bt-mz.B.24
03:33:25        30614  122.50    0.00    0.00  122.50    11  bt-mz.B.24
03:33:25        30615  123.00    0.00    0.00  123.00    18  bt-mz.B.24
03:33:25        30616  129.50    0.00    0.00  129.50     9  bt-mz.B.24
03:33:25        30617  118.50    0.00    0.00  118.50    15  bt-mz.B.24
03:33:25        30618  120.50    0.00    0.00  120.50    16  bt-mz.B.24
03:33:25        30619  116.50    0.00    0.00  116.50    28  bt-mz.B.24
03:33:25        30620  121.00    0.00    0.00  121.00    26  bt-mz.B.24
03:33:25        30622  120.50    0.50    0.00  121.00     5  bt-mz.B.24
