procs -----------memory---------- ---swap-- -----io---- --system-- -----cpu-----
 r  b   swpd   free   buff  cache   si   so    bi    bo   in   cs us sy id wa st
 9  0  13768 64918624  39292 160728    0    0     0     1    0    0 65  1 34  0  0	
48  0  13768 64572012  39292 187192    0    0     0     0 17994 27366  5  3 92  0  0	
48  0  13768 64571844  39300 187680    0    0     0    30 42383 11795 86  0 14  0  0	
25  0  13768 64575652  39312 187768    0    0     0    92 42523 11797 86  0 14  0  0	
43  0  13768 64578212  39312 187860    0    0     0     0 42590 11801 86  0 14  0  0	
48  0  13768 64579772  39320 187948    0    0     0     6 42488 11769 86  0 14  0  0	
48  0  13768 64581940  39320 188040    0    0     0     0 42417 11813 86  0 14  0  0	
48  0  13768 64582860  39320 188128    0    0     0     0 42453 11760 86  0 14  0  0	
