Linux 2.6.32-279.14.1.el6.x86_64 (compute-641-14.local) 	04/21/20 	_x86_64_	(32 CPU)

03:43:05          PID    %usr %system  %guest    %CPU   CPU  Command
03:43:07           81    0.00    0.49    0.00    0.49    19  ksoftirqd/19
03:43:07          151    0.00    0.49    0.00    0.49    20  events/20
03:43:07         3164    0.00    0.49    0.00    0.49    31  kondemand/31
03:43:07         3180    0.00    0.49    0.00    0.49     0  kipmi0
03:43:07        31967    2.96    1.97    0.00    4.93    21  mpirun
03:43:07        31973    0.49    0.49    0.00    0.99    20  top
03:43:07        31975    0.99    1.48    0.00    2.46    24  pidstat
03:43:07        31977    0.99    1.48    0.00    2.46    27  pidstat
03:43:07        31986  105.42    5.42    0.00  110.84    12  bt-mz.B.24
03:43:07        31987   86.70    4.93    0.00   91.63     1  bt-mz.B.24
03:43:07        31988  106.90    4.93    0.00  111.82    25  bt-mz.B.24
03:43:07        31989   83.25    3.94    0.00   87.19     6  bt-mz.B.24
03:43:07        31990   91.13    4.93    0.00   96.06    23  bt-mz.B.24
03:43:07        31991   88.18    4.93    0.00   93.10     2  bt-mz.B.24
03:43:07        31992   86.70    5.42    0.00   92.12    16  bt-mz.B.24
03:43:07        31993   85.22    5.42    0.00   90.64    21  bt-mz.B.24
03:43:07        31994   82.27    4.93    0.00   87.19     3  bt-mz.B.24
03:43:07        31995   91.63    4.93    0.00   96.55    18  bt-mz.B.24
03:43:07        31996   77.83    2.46    0.00   80.30     7  bt-mz.B.24
03:43:07        31998   85.71    5.42    0.00   91.13    19  bt-mz.B.24
03:43:07        31999  102.46    4.93    0.00  107.39     8  bt-mz.B.24

03:43:07          PID    %usr %system  %guest    %CPU   CPU  Command
03:43:09         3133    0.00    0.50    0.00    0.50     0  kondemand/0
03:43:09         3136    0.00    0.50    0.00    0.50     3  kondemand/3
03:43:09         4128    0.00    0.50    0.00    0.50    17  gmond
03:43:09        31973    0.50    0.50    0.00    1.00     4  top
03:43:09        31975    0.50    1.50    0.00    2.00    27  pidstat
03:43:09        31977    0.50    2.00    0.00    2.50    27  pidstat
03:43:09        31986  140.50    0.00    0.00  140.50    11  bt-mz.B.24
03:43:09        31987  114.00    0.00    0.00  114.00     5  bt-mz.B.24
03:43:09        31988  127.50    0.00    0.00  127.50    12  bt-mz.B.24
03:43:09        31989  111.00    0.00    0.00  111.00     6  bt-mz.B.24
03:43:09        31990  113.00    0.00    0.00  113.00    18  bt-mz.B.24
03:43:09        31991  116.50    0.00    0.00  116.50    22  bt-mz.B.24
03:43:09        31992  113.00    0.00    0.00  113.00    16  bt-mz.B.24
03:43:09        31993  116.00    0.00    0.00  116.00    29  bt-mz.B.24
03:43:09        31994  120.00    0.00    0.00  120.00     3  bt-mz.B.24
03:43:09        31995  118.50    0.00    0.00  118.50     4  bt-mz.B.24
03:43:09        31996  109.50    0.00    0.00  109.50     7  bt-mz.B.24
03:43:09        31998  107.00    0.00    0.00  107.00    20  bt-mz.B.24
03:43:09        31999  127.50    0.00    0.00  127.50    24  bt-mz.B.24

03:43:09          PID    %usr %system  %guest    %CPU   CPU  Command
03:43:11          161    0.00    0.50    0.00    0.50    30  events/30
03:43:11         1063    0.00    0.50    0.00    0.50     9  jbd2/sda1-8
03:43:11         3137    0.00    0.50    0.00    0.50     4  kondemand/4
03:43:11         3180    0.00    0.50    0.00    0.50     0  kipmi0
03:43:11         3852    0.50    0.50    0.00    1.00    24  pbs_mom
03:43:11        31973    1.00    0.50    0.00    1.50     4  top
03:43:11        31975    0.50    2.00    0.00    2.50    15  pidstat
03:43:11        31977    0.50    1.00    0.00    1.50    27  pidstat
03:43:11        31986  130.00    0.00    0.00  130.00    26  bt-mz.B.24
03:43:11        31987  125.00    0.00    0.00  125.00    21  bt-mz.B.24
03:43:11        31988  129.00    0.00    0.00  129.00    14  bt-mz.B.24
03:43:11        31989  122.00    0.00    0.00  122.00    17  bt-mz.B.24
03:43:11        31990  119.00    0.00    0.00  119.00    19  bt-mz.B.24
03:43:11        31991  108.00    0.00    0.00  108.00     7  bt-mz.B.24
03:43:11        31992  113.00    0.00    0.00  113.00     0  bt-mz.B.24
03:43:11        31993  120.00    0.00    0.00  120.00    10  bt-mz.B.24
03:43:11        31994  111.00    0.00    0.00  111.00     3  bt-mz.B.24
03:43:11        31995  117.50    0.00    0.00  117.50    18  bt-mz.B.24
03:43:11        31996  124.00    0.00    0.00  124.00    22  bt-mz.B.24
03:43:11        31998  113.50    0.00    0.00  113.50    23  bt-mz.B.24
03:43:11        31999  121.50    0.00    0.00  121.50    31  bt-mz.B.24

03:43:11          PID    %usr %system  %guest    %CPU   CPU  Command
03:43:13         3135    0.00    0.50    0.00    0.50     2  kondemand/2
03:43:13         3138    0.00    0.50    0.00    0.50     5  kondemand/5
03:43:13         3159    0.00    0.50    0.00    0.50    26  kondemand/26
03:43:13         4128    0.50    0.50    0.00    1.00    17  gmond
03:43:13        31973    0.50    0.50    0.00    1.00    20  top
03:43:13        31975    1.00    1.00    0.00    2.00    15  pidstat
03:43:13        31977    0.00    2.00    0.00    2.00    27  pidstat
03:43:13        31986  127.50    0.00    0.00  127.50    11  bt-mz.B.24
03:43:13        31987  120.50    0.50    0.00  121.00    20  bt-mz.B.24
03:43:13        31988  112.50    0.00    0.00  112.50    30  bt-mz.B.24
03:43:13        31989  123.00    0.00    0.00  123.00    17  bt-mz.B.24
03:43:13        31990  105.00    0.00    0.00  105.00     4  bt-mz.B.24
03:43:13        31991  111.50    0.00    0.00  111.50    16  bt-mz.B.24
03:43:13        31992  117.00    0.00    0.00  117.00    16  bt-mz.B.24
03:43:13        31993  126.50    0.00    0.00  126.50    10  bt-mz.B.24
03:43:13        31994  117.50    0.00    0.00  117.50     7  bt-mz.B.24
03:43:13        31995  127.00    0.00    0.00  127.00    18  bt-mz.B.24
03:43:13        31996  127.50    0.00    0.00  127.50    22  bt-mz.B.24
03:43:13        31998  114.50    0.00    0.00  114.50     3  bt-mz.B.24
03:43:13        31999  121.00    0.00    0.00  121.00    27  bt-mz.B.24

03:43:13          PID    %usr %system  %guest    %CPU   CPU  Command
03:43:15          142    0.00    0.50    0.00    0.50    11  events/11
03:43:15         3147    0.00    0.50    0.00    0.50    14  kondemand/14
03:43:15         3151    0.00    0.50    0.00    0.50    18  kondemand/18
03:43:15        31973    0.50    1.00    0.00    1.50     4  top
03:43:15        31975    0.50    2.00    0.00    2.50    15  pidstat
03:43:15        31977    1.00    3.00    0.00    4.00    27  pidstat
03:43:15        31986  140.50    0.00    0.00  140.50    29  bt-mz.B.24
03:43:15        31987  130.00    0.00    0.00  130.00     5  bt-mz.B.24
03:43:15        31988  127.50    0.00    0.00  127.50    28  bt-mz.B.24
03:43:15        31989  117.50    0.00    0.00  117.50    19  bt-mz.B.24
03:43:15        31990  114.00    0.00    0.00  114.00    21  bt-mz.B.24
03:43:15        31991  119.00    0.00    0.00  119.00    23  bt-mz.B.24
03:43:15        31992  121.00    0.00    0.00  121.00    20  bt-mz.B.24
03:43:15        31993  138.00    0.00    0.00  138.00     9  bt-mz.B.24
03:43:15        31994  123.50    0.00    0.00  123.50    16  bt-mz.B.24
03:43:15        31995  131.50    0.00    0.00  131.50     2  bt-mz.B.24
03:43:15        31996  122.00    0.00    0.00  122.00     6  bt-mz.B.24
03:43:15        31998  123.50    0.00    0.00  123.50     5  bt-mz.B.24
03:43:15        31999  118.00    0.00    0.00  118.00    11  bt-mz.B.24

03:43:15          PID    %usr %system  %guest    %CPU   CPU  Command
03:43:17         3140    0.00    0.50    0.00    0.50     7  kondemand/7
03:43:17         4128    0.00    0.50    0.00    0.50    17  gmond
03:43:17        31973    0.50    0.50    0.00    1.00     4  top
03:43:17        31975    0.50    1.50    0.00    2.00    15  pidstat
03:43:17        31977    0.50    1.50    0.00    2.00    27  pidstat
03:43:17        31986  128.50    0.00    0.00  128.50    29  bt-mz.B.24
03:43:17        31987  119.50    0.00    0.00  119.50     3  bt-mz.B.24
03:43:17        31988  110.00    0.00    0.00  110.00    28  bt-mz.B.24
03:43:17        31989  114.00    0.00    0.00  114.00     6  bt-mz.B.24
03:43:17        31990  114.00    0.00    0.00  114.00    18  bt-mz.B.24
03:43:17        31991  116.00    0.00    0.00  116.00    19  bt-mz.B.24
03:43:17        31992  112.50    0.00    0.00  112.50    20  bt-mz.B.24
03:43:17        31993  114.50    0.00    0.00  114.50    24  bt-mz.B.24
03:43:17        31994  105.00    0.00    0.00  105.00     5  bt-mz.B.24
03:43:17        31995  117.50    0.00    0.00  117.50     0  bt-mz.B.24
03:43:17        31996  115.00    0.00    0.00  115.00    22  bt-mz.B.24
03:43:17        31998  110.50    0.00    0.00  110.50     2  bt-mz.B.24
03:43:17        31999  118.50    0.00    0.00  118.50    11  bt-mz.B.24

03:43:17          PID    %usr %system  %guest    %CPU   CPU  Command
03:43:19         3145    0.00    0.50    0.00    0.50    12  kondemand/12
03:43:19         3149    0.00    0.50    0.00    0.50    16  kondemand/16
03:43:19        31973    1.00    0.50    0.00    1.50     4  top
03:43:19        31975    1.00    2.00    0.00    3.00    15  pidstat
03:43:19        31977    0.50    1.50    0.00    2.00    27  pidstat
03:43:19        31986  100.00    0.00    0.00  100.00    28  bt-mz.B.24
03:43:19        31987  120.50    0.00    0.00  120.50    19  bt-mz.B.24
03:43:19        31988  130.00    0.00    0.00  130.00    28  bt-mz.B.24
03:43:19        31989  117.00    0.00    0.00  117.00    17  bt-mz.B.24
03:43:19        31990  122.50    0.00    0.00  122.50     1  bt-mz.B.24
03:43:19        31991  113.00    0.00    0.00  113.00     7  bt-mz.B.24
03:43:19        31992  113.00    0.00    0.00  113.00     4  bt-mz.B.24
03:43:19        31993  113.00    0.50    0.00  113.50     8  bt-mz.B.24
03:43:19        31994  123.50    0.00    0.00  123.50     2  bt-mz.B.24
03:43:19        31995  116.50    0.00    0.00  116.50    21  bt-mz.B.24
03:43:19        31996  123.50    0.00    0.00  123.50    22  bt-mz.B.24
03:43:19        31998  117.50    0.00    0.00  117.50    21  bt-mz.B.24
03:43:19        31999  121.00    0.00    0.00  121.00    11  bt-mz.B.24

03:43:19          PID    %usr %system  %guest    %CPU   CPU  Command
03:43:21          141    0.00    0.50    0.00    0.50    10  events/10
03:43:21         3139    0.00    0.50    0.00    0.50     6  kondemand/6
03:43:21         4128    0.00    0.50    0.00    0.50    17  gmond
03:43:21        31973    0.50    1.00    0.00    1.50     4  top
03:43:21        31975    0.50    1.50    0.00    2.00    15  pidstat
03:43:21        31977    1.00    2.00    0.00    3.00    27  pidstat
03:43:21        31986  136.00    0.00    0.00  136.00    10  bt-mz.B.24
03:43:21        31987  118.50    0.00    0.00  118.50     3  bt-mz.B.24
03:43:21        31988  123.50    0.00    0.00  123.50    26  bt-mz.B.24
03:43:21        31989  131.00    0.00    0.00  131.00     1  bt-mz.B.24
03:43:21        31990  117.50    0.00    0.00  117.50    21  bt-mz.B.24
03:43:21        31991  126.00    0.00    0.00  126.00    19  bt-mz.B.24
03:43:21        31992  116.50    0.00    0.00  116.50    16  bt-mz.B.24
03:43:21        31993  113.00    0.00    0.00  113.00    25  bt-mz.B.24
03:43:21        31994  125.50    0.00    0.00  125.50    23  bt-mz.B.24
03:43:21        31995  111.50    0.00    0.00  111.50    16  bt-mz.B.24
03:43:21        31996  118.50    0.00    0.00  118.50     2  bt-mz.B.24
03:43:21        31998  120.50    0.00    0.00  120.50    17  bt-mz.B.24
03:43:21        31999  117.00    0.00    0.00  117.00    29  bt-mz.B.24

03:43:21          PID    %usr %system  %guest    %CPU   CPU  Command
03:43:23         3154    0.00    0.50    0.00    0.50    21  kondemand/21
03:43:23         3156    0.00    0.50    0.00    0.50    23  kondemand/23
03:43:23         3158    0.00    0.50    0.00    0.50    25  kondemand/25
03:43:23         3180    0.00    1.00    0.00    1.00     0  kipmi0
03:43:23         3195    0.50    0.50    0.00    1.00    28  irqbalance
03:43:23        31973    0.50    0.50    0.00    1.00     4  top
03:43:23        31975    1.00    2.00    0.00    3.00    31  pidstat
03:43:23        31977    0.50    1.50    0.00    2.00    27  pidstat
03:43:23        31979    0.00    0.50    0.00    0.50    23  iostat
03:43:23        31986  132.00    0.00    0.00  132.00    12  bt-mz.B.24
03:43:23        31987  125.00    0.00    0.00  125.00    17  bt-mz.B.24
03:43:23        31988  116.50    0.00    0.00  116.50    10  bt-mz.B.24
03:43:23        31989  111.50    0.50    0.00  112.00    22  bt-mz.B.24
03:43:23        31990  122.00    0.00    0.00  122.00    18  bt-mz.B.24
03:43:23        31991  111.00    0.00    0.00  111.00     1  bt-mz.B.24
03:43:23        31992  124.00    0.00    0.00  124.00    16  bt-mz.B.24
03:43:23        31993  115.50    0.00    0.00  115.50    11  bt-mz.B.24
03:43:23        31994  117.50    0.00    0.00  117.50     7  bt-mz.B.24
03:43:23        31995  128.00    0.00    0.00  128.00     5  bt-mz.B.24
03:43:23        31996  112.50    0.00    0.00  112.50     6  bt-mz.B.24
03:43:23        31998  114.50    0.00    0.00  114.50    23  bt-mz.B.24
03:43:23        31999  115.50    0.00    0.00  115.50    14  bt-mz.B.24

03:43:23          PID    %usr %system  %guest    %CPU   CPU  Command
03:43:25         3142    0.00    0.50    0.00    0.50     9  kondemand/9
03:43:25         3155    0.00    0.50    0.00    0.50    22  kondemand/22
03:43:25         3161    0.00    0.50    0.00    0.50    28  kondemand/28
03:43:25         3684    0.00    0.50    0.00    0.50    22  snmpd
03:43:25         4128    0.00    0.50    0.00    0.50    17  gmond
03:43:25        31973    0.50    0.50    0.00    1.00     6  top
03:43:25        31975    0.50    1.50    0.00    2.00    31  pidstat
03:43:25        31977    0.50    2.00    0.00    2.50    27  pidstat
03:43:25        31986  124.00    0.00    0.00  124.00    26  bt-mz.B.24
03:43:25        31987  134.50    0.00    0.00  134.50     1  bt-mz.B.24
03:43:25        31988  132.50    0.00    0.00  132.50    15  bt-mz.B.24
03:43:25        31989  116.50    0.00    0.00  116.50    18  bt-mz.B.24
03:43:25        31990  111.50    0.00    0.00  111.50    19  bt-mz.B.24
03:43:25        31991  118.00    0.00    0.00  118.00    20  bt-mz.B.24
03:43:25        31992  114.50    0.00    0.00  114.50     5  bt-mz.B.24
03:43:25        31993  111.00    0.00    0.00  111.00    10  bt-mz.B.24
03:43:25        31994  114.00    0.00    0.00  114.00    22  bt-mz.B.24
03:43:25        31995  116.50    0.00    0.00  116.50    21  bt-mz.B.24
03:43:25        31996  132.00    0.00    0.00  132.00     6  bt-mz.B.24
03:43:25        31998  119.00    0.00    0.00  119.00    23  bt-mz.B.24
03:43:25        31999  117.00    0.00    0.00  117.00    13  bt-mz.B.24

03:43:25          PID    %usr %system  %guest    %CPU   CPU  Command
03:43:28         3148    0.00    0.50    0.00    0.50    15  kondemand/15
03:43:28         3152    0.00    0.50    0.00    0.50    19  kondemand/19
03:43:28         3157    0.00    0.50    0.00    0.50    24  kondemand/24
03:43:28        31973    1.00    0.50    0.00    1.50     6  top
03:43:28        31975    1.00    1.50    0.00    2.50    31  pidstat
03:43:28        31977    0.50    1.50    0.00    2.00    11  pidstat
03:43:28        31986  129.50    0.00    0.00  129.50    12  bt-mz.B.24
03:43:28        31987  125.00    0.00    0.00  125.00     4  bt-mz.B.24
03:43:28        31988  118.50    0.00    0.00  118.50    27  bt-mz.B.24
03:43:28        31989  116.50    0.00    0.00  116.50     0  bt-mz.B.24
03:43:28        31990  114.50    0.00    0.00  114.50    21  bt-mz.B.24
03:43:28        31991  121.50    0.00    0.00  121.50     3  bt-mz.B.24
03:43:28        31992  119.50    0.00    0.00  119.50     5  bt-mz.B.24
03:43:28        31993  116.50    0.00    0.00  116.50     8  bt-mz.B.24
03:43:28        31994  117.00    0.50    0.00  117.50    20  bt-mz.B.24
03:43:28        31995  120.50    0.00    0.00  120.50     1  bt-mz.B.24
03:43:28        31996  123.00    0.00    0.00  123.00    18  bt-mz.B.24
03:43:28        31998  126.00    0.00    0.00  126.00    17  bt-mz.B.24
03:43:28        31999  123.50    0.00    0.00  123.50    13  bt-mz.B.24

03:43:28          PID    %usr %system  %guest    %CPU   CPU  Command
03:43:30         3143    0.00    0.50    0.00    0.50    10  kondemand/10
03:43:30         3150    0.00    0.50    0.00    0.50    17  kondemand/17
03:43:30         3153    0.00    0.50    0.00    0.50    20  kondemand/20
03:43:30         3160    0.00    0.50    0.00    0.50    27  kondemand/27
03:43:30         4128    0.50    0.50    0.00    1.00    17  gmond
03:43:30        31973    0.50    1.00    0.00    1.50     6  top
03:43:30        31975    1.00    1.50    0.00    2.50    31  pidstat
03:43:30        31977    1.00    2.50    0.00    3.50    11  pidstat
03:43:30        31986  146.50    0.00    0.00  146.50    28  bt-mz.B.24
03:43:30        31987  127.00    0.00    0.00  127.00    16  bt-mz.B.24
03:43:30        31988  132.00    0.00    0.00  132.00    11  bt-mz.B.24
03:43:30        31989  128.00    0.00    0.00  128.00     4  bt-mz.B.24
03:43:30        31990  120.50    0.00    0.00  120.50    17  bt-mz.B.24
03:43:30        31991  120.50    0.00    0.00  120.50    20  bt-mz.B.24
03:43:30        31992  123.50    0.00    0.00  123.50    23  bt-mz.B.24
03:43:30        31993  109.00    0.00    0.00  109.00    29  bt-mz.B.24
03:43:30        31994  112.00    0.00    0.00  112.00     6  bt-mz.B.24
03:43:30        31995  123.00    0.00    0.00  123.00    19  bt-mz.B.24
03:43:30        31996  117.50    0.00    0.00  117.50     0  bt-mz.B.24
03:43:30        31998  120.00    0.00    0.00  120.00    18  bt-mz.B.24
03:43:30        31999  117.50    0.00    0.00  117.50    13  bt-mz.B.24

03:43:30          PID    %usr %system  %guest    %CPU   CPU  Command
03:43:32         3141    0.00    0.50    0.00    0.50     8  kondemand/8
03:43:32         3144    0.00    0.50    0.00    0.50    11  kondemand/11
03:43:32         3163    0.00    0.50    0.00    0.50    30  kondemand/30
03:43:32        31967    0.50    0.00    0.00    0.50     3  mpirun
03:43:32        31973    0.00    0.50    0.00    0.50     6  top
03:43:32        31975    1.00    1.50    0.00    2.50    31  pidstat
03:43:32        31977    1.00    1.50    0.00    2.50    27  pidstat
03:43:32        31986  140.50    0.00    0.00  140.50    25  bt-mz.B.24
03:43:32        31987  128.00    0.00    0.00  128.00    23  bt-mz.B.24
03:43:32        31988  127.00    0.00    0.00  127.00    12  bt-mz.B.24
03:43:32        31989  112.00    0.00    0.00  112.00     7  bt-mz.B.24
03:43:32        31990  135.50    0.00    0.00  135.50     1  bt-mz.B.24
03:43:32        31991  119.50    0.00    0.00  119.50     5  bt-mz.B.24
03:43:32        31992  120.50    0.50    0.00  121.00     4  bt-mz.B.24
03:43:32        31993  112.50    0.00    0.00  112.50    30  bt-mz.B.24
03:43:32        31994  113.50    0.00    0.00  113.50    19  bt-mz.B.24
03:43:32        31995  122.00    0.50    0.00  122.50    20  bt-mz.B.24
03:43:32        31996  117.50    0.00    0.00  117.50    16  bt-mz.B.24
03:43:32        31998  123.50    0.00    0.00  123.50     2  bt-mz.B.24
03:43:32        31999  119.50    0.00    0.00  119.50    27  bt-mz.B.24

03:43:32          PID    %usr %system  %guest    %CPU   CPU  Command
03:43:34         3133    0.00    0.50    0.00    0.50     0  kondemand/0
03:43:34         3134    0.00    0.50    0.00    0.50     1  kondemand/1
03:43:34         4128    0.00    0.50    0.00    0.50    17  gmond
03:43:34        31973    0.50    0.50    0.00    1.00     6  top
03:43:34        31975    0.50    1.50    0.00    2.00    31  pidstat
03:43:34        31977    0.50    2.00    0.00    2.50    27  pidstat
03:43:34        31986  130.50    0.00    0.00  130.50     8  bt-mz.B.24
03:43:34        31987  129.00    0.00    0.00  129.00     2  bt-mz.B.24
03:43:34        31988  117.00    0.00    0.00  117.00    11  bt-mz.B.24
03:43:34        31989  122.00    0.00    0.00  122.00    20  bt-mz.B.24
03:43:34        31990  127.00    0.00    0.00  127.00     1  bt-mz.B.24
03:43:34        31991  117.00    0.50    0.00  117.50    22  bt-mz.B.24
03:43:34        31992  109.50    0.00    0.00  109.50    21  bt-mz.B.24
03:43:34        31993  122.00    0.00    0.00  122.00    30  bt-mz.B.24
03:43:34        31994  125.50    0.00    0.00  125.50    19  bt-mz.B.24
03:43:34        31995  125.50    0.00    0.00  125.50    20  bt-mz.B.24
03:43:34        31996  121.00    0.00    0.00  121.00    16  bt-mz.B.24
03:43:34        31998  113.50    0.00    0.00  113.50    18  bt-mz.B.24
03:43:34        31999  123.50    0.50    0.00  124.00     9  bt-mz.B.24

03:43:34          PID    %usr %system  %guest    %CPU   CPU  Command
03:43:36         3162    0.00    0.50    0.00    0.50    29  kondemand/29
03:43:36         3180    0.00    0.50    0.00    0.50    16  kipmi0
03:43:36         4128    0.00    0.50    0.00    0.50    17  gmond
03:43:36        31973    0.50    1.00    0.00    1.50     6  top
03:43:36        31975    1.00    1.50    0.00    2.50    31  pidstat
03:43:36        31977    0.50    1.50    0.00    2.00    27  pidstat
03:43:36        31986  127.50    0.00    0.00  127.50    25  bt-mz.B.24
03:43:36        31987  119.00    0.00    0.00  119.00     0  bt-mz.B.24
03:43:36        31988  117.00    0.50    0.00  117.50    11  bt-mz.B.24
03:43:36        31989  118.50    0.00    0.00  118.50    20  bt-mz.B.24
03:43:36        31990  121.50    0.50    0.00  122.00     7  bt-mz.B.24
03:43:36        31991  119.00    0.00    0.00  119.00     6  bt-mz.B.24
03:43:36        31992  119.00    0.00    0.00  119.00     3  bt-mz.B.24
03:43:36        31993  116.00    0.00    0.00  116.00    31  bt-mz.B.24
03:43:36        31994  115.50    0.00    0.00  115.50     4  bt-mz.B.24
03:43:36        31995  121.00    0.00    0.00  121.00    23  bt-mz.B.24
03:43:36        31996  118.00    0.00    0.00  118.00    17  bt-mz.B.24
03:43:36        31998  118.50    0.00    0.00  118.50    19  bt-mz.B.24
03:43:36        31999  114.00    0.00    0.00  114.00    11  bt-mz.B.24

03:43:36          PID    %usr %system  %guest    %CPU   CPU  Command
03:43:38         3021    0.00    1.00    0.00    1.00    16  flush-8:0
03:43:38         3146    0.00    0.50    0.00    0.50    13  kondemand/13
03:43:38         3180    0.00    0.50    0.00    0.50    16  kipmi0
03:43:38        31973    1.00    0.50    0.00    1.50     6  top
03:43:38        31975    0.50    1.50    0.00    2.00    31  pidstat
03:43:38        31977    0.50    2.00    0.00    2.50    27  pidstat
03:43:38        31986  139.50    0.00    0.00  139.50    31  bt-mz.B.24
03:43:38        31987  127.00    0.00    0.00  127.00     3  bt-mz.B.24
03:43:38        31988  122.50    0.00    0.00  122.50     9  bt-mz.B.24
03:43:38        31989  120.50    0.00    0.00  120.50    19  bt-mz.B.24
03:43:38        31990  121.00    0.00    0.00  121.00    23  bt-mz.B.24
03:43:38        31991  123.00    0.00    0.00  123.00    18  bt-mz.B.24
03:43:38        31992  115.50    0.00    0.00  115.50    20  bt-mz.B.24
03:43:38        31993  115.00    0.00    0.00  115.00    27  bt-mz.B.24
03:43:38        31994  117.00    0.00    0.00  117.00    22  bt-mz.B.24
03:43:38        31995  129.50    0.00    0.00  129.50     1  bt-mz.B.24
03:43:38        31996  118.00    0.00    0.00  118.00     7  bt-mz.B.24
03:43:38        31998  111.50    0.50    0.00  112.00     4  bt-mz.B.24
03:43:38        31999  103.00    0.00    0.00  103.00    11  bt-mz.B.24

03:43:38          PID    %usr %system  %guest    %CPU   CPU  Command
03:43:40         3136    0.00    0.50    0.00    0.50     3  kondemand/3
03:43:40         3164    0.00    0.50    0.00    0.50    31  kondemand/31
03:43:40         3180    0.00    0.50    0.00    0.50    17  kipmi0
03:43:40         3852    0.00    0.50    0.00    0.50    27  pbs_mom
03:43:40         4128    0.50    0.00    0.00    0.50    17  gmond
03:43:40        31973    0.50    0.50    0.00    1.00     6  top
03:43:40        31975    0.50    2.00    0.00    2.50    31  pidstat
03:43:40        31977    1.00    2.00    0.00    3.00    27  pidstat
03:43:40        31986  139.00    0.00    0.00  139.00     8  bt-mz.B.24
03:43:40        31987  117.50    0.00    0.00  117.50     2  bt-mz.B.24
03:43:40        31988  124.50    0.00    0.00  124.50    25  bt-mz.B.24
03:43:40        31989  120.00    0.00    0.00  120.00    21  bt-mz.B.24
03:43:40        31990  122.50    0.00    0.00  122.50     7  bt-mz.B.24
03:43:40        31991  114.00    0.00    0.00  114.00     1  bt-mz.B.24
03:43:40        31992  116.50    0.00    0.00  116.50     5  bt-mz.B.24
03:43:40        31993  118.50    0.50    0.00  119.00    15  bt-mz.B.24
03:43:40        31994  117.50    0.00    0.00  117.50    18  bt-mz.B.24
03:43:40        31995  116.50    0.00    0.00  116.50    17  bt-mz.B.24
03:43:40        31996  117.50    0.00    0.00  117.50    23  bt-mz.B.24
03:43:40        31998  118.50    0.00    0.00  118.50    19  bt-mz.B.24
03:43:40        31999  116.50    0.00    0.00  116.50    29  bt-mz.B.24

03:43:40          PID    %usr %system  %guest    %CPU   CPU  Command
03:43:42         3137    0.00    0.50    0.00    0.50     4  kondemand/4
03:43:42         3180    0.00    0.50    0.00    0.50    17  kipmi0
03:43:42         4128    0.00    0.50    0.00    0.50    17  gmond
03:43:42        31973    1.00    0.50    0.00    1.50     6  top
03:43:42        31975    0.50    2.00    0.00    2.50    31  pidstat
03:43:42        31977    1.00    1.50    0.00    2.50    27  pidstat
03:43:42        31986  130.00    0.00    0.00  130.00    13  bt-mz.B.24
03:43:42        31987  114.00    0.00    0.00  114.00     7  bt-mz.B.24
03:43:42        31988  130.50    0.00    0.00  130.50    10  bt-mz.B.24
03:43:42        31989  122.50    0.00    0.00  122.50    18  bt-mz.B.24
03:43:42        31990  132.00    0.00    0.00  132.00    23  bt-mz.B.24
03:43:42        31991  128.50    0.00    0.00  128.50     1  bt-mz.B.24
03:43:42        31992  111.50    0.00    0.00  111.50    20  bt-mz.B.24
03:43:42        31993  118.00    0.00    0.00  118.00    25  bt-mz.B.24
03:43:42        31994  121.00    0.00    0.00  121.00     2  bt-mz.B.24
03:43:42        31995  123.50    0.00    0.00  123.50    21  bt-mz.B.24
03:43:42        31996  124.50    0.00    0.00  124.50     3  bt-mz.B.24
03:43:42        31998  123.50    0.00    0.00  123.50    22  bt-mz.B.24
03:43:42        31999  117.50    0.00    0.00  117.50    30  bt-mz.B.24

03:43:42          PID    %usr %system  %guest    %CPU   CPU  Command
03:43:44          154    0.00    0.50    0.00    0.50    23  events/23
03:43:44         3138    0.00    0.50    0.00    0.50     5  kondemand/5
03:43:44         3180    0.00    0.50    0.00    0.50     1  kipmi0
03:43:44         3195    0.00    0.50    0.00    0.50    28  irqbalance
03:43:44        31973    0.50    0.50    0.00    1.00     6  top
03:43:44        31975    0.50    2.00    0.00    2.50    15  pidstat
03:43:44        31977    0.50    2.00    0.00    2.50    27  pidstat
03:43:44        31986  128.50    0.00    0.00  128.50    31  bt-mz.B.24
03:43:44        31987  118.50    0.00    0.00  118.50     1  bt-mz.B.24
03:43:44        31988  115.50    0.00    0.00  115.50    26  bt-mz.B.24
03:43:44        31989  120.00    0.00    0.00  120.00    22  bt-mz.B.24
03:43:44        31990  123.00    0.00    0.00  123.00     7  bt-mz.B.24
03:43:44        31991  124.00    0.00    0.00  124.00    17  bt-mz.B.24
03:43:44        31992  124.50    0.00    0.00  124.50     2  bt-mz.B.24
03:43:44        31993  107.50    0.00    0.00  107.50    29  bt-mz.B.24
03:43:44        31994  115.50    0.00    0.00  115.50    20  bt-mz.B.24
03:43:44        31995  113.00    0.00    0.00  113.00     4  bt-mz.B.24
03:43:44        31996  119.50    0.00    0.00  119.50     3  bt-mz.B.24
03:43:44        31998  121.00    0.00    0.00  121.00    21  bt-mz.B.24
03:43:44        31999  112.00    0.00    0.00  112.00    13  bt-mz.B.24

03:43:44          PID    %usr %system  %guest    %CPU   CPU  Command
03:43:46         3135    0.00    0.50    0.00    0.50     2  kondemand/2
03:43:46         3159    0.00    0.50    0.00    0.50    26  kondemand/26
03:43:46         4128    0.00    0.50    0.00    0.50    17  gmond
03:43:46        31973    1.00    0.50    0.00    1.50     6  top
03:43:46        31975    0.50    1.50    0.00    2.00    15  pidstat
03:43:46        31977    0.50    1.00    0.00    1.50    27  pidstat
03:43:46        31986  126.50    0.00    0.00  126.50    10  bt-mz.B.24
03:43:46        31987  123.50    0.00    0.00  123.50     3  bt-mz.B.24
03:43:46        31988  124.50    0.00    0.00  124.50    13  bt-mz.B.24
03:43:46        31989  124.50    0.00    0.00  124.50    22  bt-mz.B.24
03:43:46        31990  106.50    0.00    0.00  106.50    23  bt-mz.B.24
03:43:46        31991  121.00    0.00    0.00  121.00    17  bt-mz.B.24
03:43:46        31992  117.50    0.00    0.00  117.50    18  bt-mz.B.24
03:43:46        31993  117.50    0.00    0.00  117.50    29  bt-mz.B.24
03:43:46        31994  116.00    0.00    0.00  116.00     5  bt-mz.B.24
03:43:46        31995  117.00    0.00    0.00  117.00     0  bt-mz.B.24
03:43:46        31996  124.50    0.00    0.00  124.50     7  bt-mz.B.24
03:43:46        31998  123.00    0.00    0.00  123.00    16  bt-mz.B.24
03:43:46        31999  115.50    0.00    0.00  115.50    26  bt-mz.B.24

03:43:46          PID    %usr %system  %guest    %CPU   CPU  Command
03:43:48         3140    0.00    0.50    0.00    0.50     7  kondemand/7
03:43:48         3147    0.00    0.50    0.00    0.50    14  kondemand/14
03:43:48         3180    0.00    0.50    0.00    0.50    17  kipmi0
03:43:48         4128    0.00    0.50    0.00    0.50    17  gmond
03:43:48        31973    0.50    1.00    0.00    1.50     6  top
03:43:48        31975    0.50    2.00    0.00    2.50    15  pidstat
03:43:48        31977    1.00    2.00    0.00    3.00    27  pidstat
03:43:48        31986  126.50    0.00    0.00  126.50    25  bt-mz.B.24
03:43:48        31987  132.50    0.00    0.00  132.50     1  bt-mz.B.24
03:43:48        31988  129.50    0.00    0.00  129.50    29  bt-mz.B.24
03:43:48        31989  120.00    0.00    0.00  120.00     6  bt-mz.B.24
03:43:48        31990  114.50    0.00    0.00  114.50     4  bt-mz.B.24
03:43:48        31991  119.50    0.00    0.00  119.50    20  bt-mz.B.24
03:43:48        31992  118.50    0.00    0.00  118.50     2  bt-mz.B.24
03:43:48        31993  115.00    0.00    0.00  115.00    13  bt-mz.B.24
03:43:48        31994  119.50    0.50    0.00  120.00     3  bt-mz.B.24
03:43:48        31995  128.50    0.00    0.00  128.50     0  bt-mz.B.24
03:43:48        31996  116.50    0.00    0.00  116.50     7  bt-mz.B.24
03:43:48        31998  123.50    0.00    0.00  123.50    19  bt-mz.B.24
03:43:48        31999  133.00    0.00    0.00  133.00    26  bt-mz.B.24

03:43:48          PID    %usr %system  %guest    %CPU   CPU  Command
03:43:50         3145    0.00    0.50    0.00    0.50    12  kondemand/12
03:43:50         3149    0.00    0.50    0.00    0.50    16  kondemand/16
03:43:50         3151    0.00    0.50    0.00    0.50    18  kondemand/18
03:43:50         3180    0.00    0.50    0.00    0.50     1  kipmi0
03:43:50        31973    0.50    0.50    0.00    1.00     6  top
03:43:50        31975    0.50    2.00    0.00    2.50    31  pidstat
03:43:50        31977    0.50    1.50    0.00    2.00    27  pidstat
03:43:50        31986  126.50    0.00    0.00  126.50    24  bt-mz.B.24
03:43:50        31987  124.50    0.00    0.00  124.50     4  bt-mz.B.24
03:43:50        31988  116.50    0.00    0.00  116.50    26  bt-mz.B.24
03:43:50        31989  116.50    0.00    0.00  116.50    23  bt-mz.B.24
03:43:50        31990  114.00    0.00    0.00  114.00     6  bt-mz.B.24
03:43:50        31991  117.00    0.00    0.00  117.00     0  bt-mz.B.24
03:43:50        31992  115.00    0.00    0.00  115.00    20  bt-mz.B.24
03:43:50        31993  102.00    0.00    0.00  102.00     9  bt-mz.B.24
03:43:50        31994  116.50    0.00    0.00  116.50    19  bt-mz.B.24
03:43:50        31995  118.50    0.00    0.00  118.50     7  bt-mz.B.24
03:43:50        31996  116.50    0.00    0.00  116.50    17  bt-mz.B.24
03:43:50        31998  112.50    0.00    0.00  112.50    16  bt-mz.B.24
03:43:50        31999  112.50    0.00    0.00  112.50    13  bt-mz.B.24

03:43:50          PID    %usr %system  %guest    %CPU   CPU  Command
03:43:52         3139    0.00    0.50    0.00    0.50     6  kondemand/6
03:43:52         3180    0.00    0.50    0.00    0.50     1  kipmi0
03:43:52        31973    0.50    0.50    0.00    1.00     6  top
03:43:52        31975    0.50    1.50    0.00    2.00    31  pidstat
03:43:52        31977    0.50    2.50    0.00    3.00    27  pidstat
03:43:52        31979    0.50    0.00    0.00    0.50    23  iostat
03:43:52        31986  139.50    0.00    0.00  139.50    25  bt-mz.B.24
03:43:52        31987  129.00    0.00    0.00  129.00     2  bt-mz.B.24
03:43:52        31988  131.50    0.00    0.00  131.50    30  bt-mz.B.24
03:43:52        31989  117.50    0.00    0.00  117.50    19  bt-mz.B.24
03:43:52        31990  120.50    0.00    0.00  120.50    22  bt-mz.B.24
03:43:52        31991  123.50    0.00    0.00  123.50     6  bt-mz.B.24
03:43:52        31992  113.50    0.00    0.00  113.50    22  bt-mz.B.24
03:43:52        31993  112.50    0.00    0.00  112.50    11  bt-mz.B.24
03:43:52        31994  125.00    0.00    0.00  125.00     4  bt-mz.B.24
03:43:52        31995  120.00    0.00    0.00  120.00    21  bt-mz.B.24
03:43:52        31996  127.00    0.00    0.00  127.00    17  bt-mz.B.24
03:43:52        31998  130.00    0.00    0.00  130.00     3  bt-mz.B.24
03:43:52        31999  120.50    0.00    0.00  120.50    15  bt-mz.B.24

03:43:52          PID    %usr %system  %guest    %CPU   CPU  Command
03:43:54         3180    0.00    0.50    0.00    0.50     1  kipmi0
03:43:54         4128    0.00    0.50    0.00    0.50     1  gmond
03:43:54        31973    0.50    0.50    0.00    1.00     6  top
03:43:54        31975    1.00    2.00    0.00    3.00    31  pidstat
03:43:54        31977    1.00    1.50    0.00    2.50    11  pidstat
03:43:54        31986  133.50    0.50    0.00  134.00    11  bt-mz.B.24
03:43:54        31987  124.50    0.00    0.00  124.50     0  bt-mz.B.24
03:43:54        31988  115.00    0.00    0.00  115.00    28  bt-mz.B.24
03:43:54        31989  126.00    0.00    0.00  126.00     6  bt-mz.B.24
03:43:54        31990  122.50    0.00    0.00  122.50    23  bt-mz.B.24
03:43:54        31991  123.50    0.00    0.00  123.50    18  bt-mz.B.24
03:43:54        31992  114.00    0.00    0.00  114.00    21  bt-mz.B.24
03:43:54        31993  128.50    0.50    0.00  129.00    15  bt-mz.B.24
03:43:54        31994  116.50    0.00    0.00  116.50     7  bt-mz.B.24
03:43:54        31995  124.50    0.00    0.00  124.50    17  bt-mz.B.24
03:43:54        31996  125.50    0.00    0.00  125.50    16  bt-mz.B.24
03:43:54        31998  124.50    0.00    0.00  124.50     3  bt-mz.B.24
03:43:54        31999  118.50    0.00    0.00  118.50    30  bt-mz.B.24

03:43:54          PID    %usr %system  %guest    %CPU   CPU  Command
03:43:56         3142    0.00    0.50    0.00    0.50     9  kondemand/9
03:43:56         3148    0.00    0.50    0.00    0.50    15  kondemand/15
03:43:56         3158    0.00    0.50    0.00    0.50    25  kondemand/25
03:43:56         4128    0.50    0.50    0.00    1.00     1  gmond
03:43:56        31973    0.50    1.00    0.00    1.50     6  top
03:43:56        31975    0.50    1.50    0.00    2.00    31  pidstat
03:43:56        31977    0.50    1.50    0.00    2.00    11  pidstat
03:43:56        31986  127.50    0.00    0.00  127.50    14  bt-mz.B.24
03:43:56        31987  121.00    0.00    0.00  121.00     5  bt-mz.B.24
03:43:56        31988  127.50    0.00    0.00  127.50    28  bt-mz.B.24
03:43:56        31989  118.50    0.00    0.00  118.50     3  bt-mz.B.24
03:43:56        31990  121.00    0.00    0.00  121.00     7  bt-mz.B.24
03:43:56        31991  117.50    0.00    0.00  117.50    22  bt-mz.B.24
03:43:56        31992  115.50    0.00    0.00  115.50    19  bt-mz.B.24
03:43:56        31993  114.00    0.00    0.00  114.00    27  bt-mz.B.24
03:43:56        31994  116.50    0.00    0.00  116.50    21  bt-mz.B.24
03:43:56        31995  132.00    0.00    0.00  132.00     1  bt-mz.B.24
03:43:56        31996  112.50    0.50    0.00  113.00    23  bt-mz.B.24
03:43:56        31998  119.50    0.50    0.00  120.00    18  bt-mz.B.24
03:43:56        31999  118.50    0.00    0.00  118.50    14  bt-mz.B.24

03:43:56          PID    %usr %system  %guest    %CPU   CPU  Command
03:43:58         3133    0.00    0.50    0.00    0.50     0  kondemand/0
03:43:58         3143    0.00    0.50    0.00    0.50    10  kondemand/10
03:43:58         3154    0.00    0.50    0.00    0.50    21  kondemand/21
03:43:58         3156    0.00    0.50    0.00    0.50    23  kondemand/23
03:43:58         3161    0.00    0.50    0.00    0.50    28  kondemand/28
03:43:58         3852    0.50    0.50    0.00    1.00    23  pbs_mom
03:43:58        31973    1.00    0.50    0.00    1.50     6  top
03:43:58        31975    1.00    1.50    0.00    2.50    27  pidstat
03:43:58        31977    1.00    2.00    0.00    3.00    27  pidstat
03:43:58        31986  131.50    0.00    0.00  131.50    30  bt-mz.B.24
03:43:58        31987  120.50    0.00    0.00  120.50     7  bt-mz.B.24
03:43:58        31988  126.00    0.00    0.00  126.00    28  bt-mz.B.24
03:43:58        31989  132.00    0.00    0.00  132.00    19  bt-mz.B.24
03:43:58        31990  122.00    0.00    0.00  122.00     5  bt-mz.B.24
03:43:58        31991  126.00    0.00    0.00  126.00     2  bt-mz.B.24
03:43:58        31992  116.50    0.00    0.00  116.50    17  bt-mz.B.24
03:43:58        31993  116.00    0.00    0.00  116.00    26  bt-mz.B.24
03:43:58        31994  119.50    0.00    0.00  119.50    21  bt-mz.B.24
03:43:58        31995  124.00    0.00    0.00  124.00    16  bt-mz.B.24
03:43:58        31996  113.50    0.00    0.00  113.50     6  bt-mz.B.24
03:43:58        31998  113.50    0.00    0.00  113.50     1  bt-mz.B.24
03:43:58        31999  125.50    0.50    0.00  126.00    11  bt-mz.B.24

03:43:58          PID    %usr %system  %guest    %CPU   CPU  Command
03:44:00          133    0.00    0.50    0.00    0.50     2  events/2
03:44:00         3141    0.00    0.50    0.00    0.50     8  kondemand/8
03:44:00         3155    0.00    0.50    0.00    0.50    22  kondemand/22
03:44:00         3157    0.00    0.50    0.00    0.50    24  kondemand/24
03:44:00         3180    0.00    0.50    0.00    0.50    17  kipmi0
03:44:00         4128    0.00    0.50    0.00    0.50     1  gmond
03:44:00        31973    0.50    1.00    0.00    1.50    18  top
03:44:00        31975    0.50    2.00    0.00    2.50    27  pidstat
03:44:00        31977    0.50    1.50    0.00    2.00    11  pidstat
03:44:00        31986  130.50    0.00    0.00  130.50    30  bt-mz.B.24
03:44:00        31987  115.50    0.00    0.00  115.50    16  bt-mz.B.24
03:44:00        31988  122.00    0.00    0.00  122.00    29  bt-mz.B.24
03:44:00        31989  125.50    0.00    0.00  125.50     4  bt-mz.B.24
03:44:00        31990  121.00    0.00    0.00  121.00     0  bt-mz.B.24
03:44:00        31991  125.00    0.00    0.00  125.00    21  bt-mz.B.24
03:44:00        31992  117.50    0.00    0.00  117.50     7  bt-mz.B.24
03:44:00        31993  112.00    0.00    0.00  112.00    11  bt-mz.B.24
03:44:00        31994  114.50    0.00    0.00  114.50    18  bt-mz.B.24
03:44:00        31995  125.50    0.00    0.00  125.50     3  bt-mz.B.24
03:44:00        31996  125.50    0.00    0.00  125.50     6  bt-mz.B.24
03:44:00        31998  124.50    0.00    0.00  124.50     2  bt-mz.B.24
03:44:00        31999  119.00    0.00    0.00  119.00    24  bt-mz.B.24

03:44:00          PID    %usr %system  %guest    %CPU   CPU  Command
03:44:02         3144    0.00    0.50    0.00    0.50    11  kondemand/11
03:44:02         3150    0.00    0.50    0.00    0.50    17  kondemand/17
03:44:02         3152    0.00    0.50    0.00    0.50    19  kondemand/19
03:44:02         3160    0.00    0.50    0.00    0.50    27  kondemand/27
03:44:02         3180    0.00    0.50    0.00    0.50     1  kipmi0
03:44:02         3808    0.50    0.00    0.00    0.50    12  crond
03:44:02        31973    0.50    0.50    0.00    1.00    18  top
03:44:02        31975    0.50    2.00    0.00    2.50    11  pidstat
03:44:02        31977    1.00    2.00    0.00    3.00    11  pidstat
03:44:02        31982    0.00    0.50    0.00    0.50    25  vmstat
03:44:02        31986  139.50    0.00    0.00  139.50    12  bt-mz.B.24
03:44:02        31987  126.50    0.00    0.00  126.50    20  bt-mz.B.24
03:44:02        31988  119.50    0.00    0.00  119.50    28  bt-mz.B.24
03:44:02        31989  131.00    0.00    0.00  131.00    16  bt-mz.B.24
03:44:02        31990  116.50    0.00    0.00  116.50     0  bt-mz.B.24
03:44:02        31991  127.50    0.00    0.00  127.50     3  bt-mz.B.24
03:44:02        31992  123.00    0.00    0.00  123.00     6  bt-mz.B.24
03:44:02        31993  123.50    0.00    0.00  123.50    27  bt-mz.B.24
03:44:02        31994  119.50    0.00    0.00  119.50    19  bt-mz.B.24
03:44:02        31995  127.50    0.00    0.00  127.50    18  bt-mz.B.24
03:44:02        31996  126.00    0.00    0.00  126.00    21  bt-mz.B.24
03:44:02        31998  131.50    0.00    0.00  131.50    17  bt-mz.B.24
03:44:02        31999  121.50    0.00    0.00  121.50    29  bt-mz.B.24

03:44:02          PID    %usr %system  %guest    %CPU   CPU  Command
03:44:04         3134    0.00    0.50    0.00    0.50     1  kondemand/1
03:44:04         3153    0.00    0.50    0.00    0.50    20  kondemand/20
03:44:04         4128    0.00    0.50    0.00    0.50     1  gmond
03:44:04        31973    0.50    1.00    0.00    1.50     2  top
03:44:04        31975    0.50    1.50    0.00    2.00    27  pidstat
03:44:04        31977    0.50    1.00    0.00    1.50    11  pidstat
03:44:04        31986  126.50    0.00    0.00  126.50     8  bt-mz.B.24
03:44:04        31987  124.50    0.00    0.00  124.50     1  bt-mz.B.24
03:44:04        31988  122.50    0.50    0.00  123.00    13  bt-mz.B.24
03:44:04        31989  118.00    0.00    0.00  118.00    19  bt-mz.B.24
03:44:04        31990  120.00    0.00    0.00  120.00    17  bt-mz.B.24
03:44:04        31991  119.50    0.00    0.00  119.50     4  bt-mz.B.24
03:44:04        31992  115.00    0.00    0.00  115.00     7  bt-mz.B.24
03:44:04        31993  124.00    0.00    0.00  124.00    27  bt-mz.B.24
03:44:04        31994  113.50    0.00    0.00  113.50    18  bt-mz.B.24
03:44:04        31995  121.00    0.00    0.00  121.00     5  bt-mz.B.24
03:44:04        31996  115.00    0.00    0.00  115.00     0  bt-mz.B.24
03:44:04        31998  123.50    0.00    0.00  123.50     3  bt-mz.B.24
03:44:04        31999  127.50    0.00    0.00  127.50    26  bt-mz.B.24

03:44:04          PID    %usr %system  %guest    %CPU   CPU  Command
03:44:06         3146    0.00    0.50    0.00    0.50    13  kondemand/13
03:44:06         3163    0.00    0.50    0.00    0.50    30  kondemand/30
03:44:06         3180    0.00    0.50    0.00    0.50     1  kipmi0
03:44:06        31973    0.50    0.50    0.00    1.00     2  top
03:44:06        31975    1.00    2.00    0.00    3.00    27  pidstat
03:44:06        31977    1.00    2.50    0.00    3.50     8  pidstat
03:44:06        31986  133.50    0.00    0.00  133.50    25  bt-mz.B.24
03:44:06        31987  115.50    0.00    0.00  115.50    20  bt-mz.B.24
03:44:06        31988  129.50    0.00    0.00  129.50    10  bt-mz.B.24
03:44:06        31989  112.50    0.00    0.00  112.50     2  bt-mz.B.24
03:44:06        31990  122.00    0.00    0.00  122.00     4  bt-mz.B.24
03:44:06        31991  113.50    0.00    0.00  113.50    23  bt-mz.B.24
03:44:06        31992  121.50    0.00    0.00  121.50     7  bt-mz.B.24
03:44:06        31993  118.00    0.00    0.00  118.00    27  bt-mz.B.24
03:44:06        31994  126.50    0.00    0.00  126.50     5  bt-mz.B.24
03:44:06        31995  115.00    0.00    0.00  115.00    19  bt-mz.B.24
03:44:06        31996  124.50    0.00    0.00  124.50    18  bt-mz.B.24
03:44:06        31998  110.50    0.00    0.00  110.50     2  bt-mz.B.24
03:44:06        31999  126.00    0.00    0.00  126.00    14  bt-mz.B.24

03:44:06          PID    %usr %system  %guest    %CPU   CPU  Command
03:44:08         4128    0.50    0.50    0.00    1.00     1  gmond
03:44:08        31973    1.00    0.50    0.00    1.50     2  top
03:44:08        31975    1.00    1.50    0.00    2.50    27  pidstat
03:44:08        31977    0.50    1.50    0.00    2.00     8  pidstat
03:44:08        31986  130.50    0.00    0.00  130.50    25  bt-mz.B.24
03:44:08        31987  123.50    0.50    0.00  124.00     0  bt-mz.B.24
03:44:08        31988  121.00    0.00    0.00  121.00    10  bt-mz.B.24
03:44:08        31989  115.00    0.00    0.00  115.00    20  bt-mz.B.24
03:44:08        31990  107.00    0.00    0.00  107.00    21  bt-mz.B.24
03:44:08        31991  119.50    0.00    0.00  119.50    16  bt-mz.B.24
03:44:08        31992  121.00    0.00    0.00  121.00     2  bt-mz.B.24
03:44:08        31993  112.00    0.00    0.00  112.00    24  bt-mz.B.24
03:44:08        31994  114.00    0.00    0.00  114.00     5  bt-mz.B.24
03:44:08        31995  127.00    0.00    0.00  127.00    19  bt-mz.B.24
03:44:08        31996  121.00    0.00    0.00  121.00     3  bt-mz.B.24
03:44:08        31998  110.00    0.00    0.00  110.00     7  bt-mz.B.24
03:44:08        31999  115.00    0.00    0.00  115.00     9  bt-mz.B.24

03:44:08          PID    %usr %system  %guest    %CPU   CPU  Command
03:44:10         3136    0.00    0.50    0.00    0.50     3  kondemand/3
03:44:10         3162    0.00    0.50    0.00    0.50    29  kondemand/29
03:44:10         3684    0.00    0.50    0.00    0.50    22  snmpd
03:44:10        31973    0.50    0.50    0.00    1.00     2  top
03:44:10        31975    0.50    1.50    0.00    2.00    27  pidstat
03:44:10        31977    1.00    2.00    0.00    3.00    24  pidstat
03:44:10        31978    0.00    0.50    0.00    0.50     6  mpstat
03:44:10        31979    0.00    0.50    0.00    0.50    23  iostat
03:44:10        31986  135.00    0.00    0.00  135.00    27  bt-mz.B.24
03:44:10        31987  125.50    0.00    0.00  125.50    20  bt-mz.B.24
03:44:10        31988  128.50    0.00    0.00  128.50     8  bt-mz.B.24
03:44:10        31989  119.50    0.00    0.00  119.50     7  bt-mz.B.24
03:44:10        31990  114.50    0.00    0.00  114.50     6  bt-mz.B.24
03:44:10        31991  123.00    0.50    0.00  123.50    16  bt-mz.B.24
03:44:10        31992  123.50    0.00    0.00  123.50    18  bt-mz.B.24
03:44:10        31993  121.00    0.00    0.00  121.00    26  bt-mz.B.24
03:44:10        31994  123.00    0.00    0.00  123.00    17  bt-mz.B.24
03:44:10        31995  128.50    0.00    0.00  128.50     3  bt-mz.B.24
03:44:10        31996  115.50    0.00    0.00  115.50     5  bt-mz.B.24
03:44:10        31998  123.00    0.00    0.00  123.00     0  bt-mz.B.24
03:44:10        31999  108.50    0.00    0.00  108.50    25  bt-mz.B.24

03:44:10          PID    %usr %system  %guest    %CPU   CPU  Command
03:44:12         3137    0.00    0.50    0.00    0.50     4  kondemand/4
03:44:12         3164    0.00    0.50    0.00    0.50    31  kondemand/31
03:44:12         4128    0.00    0.50    0.00    0.50     1  gmond
03:44:12        31973    0.50    0.50    0.00    1.00     0  top
03:44:12        31975    1.00    1.50    0.00    2.50    31  pidstat
03:44:12        31977    0.50    2.00    0.00    2.50     8  pidstat
03:44:12        31986  136.00    0.00    0.00  136.00    26  bt-mz.B.24
03:44:12        31987  133.50    0.00    0.00  133.50    20  bt-mz.B.24
03:44:12        31988  122.00    0.00    0.00  122.00    11  bt-mz.B.24
03:44:12        31989  107.50    0.50    0.00  108.00    23  bt-mz.B.24
03:44:12        31990  114.50    0.00    0.00  114.50    18  bt-mz.B.24
03:44:12        31991  121.00    0.00    0.00  121.00     3  bt-mz.B.24
03:44:12        31992  107.50    0.00    0.00  107.50     2  bt-mz.B.24
03:44:12        31993  109.50    0.00    0.00  109.50    15  bt-mz.B.24
03:44:12        31994  115.00    0.00    0.00  115.00     1  bt-mz.B.24
03:44:12        31995  127.00    0.00    0.00  127.00    19  bt-mz.B.24
03:44:12        31996  121.50    0.00    0.00  121.50    22  bt-mz.B.24
03:44:12        31998  111.50    0.00    0.00  111.50     5  bt-mz.B.24
03:44:12        31999  124.50    0.00    0.00  124.50    15  bt-mz.B.24

03:44:12          PID    %usr %system  %guest    %CPU   CPU  Command
03:44:14           37    0.00    0.50    0.00    0.50     8  ksoftirqd/8
03:44:14         3138    0.00    0.50    0.00    0.50     5  kondemand/5
03:44:14        31973    1.00    1.00    0.00    2.00     0  top
03:44:14        31975    0.50    2.00    0.00    2.50     8  pidstat
03:44:14        31977    0.50    1.50    0.00    2.00    24  pidstat
03:44:14        31986  130.50    0.00    0.00  130.50    27  bt-mz.B.24
03:44:14        31987  125.50    0.00    0.00  125.50     5  bt-mz.B.24
03:44:14        31988  120.50    0.00    0.00  120.50    12  bt-mz.B.24
03:44:14        31989  124.00    0.00    0.00  124.00     7  bt-mz.B.24
03:44:14        31990  126.50    0.00    0.00  126.50     3  bt-mz.B.24
03:44:14        31991  119.00    0.00    0.00  119.00     0  bt-mz.B.24
03:44:14        31992  127.00    0.00    0.00  127.00     6  bt-mz.B.24
03:44:14        31993  121.00    0.00    0.00  121.00    24  bt-mz.B.24
03:44:14        31994  124.00    0.00    0.00  124.00    17  bt-mz.B.24
03:44:14        31995  115.50    0.00    0.00  115.50    21  bt-mz.B.24
03:44:14        31996  116.50    0.00    0.00  116.50    16  bt-mz.B.24
03:44:14        31998  118.50    0.50    0.00  119.00     4  bt-mz.B.24
03:44:14        31999  118.00    0.00    0.00  118.00    10  bt-mz.B.24

03:44:14          PID    %usr %system  %guest    %CPU   CPU  Command
03:44:16         3135    0.00    0.50    0.00    0.50     2  kondemand/2
03:44:16         3147    0.00    0.50    0.00    0.50    14  kondemand/14
03:44:16         4128    0.00    0.50    0.00    0.50    17  gmond
03:44:16        31973    0.50    0.50    0.00    1.00     7  top
03:44:16        31975    0.50    1.50    0.00    2.00     8  pidstat
03:44:16        31977    0.50    2.00    0.00    2.50    24  pidstat
03:44:16        31986  112.50    0.00    0.00  112.50    27  bt-mz.B.24
03:44:16        31987  127.00    0.00    0.00  127.00    19  bt-mz.B.24
03:44:16        31988  125.50    0.00    0.00  125.50    15  bt-mz.B.24
03:44:16        31989  118.00    0.00    0.00  118.00     7  bt-mz.B.24
03:44:16        31990  117.50    0.00    0.00  117.50     5  bt-mz.B.24
03:44:16        31991  109.00    0.00    0.00  109.00     3  bt-mz.B.24
03:44:16        31992  127.50    0.00    0.00  127.50     6  bt-mz.B.24
03:44:16        31993  121.00    0.50    0.00  121.50     8  bt-mz.B.24
03:44:16        31994  122.00    0.00    0.00  122.00     1  bt-mz.B.24
03:44:16        31995  121.00    0.00    0.00  121.00    23  bt-mz.B.24
03:44:16        31996  107.00    0.00    0.00  107.00    16  bt-mz.B.24
03:44:16        31998  115.50    0.00    0.00  115.50     0  bt-mz.B.24
03:44:16        31999  121.00    0.00    0.00  121.00    10  bt-mz.B.24

03:44:16          PID    %usr %system  %guest    %CPU   CPU  Command
03:44:18         3140    0.00    0.50    0.00    0.50     7  kondemand/7
03:44:18         3159    0.00    0.50    0.00    0.50    26  kondemand/26
03:44:18         4128    0.50    0.00    0.00    0.50    17  gmond
03:44:18        31973    0.50    0.50    0.00    1.00     7  top
03:44:18        31975    1.00    2.00    0.00    3.00     8  pidstat
03:44:18        31977    0.50    2.00    0.00    2.50    24  pidstat
03:44:18        31986  135.50    0.00    0.00  135.50    26  bt-mz.B.24
03:44:18        31987  120.50    0.00    0.00  120.50     4  bt-mz.B.24
03:44:18        31988  127.00    0.00    0.00  127.00    31  bt-mz.B.24
03:44:18        31989  123.00    0.00    0.00  123.00    23  bt-mz.B.24
03:44:18        31990  123.00    0.00    0.00  123.00    21  bt-mz.B.24
03:44:18        31991  122.00    0.00    0.00  122.00    18  bt-mz.B.24
03:44:18        31992  117.50    0.00    0.00  117.50    17  bt-mz.B.24
03:44:18        31993  120.50    0.00    0.00  120.50    30  bt-mz.B.24
03:44:18        31994  121.50    0.00    0.00  121.50     2  bt-mz.B.24
03:44:18        31995  126.50    0.00    0.00  126.50    17  bt-mz.B.24
03:44:18        31996  123.00    0.00    0.00  123.00    18  bt-mz.B.24
03:44:18        31998  117.50    0.00    0.00  117.50     7  bt-mz.B.24
03:44:18        31999  118.50    0.00    0.00  118.50    13  bt-mz.B.24

03:44:18          PID    %usr %system  %guest    %CPU   CPU  Command
03:44:20         3139    0.00    0.50    0.00    0.50     6  kondemand/6
03:44:20         3145    0.00    0.50    0.00    0.50    12  kondemand/12
03:44:20        31973    0.50    1.00    0.00    1.50     7  top
03:44:20        31975    0.50    1.50    0.00    2.00     8  pidstat
03:44:20        31977    0.50    1.50    0.00    2.00    24  pidstat
03:44:20        31986  122.50    0.00    0.00  122.50    25  bt-mz.B.24
03:44:20        31987  131.50    0.00    0.00  131.50     6  bt-mz.B.24
03:44:20        31988  120.00    0.00    0.00  120.00    14  bt-mz.B.24
03:44:20        31989  115.50    0.00    0.00  115.50    16  bt-mz.B.24
03:44:20        31990  125.00    0.00    0.00  125.00     7  bt-mz.B.24
03:44:20        31991  123.50    0.00    0.00  123.50     1  bt-mz.B.24
03:44:20        31992  105.00    0.50    0.00  105.50     0  bt-mz.B.24
03:44:20        31993  122.00    0.00    0.00  122.00    13  bt-mz.B.24
03:44:20        31994  112.50    0.00    0.00  112.50    18  bt-mz.B.24
03:44:20        31995  122.00    0.00    0.00  122.00     5  bt-mz.B.24
03:44:20        31996  121.00    0.50    0.00  121.50     6  bt-mz.B.24
03:44:20        31998  118.50    0.00    0.00  118.50     2  bt-mz.B.24
03:44:20        31999  119.50    0.50    0.00  120.00    27  bt-mz.B.24

03:44:20          PID    %usr %system  %guest    %CPU   CPU  Command
03:44:22         3149    0.00    0.50    0.00    0.50    16  kondemand/16
03:44:22         3151    0.00    0.50    0.00    0.50    18  kondemand/18
03:44:22         3180    0.00    0.50    0.00    0.50    17  kipmi0
03:44:22         4128    0.00    0.50    0.00    0.50    17  gmond
03:44:22        31973    0.50    0.50    0.00    1.00    23  top
03:44:22        31975    1.00    2.00    0.00    3.00     8  pidstat
03:44:22        31977    1.00    2.50    0.00    3.50    24  pidstat
03:44:22        31986  137.00    0.00    0.00  137.00    29  bt-mz.B.24
03:44:22        31987  115.50    0.00    0.00  115.50     2  bt-mz.B.24
03:44:22        31988  119.00    0.00    0.00  119.00     8  bt-mz.B.24
03:44:22        31989  123.00    0.00    0.00  123.00    17  bt-mz.B.24
03:44:22        31990  117.50    0.00    0.00  117.50     4  bt-mz.B.24
03:44:22        31991  122.00    0.00    0.00  122.00    17  bt-mz.B.24
03:44:22        31992  120.50    0.00    0.00  120.50     5  bt-mz.B.24
03:44:22        31993  127.50    0.00    0.00  127.50    13  bt-mz.B.24
03:44:22        31994  123.00    0.00    0.00  123.00    16  bt-mz.B.24
03:44:22        31995  133.50    0.00    0.00  133.50    23  bt-mz.B.24
03:44:22        31996  116.00    0.00    0.00  116.00    19  bt-mz.B.24
03:44:22        31998  123.50    0.00    0.00  123.50     3  bt-mz.B.24
03:44:22        31999  125.00    0.00    0.00  125.00    27  bt-mz.B.24

03:44:22          PID    %usr %system  %guest    %CPU   CPU  Command
03:44:24         3133    0.00    0.50    0.00    0.50     0  kondemand/0
03:44:24         3142    0.00    0.50    0.00    0.50     9  kondemand/9
03:44:24         3148    0.00    0.50    0.00    0.50    15  kondemand/15
03:44:24         4128    0.00    0.50    0.00    0.50    17  gmond
03:44:24        31973    0.50    1.00    0.00    1.50    23  top
03:44:24        31975    0.50    1.50    0.00    2.00     8  pidstat
03:44:24        31977    0.00    1.00    0.00    1.00    24  pidstat
03:44:24        31986  134.00    0.00    0.00  134.00    26  bt-mz.B.24
03:44:24        31987  124.00    0.00    0.00  124.00    21  bt-mz.B.24
03:44:24        31988  123.50    0.00    0.00  123.50    29  bt-mz.B.24
03:44:24        31989  122.50    0.00    0.00  122.50     2  bt-mz.B.24
03:44:24        31990  117.50    0.00    0.00  117.50     0  bt-mz.B.24
03:44:24        31991  119.00    0.00    0.00  119.00    23  bt-mz.B.24
03:44:24        31992  116.50    0.00    0.00  116.50     2  bt-mz.B.24
03:44:24        31993  116.00    0.50    0.00  116.50    14  bt-mz.B.24
03:44:24        31994  114.00    0.00    0.00  114.00     3  bt-mz.B.24
03:44:24        31995  120.00    0.00    0.00  120.00     5  bt-mz.B.24
03:44:24        31996  115.00    0.00    0.00  115.00    20  bt-mz.B.24
03:44:24        31998  112.00    0.00    0.00  112.00    22  bt-mz.B.24
03:44:24        31999  121.00    0.00    0.00  121.00    15  bt-mz.B.24

03:44:24          PID    %usr %system  %guest    %CPU   CPU  Command
03:44:26         3141    0.00    0.50    0.00    0.50     8  kondemand/8
03:44:26        31973    1.00    0.50    0.00    1.50    23  top
03:44:26        31975    1.00    1.50    0.00    2.50     8  pidstat
03:44:26        31977    1.00    2.50    0.00    3.50    24  pidstat
03:44:26        31986  142.00    0.00    0.00  142.00    10  bt-mz.B.24
03:44:26        31987  133.00    0.00    0.00  133.00     2  bt-mz.B.24
03:44:26        31988  121.00    0.00    0.00  121.00    27  bt-mz.B.24
03:44:26        31989  121.50    0.00    0.00  121.50     6  bt-mz.B.24
03:44:26        31990  125.00    0.00    0.00  125.00     0  bt-mz.B.24
03:44:26        31991  128.00    0.00    0.00  128.00    23  bt-mz.B.24
03:44:26        31992  125.50    0.00    0.00  125.50     1  bt-mz.B.24
03:44:26        31993  119.00    0.00    0.00  119.00    14  bt-mz.B.24
03:44:26        31994  114.50    0.00    0.00  114.50    19  bt-mz.B.24
03:44:26        31995  119.50    0.00    0.00  119.50     5  bt-mz.B.24
03:44:26        31996  123.50    0.00    0.00  123.50    16  bt-mz.B.24
03:44:26        31998  122.50    0.00    0.00  122.50    22  bt-mz.B.24
03:44:26        31999  124.00    0.00    0.00  124.00    31  bt-mz.B.24

03:44:26          PID    %usr %system  %guest    %CPU   CPU  Command
03:44:28         3143    0.00    0.50    0.00    0.50    10  kondemand/10
03:44:28         3158    0.00    0.50    0.00    0.50    25  kondemand/25
03:44:28         4128    0.00    0.50    0.00    0.50    17  gmond
03:44:28        31973    0.00    0.50    0.00    0.50    23  top
03:44:28        31975    0.50    2.00    0.00    2.50     8  pidstat
03:44:28        31977    0.50    2.00    0.00    2.50    24  pidstat
03:44:28        31986  128.00    0.00    0.00  128.00    10  bt-mz.B.24
03:44:28        31987  123.50    0.00    0.00  123.50    18  bt-mz.B.24
03:44:28        31988   99.50    0.00    0.00   99.50    24  bt-mz.B.24
03:44:28        31989  122.00    0.00    0.00  122.00    20  bt-mz.B.24
03:44:28        31990  111.00    0.00    0.00  111.00    23  bt-mz.B.24
03:44:28        31991  118.50    0.00    0.00  118.50     7  bt-mz.B.24
03:44:28        31992  109.00    0.00    0.00  109.00     4  bt-mz.B.24
03:44:28        31993  118.50    0.00    0.00  118.50    14  bt-mz.B.24
03:44:28        31994  120.00    0.00    0.00  120.00    22  bt-mz.B.24
03:44:28        31995  128.00    0.00    0.00  128.00     1  bt-mz.B.24
03:44:28        31996  115.50    0.00    0.00  115.50    21  bt-mz.B.24
03:44:28        31998  110.00    0.00    0.00  110.00    16  bt-mz.B.24
03:44:28        31999  103.00    0.00    0.00  103.00    27  bt-mz.B.24
