procs -----------memory---------- ---swap-- -----io---- --system-- -----cpu-----
 r  b   swpd   free   buff  cache   si   so    bi    bo   in   cs us sy id wa st
12  0  13768 64962976  37360 121728    0    0     0     1    0    0 65  1 34  0  0	
49  0  13768 64719044  37360 146768    0    0     0     0 17903 26343  6  4 90  0  0	
49  0  13768 64615220  37372 148784    0    0     0   108 42738 11119 86  0 14  0  0	
49  0  13768 64619400  37380 148868    0    0     0    58 43007 11263 87  0 13  0  0	
49  0  13768 64619596  37388 148964    0    0     0    12 42237 11057 85  0 14  0  0	
48  0  13768 64622708  37388 149052    0    0     0     0 42968 11177 87  0 13  0  0	
25  0  13768 64623820  37396 149132    0    0     0    12 42461 11110 86  0 14  0  0	
48  0  13768 64624460  37396 149232    0    0     0     0 42750 11144 87  0 13  0  0	
26  0  13768 64625744  37396 149320    0    0     0     0 42721 11218 86  0 13  0  0	
48  0  13768 64626152  37404 149404    0    0     0     8 42517 11169 86  0 14  0  0	
28  0  13768 64626168  37404 149500    0    0     0     0 42922 11203 87  0 13  0  0	
48  0  13768 64625980  37404 149592    0    0     0     0 42327 11067 86  0 14  0  0	
48  0  13768 64625980  37404 149680    0    0     0     0 42944 11184 87  0 13  0  0	
47  0  13768 64625856  37404 149768    0    0     0   102 42312 11067 86  0 14  0  0	
47  0  13768 64625736  37412 149860    0    0     0    12 42958 11220 87  0 13  0  0	
48  0  13768 64625604  37412 149956    0    0     0     0 42273 11111 86  0 14  0  0	
48  0  13768 64625604  37412 150044    0    0     0     0 42928 11151 87  0 13  0  0	
25  0  13768 64625604  37420 150048    0    0     0    16 42504 11121 86  0 14  0  0	
46  0  13768 64624976  37420 150140    0    0     0  6094 47637 11160 87  0 13  0  0	
25  0  13768 64624728  37420 150232    0    0     0     0 42703 11123 86  0 13  0  0	
48  0  13768 64624604  37420 150320    0    0     0     0 42466 11133 86  0 14  0  0	
procs -----------memory---------- ---swap-- -----io---- --system-- -----cpu-----
 r  b   swpd   free   buff  cache   si   so    bi    bo   in   cs us sy id wa st
48  0  13768 64624480  37436 150400    0    0     0  1346 43842 11253 87  0 13  0  0	
48  0  13768 64624636  37436 150500    0    0     0     0 42162 11051 85  0 14  0  0	
47  0  13768 64624644  37436 150588    0    0     0     8 43016 11201 87  0 13  0  0	
48  0  13768 64624636  37444 150680    0    0     0    12 42247 11112 86  0 14  0  0	
