Linux 2.6.32-279.14.1.el6.x86_64 (compute-641-14.local) 	04/21/20 	_x86_64_	(32 CPU)

02:49:02     CPU    %usr   %nice    %sys %iowait    %irq   %soft  %steal  %guest   %idle
02:49:04     all   67.16    0.00    5.26    0.00    0.00    0.06    0.00    0.00   27.52
02:49:06     all   90.31    0.00    0.16    0.00    0.00    0.00    0.00    0.00    9.54
02:49:08     all   91.84    0.00    0.16    0.00    0.00    0.00    0.00    0.00    8.00
02:49:10     all   91.80    0.00    0.20    0.00    0.00    0.02    0.00    0.00    7.98
02:49:12     all   89.57    0.00    0.19    0.00    0.00    0.00    0.00    0.00   10.24
02:49:14     all   90.21    0.00    0.16    0.00    0.00    0.00    0.00    0.00    9.63
02:49:16     all   88.25    0.00    0.14    0.00    0.00    0.00    0.00    0.00   11.61
02:49:18     all   91.11    0.00    0.19    0.00    0.00    0.00    0.00    0.00    8.71
02:49:20     all   90.20    0.00    0.16    0.00    0.00    0.00    0.00    0.00    9.64
02:49:22     all   90.80    0.00    0.16    0.00    0.00    0.00    0.00    0.00    9.05
02:49:24     all   90.80    0.00    0.14    0.00    0.00    0.00    0.00    0.00    9.06
02:49:26     all   92.25    0.00    0.20    0.00    0.00    0.00    0.00    0.00    7.55
02:49:28     all   90.92    0.00    0.16    0.00    0.00    0.00    0.00    0.00    8.92
02:49:30     all   90.58    0.00    0.16    0.00    0.00    0.00    0.00    0.00    9.27
02:49:32     all   90.68    0.00    0.16    0.00    0.00    0.00    0.00    0.00    9.16
02:49:34     all   92.66    0.00    0.17    0.02    0.00    0.00    0.00    0.00    7.16
02:49:36     all   88.78    0.00    0.19    0.00    0.00    0.00    0.00    0.00   11.03
02:49:38     all   89.68    0.00    0.14    0.00    0.00    0.00    0.00    0.00   10.18
02:49:40     all   91.26    0.00    0.17    0.00    0.00    0.00    0.00    0.00    8.56
02:49:42     all   90.29    0.00    0.19    0.00    0.00    0.00    0.00    0.00    9.52
02:49:44     all   91.02    0.00    0.20    0.00    0.00    0.00    0.00    0.00    8.78
02:49:46     all   91.50    0.00    0.16    0.00    0.00    0.00    0.00    0.00    8.35
02:49:48     all   90.81    0.00    0.16    0.00    0.00    0.00    0.00    0.00    9.03
02:49:50     all   90.92    0.00    0.17    0.00    0.00    0.00    0.00    0.00    8.91
02:49:52     all   90.14    0.00    0.16    0.00    0.00    0.00    0.00    0.00    9.70
02:49:54     all   90.48    0.00    0.17    0.00    0.00    0.00    0.00    0.00    9.35
02:49:56     all   92.34    0.00    0.20    0.00    0.00    0.00    0.00    0.00    7.46
02:49:58     all   89.14    0.00    0.19    0.00    0.00    0.00    0.00    0.00   10.67
02:50:00     all   90.69    0.00    0.19    0.00    0.00    0.00    0.00    0.00    9.13
02:50:02     all   90.94    0.00    0.17    0.00    0.00    0.00    0.00    0.00    8.89
02:50:04     all   90.81    0.00    0.17    0.00    0.00    0.00    0.00    0.00    9.02
02:50:06     all   91.94    0.00    0.17    0.02    0.00    0.00    0.00    0.00    7.88
02:50:08     all   89.48    0.00    0.16    0.00    0.00    0.00    0.00    0.00   10.36
02:50:10     all   88.56    0.00    0.16    0.00    0.00    0.00    0.00    0.00   11.28
02:50:12     all   92.19    0.00    0.17    0.00    0.00    0.00    0.00    0.00    7.64
02:50:14     all   89.50    0.00    0.17    0.00    0.00    0.00    0.00    0.00   10.33
02:50:16     all   91.70    0.00    0.17    0.00    0.00    0.00    0.00    0.00    8.13
02:50:18     all   90.40    0.00    0.16    0.00    0.00    0.00    0.00    0.00    9.44
02:50:20     all   89.00    0.00    0.16    0.00    0.00    0.00    0.00    0.00   10.85
02:50:22     all   88.45    0.00    0.16    0.00    0.00    0.00    0.00    0.00   11.39
02:50:24     all   90.67    0.00    0.17    0.00    0.00    0.00    0.00    0.00    9.16
