Linux 2.6.32-279.14.1.el6.x86_64 (compute-641-14.local) 	04/21/20 	_x86_64_	(32 CPU)

03:24:30     CPU    %usr   %nice    %sys %iowait    %irq   %soft  %steal  %guest   %idle
03:24:32     all   61.83    0.00    5.54    0.00    0.00    0.06    0.00    0.00   32.57
03:24:34     all   79.65    0.00    0.14    0.00    0.00    0.00    0.00    0.00   20.21
03:24:36     all   79.55    0.00    0.17    0.00    0.00    0.00    0.00    0.00   20.28
03:24:38     all   79.22    0.00    0.16    0.00    0.00    0.00    0.00    0.00   20.62
03:24:40     all   81.04    0.00    0.16    0.00    0.00    0.00    0.00    0.00   18.81
03:24:42     all   81.19    0.00    0.20    0.02    0.00    0.00    0.00    0.00   18.59
03:24:44     all   80.79    0.00    0.19    0.00    0.00    0.00    0.00    0.00   19.02
03:24:46     all   82.36    0.00    0.17    0.02    0.00    0.00    0.00    0.00   17.45
03:24:48     all   81.61    0.00    0.17    0.00    0.00    0.00    0.00    0.00   18.22
03:24:50     all   79.87    0.00    0.16    0.00    0.00    0.00    0.00    0.00   19.98
03:24:52     all   78.73    0.00    0.20    0.00    0.00    0.00    0.00    0.00   21.07
03:24:54     all   82.23    0.00    0.22    0.00    0.00    0.00    0.00    0.00   17.55
03:24:56     all   82.75    0.00    0.16    0.00    0.00    0.00    0.00    0.00   17.09
03:24:58     all   81.82    0.00    0.16    0.00    0.00    0.00    0.00    0.00   18.02
03:25:00     all   78.05    0.00    0.17    0.00    0.00    0.00    0.00    0.00   21.78
03:25:02     all   80.65    0.00    0.19    0.00    0.00    0.00    0.00    0.00   19.16
03:25:04     all   81.07    0.00    0.16    0.00    0.00    0.00    0.00    0.00   18.77
03:25:06     all   80.43    0.00    0.20    0.00    0.00    0.00    0.00    0.00   19.37
03:25:08     all   81.68    0.00    0.22    0.02    0.00    0.00    0.00    0.00   18.08
03:25:10     all   81.37    0.00    0.17    0.00    0.00    0.00    0.00    0.00   18.46
03:25:12     all   81.31    0.00    0.19    0.00    0.00    0.00    0.00    0.00   18.50
03:25:14     all   81.11    0.00    0.19    0.00    0.00    0.00    0.00    0.00   18.70
03:25:16     all   80.40    0.00    0.17    0.00    0.00    0.00    0.00    0.00   19.42
03:25:18     all   82.62    0.00    0.17    0.00    0.00    0.00    0.00    0.00   17.21
03:25:20     all   80.01    0.00    0.17    0.00    0.00    0.00    0.00    0.00   19.82
03:25:22     all   83.17    0.00    0.19    0.00    0.00    0.00    0.00    0.00   16.64
