Linux 2.6.32-279.14.1.el6.x86_64 (compute-641-14.local) 	04/21/20 	_x86_64_	(32 CPU)

02:22:35          PID    %usr %system  %guest    %CPU   CPU  Command
02:22:37           65    0.00    0.49    0.00    0.49    15  ksoftirqd/15
02:22:37         3141    0.00    0.49    0.00    0.49     8  kondemand/8
02:22:37         3156    0.00    0.49    0.00    0.49    23  kondemand/23
02:22:37         3180    0.00    0.98    0.00    0.98    16  kipmi0
02:22:37        15099    2.94    0.98    0.00    3.92     1  mpirun
02:22:37        15105    0.49    0.98    0.00    1.47    26  top
02:22:37        15107    0.49    1.47    0.00    1.96     8  pidstat
02:22:37        15109    0.98    1.47    0.00    2.45     1  pidstat
02:22:37        15119  103.92   29.90    0.00  133.82     0  bt-mz.C.32
02:22:37        15120  103.92   27.45    0.00  131.37     1  bt-mz.C.32
02:22:37        15121  105.88   27.94    0.00  133.82    18  bt-mz.C.32
02:22:37        15122  104.90   29.41    0.00  134.31    19  bt-mz.C.32
02:22:37        15123  104.90   28.43    0.00  133.33     4  bt-mz.C.32
02:22:37        15124  103.43   30.39    0.00  133.82     5  bt-mz.C.32
02:22:37        15125  106.86   26.47    0.00  133.33    22  bt-mz.C.32
02:22:37        15126  105.88   27.45    0.00  133.33    23  bt-mz.C.32
02:22:37        15127   98.04   32.84    0.00  130.88    24  bt-mz.C.32
02:22:37        15130  104.90   28.43    0.00  133.33     9  bt-mz.C.32
02:22:37        15132  102.94   30.88    0.00  133.82    10  bt-mz.C.32
02:22:37        15135  102.94   30.39    0.00  133.33    27  bt-mz.C.32
02:22:37        15137  103.92   29.41    0.00  133.33    28  bt-mz.C.32
02:22:37        15140  101.47   31.37    0.00  132.84    29  bt-mz.C.32

02:22:37          PID    %usr %system  %guest    %CPU   CPU  Command
02:22:39         3146    0.00    0.50    0.00    0.50    13  kondemand/13
02:22:39         3154    0.00    0.50    0.00    0.50    21  kondemand/21
02:22:39         3157    0.00    0.50    0.00    0.50    24  kondemand/24
02:22:39         4128    0.50    0.50    0.00    1.00    16  gmond
02:22:39        15105    0.50    1.50    0.00    2.00    26  top
02:22:39        15107    0.50    2.00    0.00    2.50     8  pidstat
02:22:39        15109    0.50    2.00    0.00    2.50     1  pidstat
02:22:39        15119  145.50   23.00    0.00  168.50     0  bt-mz.C.32
02:22:39        15120  147.50   20.50    0.00  168.00    17  bt-mz.C.32
02:22:39        15121  145.00   23.50    0.00  168.50    18  bt-mz.C.32
02:22:39        15122  144.00   24.00    0.00  168.00    19  bt-mz.C.32
02:22:39        15123  142.00   25.50    0.00  167.50     4  bt-mz.C.32
02:22:39        15124  143.00   24.00    0.00  167.00     5  bt-mz.C.32
02:22:39        15125  143.00   24.00    0.00  167.00    22  bt-mz.C.32
02:22:39        15126  142.50   24.50    0.00  167.00    23  bt-mz.C.32
02:22:39        15127  142.00   24.50    0.00  166.50    24  bt-mz.C.32
02:22:39        15130  141.50   25.50    0.00  167.00     9  bt-mz.C.32
02:22:39        15132  139.00   27.50    0.00  166.50    10  bt-mz.C.32
02:22:39        15135  141.00   24.50    0.00  165.50    27  bt-mz.C.32
02:22:39        15137  140.50   26.00    0.00  166.50    28  bt-mz.C.32
02:22:39        15140  138.00   27.50    0.00  165.50    29  bt-mz.C.32

02:22:39          PID    %usr %system  %guest    %CPU   CPU  Command
02:22:41          147    0.00    0.50    0.00    0.50    16  events/16
02:22:41         3142    0.00    0.50    0.00    0.50     9  kondemand/9
02:22:41         3145    0.00    0.50    0.00    0.50    12  kondemand/12
02:22:41         3147    0.00    0.50    0.00    0.50    14  kondemand/14
02:22:41         3159    0.00    0.50    0.00    0.50    26  kondemand/26
02:22:41         4128    0.50    0.00    0.00    0.50    16  gmond
02:22:41        15105    0.50    0.50    0.00    1.00    26  top
02:22:41        15107    1.00    1.50    0.00    2.50     8  pidstat
02:22:41        15109    1.00    1.50    0.00    2.50     1  pidstat
02:22:41        15119  144.00   23.00    0.00  167.00     0  bt-mz.C.32
02:22:41        15120  141.50   22.00    0.00  163.50     1  bt-mz.C.32
02:22:41        15121  143.50   23.00    0.00  166.50    18  bt-mz.C.32
02:22:41        15122  143.00   23.50    0.00  166.50    19  bt-mz.C.32
02:22:41        15123  142.00   24.00    0.00  166.00     4  bt-mz.C.32
02:22:41        15124  142.50   23.50    0.00  166.00     5  bt-mz.C.32
02:22:41        15125  144.50   21.50    0.00  166.00    22  bt-mz.C.32
02:22:41        15126  142.50   23.00    0.00  165.50    23  bt-mz.C.32
02:22:41        15127  136.00   26.50    0.00  162.50    24  bt-mz.C.32
02:22:41        15130  142.00   24.00    0.00  166.00     9  bt-mz.C.32
02:22:41        15132  140.50   25.00    0.00  165.50    10  bt-mz.C.32
02:22:41        15135  140.00   25.00    0.00  165.00    27  bt-mz.C.32
02:22:41        15137  140.50   25.50    0.00  166.00    28  bt-mz.C.32
02:22:41        15140  138.50   26.50    0.00  165.00    29  bt-mz.C.32

02:22:41          PID    %usr %system  %guest    %CPU   CPU  Command
02:22:43         3152    0.00    0.50    0.00    0.50    19  kondemand/19
02:22:43        15105    0.50    1.00    0.00    1.50    26  top
02:22:43        15107    0.50    1.50    0.00    2.00     8  pidstat
02:22:43        15109    1.00    2.00    0.00    3.00     1  pidstat
02:22:43        15119  144.00   23.00    0.00  167.00     0  bt-mz.C.32
02:22:43        15120  147.50   20.00    0.00  167.50     1  bt-mz.C.32
02:22:43        15121  144.00   23.00    0.00  167.00    18  bt-mz.C.32
02:22:43        15122  143.00   24.00    0.00  167.00    19  bt-mz.C.32
02:22:43        15123  142.00   24.50    0.00  166.50     4  bt-mz.C.32
02:22:43        15124  141.00   25.00    0.00  166.00     5  bt-mz.C.32
02:22:43        15125  143.00   23.00    0.00  166.00    22  bt-mz.C.32
02:22:43        15126  142.50   23.50    0.00  166.00    23  bt-mz.C.32
02:22:43        15127  138.00   26.50    0.00  164.50    24  bt-mz.C.32
02:22:43        15130  139.50   25.50    0.00  165.00     9  bt-mz.C.32
02:22:43        15132  138.00   27.00    0.00  165.00    26  bt-mz.C.32
02:22:43        15135  138.50   26.00    0.00  164.50    27  bt-mz.C.32
02:22:43        15137  140.50   25.50    0.00  166.00    28  bt-mz.C.32
02:22:43        15140  137.50   27.00    0.00  164.50    29  bt-mz.C.32

02:22:43          PID    %usr %system  %guest    %CPU   CPU  Command
02:22:45          142    0.00    0.50    0.00    0.50    11  events/11
02:22:45         3133    0.00    0.50    0.00    0.50     0  kondemand/0
02:22:45         3140    0.00    0.50    0.00    0.50     7  kondemand/7
02:22:45         3143    0.00    0.50    0.00    0.50    10  kondemand/10
02:22:45         3161    0.00    0.50    0.00    0.50    28  kondemand/28
02:22:45         3180    0.00    1.00    0.00    1.00    16  kipmi0
02:22:45         4128    0.00    0.50    0.00    0.50    16  gmond
02:22:45        15105    0.50    0.50    0.00    1.00    26  top
02:22:45        15107    0.50    2.00    0.00    2.50     8  pidstat
02:22:45        15109    0.50    2.00    0.00    2.50     1  pidstat
02:22:45        15119  147.00   22.00    0.00  169.00     0  bt-mz.C.32
02:22:45        15120  144.00   21.50    0.00  165.50    17  bt-mz.C.32
02:22:45        15121  147.50   22.00    0.00  169.50    18  bt-mz.C.32
02:22:45        15122  146.00   23.00    0.00  169.00    19  bt-mz.C.32
02:22:45        15123  145.50   22.50    0.00  168.00     4  bt-mz.C.32
02:22:45        15124  146.50   22.50    0.00  169.00     5  bt-mz.C.32
02:22:45        15125  146.50   21.50    0.00  168.00    22  bt-mz.C.32
02:22:45        15126  146.50   22.00    0.00  168.50    23  bt-mz.C.32
02:22:45        15127  139.50   25.50    0.00  165.00    24  bt-mz.C.32
02:22:45        15130  145.00   23.00    0.00  168.00     9  bt-mz.C.32
02:22:45        15132  144.50   23.50    0.00  168.00    26  bt-mz.C.32
02:22:45        15135  144.00   24.00    0.00  168.00    27  bt-mz.C.32
02:22:45        15137  143.50   24.50    0.00  168.00    28  bt-mz.C.32
02:22:45        15140  141.50   26.00    0.00  167.50    29  bt-mz.C.32

02:22:45          PID    %usr %system  %guest    %CPU   CPU  Command
02:22:47         3148    0.00    0.50    0.00    0.50    15  kondemand/15
02:22:47         3180    0.00    0.50    0.00    0.50    16  kipmi0
02:22:47         4128    0.50    0.00    0.00    0.50    16  gmond
02:22:47        15105    1.00    0.50    0.00    1.50    10  top
02:22:47        15107    0.50    1.50    0.00    2.00     8  pidstat
02:22:47        15109    1.00    1.50    0.00    2.50     1  pidstat
02:22:47        15119  143.00   24.00    0.00  167.00     0  bt-mz.C.32
02:22:47        15120  143.50   22.00    0.00  165.50    17  bt-mz.C.32
02:22:47        15121  144.50   23.00    0.00  167.50    18  bt-mz.C.32
02:22:47        15122  143.50   23.50    0.00  167.00    19  bt-mz.C.32
02:22:47        15123  140.50   26.00    0.00  166.50     4  bt-mz.C.32
02:22:47        15124  141.50   25.00    0.00  166.50     5  bt-mz.C.32
02:22:47        15125  143.00   23.00    0.00  166.00    22  bt-mz.C.32
02:22:47        15126  142.50   23.50    0.00  166.00    23  bt-mz.C.32
02:22:47        15127  137.50   27.00    0.00  164.50    24  bt-mz.C.32
02:22:47        15130  141.00   25.00    0.00  166.00     9  bt-mz.C.32
02:22:47        15132  139.00   26.50    0.00  165.50    10  bt-mz.C.32
02:22:47        15135  140.00   24.50    0.00  164.50    27  bt-mz.C.32
02:22:47        15137  140.00   25.50    0.00  165.50    28  bt-mz.C.32
02:22:47        15140  137.50   27.50    0.00  165.00    29  bt-mz.C.32

02:22:47          PID    %usr %system  %guest    %CPU   CPU  Command
02:22:49          150    0.00    0.50    0.00    0.50    19  events/19
02:22:49         3158    0.00    0.50    0.00    0.50    25  kondemand/25
02:22:49         3164    0.00    0.50    0.00    0.50    31  kondemand/31
02:22:49         4128    0.00    0.50    0.00    0.50    16  gmond
02:22:49        15105    0.50    1.00    0.00    1.50    26  top
02:22:49        15107    1.00    1.50    0.00    2.50     8  pidstat
02:22:49        15109    0.50    1.50    0.00    2.00     1  pidstat
02:22:49        15119  144.50   23.50    0.00  168.00     0  bt-mz.C.32
02:22:49        15120  150.00   18.50    0.00  168.50    17  bt-mz.C.32
02:22:49        15121  146.50   20.50    0.00  167.00    18  bt-mz.C.32
02:22:49        15122  145.50   22.50    0.00  168.00    19  bt-mz.C.32
02:22:49        15123  142.00   24.50    0.00  166.50     4  bt-mz.C.32
02:22:49        15124  142.00   25.00    0.00  167.00     5  bt-mz.C.32
02:22:49        15125  143.00   23.50    0.00  166.50    22  bt-mz.C.32
02:22:49        15126  143.50   23.00    0.00  166.50    23  bt-mz.C.32
02:22:49        15127  143.50   23.50    0.00  167.00    24  bt-mz.C.32
02:22:49        15130  141.50   25.00    0.00  166.50     9  bt-mz.C.32
02:22:49        15132  140.00   26.00    0.00  166.00    10  bt-mz.C.32
02:22:49        15135  140.00   26.00    0.00  166.00    27  bt-mz.C.32
02:22:49        15137  140.00   26.50    0.00  166.50    28  bt-mz.C.32
02:22:49        15140  138.00   27.00    0.00  165.00    29  bt-mz.C.32

02:22:49          PID    %usr %system  %guest    %CPU   CPU  Command
02:22:51         3134    0.00    0.50    0.00    0.50     1  kondemand/1
02:22:51         3138    0.00    0.50    0.00    0.50     5  kondemand/5
02:22:51         3141    0.00    0.50    0.00    0.50     8  kondemand/8
02:22:51         3149    0.00    0.50    0.00    0.50    16  kondemand/16
02:22:51         3153    0.00    0.50    0.00    0.50    20  kondemand/20
02:22:51         3162    0.00    0.50    0.00    0.50    29  kondemand/29
02:22:51         4128    0.50    0.00    0.00    0.50    16  gmond
02:22:51        15105    0.50    1.00    0.00    1.50    26  top
02:22:51        15107    0.50    2.00    0.00    2.50     8  pidstat
02:22:51        15109    1.00    2.00    0.00    3.00     1  pidstat
02:22:51        15119  148.00   21.00    0.00  169.00     0  bt-mz.C.32
02:22:51        15120  143.50   22.00    0.00  165.50    17  bt-mz.C.32
02:22:51        15121  147.50   22.50    0.00  170.00    18  bt-mz.C.32
02:22:51        15122  145.50   23.50    0.00  169.00    19  bt-mz.C.32
02:22:51        15123  144.50   23.50    0.00  168.00     4  bt-mz.C.32
02:22:51        15124  145.00   23.00    0.00  168.00     5  bt-mz.C.32
02:22:51        15125  147.00   21.00    0.00  168.00    22  bt-mz.C.32
02:22:51        15126  146.50   21.50    0.00  168.00    23  bt-mz.C.32
02:22:51        15127  138.50   26.50    0.00  165.00    24  bt-mz.C.32
02:22:51        15130  144.50   23.50    0.00  168.00     9  bt-mz.C.32
02:22:51        15132  144.50   23.50    0.00  168.00    10  bt-mz.C.32
02:22:51        15135  143.50   23.50    0.00  167.00    27  bt-mz.C.32
02:22:51        15137  144.00   24.50    0.00  168.50    28  bt-mz.C.32
02:22:51        15140  141.50   26.00    0.00  167.50    29  bt-mz.C.32

02:22:51          PID    %usr %system  %guest    %CPU   CPU  Command
02:22:53         3151    0.00    0.50    0.00    0.50    18  kondemand/18
02:22:53         3155    0.00    0.50    0.00    0.50    22  kondemand/22
02:22:53         3160    0.00    0.50    0.00    0.50    27  kondemand/27
02:22:53         3163    0.00    0.50    0.00    0.50    30  kondemand/30
02:22:53         3195    0.50    0.00    0.00    0.50    12  irqbalance
02:22:53         3684    0.50    0.00    0.00    0.50     2  snmpd
02:22:53         4128    0.00    0.50    0.00    0.50    16  gmond
02:22:53        15105    0.50    0.50    0.00    1.00    10  top
02:22:53        15107    0.50    2.00    0.00    2.50    24  pidstat
02:22:53        15109    0.50    2.00    0.00    2.50     1  pidstat
02:22:53        15111    0.00    0.50    0.00    0.50    13  iostat
02:22:53        15119  144.00   24.00    0.00  168.00     0  bt-mz.C.32
02:22:53        15120  145.50   22.00    0.00  167.50    17  bt-mz.C.32
02:22:53        15121  144.00   23.50    0.00  167.50    18  bt-mz.C.32
02:22:53        15122  144.50   23.50    0.00  168.00    19  bt-mz.C.32
02:22:53        15123  141.50   26.00    0.00  167.50     4  bt-mz.C.32
02:22:53        15124  142.50   25.50    0.00  168.00     5  bt-mz.C.32
02:22:53        15125  142.50   25.00    0.00  167.50    22  bt-mz.C.32
02:22:53        15126  143.50   24.00    0.00  167.50    23  bt-mz.C.32
02:22:53        15127  138.50   27.00    0.00  165.50     8  bt-mz.C.32
02:22:53        15130  141.00   26.00    0.00  167.00     9  bt-mz.C.32
02:22:53        15132  140.00   25.50    0.00  165.50    10  bt-mz.C.32
02:22:53        15135  139.50   26.50    0.00  166.00    27  bt-mz.C.32
02:22:53        15137  139.50   27.50    0.00  167.00    28  bt-mz.C.32
02:22:53        15140  138.00   28.00    0.00  166.00    29  bt-mz.C.32

02:22:53          PID    %usr %system  %guest    %CPU   CPU  Command
02:22:55           57    0.00    0.50    0.00    0.50    13  ksoftirqd/13
02:22:55         3135    0.00    0.50    0.00    0.50     2  kondemand/2
02:22:55         3137    0.00    0.50    0.00    0.50     4  kondemand/4
02:22:55         3139    0.00    0.50    0.00    0.50     6  kondemand/6
02:22:55         3684    0.00    0.50    0.00    0.50     2  snmpd
02:22:55        15105    0.50    1.00    0.00    1.50    10  top
02:22:55        15107    0.50    2.00    0.00    2.50    24  pidstat
02:22:55        15109    1.00    1.50    0.00    2.50     1  pidstat
02:22:55        15119  144.50   23.00    0.00  167.50     0  bt-mz.C.32
02:22:55        15120  146.00   20.50    0.00  166.50    17  bt-mz.C.32
02:22:55        15121  144.50   23.00    0.00  167.50    18  bt-mz.C.32
02:22:55        15122  146.00   21.00    0.00  167.00    19  bt-mz.C.32
02:22:55        15123  143.50   22.50    0.00  166.00     4  bt-mz.C.32
02:22:55        15124  142.50   24.00    0.00  166.50     5  bt-mz.C.32
02:22:55        15125  144.50   21.50    0.00  166.00    22  bt-mz.C.32
02:22:55        15126  143.00   23.00    0.00  166.00    23  bt-mz.C.32
02:22:55        15127  141.50   24.00    0.00  165.50     8  bt-mz.C.32
02:22:55        15130  141.00   25.00    0.00  166.00     9  bt-mz.C.32
02:22:55        15132  139.50   26.00    0.00  165.50    26  bt-mz.C.32
02:22:55        15135  140.50   24.50    0.00  165.00    27  bt-mz.C.32
02:22:55        15137  140.50   25.50    0.00  166.00    28  bt-mz.C.32
02:22:55        15140  138.00   27.00    0.00  165.00    29  bt-mz.C.32

02:22:55          PID    %usr %system  %guest    %CPU   CPU  Command
02:22:57         3133    0.00    0.50    0.00    0.50     0  kondemand/0
02:22:57         3136    0.00    0.50    0.00    0.50     3  kondemand/3
02:22:57         3150    0.00    0.50    0.00    0.50    17  kondemand/17
02:22:57         3180    0.00    0.50    0.00    0.50    16  kipmi0
02:22:57         3852    0.50    0.50    0.00    1.00    24  pbs_mom
02:22:57         4128    0.50    0.50    0.00    1.00    16  gmond
02:22:57        15099    0.00    0.50    0.00    0.50     1  mpirun
02:22:57        15105    0.50    1.00    0.00    1.50    10  top
02:22:57        15107    0.50    2.00    0.00    2.50    24  pidstat
02:22:57        15109    1.00    2.00    0.00    3.00     1  pidstat
02:22:57        15119  145.00   23.00    0.00  168.00     0  bt-mz.C.32
02:22:57        15120  142.50   22.00    0.00  164.50    17  bt-mz.C.32
02:22:57        15121  145.00   23.00    0.00  168.00    18  bt-mz.C.32
02:22:57        15122  146.00   22.00    0.00  168.00    19  bt-mz.C.32
02:22:57        15123  144.50   23.50    0.00  168.00     4  bt-mz.C.32
02:22:57        15124  142.50   24.50    0.00  167.00     5  bt-mz.C.32
02:22:57        15125  146.00   21.00    0.00  167.00    22  bt-mz.C.32
02:22:57        15126  144.50   23.00    0.00  167.50    23  bt-mz.C.32
02:22:57        15127  136.50   26.50    0.00  163.00     8  bt-mz.C.32
02:22:57        15130  142.00   24.00    0.00  166.00     9  bt-mz.C.32
02:22:57        15132  141.50   24.50    0.00  166.00    10  bt-mz.C.32
02:22:57        15135  141.00   25.00    0.00  166.00    27  bt-mz.C.32
02:22:57        15137  141.00   26.00    0.00  167.00    28  bt-mz.C.32
02:22:57        15140  139.50   26.50    0.00  166.00    29  bt-mz.C.32

02:22:57          PID    %usr %system  %guest    %CPU   CPU  Command
02:22:59          151    0.00    0.50    0.00    0.50    20  events/20
02:22:59         3144    0.00    0.50    0.00    0.50    11  kondemand/11
02:22:59         3157    0.00    0.50    0.00    0.50    24  kondemand/24
02:22:59         3180    0.00    0.50    0.00    0.50    16  kipmi0
02:22:59        15105    0.50    1.00    0.00    1.50    26  top
02:22:59        15107    0.50    2.00    0.00    2.50    24  pidstat
02:22:59        15109    0.50    2.50    0.00    3.00     1  pidstat
02:22:59        15119  145.00   24.00    0.00  169.00     0  bt-mz.C.32
02:22:59        15120  147.50   21.00    0.00  168.50     1  bt-mz.C.32
02:22:59        15121  145.00   23.50    0.00  168.50    18  bt-mz.C.32
02:22:59        15122  146.50   22.00    0.00  168.50    19  bt-mz.C.32
02:22:59        15123  143.50   24.00    0.00  167.50     4  bt-mz.C.32
02:22:59        15124  143.00   25.00    0.00  168.00     5  bt-mz.C.32
02:22:59        15125  143.50   24.00    0.00  167.50    22  bt-mz.C.32
02:22:59        15126  143.00   24.00    0.00  167.00    23  bt-mz.C.32
02:22:59        15127  141.50   26.50    0.00  168.00     8  bt-mz.C.32
02:22:59        15130  143.00   25.00    0.00  168.00     9  bt-mz.C.32
02:22:59        15132  140.50   26.50    0.00  167.00    10  bt-mz.C.32
02:22:59        15135  141.00   25.50    0.00  166.50    27  bt-mz.C.32
02:22:59        15137  142.00   25.50    0.00  167.50    28  bt-mz.C.32
02:22:59        15140  138.00   28.50    0.00  166.50    29  bt-mz.C.32

02:22:59          PID    %usr %system  %guest    %CPU   CPU  Command
02:23:01          143    0.00    0.50    0.00    0.50    12  events/12
02:23:01         3142    0.00    0.50    0.00    0.50     9  kondemand/9
02:23:01         3146    0.00    0.50    0.00    0.50    13  kondemand/13
02:23:01         3147    0.00    0.50    0.00    0.50    14  kondemand/14
02:23:01         3156    0.00    0.50    0.00    0.50    23  kondemand/23
02:23:01         3159    0.00    0.50    0.00    0.50    26  kondemand/26
02:23:01         3808    0.50    0.00    0.00    0.50    24  crond
02:23:01         4128    0.50    0.00    0.00    0.50    16  gmond
02:23:01        15105    0.50    0.50    0.00    1.00    26  top
02:23:01        15107    1.00    1.50    0.00    2.50    24  pidstat
02:23:01        15109    0.50    1.50    0.00    2.00    17  pidstat
02:23:01        15119  145.50   22.00    0.00  167.50     0  bt-mz.C.32
02:23:01        15120  147.50   19.00    0.00  166.50     1  bt-mz.C.32
02:23:01        15121  146.50   22.00    0.00  168.50    18  bt-mz.C.32
02:23:01        15122  147.00   20.50    0.00  167.50    19  bt-mz.C.32
02:23:01        15123  143.50   23.00    0.00  166.50     4  bt-mz.C.32
02:23:01        15124  143.50   23.50    0.00  167.00     5  bt-mz.C.32
02:23:01        15125  146.00   21.00    0.00  167.00    22  bt-mz.C.32
02:23:01        15126  145.00   22.00    0.00  167.00    23  bt-mz.C.32
02:23:01        15127  139.50   24.50    0.00  164.00     8  bt-mz.C.32
02:23:01        15130  142.50   23.50    0.00  166.00     9  bt-mz.C.32
02:23:01        15132  142.50   24.00    0.00  166.50    26  bt-mz.C.32
02:23:01        15135  142.50   23.00    0.00  165.50    27  bt-mz.C.32
02:23:01        15137  143.00   24.00    0.00  167.00    28  bt-mz.C.32
02:23:01        15140  139.50   26.00    0.00  165.50    29  bt-mz.C.32

02:23:01          PID    %usr %system  %guest    %CPU   CPU  Command
02:23:03            9    0.00    0.50    0.00    0.50     1  ksoftirqd/1
02:23:03          341    0.00    0.50    0.00    0.50    16  khugepaged
02:23:03         3145    0.00    0.50    0.00    0.50    12  kondemand/12
02:23:03         3180    0.00    1.00    0.00    1.00    16  kipmi0
02:23:03        15105    0.50    1.00    0.00    1.50    10  top
02:23:03        15107    0.50    2.00    0.00    2.50    24  pidstat
02:23:03        15109    1.00    2.50    0.00    3.50    17  pidstat
02:23:03        15119  146.50   22.50    0.00  169.00     0  bt-mz.C.32
02:23:03        15120  144.00   21.00    0.00  165.00     1  bt-mz.C.32
02:23:03        15121  146.00   22.50    0.00  168.50    18  bt-mz.C.32
02:23:03        15122  145.50   23.00    0.00  168.50    19  bt-mz.C.32
02:23:03        15123  144.50   23.50    0.00  168.00     4  bt-mz.C.32
02:23:03        15124  144.00   24.00    0.00  168.00     5  bt-mz.C.32
02:23:03        15125  145.00   22.50    0.00  167.50    22  bt-mz.C.32
02:23:03        15126  146.00   22.00    0.00  168.00    23  bt-mz.C.32
02:23:03        15127  137.50   27.00    0.00  164.50     8  bt-mz.C.32
02:23:03        15130  144.00   24.00    0.00  168.00     9  bt-mz.C.32
02:23:03        15132  142.50   25.00    0.00  167.50    26  bt-mz.C.32
02:23:03        15135  144.00   23.00    0.00  167.00    27  bt-mz.C.32
02:23:03        15137  143.00   25.00    0.00  168.00    28  bt-mz.C.32
02:23:03        15140  141.50   25.50    0.00  167.00    29  bt-mz.C.32

02:23:03          PID    %usr %system  %guest    %CPU   CPU  Command
02:23:05         3143    0.00    0.50    0.00    0.50    10  kondemand/10
02:23:05         3154    0.00    0.50    0.00    0.50    21  kondemand/21
02:23:05         4128    0.50    0.50    0.00    1.00    16  gmond
02:23:05        15105    0.50    1.00    0.00    1.50    10  top
02:23:05        15107    1.00    2.00    0.00    3.00    24  pidstat
02:23:05        15109    0.50    1.50    0.00    2.00     3  pidstat
02:23:05        15119  145.00   23.50    0.00  168.50     0  bt-mz.C.32
02:23:05        15120  147.50   21.50    0.00  169.00     1  bt-mz.C.32
02:23:05        15121  145.00   23.00    0.00  168.00    18  bt-mz.C.32
02:23:05        15122  144.50   23.00    0.00  167.50    19  bt-mz.C.32
02:23:05        15123  143.00   24.50    0.00  167.50     4  bt-mz.C.32
02:23:05        15124  142.50   25.50    0.00  168.00     5  bt-mz.C.32
02:23:05        15125  144.00   23.50    0.00  167.50    22  bt-mz.C.32
02:23:05        15126  142.50   24.50    0.00  167.00    23  bt-mz.C.32
02:23:05        15127  138.50   26.50    0.00  165.00     8  bt-mz.C.32
02:23:05        15130  141.00   25.50    0.00  166.50     9  bt-mz.C.32
02:23:05        15132  141.00   25.50    0.00  166.50    10  bt-mz.C.32
02:23:05        15135  140.00   26.50    0.00  166.50    27  bt-mz.C.32
02:23:05        15137  141.00   26.00    0.00  167.00    28  bt-mz.C.32
02:23:05        15140  138.00   28.00    0.00  166.00    29  bt-mz.C.32

02:23:05          PID    %usr %system  %guest    %CPU   CPU  Command
02:23:07         3141    0.00    0.50    0.00    0.50     8  kondemand/8
02:23:07         3152    0.00    0.50    0.00    0.50    19  kondemand/19
02:23:07         3161    0.00    0.50    0.00    0.50    28  kondemand/28
02:23:07         4128    0.50    0.00    0.00    0.50    16  gmond
02:23:07        15105    0.50    0.50    0.00    1.00    10  top
02:23:07        15107    0.50    1.50    0.00    2.00    24  pidstat
02:23:07        15109    0.50    2.00    0.00    2.50     3  pidstat
02:23:07        15119  147.00   20.50    0.00  167.50     0  bt-mz.C.32
02:23:07        15120  146.00   20.50    0.00  166.50     1  bt-mz.C.32
02:23:07        15121  145.50   22.50    0.00  168.00    18  bt-mz.C.32
02:23:07        15122  145.50   21.00    0.00  166.50    19  bt-mz.C.32
02:23:07        15123  142.00   24.00    0.00  166.00     4  bt-mz.C.32
02:23:07        15124  142.50   23.50    0.00  166.00     5  bt-mz.C.32
02:23:07        15125  144.50   21.50    0.00  166.00    22  bt-mz.C.32
02:23:07        15126  145.50   21.00    0.00  166.50    23  bt-mz.C.32
02:23:07        15127  140.50   24.50    0.00  165.00     8  bt-mz.C.32
02:23:07        15130  141.50   24.50    0.00  166.00     9  bt-mz.C.32
02:23:07        15132  140.50   24.00    0.00  164.50    26  bt-mz.C.32
02:23:07        15135  140.00   24.50    0.00  164.50    27  bt-mz.C.32
02:23:07        15137  141.00   25.50    0.00  166.50    28  bt-mz.C.32
02:23:07        15140  139.50   25.50    0.00  165.00    29  bt-mz.C.32

02:23:07          PID    %usr %system  %guest    %CPU   CPU  Command
02:23:09          156    0.00    0.50    0.00    0.50    25  events/25
02:23:09         3021    0.00    0.50    0.00    0.50    12  flush-8:0
02:23:09         3133    0.00    0.50    0.00    0.50     0  kondemand/0
02:23:09         3180    0.00    0.50    0.00    0.50    16  kipmi0
02:23:09         4128    0.50    0.00    0.00    0.50    16  gmond
02:23:09        15105    0.50    1.00    0.00    1.50    10  top
02:23:09        15107    1.00    2.00    0.00    3.00    24  pidstat
02:23:09        15109    1.00    2.00    0.00    3.00     3  pidstat
02:23:09        15110    0.00    0.50    0.00    0.50    21  mpstat
02:23:09        15119  140.00   24.50    0.00  164.50     0  bt-mz.C.32
02:23:09        15120  140.00   23.50    0.00  163.50     1  bt-mz.C.32
02:23:09        15121  138.50   25.50    0.00  164.00    18  bt-mz.C.32
02:23:09        15122  138.50   24.00    0.00  162.50    19  bt-mz.C.32
02:23:09        15123  137.50   26.00    0.00  163.50     4  bt-mz.C.32
02:23:09        15124  137.00   27.00    0.00  164.00     5  bt-mz.C.32
02:23:09        15125  139.00   25.00    0.00  164.00    22  bt-mz.C.32
02:23:09        15126  137.50   26.00    0.00  163.50    23  bt-mz.C.32
02:23:09        15127  132.50   29.00    0.00  161.50     8  bt-mz.C.32
02:23:09        15130  135.00   28.00    0.00  163.00     9  bt-mz.C.32
02:23:09        15132  135.00   28.00    0.00  163.00    10  bt-mz.C.32
02:23:09        15135  135.00   27.50    0.00  162.50    27  bt-mz.C.32
02:23:09        15137  135.50   27.50    0.00  163.00    28  bt-mz.C.32
02:23:09        15140  132.50   30.00    0.00  162.50    29  bt-mz.C.32
