Linux 2.6.32-279.14.1.el6.x86_64 (compute-641-14.local) 	04/21/20 	_x86_64_	(32 CPU)

03:10:03          PID    %usr %system  %guest    %CPU   CPU  Command
03:10:05           77    0.00    0.49    0.00    0.49    18  ksoftirqd/18
03:10:05         3135    0.00    0.49    0.00    0.49     2  kondemand/2
03:10:05         3145    0.00    0.49    0.00    0.49    12  kondemand/12
03:10:05         3156    0.00    0.49    0.00    0.49    23  kondemand/23
03:10:05         3852    0.49    0.00    0.00    0.49     8  pbs_mom
03:10:05         4128    0.49    0.49    0.00    0.98     1  gmond
03:10:05        25491    3.43    1.96    0.00    5.39    17  mpirun
03:10:05        25497    0.49    0.49    0.00    0.98    18  top
03:10:05        25499    0.98    1.96    0.00    2.94    28  pidstat
03:10:05        25501    0.98    1.96    0.00    2.94     0  pidstat
03:10:05        25510   94.61    7.35    0.00  101.96     1  bt-mz.B.24
03:10:05        25511   95.10    6.37    0.00  101.47    26  bt-mz.B.24
03:10:05        25512   89.22    5.88    0.00   95.10    22  bt-mz.B.24
03:10:05        25513   86.76    5.88    0.00   92.65    28  bt-mz.B.24
03:10:05        25514   88.24    5.88    0.00   94.12    30  bt-mz.B.24
03:10:05        25515   77.94    7.35    0.00   85.29    21  bt-mz.B.24
03:10:05        25516   71.57    4.90    0.00   76.47     5  bt-mz.B.24
03:10:05        25517   86.76    5.88    0.00   92.65     2  bt-mz.B.24
03:10:05        25518   84.80    4.90    0.00   89.71     7  bt-mz.B.24
03:10:05        25519   86.76    6.37    0.00   93.14    18  bt-mz.B.24
03:10:05        25520   75.98    5.88    0.00   81.86     3  bt-mz.B.24
03:10:05        25521   82.35    4.90    0.00   87.25     0  bt-mz.B.24
03:10:05        25526   91.67    6.37    0.00   98.04    24  bt-mz.B.24

03:10:05          PID    %usr %system  %guest    %CPU   CPU  Command
03:10:07         3138    0.00    0.50    0.00    0.50     5  kondemand/5
03:10:07         3146    0.00    0.50    0.00    0.50    13  kondemand/13
03:10:07         3149    0.00    0.50    0.00    0.50    16  kondemand/16
03:10:07         3180    0.00    0.50    0.00    0.50     0  kipmi0
03:10:07        25497    0.50    1.00    0.00    1.50    18  top
03:10:07        25499    0.50    1.50    0.00    2.00    28  pidstat
03:10:07        25501    0.50    1.00    0.00    1.50     0  pidstat
03:10:07        25510  106.50    0.00    0.00  106.50     1  bt-mz.B.24
03:10:07        25511  111.50    0.00    0.00  111.50    10  bt-mz.B.24
03:10:07        25512   99.50    0.00    0.00   99.50    22  bt-mz.B.24
03:10:07        25513  107.00    0.00    0.00  107.00     8  bt-mz.B.24
03:10:07        25514  110.50    0.00    0.00  110.50    30  bt-mz.B.24
03:10:07        25515  101.00    0.00    0.00  101.00    20  bt-mz.B.24
03:10:07        25516   96.50    0.00    0.00   96.50    19  bt-mz.B.24
03:10:07        25517   94.50    0.00    0.00   94.50    17  bt-mz.B.24
03:10:07        25518   97.00    0.00    0.00   97.00    18  bt-mz.B.24
03:10:07        25519   91.00    0.00    0.00   91.00     3  bt-mz.B.24
03:10:07        25520   90.00    0.00    0.00   90.00     6  bt-mz.B.24
03:10:07        25521  104.50    0.50    0.00  105.00    16  bt-mz.B.24
03:10:07        25526  109.00    0.00    0.00  109.00    24  bt-mz.B.24

03:10:07          PID    %usr %system  %guest    %CPU   CPU  Command
03:10:09         3133    0.00    0.50    0.00    0.50     0  kondemand/0
03:10:09         3137    0.00    0.50    0.00    0.50     4  kondemand/4
03:10:09         3150    0.00    0.50    0.00    0.50    17  kondemand/17
03:10:09         4128    0.00    0.50    0.00    0.50     1  gmond
03:10:09        25497    0.50    0.50    0.00    1.00    18  top
03:10:09        25499    0.50    2.00    0.00    2.50    28  pidstat
03:10:09        25501    1.00    2.00    0.00    3.00     0  pidstat
03:10:09        25510   95.50    0.00    0.00   95.50     2  bt-mz.B.24
03:10:09        25511  111.00    0.50    0.00  111.50    29  bt-mz.B.24
03:10:09        25512   92.50    0.00    0.00   92.50    16  bt-mz.B.24
03:10:09        25513  107.50    0.00    0.00  107.50    26  bt-mz.B.24
03:10:09        25514  111.50    0.00    0.00  111.50    14  bt-mz.B.24
03:10:09        25515  105.50    0.00    0.00  105.50    20  bt-mz.B.24
03:10:09        25516   95.50    0.50    0.00   96.00    23  bt-mz.B.24
03:10:09        25517  102.50    0.00    0.00  102.50    17  bt-mz.B.24
03:10:09        25518   87.50    0.00    0.00   87.50     4  bt-mz.B.24
03:10:09        25519   85.50    0.00    0.00   85.50    19  bt-mz.B.24
03:10:09        25520  106.00    0.00    0.00  106.00     6  bt-mz.B.24
03:10:09        25521   99.00    0.00    0.00   99.00    16  bt-mz.B.24
03:10:09        25526  109.00    0.00    0.00  109.00     8  bt-mz.B.24

03:10:09          PID    %usr %system  %guest    %CPU   CPU  Command
03:10:11          159    0.00    0.50    0.00    0.50    28  events/28
03:10:11         3141    0.00    0.50    0.00    0.50     8  kondemand/8
03:10:11         3162    0.00    0.50    0.00    0.50    29  kondemand/29
03:10:11        25497    0.50    1.00    0.00    1.50    18  top
03:10:11        25499    1.00    1.50    0.00    2.50    28  pidstat
03:10:11        25501    0.50    1.00    0.00    1.50     0  pidstat
03:10:11        25510  114.50    0.00    0.00  114.50     2  bt-mz.B.24
03:10:11        25511  111.00    0.00    0.00  111.00    29  bt-mz.B.24
03:10:11        25512  102.50    0.00    0.00  102.50     0  bt-mz.B.24
03:10:11        25513  109.00    0.00    0.00  109.00    10  bt-mz.B.24
03:10:11        25514  111.00    0.00    0.00  111.00    14  bt-mz.B.24
03:10:11        25515   86.00    0.00    0.00   86.00     4  bt-mz.B.24
03:10:11        25516  101.50    0.00    0.00  101.50    23  bt-mz.B.24
03:10:11        25517  104.50    0.00    0.00  104.50     1  bt-mz.B.24
03:10:11        25518   87.50    0.50    0.00   88.00    17  bt-mz.B.24
03:10:11        25519  109.00    0.00    0.00  109.00     3  bt-mz.B.24
03:10:11        25520  101.00    0.00    0.00  101.00    22  bt-mz.B.24
03:10:11        25521   97.00    0.00    0.00   97.00    16  bt-mz.B.24
03:10:11        25526  111.50    0.00    0.00  111.50    24  bt-mz.B.24

03:10:11          PID    %usr %system  %guest    %CPU   CPU  Command
03:10:13         3159    0.00    0.50    0.00    0.50    26  kondemand/26
03:10:13         3852    0.00    0.50    0.00    0.50     8  pbs_mom
03:10:13        25497    1.00    0.50    0.00    1.50    18  top
03:10:13        25499    0.50    2.00    0.00    2.50    28  pidstat
03:10:13        25501    1.00    2.00    0.00    3.00     0  pidstat
03:10:13        25510  111.50    0.00    0.00  111.50     5  bt-mz.B.24
03:10:13        25511  111.00    0.00    0.00  111.00    29  bt-mz.B.24
03:10:13        25512  106.50    0.00    0.00  106.50     0  bt-mz.B.24
03:10:13        25513  104.00    0.00    0.00  104.00    10  bt-mz.B.24
03:10:13        25514  110.50    0.00    0.00  110.50    14  bt-mz.B.24
03:10:13        25515   94.50    0.00    0.00   94.50     2  bt-mz.B.24
03:10:13        25516  106.50    0.00    0.00  106.50     7  bt-mz.B.24
03:10:13        25517   79.50    0.00    0.00   79.50    18  bt-mz.B.24
03:10:13        25518   92.50    0.00    0.00   92.50    22  bt-mz.B.24
03:10:13        25519  102.00    0.00    0.00  102.00     6  bt-mz.B.24
03:10:13        25520  104.00    0.00    0.00  104.00    22  bt-mz.B.24
03:10:13        25521  102.00    0.00    0.00  102.00    21  bt-mz.B.24
03:10:13        25526  110.00    0.00    0.00  110.00    24  bt-mz.B.24

03:10:13          PID    %usr %system  %guest    %CPU   CPU  Command
03:10:15         3139    0.00    0.50    0.00    0.50     6  kondemand/6
03:10:15         3152    0.00    0.50    0.00    0.50    19  kondemand/19
03:10:15         3153    0.00    0.50    0.00    0.50    20  kondemand/20
03:10:15         3160    0.00    0.50    0.00    0.50    27  kondemand/27
03:10:15         3163    0.00    0.50    0.00    0.50    30  kondemand/30
03:10:15         4128    0.00    0.50    0.00    0.50     1  gmond
03:10:15        25497    0.50    0.50    0.00    1.00    18  top
03:10:15        25499    0.50    1.50    0.00    2.00    28  pidstat
03:10:15        25501    0.50    1.50    0.00    2.00    16  pidstat
03:10:15        25510   99.00    0.00    0.00   99.00     5  bt-mz.B.24
03:10:15        25511  111.00    0.00    0.00  111.00    29  bt-mz.B.24
03:10:15        25512   90.00    0.00    0.00   90.00     4  bt-mz.B.24
03:10:15        25513  109.00    0.00    0.00  109.00    30  bt-mz.B.24
03:10:15        25514  108.50    0.00    0.00  108.50    14  bt-mz.B.24
03:10:15        25515  100.50    0.00    0.00  100.50    18  bt-mz.B.24
03:10:15        25516   86.00    0.00    0.00   86.00     2  bt-mz.B.24
03:10:15        25517   91.00    0.00    0.00   91.00     0  bt-mz.B.24
03:10:15        25518   78.00    0.00    0.00   78.00    23  bt-mz.B.24
03:10:15        25519  107.50    0.00    0.00  107.50     6  bt-mz.B.24
03:10:15        25520   92.00    0.00    0.00   92.00    16  bt-mz.B.24
03:10:15        25521   87.00    0.00    0.00   87.00    19  bt-mz.B.24
03:10:15        25526  108.50    0.00    0.00  108.50    27  bt-mz.B.24

03:10:15          PID    %usr %system  %guest    %CPU   CPU  Command
03:10:17         3134    0.00    0.50    0.00    0.50     1  kondemand/1
03:10:17         3136    0.00    0.50    0.00    0.50     3  kondemand/3
03:10:17        25497    0.50    1.00    0.00    1.50     2  top
03:10:17        25499    0.50    2.00    0.00    2.50    28  pidstat
03:10:17        25501    1.00    2.50    0.00    3.50     1  pidstat
03:10:17        25510  116.00    0.00    0.00  116.00    12  bt-mz.B.24
03:10:17        25511  113.00    0.00    0.00  113.00    29  bt-mz.B.24
03:10:17        25512  109.50    0.00    0.00  109.50     4  bt-mz.B.24
03:10:17        25513  108.50    0.00    0.00  108.50    25  bt-mz.B.24
03:10:17        25514  111.00    0.00    0.00  111.00    14  bt-mz.B.24
03:10:17        25515  102.50    0.00    0.00  102.50    22  bt-mz.B.24
03:10:17        25516  100.50    0.00    0.00  100.50     2  bt-mz.B.24
03:10:17        25517  106.50    0.00    0.00  106.50    23  bt-mz.B.24
03:10:17        25518  102.50    0.00    0.00  102.50    16  bt-mz.B.24
03:10:17        25519  107.50    0.00    0.00  107.50     6  bt-mz.B.24
03:10:17        25520   96.00    0.00    0.00   96.00    18  bt-mz.B.24
03:10:17        25521  107.00    0.00    0.00  107.00    18  bt-mz.B.24
03:10:17        25526  113.00    0.00    0.00  113.00     8  bt-mz.B.24

03:10:17          PID    %usr %system  %guest    %CPU   CPU  Command
03:10:19         3148    0.00    0.50    0.00    0.50    15  kondemand/15
03:10:19         3180    0.00    1.00    0.00    1.00    16  kipmi0
03:10:19         4128    0.00    0.50    0.00    0.50    17  gmond
03:10:19        25497    0.50    0.50    0.00    1.00     2  top
03:10:19        25499    0.50    2.00    0.00    2.50    28  pidstat
03:10:19        25501    0.50    2.00    0.00    2.50     1  pidstat
03:10:19        25510  114.00    0.00    0.00  114.00    12  bt-mz.B.24
03:10:19        25511  113.50    0.00    0.00  113.50    15  bt-mz.B.24
03:10:19        25512  114.50    0.00    0.00  114.50     4  bt-mz.B.24
03:10:19        25513  111.00    0.00    0.00  111.00     8  bt-mz.B.24
03:10:19        25514  111.50    0.00    0.00  111.50    30  bt-mz.B.24
03:10:19        25515  108.00    0.00    0.00  108.00     6  bt-mz.B.24
03:10:19        25516  103.50    0.00    0.00  103.50    17  bt-mz.B.24
03:10:19        25517  105.00    0.00    0.00  105.00     7  bt-mz.B.24
03:10:19        25518  109.00    0.00    0.00  109.00     1  bt-mz.B.24
03:10:19        25519  108.50    0.00    0.00  108.50     5  bt-mz.B.24
03:10:19        25520  106.00    0.00    0.00  106.00    23  bt-mz.B.24
03:10:19        25521  105.00    0.00    0.00  105.00    18  bt-mz.B.24
03:10:19        25526  105.50    0.00    0.00  105.50    28  bt-mz.B.24

03:10:19          PID    %usr %system  %guest    %CPU   CPU  Command
03:10:21         4128    0.50    0.00    0.00    0.50    17  gmond
03:10:21        25497    0.50    1.00    0.00    1.50     2  top
03:10:21        25499    1.00    2.00    0.00    3.00    28  pidstat
03:10:21        25501    0.50    1.00    0.00    1.50     1  pidstat
03:10:21        25503    0.00    0.50    0.00    0.50     4  iostat
03:10:21        25510  109.50    0.00    0.00  109.50    30  bt-mz.B.24
03:10:21        25511  109.50    0.00    0.00  109.50    29  bt-mz.B.24
03:10:21        25512  108.00    0.00    0.00  108.00     4  bt-mz.B.24
03:10:21        25513  107.00    0.00    0.00  107.00     8  bt-mz.B.24
03:10:21        25514  107.00    0.00    0.00  107.00    14  bt-mz.B.24
03:10:21        25515  101.50    0.00    0.00  101.50     0  bt-mz.B.24
03:10:21        25516   94.50    0.00    0.00   94.50    17  bt-mz.B.24
03:10:21        25517  103.50    0.00    0.00  103.50    16  bt-mz.B.24
03:10:21        25518   94.50    0.00    0.00   94.50    22  bt-mz.B.24
03:10:21        25519  103.50    0.50    0.00  104.00     1  bt-mz.B.24
03:10:21        25520  107.00    0.00    0.00  107.00     7  bt-mz.B.24
03:10:21        25521  105.00    0.00    0.00  105.00     6  bt-mz.B.24
03:10:21        25526  103.50    0.50    0.00  104.00    12  bt-mz.B.24

03:10:21          PID    %usr %system  %guest    %CPU   CPU  Command
03:10:23         3143    0.00    0.50    0.00    0.50    10  kondemand/10
03:10:23         3180    0.00    0.50    0.00    0.50    16  kipmi0
03:10:23         4128    0.00    0.50    0.00    0.50    17  gmond
03:10:23        25497    0.00    1.00    0.00    1.00    18  top
03:10:23        25499    0.50    1.50    0.00    2.00    12  pidstat
03:10:23        25501    0.50    2.00    0.00    2.50     1  pidstat
03:10:23        25510  112.50    0.00    0.00  112.50    24  bt-mz.B.24
03:10:23        25511  108.50    0.00    0.00  108.50    29  bt-mz.B.24
03:10:23        25512  114.50    0.50    0.00  115.00     4  bt-mz.B.24
03:10:23        25513  109.50    0.00    0.00  109.50     8  bt-mz.B.24
03:10:23        25514  110.00    0.00    0.00  110.00    30  bt-mz.B.24
03:10:23        25515  105.50    0.00    0.00  105.50     0  bt-mz.B.24
03:10:23        25516  102.50    0.00    0.00  102.50    22  bt-mz.B.24
03:10:23        25517   98.00    0.00    0.00   98.00    17  bt-mz.B.24
03:10:23        25518  101.00    0.00    0.00  101.00    23  bt-mz.B.24
03:10:23        25519  100.50    0.00    0.00  100.50     5  bt-mz.B.24
03:10:23        25520  111.00    0.00    0.00  111.00     7  bt-mz.B.24
03:10:23        25521  108.00    0.00    0.00  108.00     6  bt-mz.B.24
03:10:23        25526  111.00    0.00    0.00  111.00    28  bt-mz.B.24

03:10:23          PID    %usr %system  %guest    %CPU   CPU  Command
03:10:25         3157    0.00    0.50    0.00    0.50    24  kondemand/24
03:10:25        25497    1.00    0.50    0.00    1.50    18  top
03:10:25        25499    1.00    1.50    0.00    2.50    12  pidstat
03:10:25        25501    0.50    2.00    0.00    2.50    17  pidstat
03:10:25        25510  110.00    0.00    0.00  110.00    24  bt-mz.B.24
03:10:25        25511  107.50    0.00    0.00  107.50    29  bt-mz.B.24
03:10:25        25512  102.00    0.00    0.00  102.00     0  bt-mz.B.24
03:10:25        25513  111.00    0.00    0.00  111.00    25  bt-mz.B.24
03:10:25        25514  107.50    0.00    0.00  107.50     8  bt-mz.B.24
03:10:25        25515  101.00    0.00    0.00  101.00     0  bt-mz.B.24
03:10:25        25516   80.50    0.00    0.00   80.50    16  bt-mz.B.24
03:10:25        25517  112.00    0.00    0.00  112.00     1  bt-mz.B.24
03:10:25        25518  107.00    0.00    0.00  107.00    23  bt-mz.B.24
03:10:25        25519  101.50    0.00    0.00  101.50    22  bt-mz.B.24
03:10:25        25520  100.00    0.00    0.00  100.00     3  bt-mz.B.24
03:10:25        25521   87.50    0.00    0.00   87.50    17  bt-mz.B.24
03:10:25        25526  112.00    0.00    0.00  112.00    28  bt-mz.B.24

03:10:25          PID    %usr %system  %guest    %CPU   CPU  Command
03:10:27         3147    0.00    0.50    0.00    0.50    14  kondemand/14
03:10:27         4128    0.00    0.50    0.00    0.50    17  gmond
03:10:27        25497    0.00    0.50    0.00    0.50    18  top
03:10:27        25499    0.50    2.00    0.00    2.50    28  pidstat
03:10:27        25501    1.00    2.00    0.00    3.00    17  pidstat
03:10:27        25510  107.50    0.00    0.00  107.50     8  bt-mz.B.24
03:10:27        25511  106.50    0.00    0.00  106.50    29  bt-mz.B.24
03:10:27        25512   95.00    0.00    0.00   95.00    18  bt-mz.B.24
03:10:27        25513  106.00    0.00    0.00  106.00    25  bt-mz.B.24
03:10:27        25514  103.50    0.00    0.00  103.50     9  bt-mz.B.24
03:10:27        25515  100.50    0.00    0.00  100.50     0  bt-mz.B.24
03:10:27        25516  100.50    0.00    0.00  100.50    21  bt-mz.B.24
03:10:27        25517  107.50    0.00    0.00  107.50     1  bt-mz.B.24
03:10:27        25518  105.50    0.00    0.00  105.50     7  bt-mz.B.24
03:10:27        25519  106.50    0.00    0.00  106.50    22  bt-mz.B.24
03:10:27        25520  102.50    0.00    0.00  102.50     6  bt-mz.B.24
03:10:27        25521   99.00    0.50    0.00   99.50    19  bt-mz.B.24
03:10:27        25526  113.00    0.00    0.00  113.00    12  bt-mz.B.24

03:10:27          PID    %usr %system  %guest    %CPU   CPU  Command
03:10:29         3142    0.00    0.50    0.00    0.50     9  kondemand/9
03:10:29         3180    0.00    0.50    0.00    0.50    16  kipmi0
03:10:29        25497    1.00    0.50    0.00    1.50    18  top
03:10:29        25499    0.50    2.00    0.00    2.50    28  pidstat
03:10:29        25501    1.00    2.00    0.00    3.00    17  pidstat
03:10:29        25510  109.00    0.00    0.00  109.00    25  bt-mz.B.24
03:10:29        25511  109.50    0.00    0.00  109.50    13  bt-mz.B.24
03:10:29        25512  101.00    0.00    0.00  101.00    18  bt-mz.B.24
03:10:29        25513  110.00    0.00    0.00  110.00     9  bt-mz.B.24
03:10:29        25514  110.00    0.00    0.00  110.00     8  bt-mz.B.24
03:10:29        25515  103.00    0.00    0.00  103.00    16  bt-mz.B.24
03:10:29        25516  108.50    0.00    0.00  108.50    22  bt-mz.B.24
03:10:29        25517  102.00    0.00    0.00  102.00     0  bt-mz.B.24
03:10:29        25518   99.50    0.00    0.00   99.50    23  bt-mz.B.24
03:10:29        25519  107.00    0.00    0.00  107.00     6  bt-mz.B.24
03:10:29        25520  103.50    0.50    0.00  104.00     2  bt-mz.B.24
03:10:29        25521  110.50    0.00    0.00  110.50    19  bt-mz.B.24
03:10:29        25526  111.00    0.00    0.00  111.00    30  bt-mz.B.24

03:10:29          PID    %usr %system  %guest    %CPU   CPU  Command
03:10:31         4128    0.00    0.50    0.00    0.50    17  gmond
03:10:31        25497    0.50    1.00    0.00    1.50    18  top
03:10:31        25499    0.50    2.00    0.00    2.50    12  pidstat
03:10:31        25501    0.50    2.00    0.00    2.50     1  pidstat
03:10:31        25510  113.50    0.00    0.00  113.50    29  bt-mz.B.24
03:10:31        25511  114.00    0.00    0.00  114.00    13  bt-mz.B.24
03:10:31        25512  102.00    0.00    0.00  102.00     5  bt-mz.B.24
03:10:31        25513  104.00    0.50    0.00  104.50    25  bt-mz.B.24
03:10:31        25514  110.50    0.00    0.00  110.50     8  bt-mz.B.24
03:10:31        25515  107.50    0.00    0.00  107.50     4  bt-mz.B.24
03:10:31        25516  104.50    0.00    0.00  104.50     6  bt-mz.B.24
03:10:31        25517   98.50    0.00    0.00   98.50     0  bt-mz.B.24
03:10:31        25518   96.50    0.00    0.00   96.50    19  bt-mz.B.24
03:10:31        25519  105.50    0.00    0.00  105.50    20  bt-mz.B.24
03:10:31        25520  106.00    0.00    0.00  106.00    16  bt-mz.B.24
03:10:31        25521  105.00    0.00    0.00  105.00     7  bt-mz.B.24
03:10:31        25526  111.00    0.00    0.00  111.00    30  bt-mz.B.24

03:10:31          PID    %usr %system  %guest    %CPU   CPU  Command
03:10:33         3195    0.00    0.50    0.00    0.50    28  irqbalance
03:10:33        25497    0.50    0.50    0.00    1.00    18  top
03:10:33        25499    0.50    1.50    0.00    2.00    28  pidstat
03:10:33        25501    1.00    1.50    0.00    2.50     1  pidstat
03:10:33        25510  115.50    0.00    0.00  115.50    13  bt-mz.B.24
03:10:33        25511  111.00    0.00    0.00  111.00    27  bt-mz.B.24
03:10:33        25512   76.50    0.00    0.00   76.50     5  bt-mz.B.24
03:10:33        25513  111.00    0.00    0.00  111.00     9  bt-mz.B.24
03:10:33        25514  111.00    0.00    0.00  111.00    11  bt-mz.B.24
03:10:33        25515   77.00    0.00    0.00   77.00    18  bt-mz.B.24
03:10:33        25516  109.00    0.00    0.00  109.00     2  bt-mz.B.24
03:10:33        25517  108.00    0.00    0.00  108.00     0  bt-mz.B.24
03:10:33        25518  102.50    0.00    0.00  102.50    19  bt-mz.B.24
03:10:33        25519  101.50    0.50    0.00  102.00    20  bt-mz.B.24
03:10:33        25520  102.50    0.00    0.00  102.50    16  bt-mz.B.24
03:10:33        25521  109.00    0.00    0.00  109.00     4  bt-mz.B.24
03:10:33        25526  104.50    0.00    0.00  104.50    14  bt-mz.B.24

03:10:33          PID    %usr %system  %guest    %CPU   CPU  Command
03:10:35         3133    0.00    0.50    0.00    0.50     0  kondemand/0
03:10:35         3155    0.00    0.50    0.00    0.50    22  kondemand/22
03:10:35         3161    0.00    0.50    0.00    0.50    28  kondemand/28
03:10:35         3180    0.00    0.50    0.00    0.50     0  kipmi0
03:10:35         4128    0.00    0.50    0.00    0.50    17  gmond
03:10:35        25497    0.50    1.00    0.00    1.50    18  top
03:10:35        25499    1.00    1.50    0.00    2.50    28  pidstat
03:10:35        25501    0.50    2.00    0.00    2.50    17  pidstat
03:10:35        25510  120.50    0.00    0.00  120.50    13  bt-mz.B.24
03:10:35        25511  115.50    0.00    0.00  115.50    25  bt-mz.B.24
03:10:35        25512  112.50    0.00    0.00  112.50     5  bt-mz.B.24
03:10:35        25513  110.00    0.00    0.00  110.00    12  bt-mz.B.24
03:10:35        25514  108.50    0.50    0.00  109.00    14  bt-mz.B.24
03:10:35        25515  107.00    0.50    0.00  107.50    21  bt-mz.B.24
03:10:35        25516  105.00    0.00    0.00  105.00    18  bt-mz.B.24
03:10:35        25517  113.00    0.00    0.00  113.00    16  bt-mz.B.24
03:10:35        25518  106.00    0.00    0.00  106.00     3  bt-mz.B.24
03:10:35        25519  103.00    0.50    0.00  103.50     2  bt-mz.B.24
03:10:35        25520  100.00    0.00    0.00  100.00    21  bt-mz.B.24
03:10:35        25521  108.50    0.00    0.00  108.50     4  bt-mz.B.24
03:10:35        25526  113.00    0.00    0.00  113.00     8  bt-mz.B.24

03:10:35          PID    %usr %system  %guest    %CPU   CPU  Command
03:10:37         3021    0.00    1.00    0.00    1.00    12  flush-8:0
03:10:37         3135    0.00    0.50    0.00    0.50     2  kondemand/2
03:10:37         3140    0.00    0.50    0.00    0.50     7  kondemand/7
03:10:37         3144    0.00    0.50    0.00    0.50    11  kondemand/11
03:10:37         3151    0.00    0.50    0.00    0.50    18  kondemand/18
03:10:37         3684    0.00    0.50    0.00    0.50    22  snmpd
03:10:37        25497    0.50    0.50    0.00    1.00    18  top
03:10:37        25499    0.50    2.00    0.00    2.50    28  pidstat
03:10:37        25501    0.50    2.00    0.00    2.50    17  pidstat
03:10:37        25510  110.50    0.00    0.00  110.50    29  bt-mz.B.24
03:10:37        25511  111.50    0.00    0.00  111.50    15  bt-mz.B.24
03:10:37        25512  102.50    0.00    0.00  102.50     1  bt-mz.B.24
03:10:37        25513  102.50    0.00    0.00  102.50    14  bt-mz.B.24
03:10:37        25514  109.00    0.00    0.00  109.00    30  bt-mz.B.24
03:10:37        25515   82.50    0.00    0.00   82.50    19  bt-mz.B.24
03:10:37        25516  100.50    0.50    0.00  101.00     2  bt-mz.B.24
03:10:37        25517  101.00    0.00    0.00  101.00    16  bt-mz.B.24
03:10:37        25518  100.50    0.00    0.00  100.50     3  bt-mz.B.24
03:10:37        25519  105.00    0.00    0.00  105.00     1  bt-mz.B.24
03:10:37        25520   92.00    0.00    0.00   92.00    21  bt-mz.B.24
03:10:37        25521  107.50    0.00    0.00  107.50    20  bt-mz.B.24
03:10:37        25526  108.00    0.00    0.00  108.00     8  bt-mz.B.24

03:10:37          PID    %usr %system  %guest    %CPU   CPU  Command
03:10:39         3180    0.00    0.50    0.00    0.50    18  kipmi0
03:10:39         4128    0.50    0.00    0.00    0.50     1  gmond
03:10:39        25497    0.50    0.50    0.00    1.00     2  top
03:10:39        25499    0.50    2.00    0.00    2.50    12  pidstat
03:10:39        25501    0.00    1.00    0.00    1.00    17  pidstat
03:10:39        25510  118.50    0.00    0.00  118.50    13  bt-mz.B.24
03:10:39        25511  118.50    0.00    0.00  118.50    14  bt-mz.B.24
03:10:39        25512  109.50    0.00    0.00  109.50    23  bt-mz.B.24
03:10:39        25513  118.00    0.00    0.00  118.00    28  bt-mz.B.24
03:10:39        25514  113.50    0.00    0.00  113.50     9  bt-mz.B.24
03:10:39        25515  110.00    0.00    0.00  110.00    17  bt-mz.B.24
03:10:39        25516  115.50    0.00    0.00  115.50     2  bt-mz.B.24
03:10:39        25517  110.50    0.00    0.00  110.50    16  bt-mz.B.24
03:10:39        25518  105.50    0.00    0.00  105.50    18  bt-mz.B.24
03:10:39        25519  107.50    0.00    0.00  107.50     0  bt-mz.B.24
03:10:39        25520  104.00    0.00    0.00  104.00    19  bt-mz.B.24
03:10:39        25521  110.00    0.00    0.00  110.00     4  bt-mz.B.24
03:10:39        25526  115.00    0.00    0.00  115.00     8  bt-mz.B.24

03:10:39          PID    %usr %system  %guest    %CPU   CPU  Command
03:10:41         3149    0.00    0.50    0.00    0.50    16  kondemand/16
03:10:41         3158    0.00    0.50    0.00    0.50    25  kondemand/25
03:10:41         4128    0.00    0.50    0.00    0.50     1  gmond
03:10:41        25497    1.00    0.50    0.00    1.50     2  top
03:10:41        25499    1.00    1.50    0.00    2.50    12  pidstat
03:10:41        25501    1.00    2.00    0.00    3.00    17  pidstat
03:10:41        25503    0.00    0.50    0.00    0.50     4  iostat
03:10:41        25510  112.00    0.00    0.00  112.00    29  bt-mz.B.24
03:10:41        25511  108.50    0.00    0.00  108.50    27  bt-mz.B.24
03:10:41        25512  104.00    0.00    0.00  104.00     5  bt-mz.B.24
03:10:41        25513  107.00    0.00    0.00  107.00    30  bt-mz.B.24
03:10:41        25514  109.00    0.00    0.00  109.00     9  bt-mz.B.24
03:10:41        25515  102.00    0.00    0.00  102.00     2  bt-mz.B.24
03:10:41        25516  103.50    0.00    0.00  103.50    18  bt-mz.B.24
03:10:41        25517  102.00    0.00    0.00  102.00    17  bt-mz.B.24
03:10:41        25518  106.00    0.50    0.00  106.50     6  bt-mz.B.24
03:10:41        25519  108.00    0.00    0.00  108.00    16  bt-mz.B.24
03:10:41        25520  107.50    0.00    0.00  107.50    19  bt-mz.B.24
03:10:41        25521  107.00    0.00    0.00  107.00    20  bt-mz.B.24
03:10:41        25526  106.50    0.00    0.00  106.50     8  bt-mz.B.24

03:10:41          PID    %usr %system  %guest    %CPU   CPU  Command
03:10:43         3138    0.00    0.50    0.00    0.50     5  kondemand/5
03:10:43         3141    0.00    0.50    0.00    0.50     8  kondemand/8
03:10:43         3145    0.00    0.50    0.00    0.50    12  kondemand/12
03:10:43         3154    0.00    0.50    0.00    0.50    21  kondemand/21
03:10:43        25497    0.50    0.50    0.00    1.00     2  top
03:10:43        25499    0.50    1.50    0.00    2.00    12  pidstat
03:10:43        25501    0.50    1.50    0.00    2.00    17  pidstat
03:10:43        25510  119.50    0.00    0.00  119.50    29  bt-mz.B.24
03:10:43        25511  115.00    0.00    0.00  115.00    27  bt-mz.B.24
03:10:43        25512  107.50    0.00    0.00  107.50    16  bt-mz.B.24
03:10:43        25513  112.00    0.00    0.00  112.00    15  bt-mz.B.24
03:10:43        25514  109.50    0.00    0.00  109.50     9  bt-mz.B.24
03:10:43        25515  109.50    0.00    0.00  109.50     2  bt-mz.B.24
03:10:43        25516  101.00    0.00    0.00  101.00    18  bt-mz.B.24
03:10:43        25517  106.50    0.00    0.00  106.50     1  bt-mz.B.24
03:10:43        25518  108.00    0.00    0.00  108.00     1  bt-mz.B.24
03:10:43        25519  101.50    0.00    0.00  101.50     3  bt-mz.B.24
03:10:43        25520  103.50    0.00    0.00  103.50    20  bt-mz.B.24
03:10:43        25521  109.00    0.00    0.00  109.00     5  bt-mz.B.24
03:10:43        25526  109.50    0.00    0.00  109.50    10  bt-mz.B.24

03:10:43          PID    %usr %system  %guest    %CPU   CPU  Command
03:10:45          141    0.00    0.50    0.00    0.50    10  events/10
03:10:45         3137    0.00    0.50    0.00    0.50     4  kondemand/4
03:10:45         4128    0.00    0.50    0.00    0.50     1  gmond
03:10:45        25497    0.50    0.50    0.00    1.00     2  top
03:10:45        25499    0.50    2.00    0.00    2.50    12  pidstat
03:10:45        25501    0.50    2.50    0.00    3.00    17  pidstat
03:10:45        25510  112.00    0.00    0.00  112.00    29  bt-mz.B.24
03:10:45        25511  108.50    0.00    0.00  108.50    27  bt-mz.B.24
03:10:45        25512  105.50    0.00    0.00  105.50    16  bt-mz.B.24
03:10:45        25513  103.00    0.00    0.00  103.00    15  bt-mz.B.24
03:10:45        25514  106.50    0.00    0.00  106.50    11  bt-mz.B.24
03:10:45        25515  105.00    0.00    0.00  105.00     2  bt-mz.B.24
03:10:45        25516  110.50    0.00    0.00  110.50     4  bt-mz.B.24
03:10:45        25517  104.00    0.00    0.00  104.00     1  bt-mz.B.24
03:10:45        25518  107.50    0.00    0.00  107.50    17  bt-mz.B.24
03:10:45        25519  104.00    0.00    0.00  104.00     3  bt-mz.B.24
03:10:45        25520  103.00    0.00    0.00  103.00     5  bt-mz.B.24
03:10:45        25521  107.50    0.00    0.00  107.50    21  bt-mz.B.24
03:10:45        25526  108.00    0.00    0.00  108.00    13  bt-mz.B.24

03:10:45          PID    %usr %system  %guest    %CPU   CPU  Command
03:10:47           13    0.00    0.50    0.00    0.50     2  ksoftirqd/2
03:10:47         3146    0.00    0.50    0.00    0.50    13  kondemand/13
03:10:47         3150    0.00    0.50    0.00    0.50    17  kondemand/17
03:10:47         3156    0.00    0.50    0.00    0.50    23  kondemand/23
03:10:47        25497    1.00    1.00    0.00    2.00     2  top
03:10:47        25499    1.00    1.50    0.00    2.50    12  pidstat
03:10:47        25501    1.00    1.50    0.00    2.50    17  pidstat
03:10:47        25510  113.50    0.00    0.00  113.50    30  bt-mz.B.24
03:10:47        25511  110.00    0.00    0.00  110.00    28  bt-mz.B.24
03:10:47        25512  106.00    0.00    0.00  106.00    16  bt-mz.B.24
03:10:47        25513  109.00    0.00    0.00  109.00    14  bt-mz.B.24
03:10:47        25514  110.00    0.00    0.00  110.00    11  bt-mz.B.24
03:10:47        25515  105.50    0.00    0.00  105.50     2  bt-mz.B.24
03:10:47        25516  106.00    0.00    0.00  106.00    20  bt-mz.B.24
03:10:47        25517  103.00    0.00    0.00  103.00     0  bt-mz.B.24
03:10:47        25518  104.50    0.00    0.00  104.50    17  bt-mz.B.24
03:10:47        25519  106.00    0.00    0.00  106.00    23  bt-mz.B.24
03:10:47        25520  104.00    0.00    0.00  104.00    19  bt-mz.B.24
03:10:47        25521  110.50    0.00    0.00  110.50     5  bt-mz.B.24
03:10:47        25526  106.00    0.00    0.00  106.00    28  bt-mz.B.24

03:10:47          PID    %usr %system  %guest    %CPU   CPU  Command
03:10:49         3164    0.00    0.50    0.00    0.50    31  kondemand/31
03:10:49         4128    0.00    0.50    0.00    0.50    17  gmond
03:10:49        25497    0.00    0.50    0.00    0.50     2  top
03:10:49        25499    0.50    2.00    0.00    2.50    28  pidstat
03:10:49        25501    1.00    2.50    0.00    3.50    17  pidstat
03:10:49        25510  109.00    0.00    0.00  109.00    28  bt-mz.B.24
03:10:49        25511  115.50    0.00    0.00  115.50    12  bt-mz.B.24
03:10:49        25512  109.50    0.00    0.00  109.50     6  bt-mz.B.24
03:10:49        25513  106.50    0.00    0.00  106.50    14  bt-mz.B.24
03:10:49        25514  113.50    0.00    0.00  113.50    27  bt-mz.B.24
03:10:49        25515  109.50    0.00    0.00  109.50     2  bt-mz.B.24
03:10:49        25516   94.00    0.00    0.00   94.00    21  bt-mz.B.24
03:10:49        25517  107.00    0.50    0.00  107.50    16  bt-mz.B.24
03:10:49        25518  104.00    0.00    0.00  104.00    23  bt-mz.B.24
03:10:49        25519  113.50    0.00    0.00  113.50     7  bt-mz.B.24
03:10:49        25520  112.00    0.00    0.00  112.00     3  bt-mz.B.24
03:10:49        25521  107.00    0.00    0.00  107.00     0  bt-mz.B.24
03:10:49        25526  110.50    0.00    0.00  110.50    24  bt-mz.B.24

03:10:49          PID    %usr %system  %guest    %CPU   CPU  Command
03:10:51         3134    0.00    0.50    0.00    0.50     1  kondemand/1
03:10:51         3136    0.00    0.50    0.00    0.50     3  kondemand/3
03:10:51         3162    0.00    0.50    0.00    0.50    29  kondemand/29
03:10:51         3180    0.00    0.50    0.00    0.50    18  kipmi0
03:10:51        25497    0.50    1.00    0.00    1.50    18  top
03:10:51        25499    0.50    2.00    0.00    2.50    28  pidstat
03:10:51        25501    0.50    2.00    0.00    2.50    17  pidstat
03:10:51        25510  117.50    0.00    0.00  117.50    12  bt-mz.B.24
03:10:51        25511  109.00    0.00    0.00  109.00    25  bt-mz.B.24
03:10:51        25512  102.50    0.00    0.00  102.50     4  bt-mz.B.24
03:10:51        25513  107.50    0.00    0.00  107.50    10  bt-mz.B.24
03:10:51        25514  109.50    0.00    0.00  109.50    11  bt-mz.B.24
03:10:51        25515  107.00    0.00    0.00  107.00     2  bt-mz.B.24
03:10:51        25516  102.00    0.00    0.00  102.00    22  bt-mz.B.24
03:10:51        25517  102.00    0.00    0.00  102.00     6  bt-mz.B.24
03:10:51        25518  106.50    0.00    0.00  106.50    21  bt-mz.B.24
03:10:51        25519  109.50    0.00    0.00  109.50    20  bt-mz.B.24
03:10:51        25520  108.00    0.00    0.00  108.00     5  bt-mz.B.24
03:10:51        25521  107.00    0.00    0.00  107.00     7  bt-mz.B.24
03:10:51        25526  108.00    0.00    0.00  108.00    31  bt-mz.B.24

03:10:51          PID    %usr %system  %guest    %CPU   CPU  Command
03:10:53         3139    0.00    0.50    0.00    0.50     6  kondemand/6
03:10:53         3152    0.00    0.50    0.00    0.50    19  kondemand/19
03:10:53         3153    0.00    0.50    0.00    0.50    20  kondemand/20
03:10:53         3180    0.00    0.50    0.00    0.50     2  kipmi0
03:10:53         4128    0.00    0.50    0.00    0.50     1  gmond
03:10:53        25497    0.50    0.50    0.00    1.00    18  top
03:10:53        25499    0.50    2.00    0.00    2.50    28  pidstat
03:10:53        25501    0.50    1.00    0.00    1.50    17  pidstat
03:10:53        25506    0.00    0.50    0.00    0.50    13  vmstat
03:10:53        25510  116.50    0.00    0.00  116.50    12  bt-mz.B.24
03:10:53        25511  112.50    0.00    0.00  112.50    13  bt-mz.B.24
03:10:53        25512  105.50    0.00    0.00  105.50     4  bt-mz.B.24
03:10:53        25513  113.50    0.00    0.00  113.50     9  bt-mz.B.24
03:10:53        25514  107.50    0.00    0.00  107.50    15  bt-mz.B.24
03:10:53        25515  110.50    0.00    0.00  110.50     2  bt-mz.B.24
03:10:53        25516   91.50    0.00    0.00   91.50    16  bt-mz.B.24
03:10:53        25517   84.50    0.00    0.00   84.50    21  bt-mz.B.24
03:10:53        25518   89.50    0.00    0.00   89.50    21  bt-mz.B.24
03:10:53        25519   82.50    0.00    0.00   82.50    22  bt-mz.B.24
03:10:53        25520   87.50    0.00    0.00   87.50     2  bt-mz.B.24
03:10:53        25521  104.00    0.50    0.00  104.50    19  bt-mz.B.24
03:10:53        25526  112.50    0.00    0.00  112.50    27  bt-mz.B.24

03:10:53          PID    %usr %system  %guest    %CPU   CPU  Command
03:10:55         3159    0.00    0.50    0.00    0.50    26  kondemand/26
03:10:55         3180    0.00    0.50    0.00    0.50     2  kipmi0
03:10:55        25497    0.50    1.00    0.00    1.50    18  top
03:10:55        25499    0.50    2.00    0.00    2.50    12  pidstat
03:10:55        25501    1.00    2.00    0.00    3.00    17  pidstat
03:10:55        25510  118.50    0.00    0.00  118.50    28  bt-mz.B.24
03:10:55        25511  114.00    0.00    0.00  114.00    30  bt-mz.B.24
03:10:55        25512  110.00    0.00    0.00  110.00     4  bt-mz.B.24
03:10:55        25513  112.00    0.00    0.00  112.00    25  bt-mz.B.24
03:10:55        25514  110.50    0.00    0.00  110.50    26  bt-mz.B.24
03:10:55        25515   99.00    0.00    0.00   99.00    17  bt-mz.B.24
03:10:55        25516  107.50    0.00    0.00  107.50     0  bt-mz.B.24
03:10:55        25517   98.50    0.00    0.00   98.50     1  bt-mz.B.24
03:10:55        25518  106.50    0.00    0.00  106.50     5  bt-mz.B.24
03:10:55        25519   93.00    0.00    0.00   93.00     3  bt-mz.B.24
03:10:55        25520   99.50    0.50    0.00  100.00     0  bt-mz.B.24
03:10:55        25521  100.00    0.00    0.00  100.00     6  bt-mz.B.24
03:10:55        25526  112.00    0.00    0.00  112.00    11  bt-mz.B.24

03:10:55          PID    %usr %system  %guest    %CPU   CPU  Command
03:10:57         3852    0.50    1.00    0.00    1.50    10  pbs_mom
03:10:57         4128    0.00    0.50    0.00    0.50     1  gmond
03:10:57        25497    1.00    0.50    0.00    1.50    18  top
03:10:57        25499    0.50    1.50    0.00    2.00    12  pidstat
03:10:57        25501    0.50    1.50    0.00    2.00    17  pidstat
03:10:57        25510  110.50    0.00    0.00  110.50    28  bt-mz.B.24
03:10:57        25511  110.50    0.00    0.00  110.50    24  bt-mz.B.24
03:10:57        25512  108.00    0.00    0.00  108.00    23  bt-mz.B.24
03:10:57        25513  105.00    0.00    0.00  105.00     9  bt-mz.B.24
03:10:57        25514  108.00    0.00    0.00  108.00    25  bt-mz.B.24
03:10:57        25515  105.00    0.50    0.00  105.50    17  bt-mz.B.24
03:10:57        25516  101.00    0.50    0.00  101.50     1  bt-mz.B.24
03:10:57        25517  100.50    0.00    0.00  100.50     5  bt-mz.B.24
03:10:57        25518   99.50    0.00    0.00   99.50    21  bt-mz.B.24
03:10:57        25519  106.00    0.00    0.00  106.00     3  bt-mz.B.24
03:10:57        25520  108.50    0.00    0.00  108.50     0  bt-mz.B.24
03:10:57        25521  107.50    0.00    0.00  107.50    22  bt-mz.B.24
03:10:57        25526  110.50    0.00    0.00  110.50    27  bt-mz.B.24
