Linux 2.6.32-279.14.1.el6.x86_64 (compute-641-14.local) 	04/21/20 	_x86_64_	(32 CPU)

02:39:31          PID    %usr %system  %guest    %CPU   CPU  Command
02:39:33          157    0.00    0.49    0.00    0.49    26  events/26
02:39:33         1063    0.00    0.49    0.00    0.49    14  jbd2/sda1-8
02:39:33         3180    0.00    0.49    0.00    0.49    16  kipmi0
02:39:33         3852    0.00    0.49    0.00    0.49     8  pbs_mom
02:39:33         4128    0.00    0.49    0.00    0.49    16  gmond
02:39:33        19350    2.96    2.46    0.00    5.42    16  mpirun
02:39:33        19356    0.49    0.99    0.00    1.48    10  top
02:39:33        19358    0.49    1.48    0.00    1.97    12  pidstat
02:39:33        19360    0.99    1.97    0.00    2.96     2  pidstat
02:39:33        19370  135.47    9.36    0.00  144.83     0  bt-mz.B.32
02:39:33        19371  134.48   15.76    0.00  150.25    17  bt-mz.B.32
02:39:33        19372  129.56   16.26    0.00  145.81    18  bt-mz.B.32
02:39:33        19373  116.26   20.69    0.00  136.95    19  bt-mz.B.32
02:39:33        19374  118.72   18.72    0.00  137.44    20  bt-mz.B.32
02:39:33        19375  114.29   21.67    0.00  135.96    21  bt-mz.B.32
02:39:33        19376  104.93   23.65    0.00  128.57    22  bt-mz.B.32
02:39:33        19377  103.45   23.65    0.00  127.09    23  bt-mz.B.32
02:39:33        19378  102.46   25.12    0.00  127.59    24  bt-mz.B.32
02:39:33        19381  101.48   24.14    0.00  125.62    25  bt-mz.B.32
02:39:33        19383   97.54   30.05    0.00  127.59    26  bt-mz.B.32
02:39:33        19386   99.01   28.57    0.00  127.59    27  bt-mz.B.32
02:39:33        19389   96.55   29.06    0.00  125.62    28  bt-mz.B.32
02:39:33        19391   95.07   31.03    0.00  126.11    29  bt-mz.B.32
02:39:33        19392   93.10   33.00    0.00  126.11    30  bt-mz.B.32
02:39:33        19393   89.66   33.00    0.00  122.66    15  bt-mz.B.32

02:39:33          PID    %usr %system  %guest    %CPU   CPU  Command
02:39:35           53    0.00    0.50    0.00    0.50    12  ksoftirqd/12
02:39:35         3134    0.00    0.50    0.00    0.50     1  kondemand/1
02:39:35         3137    0.00    0.50    0.00    0.50     4  kondemand/4
02:39:35         3140    0.00    0.50    0.00    0.50     7  kondemand/7
02:39:35         3141    0.00    0.50    0.00    0.50     8  kondemand/8
02:39:35         4128    0.50    0.50    0.00    1.00     0  gmond
02:39:35        19356    0.50    0.50    0.00    1.00    10  top
02:39:35        19358    1.00    2.00    0.00    3.00    28  pidstat
02:39:35        19360    1.00    1.50    0.00    2.50     2  pidstat
02:39:35        19370  175.50    2.00    0.00  177.50     0  bt-mz.B.32
02:39:35        19371  173.50    9.00    0.00  182.50    17  bt-mz.B.32
02:39:35        19372  169.00   11.00    0.00  180.00    18  bt-mz.B.32
02:39:35        19373  147.00   17.50    0.00  164.50    19  bt-mz.B.32
02:39:35        19374  150.00   15.50    0.00  165.50    20  bt-mz.B.32
02:39:35        19375  145.00   19.50    0.00  164.50    21  bt-mz.B.32
02:39:35        19376  131.00   22.50    0.00  153.50    22  bt-mz.B.32
02:39:35        19377  130.00   23.00    0.00  153.00    23  bt-mz.B.32
02:39:35        19378  128.00   24.00    0.00  152.00    24  bt-mz.B.32
02:39:35        19381  127.50   21.50    0.00  149.00    25  bt-mz.B.32
02:39:35        19383  121.00   31.00    0.00  152.00    10  bt-mz.B.32
02:39:35        19386  125.50   27.50    0.00  153.00    27  bt-mz.B.32
02:39:35        19389  122.00   28.50    0.00  150.50    12  bt-mz.B.32
02:39:35        19391  123.00   28.50    0.00  151.50    29  bt-mz.B.32
02:39:35        19392  116.50   34.00    0.00  150.50    30  bt-mz.B.32
02:39:35        19393  111.00   35.00    0.00  146.00    15  bt-mz.B.32

02:39:35          PID    %usr %system  %guest    %CPU   CPU  Command
02:39:37         3157    0.00    0.50    0.00    0.50    24  kondemand/24
02:39:37         3158    0.00    0.50    0.00    0.50    25  kondemand/25
02:39:37         4128    0.00    0.50    0.00    0.50     0  gmond
02:39:37        19356    0.50    0.50    0.00    1.00    10  top
02:39:37        19358    0.50    1.50    0.00    2.00    28  pidstat
02:39:37        19360    0.00    1.50    0.00    1.50     2  pidstat
02:39:37        19370  174.50    1.50    0.00  176.00     0  bt-mz.B.32
02:39:37        19371  172.00    9.00    0.00  181.00    17  bt-mz.B.32
02:39:37        19372  167.00   10.50    0.00  177.50    18  bt-mz.B.32
02:39:37        19373  148.00   16.00    0.00  164.00    19  bt-mz.B.32
02:39:37        19374  149.50   15.50    0.00  165.00    20  bt-mz.B.32
02:39:37        19375  145.00   18.00    0.00  163.00    21  bt-mz.B.32
02:39:37        19376  131.50   21.00    0.00  152.50    22  bt-mz.B.32
02:39:37        19377  128.50   23.00    0.00  151.50    23  bt-mz.B.32
02:39:37        19378  128.00   23.50    0.00  151.50    24  bt-mz.B.32
02:39:37        19381  126.50   22.00    0.00  148.50    25  bt-mz.B.32
02:39:37        19383  121.50   29.00    0.00  150.50    26  bt-mz.B.32
02:39:37        19386  124.00   27.50    0.00  151.50    27  bt-mz.B.32
02:39:37        19389  118.50   30.50    0.00  149.00    12  bt-mz.B.32
02:39:37        19391  120.00   30.00    0.00  150.00    29  bt-mz.B.32
02:39:37        19392  114.50   35.00    0.00  149.50    30  bt-mz.B.32
02:39:37        19393  110.50   34.50    0.00  145.00    15  bt-mz.B.32

02:39:37          PID    %usr %system  %guest    %CPU   CPU  Command
02:39:39           21    0.00    0.50    0.00    0.50     4  ksoftirqd/4
02:39:39          136    0.00    0.50    0.00    0.50     5  events/5
02:39:39         3135    0.00    0.50    0.00    0.50     2  kondemand/2
02:39:39         3147    0.00    0.50    0.00    0.50    14  kondemand/14
02:39:39         3180    0.00    0.50    0.00    0.50     4  kipmi0
02:39:39        19356    1.00    0.50    0.00    1.50    10  top
02:39:39        19358    0.50    1.50    0.00    2.00    12  pidstat
02:39:39        19360    1.00    2.00    0.00    3.00     2  pidstat
02:39:39        19370  176.50    1.50    0.00  178.00    16  bt-mz.B.32
02:39:39        19371  174.00    9.00    0.00  183.00    17  bt-mz.B.32
02:39:39        19372  169.00   11.00    0.00  180.00    18  bt-mz.B.32
02:39:39        19373  148.50   16.00    0.00  164.50    19  bt-mz.B.32
02:39:39        19374  150.50   15.50    0.00  166.00    20  bt-mz.B.32
02:39:39        19375  146.00   18.00    0.00  164.00    21  bt-mz.B.32
02:39:39        19376  130.00   24.00    0.00  154.00    22  bt-mz.B.32
02:39:39        19377  132.00   21.00    0.00  153.00    23  bt-mz.B.32
02:39:39        19378  128.00   24.00    0.00  152.00    24  bt-mz.B.32
02:39:39        19381  127.00   22.50    0.00  149.50    25  bt-mz.B.32
02:39:39        19383  122.00   30.50    0.00  152.50    26  bt-mz.B.32
02:39:39        19386  124.00   28.50    0.00  152.50    27  bt-mz.B.32
02:39:39        19389  122.00   28.50    0.00  150.50    28  bt-mz.B.32
02:39:39        19391  120.50   30.50    0.00  151.00    29  bt-mz.B.32
02:39:39        19392  117.50   33.50    0.00  151.00    30  bt-mz.B.32
02:39:39        19393  112.00   34.00    0.00  146.00    15  bt-mz.B.32

02:39:39          PID    %usr %system  %guest    %CPU   CPU  Command
02:39:41         3136    0.00    0.50    0.00    0.50     3  kondemand/3
02:39:41         3142    0.00    0.50    0.00    0.50     9  kondemand/9
02:39:41         3149    0.00    0.50    0.00    0.50    16  kondemand/16
02:39:41         4128    0.50    0.50    0.00    1.00    16  gmond
02:39:41        19356    0.50    1.00    0.00    1.50    26  top
02:39:41        19358    1.00    2.00    0.00    3.00    12  pidstat
02:39:41        19360    0.50    2.00    0.00    2.50     2  pidstat
02:39:41        19370  176.00    1.50    0.00  177.50     0  bt-mz.B.32
02:39:41        19371  173.50    9.50    0.00  183.00    17  bt-mz.B.32
02:39:41        19372  169.50   10.50    0.00  180.00    18  bt-mz.B.32
02:39:41        19373  150.00   15.00    0.00  165.00    19  bt-mz.B.32
02:39:41        19374  150.00   16.00    0.00  166.00    20  bt-mz.B.32
02:39:41        19375  144.50   20.00    0.00  164.50    21  bt-mz.B.32
02:39:41        19376  131.50   22.00    0.00  153.50    22  bt-mz.B.32
02:39:41        19377  132.00   21.00    0.00  153.00    23  bt-mz.B.32
02:39:41        19378  128.50   24.00    0.00  152.50    24  bt-mz.B.32
02:39:41        19381  127.00   22.50    0.00  149.50    25  bt-mz.B.32
02:39:41        19383  122.00   29.50    0.00  151.50    10  bt-mz.B.32
02:39:41        19386  125.50   27.50    0.00  153.00    27  bt-mz.B.32
02:39:41        19389  124.50   27.00    0.00  151.50    28  bt-mz.B.32
02:39:41        19391  119.00   32.00    0.00  151.00    29  bt-mz.B.32
02:39:41        19392  116.50   34.00    0.00  150.50    30  bt-mz.B.32
02:39:41        19393  112.00   34.00    0.00  146.00    15  bt-mz.B.32

02:39:41          PID    %usr %system  %guest    %CPU   CPU  Command
02:39:43         3133    0.00    0.50    0.00    0.50     0  kondemand/0
02:39:43         3139    0.00    0.50    0.00    0.50     6  kondemand/6
02:39:43         3145    0.00    0.50    0.00    0.50    12  kondemand/12
02:39:43         3156    0.00    0.50    0.00    0.50    23  kondemand/23
02:39:43         3159    0.00    0.50    0.00    0.50    26  kondemand/26
02:39:43         3180    0.00    0.50    0.00    0.50     4  kipmi0
02:39:43         3195    0.00    0.50    0.00    0.50    12  irqbalance
02:39:43        19356    1.00    0.50    0.00    1.50    26  top
02:39:43        19358    0.50    2.00    0.00    2.50    12  pidstat
02:39:43        19360    1.00    1.00    0.00    2.00     2  pidstat
02:39:43        19370  176.00    2.00    0.00  178.00    16  bt-mz.B.32
02:39:43        19371  173.50    9.50    0.00  183.00    17  bt-mz.B.32
02:39:43        19372  168.00   11.50    0.00  179.50     2  bt-mz.B.32
02:39:43        19373  148.50   16.50    0.00  165.00    19  bt-mz.B.32
02:39:43        19374  149.00   16.50    0.00  165.50    20  bt-mz.B.32
02:39:43        19375  144.50   20.00    0.00  164.50    21  bt-mz.B.32
02:39:43        19376  132.00   21.50    0.00  153.50    22  bt-mz.B.32
02:39:43        19377  133.50   19.50    0.00  153.00    23  bt-mz.B.32
02:39:43        19378  128.50   24.00    0.00  152.50    24  bt-mz.B.32
02:39:43        19381  128.00   21.50    0.00  149.50    25  bt-mz.B.32
02:39:43        19383  119.50   32.00    0.00  151.50    10  bt-mz.B.32
02:39:43        19386  124.50   28.00    0.00  152.50    27  bt-mz.B.32
02:39:43        19389  119.50   31.50    0.00  151.00    28  bt-mz.B.32
02:39:43        19391  121.00   30.00    0.00  151.00    29  bt-mz.B.32
02:39:43        19392  116.50   34.50    0.00  151.00    30  bt-mz.B.32
02:39:43        19393  111.50   34.50    0.00  146.00    15  bt-mz.B.32
