procs -----------memory---------- ---swap-- -----io---- --system-- -----cpu-----
 r  b   swpd   free   buff  cache   si   so    bi    bo   in   cs us sy id wa st
 4  0  11032 64592412 136160 304704    0    0     0     1    0    0  5  1 94  0  0	
 5  0  11032 64442184 136160 304740    0    0     0     0 3182 2708  2  0 98  0  0	
 4  0  11032 64442432 136160 304740    0    0     0     0 3077 2495  2  0 98  0  0	
 2  0  11032 64442680 136160 304744    0    0     0     8 3085 2530  2  0 98  0  0	
 1  0  11032 64443852 136160 304744    0    0     0     0 3031 2459  2  0 98  0  0	
 1  0  11032 64444340 136160 304744    0    0     0     0 3045 2468  2  0 98  0  0	
 1  0  11032 64444348 136160 304748    0    0     0     0 3058 2473  2  0 98  0  0	
 1  0  11032 64444908 136160 304748    0    0     0     0 3017 2466  2  0 98  0  0	
 1  0  11032 64444948 136160 304752    0    0     0     0 3078 2556  2  0 98  0  0	
 1  0  11032 64445460 136160 304756    0    0     0     0 3064 2537  2  0 98  0  0	
 2  0  11032 64445648 136160 304756    0    0     0     4 3075 2491  2  0 98  0  0	
 1  0  11032 64445400 136160 304756    0    0     0     0 3063 2468  2  0 98  0  0	
 1  0  11032 64445276 136160 304760    0    0     0     0 3063 2478  2  0 98  0  0	
 1  0  11032 64445416 136160 304760    0    0     0     0 3057 2470  2  0 98  0  0	
 1  0  11032 64445292 136160 304764    0    0     0     0 3048 2476  2  0 98  0  0	
 2  0  11032 64445416 136160 304768    0    0     0     0 3044 2508  2  0 98  0  0	
 1  0  11032 64445416 136160 304772    0    0     0     0 3058 2472  2  0 98  0  0	
 1  0  11032 64445408 136160 304776    0    0     0     2 3059 2492  2  0 98  0  0	
 1  0  11032 64445532 136160 304780    0    0     0     0 3029 2463  2  0 98  0  0	
 2  0  11032 64445404 136160 304780    0    0     0     0 3087 2548  2  0 98  0  0	
 2  0  11032 64445528 136160 304784    0    0     0    12 3130 2615  2  0 98  0  0	
procs -----------memory---------- ---swap-- -----io---- --system-- -----cpu-----
 r  b   swpd   free   buff  cache   si   so    bi    bo   in   cs us sy id wa st
 1  0  11032 64445536 136160 304784    0    0     0     0 3138 2612  2  0 98  0  0	
 1  0  11032 64445536 136160 304784    0    0     0     0 3048 2476  2  0 98  0  0	
 1  1  11032 64445536 136160 304792    0    0     0     4 3070 2512  2  0 98  0  0	
 1  0  11032 64445544 136160 304792    0    0     0     2 3091 2560  2  0 98  0  0	
 1  0  11032 64445420 136160 304796    0    0     0     0 3104 2610  2  0 98  0  0	
 1  0  11032 64445420 136160 304796    0    0     0     0 3103 2567  2  0 98  0  0	
 1  0  11032 64445544 136160 304796    0    0     0     0 3068 2544  2  0 98  0  0	
 2  0  11032 64445420 136160 304800    0    0     0     0 3081 2563  2  0 98  0  0	
 1  0  11032 64445668 136160 304800    0    0     0     0 3077 2524  2  0 98  0  0	
 1  0  11032 64445668 136160 304804    0    0     0     0 3064 2526  2  0 98  0  0	
 1  0  11032 64445544 136160 304812    0    0     0     0 3130 2602  2  0 98  0  0	
 1  0  11032 64445536 136160 304812    0    0     0     0 3068 2504  2  0 98  0  0	
 1  0  11032 64445412 136160 304812    0    0     0     0 3065 2518  2  0 98  0  0	
 1  0  11032 64445412 136160 304816    0    0     0     0 3057 2481  2  0 98  0  0	
 1  0  11032 64445424 136160 304816    0    0     0     0 3034 2469  2  0 98  0  0	
 2  0  11032 64445176 136160 304820    0    0     0     0 3076 2538  2  0 98  0  0	
 1  0  11032 64445292 136160 304820    0    0     0    10 3091 2533  2  0 98  0  0	
 1  0  11032 64445176 136160 304824    0    0     0     0 3229 2831  2  0 98  0  0	
 1  0  11032 64445300 136160 304832    0    0     0     0 3033 2524  2  0 98  0  0	
 1  0  11032 64445300 136160 304832    0    0     0     0 3083 2540  2  0 98  0  0	
 1  0  11032 64445300 136160 304832    0    0     0     0 3039 2488  2  0 98  0  0	
procs -----------memory---------- ---swap-- -----io---- --system-- -----cpu-----
 r  b   swpd   free   buff  cache   si   so    bi    bo   in   cs us sy id wa st
 1  0  11032 64445052 136160 304836    0    0     0     0 3060 2524  2  0 98  0  0	
 1  0  11032 64445300 136160 304840    0    0     0     0 3048 2467  2  0 98  0  0	
 2  0  11032 64445300 136160 304840    0    0     0     0 3070 2497  2  0 98  0  0	
 1  0  11032 64445424 136160 304848    0    0     0     0 3138 2652  2  0 98  0  0	
 1  0  11032 64445548 136160 304856    0    0     0     0 3048 2468  2  0 98  0  0	
 1  0  11032 64445556 136160 304856    0    0     0     0 3066 2489  2  0 98  0  0	
 1  0  11032 64445432 136160 304856    0    0     0     0 3057 2473  2  0 98  0  0	
 1  0  11032 64445300 136160 304860    0    0     0     0 3045 2470  2  0 98  0  0	
 1  0  11032 64445424 136160 304860    0    0     0     0 3057 2469  2  0 98  0  0	
 2  0  11032 64445176 136160 304864    0    0     0     0 3061 2473  2  0 98  0  0	
 2  0  11032 64445424 136160 304864    0    0     0     0 3044 2462  2  0 98  0  0	
 1  1  11032 64445424 136160 304864    0    0     0     6 3050 2468  2  0 98  0  0	
 1  0  11032 64445308 136160 304876    0    0     0     0 3057 2490  2  0 98  0  0	
 1  0  11032 64445308 136160 304876    0    0     0     0 3050 2467  2  0 98  0  0	
 1  0  11032 64445308 136160 304880    0    0     0     0 3058 2484  2  0 98  0  0	
 1  0  11032 64445308 136160 304884    0    0     0     0 3063 2522  2  0 98  0  0	
 1  0  11032 64445308 136160 304884    0    0     0     0 3038 2462  2  0 98  0  0	
 1  0  11032 64445432 136160 304884    0    0     0     6 3062 2494  2  0 98  0  0	
 2  0  11032 64445184 136160 304892    0    0     0     0 3368 3189  2  0 98  0  0	
 1  0  11032 64445184 136160 304892    0    0     0     0 3068 2588  2  0 98  0  0	
 1  0  11032 64445300 136160 304900    0    0     0     0 3221 2815  2  0 98  0  0	
procs -----------memory---------- ---swap-- -----io---- --system-- -----cpu-----
 r  b   swpd   free   buff  cache   si   so    bi    bo   in   cs us sy id wa st
 1  0  11032 64445176 136160 304904    0    0     0     0 3116 2617  2  0 98  0  0	
 1  0  11032 64445300 136160 304904    0    0     0     0 3025 2468  2  0 98  0  0	
 1  0  11032 64445176 136160 304908    0    0     0     0 3042 2466  2  0 98  0  0	
 1  0  11032 64445176 136160 304908    0    0     0     8 3072 2486  2  0 98  0  0	
 1  0  11032 64445300 136160 304908    0    0     0     0 3038 2471  2  0 98  0  0	
 2  0  11032 64445052 136160 304912    0    0     0     0 3028 2466  2  0 98  0  0	
 1  0  11032 64445300 136160 304916    0    0     0     0 3068 2525  2  0 98  0  0	
 1  0  11032 64444676 136160 304916    0    0     0    26 3126 2526  2  0 98  0  0	
 1  0  11032 64444800 136160 304932    0    0     0     0 3069 2486  2  0 98  0  0	
 1  0  11032 64445048 136160 304932    0    0     0     0 3040 2478  2  0 98  0  0	
 1  0  11032 64445336 136160 304932    0    0     0     0 3028 2469  2  0 98  0  0	
 1  0  11032 64445328 136160 304936    0    0     0     0 3035 2457  2  0 98  0  0	
 1  0  11032 64445468 136160 304940    0    0     0     0 3099 2574  2  0 98  0  0	
 2  0  11032 64445228 136160 304944    0    0     0     0 3153 2717  2  0 98  0  0	
 1  0  11032 64445212 136160 304948    0    0     0     0 3028 2473  2  0 98  0  0	
 1  0  11032 64445336 136160 304948    0    0     0     0 3054 2464  2  0 98  0  0	
 2  0  11032 64445088 136160 304952    0    0     0     0 3074 2504  2  0 98  0  0	
 1  0  11032 64445212 136160 304952    0    0     0     0 3099 2563  2  0 98  0  0	
 1  0  11032 64445336 136160 304952    0    0     0     0 3104 2583  2  0 98  0  0	
 2  0  11032 64445336 136160 304956    0    0     0     0 3044 2472  2  0 98  0  0	
 2  1  11032 64445468 136160 304956    0    0     0     6 3047 2476  2  0 98  0  0	
procs -----------memory---------- ---swap-- -----io---- --system-- -----cpu-----
 r  b   swpd   free   buff  cache   si   so    bi    bo   in   cs us sy id wa st
 2  0  11032 64445476 136160 304956    0    0     0     0 3103 2592  2  0 98  0  0	
 1  0  11032 64445360 136160 304964    0    0     0     0 3076 2548  2  0 98  0  0	
 1  0  11032 64445484 136160 304964    0    0     0     0 3201 2804  2  0 98  0  0	
 2  0  11032 64445112 136160 304968    0    0     0    12 3394 3267  2  0 98  0  0	
 1  0  11032 64445236 136160 304972    0    0     0     0 3092 2582  2  0 98  0  0	
 1  0  11032 64445236 136160 304976    0    0     0     0 3076 2503  2  0 98  0  0	
 1  0  11032 64445360 136160 304984    0    0     0     0 3122 2597  2  0 98  0  0	
 1  0  11032 64445236 136160 304984    0    0     0     0 3081 2544  2  0 98  0  0	
 2  0  11032 64445108 136160 304992    0    0     0     0 3044 2480  2  0 98  0  0	
 1  0  11032 64445356 136160 304996    0    0     0     0 3063 2525  2  0 98  0  0	
 1  0  11032 64445356 136160 304996    0    0     0     0 3077 2494  2  0 98  0  0	
 2  0  11032 64445480 136160 304996    0    0     0     0 3107 2580  2  0 98  0  0	
 1  0  11032 64445356 136160 305000    0    0     0     0 3057 2485  2  0 98  0  0	
 1  0  11032 64445108 136160 305000    0    0     0     0 3018 2468  2  0 98  0  0	
 1  0  11032 64445232 136160 305000    0    0     0     0 3022 2460  2  0 98  0  0	
 2  0  11032 64445232 136160 305004    0    0     0     0 3063 2514  2  0 98  0  0	
 2  0  11032 64445108 136160 305008    0    0     0     0 3053 2483  2  0 98  0  0	
 1  0  11032 64445240 136160 305008    0    0     0     0 3049 2478  2  0 98  0  0	
 1  0  11032 64445240 136160 305012    0    0     0     0 3046 2476  2  0 98  0  0	
 3  0  11032 64445240 136160 305012    0    0     0     0 3029 2416  2  0 98  0  0	
 1  0  11032 64445364 136160 305012    0    0     0     0 3035 2471  2  0 98  0  0	
procs -----------memory---------- ---swap-- -----io---- --system-- -----cpu-----
 r  b   swpd   free   buff  cache   si   so    bi    bo   in   cs us sy id wa st
 2  0  11032 64445488 136160 305020    0    0     0     0 3065 2519  2  0 98  0  0	
 1  0  11032 64445488 136160 305020    0    0     0     0 3034 2455  2  0 98  0  0	
 1  0  11032 64445480 136160 305024    0    0     0     0 3052 2472  2  0 98  0  0	
 1  0  11032 64445356 136160 305032    0    0     0     0 3040 2460  2  0 98  0  0	
 1  0  11032 64445348 136160 305032    0    0     0     0 3060 2478  2  0 98  0  0	
 1  0  11032 64445224 136160 305032    0    0     0     0 3043 2458  2  0 98  0  0	
 2  0  11032 64445224 136160 305036    0    0     0     0 3085 2520  2  0 98  0  0	
 1  0  11032 64445224 136160 305036    0    0     0     0 3032 2465  2  0 98  0  0	
 1  1  11032 64445232 136160 305040    0    0     0     6 3089 2611  2  0 98  0  0	
 1  0  11032 64445364 136160 305044    0    0     0     0 3109 2585  2  0 98  0  0	
 1  0  11032 64445244 136160 305048    0    0     0     0 3081 2539  2  0 98  0  0	
 1  0  11032 64445368 136160 305052    0    0     0     0 3066 2483  2  0 98  0  0	
 1  0  11032 64445492 136160 305052    0    0     0     0 3066 2531  2  0 98  0  0	
 1  0  11032 64445492 136160 305052    0    0     0     0 3051 2478  2  0 98  0  0	
 2  0  11032 64445368 136160 305056    0    0     0     0 3042 2463  2  0 98  0  0	
 1  0  11032 64445368 136160 305060    0    0     0     0 3042 2464  2  0 98  0  0	
 1  0  11032 64445244 136160 305060    0    0     0     0 3042 2468  2  0 98  0  0	
 1  0  11032 64445244 136160 305064    0    0     0     0 3054 2476  2  0 98  0  0	
 1  0  11032 64445236 136160 305068    0    0     0     0 3107 2576  2  0 98  0  0	
 1  0  11032 64445236 136160 305072    0    0     0     0 3048 2468  2  0 98  0  0	
 1  0  11032 64445236 136160 305076    0    0     0     0 3046 2466  2  0 98  0  0	
procs -----------memory---------- ---swap-- -----io---- --system-- -----cpu-----
 r  b   swpd   free   buff  cache   si   so    bi    bo   in   cs us sy id wa st
 1  0  11032 64445360 136160 305076    0    0     0     0 3041 2471  2  0 98  0  0	
 2  0  11032 64445360 136160 305080    0    0     0     0 3041 2468  2  0 98  0  0	
 1  0  11032 64445360 136160 305080    0    0     0     0 3034 2472  2  0 98  0  0	
 1  0  11032 64445368 136160 305084    0    0     0     0 3050 2547  2  0 98  0  0	
 1  0  11032 64445368 136160 305088    0    0     0     2 3202 2808  2  0 98  0  0	
 1  0  11032 64445492 136160 305092    0    0     0     0 3089 2558  2  0 98  0  0	
 1  0  11032 64445244 136160 305092    0    0     0     0 3078 2540  2  0 98  0  0	
 1  0  11032 64445368 136160 305100    0    0     0     0 3107 2598  2  0 98  0  0	
 1  0  11032 64445120 136160 305100    0    0     0     0 3159 2631  2  0 98  0  0	
 2  0  11032 64445368 136160 305104    0    0     0     0 3139 2642  2  0 98  0  0	
 1  0  11032 64445244 136160 305108    0    0     0     0 3115 2577  2  0 98  0  0	
 1  0  11032 64445112 136160 305108    0    0     0     0 3154 2624  2  0 98  0  0	
 1  0  11032 64445360 136160 305120    0    0     0     0 3139 2607  2  0 98  0  0	
 1  0  11032 64445104 136160 305120    0    0     0     0 3181 2651  2  0 98  0  0	
 2  0  11032 64445228 136160 305120    0    0     0     0 3130 2589  2  0 98  0  0	
 1  0  11032 64445352 136160 305124    0    0     0     0 3106 2568  2  0 98  0  0	
 1  0  11032 64445228 136160 305128    0    0     0     0 3099 2546  2  0 98  0  0	
 2  1  11032 64445352 136160 305128    0    0     0     6 3120 2583  2  0 98  0  0	
 1  0  11032 64444864 136160 305132    0    0     0     0 3085 2516  2  0 98  0  0	
 1  0  11032 64444988 136160 305132    0    0     0     0 3099 2538  2  0 98  0  0	
 1  0  11032 64445112 136160 305136    0    0     0     0 3155 2660  2  0 98  0  0	
procs -----------memory---------- ---swap-- -----io---- --system-- -----cpu-----
 r  b   swpd   free   buff  cache   si   so    bi    bo   in   cs us sy id wa st
 1  0  11032 64444988 136160 305140    0    0     0     0 3187 2737  2  0 98  0  0	
 2  0  11032 64445360 136160 305140    0    0     0     0 3133 2596  2  0 98  0  0	
 1  0  11032 64445236 136160 305140    0    0     0     0 3154 2643  2  0 98  0  0	
 1  0  11032 64445236 136160 305148    0    0     0     0 3115 2584  2  0 98  0  0	
 1  0  11032 64445236 136160 305148    0    0     0     0 3055 2473  2  0 98  0  0	
 1  0  11032 64445236 136160 305148    0    0     0     0 3064 2519  2  0 98  0  0	
 1  0  11032 64445360 136160 305152    0    0     0     0 3150 2676  2  0 98  0  0	
 2  0  11032 64445360 136160 305156    0    0     0     0 3127 2563  2  0 98  0  0	
 1  0  11032 64445236 136160 305156    0    0     0     0 3095 2540  2  0 98  0  0	
 2  0  11032 64445236 136160 305160    0    0     0     0 3134 2590  2  0 98  0  0	
 1  0  11032 64445236 136160 305160    0    0     0     0 3092 2537  2  0 98  0  0	
 2  0  11032 64445236 136160 305160    0    0     0     0 3110 2578  2  0 98  0  0	
 1  0  11032 64445236 136160 305164    0    0     0     0 3100 2550  2  0 98  0  0	
 1  0  11032 64445116 136160 305168    0    0     0     2 3069 2492  2  0 98  0  0	
 1  0  11032 64445116 136160 305176    0    0     0     0 3073 2480  2  0 98  0  0	
 1  0  11032 64445240 136160 305176    0    0     0     0 3073 2496  2  0 98  0  0	
 1  0  11032 64445124 136160 305176    0    0     0     0 3072 2498  2  0 98  0  0	
 2  0  11032 64445248 136160 305180    0    0     0     0 3076 2494  2  0 98  0  0	
 1  0  11032 64445372 136160 305184    0    0     0     0 3099 2548  2  0 98  0  0	
 1  0  11032 64445248 136160 305184    0    0     0     0 3064 2483  2  0 98  0  0	
 1  0  11032 64445240 136160 305188    0    0     0     0 3084 2515  2  0 98  0  0	
procs -----------memory---------- ---swap-- -----io---- --system-- -----cpu-----
 r  b   swpd   free   buff  cache   si   so    bi    bo   in   cs us sy id wa st
 1  0  11032 64445116 136160 305188    0    0     0     0 3069 2494  2  0 98  0  0	
 1  0  11032 64444984 136160 305192    0    0     0     0 3100 2526  2  0 98  0  0	
 1  0  11032 64444984 136160 305196    0    0     0     0 3089 2535  2  0 98  0  0	
 1  0  11032 64444984 136160 305200    0    0     0     0 3116 2587  2  0 98  0  0	
 2  0  11032 64444984 136160 305200    0    0     0     0 3135 2613  2  0 98  0  0	
 1  0  11032 64444984 136160 305204    0    0     0     6 3079 2511  2  0 98  0  0	
 1  0  11032 64445116 136160 305204    0    0     0     0 3140 2609  2  0 98  0  0	
 1  0  11032 64444992 136160 305208    0    0     0     0 3155 2645  2  0 98  0  0	
 1  0  11032 64445240 136160 305208    0    0     0     0 3073 2486  2  0 98  0  0	
 2  0  11032 64445116 136160 305212    0    0     0     0 3089 2542  2  0 98  0  0	
 1  0  11032 64444992 136160 305224    0    0     0     0 3071 2488  2  0 98  0  0	
 1  0  11032 64445116 136160 305224    0    0     0     8 3090 2506  2  0 98  0  0	
 2  0  11032 64444992 136160 305228    0    0     0     0 3074 2493  2  0 98  0  0	
 1  0  11032 64444992 136160 305232    0    0     0     0 3087 2524  2  0 98  0  0	
 1  0  11032 64444988 136160 305232    0    0     0     0 3122 2582  2  0 98  0  0	
 1  0  11032 64444864 136160 305232    0    0     0     0 3120 2609  2  0 98  0  0	
 1  0  11032 64444988 136160 305244    0    0     0     0 3168 2643  2  0 98  0  0	
 2  0  11032 64444996 136160 305244    0    0     0     0 3100 2567  2  0 98  0  0	
 1  0  11032 64444996 136160 305248    0    0     0     0 3151 2711  2  0 98  0  0	
 2  0  11032 64444996 136160 305248    0    0     0     0 3036 2459  2  0 98  0  0	
 1  0  11032 64445120 136160 305248    0    0     0     0 3000 2458  2  0 98  0  0	
procs -----------memory---------- ---swap-- -----io---- --system-- -----cpu-----
 r  b   swpd   free   buff  cache   si   so    bi    bo   in   cs us sy id wa st
 1  0  11032 64444996 136160 305252    0    0     0     0 3071 2527  2  0 98  0  0	
 2  0  11032 64444996 136160 305252    0    0     0     4 3100 2550  2  0 98  0  0	
 1  0  11032 64444616 136160 305252    0    0     0     0 3116 2571  2  0 98  0  0	
 1  0  11032 64444508 136160 305260    0    0     0     0 3137 2583  2  0 98  0  0	
 2  0  11032 64444376 136160 305260    0    0     0     0 3064 2479  2  0 98  0  0	
 1  0  11032 64444140 136160 305264    0    0     0     0 3046 2478  2  0 98  0  0	
 1  0  11032 64444628 136160 305272    0    0     0     0 3062 2525  2  0 98  0  0	
 1  0  11032 64444504 136160 305276    0    0     0     0 3047 2467  2  0 98  0  0	
 1  0  11032 64444744 136160 305280    0    0     0     0 3065 2504  2  0 98  0  0	
 2  0  11032 64444812 136160 305280    0    0     0     0 3045 2469  2  0 98  0  0	
 1  0  11032 64444812 136160 305280    0    0     0     0 3101 2553  2  0 98  0  0	
 2  0  11032 64444804 136160 305284    0    0     0     0 3061 2491  2  0 98  0  0	
 2  0  11032 64444556 136160 305288    0    0     0     0 3131 2591  2  0 98  0  0	
 1  0  11032 64444836 136160 305288    0    0     0     0 3028 2497  2  0 98  0  0	
 1  0  11032 64444836 136160 305288    0    0     0     6 3045 2471  2  0 98  0  0	
 1  0  11032 64444728 136160 305292    0    0     0     0 3050 2478  2  0 98  0  0	
 1  0  11032 64444724 136160 305292    0    0     0     0 3062 2469  2  0 98  0  0	
 2  0  11032 64444724 136160 305292    0    0     0     0 3083 2487  2  0 98  0  0	
 3  0  11032 64444848 136160 305300    0    0     0     0 3065 2487  2  0 98  0  0	
 1  0  11032 64444848 136160 305300    0    0     0     0 3039 2456  2  0 98  0  0	
 1  0  11032 64444856 136160 305304    0    0     0     6 3008 2466  2  0 98  0  0	
procs -----------memory---------- ---swap-- -----io---- --system-- -----cpu-----
 r  b   swpd   free   buff  cache   si   so    bi    bo   in   cs us sy id wa st
 1  0  11032 64444848 136160 305308    0    0     0     0 3004 2460  2  0 98  0  0	
 2  0  11032 64444980 136160 305308    0    0     0     0 3037 2471  2  0 98  0  0	
 1  0  11032 64445096 136160 305312    0    0     0     0 3064 2503  2  0 98  0  0	
 1  0  11032 64444848 136160 305316    0    0     0     0 3064 2519  2  0 98  0  0	
 2  0  11032 64444980 136160 305316    0    0     0     0 3006 2465  2  0 98  0  0	
 1  0  11032 64444724 136160 305324    0    0     0     0 3055 2481  2  0 98  0  0	
 1  0  11032 64444724 136160 305324    0    0     0     8 3045 2470  2  0 98  0  0	
 1  0  11032 64444848 136160 305324    0    0     0     0 3051 2472  2  0 98  0  0	
 1  0  11032 64444724 136160 305328    0    0     0     0 3031 2457  2  0 98  0  0	
 2  0  11032 64444856 136160 305328    0    0     0     0 3050 2518  2  0 98  0  0	
 1  0  11032 64444848 136160 305328    0    0     0     4 3044 2470  2  0 98  0  0	
 1  0  11032 64444724 136160 305332    0    0     0     0 3038 2455  2  0 98  0  0	
 1  0  11032 64444848 136160 305332    0    0     0     0 3039 2459  2  0 98  0  0	
 1  0  11032 64444972 136160 305344    0    0     0     0 3047 2469  2  0 98  0  0	
 1  0  11032 64445104 136160 305348    0    0     0     0 3063 2474  2  0 98  0  0	
 1  0  11032 64444848 136160 305348    0    0     0     0 3072 2529  2  0 98  0  0	
 1  0  11032 64444972 136160 305352    0    0     0     0 3049 2484  2  0 98  0  0	
 2  0  11032 64444852 136160 305352    0    0     0     0 3066 2491  2  0 98  0  0	
 1  0  11032 64444852 136160 305352    0    0     0     0 3041 2465  2  0 98  0  0	
 1  0  11032 64444976 136160 305360    0    0     0     0 3073 2481  2  0 98  0  0	
 1  0  11032 64444844 136160 305364    0    0     0     0 3050 2471  2  0 98  0  0	
procs -----------memory---------- ---swap-- -----io---- --system-- -----cpu-----
 r  b   swpd   free   buff  cache   si   so    bi    bo   in   cs us sy id wa st
 1  0  11032 64444968 136160 305372    0    0     0     0 3066 2526  2  0 98  0  0	
 2  0  11032 64444968 136160 305376    0    0     0     0 3044 2464  2  0 98  0  0	
 1  0  11032 64444844 136160 305376    0    0     0     6 3042 2474  2  0 98  0  0	
 1  0  11032 64444860 136160 305376    0    0     0     0 3046 2471  2  0 98  0  0	
 1  0  11032 64444984 136160 305380    0    0     0     0 3035 2462  2  0 98  0  0	
 1  0  11032 64444860 136160 305380    0    0     0     0 2994 2446  2  0 98  0  0	
 1  0  11032 64444860 136160 305384    0    0     0     0 3025 2511  2  0 98  0  0	
 1  0  11032 64444984 136160 305388    0    0     0     0 3024 2464  2  0 98  0  0	
 1  0  11032 64444868 136160 305392    0    0     0     0 2990 2456  2  0 98  0  0	
 2  0  11032 64444860 136160 305396    0    0     0     0 2986 2438  2  0 98  0  0	
 1  0  11032 64444984 136160 305396    0    0     0     0 3023 2466  2  0 98  0  0	
 1  0  11032 64444852 136160 305396    0    0     0     0 3056 2497  2  0 98  0  0	
 1  0  11032 64444976 136160 305400    0    0     0     0 3103 2565  2  0 98  0  0	
 1  0  11032 64444612 136160 305400    0    0     0     0 3094 2513  2  0 98  0  0	
 2  0  11032 64444604 136160 305404    0    0     0     0 3097 2521  2  0 98  0  0	
 1  0  11032 64444728 136160 305408    0    0     0     0 3100 2518  2  0 98  0  0	
 1  0  11032 64444728 136160 305408    0    0     0     0 3092 2528  2  0 98  0  0	
 2  0  11032 64444732 136160 305412    0    0     0     0 3211 2771  2  0 98  0  0	
 1  0  11032 64444864 136160 305416    0    0     0     0 3230 2796  2  0 98  0  0	
 1  0  11032 64444732 136160 305416    0    0     0     2 3173 2696  2  0 98  0  0	
 1  0  11032 64444732 136160 305420    0    0     0     0 3075 2505  2  0 98  0  0	
procs -----------memory---------- ---swap-- -----io---- --system-- -----cpu-----
 r  b   swpd   free   buff  cache   si   so    bi    bo   in   cs us sy id wa st
 1  0  11032 64444732 136160 305420    0    0     0     0 3077 2501  2  0 98  0  0	
 2  0  11032 64444740 136160 305424    0    0     0     0 3148 2643  2  0 98  0  0	
 1  0  11032 64444748 136160 305428    0    0     0     0 3203 2745  2  0 98  0  0	
 1  0  11032 64444616 136160 305432    0    0     0     0 3134 2632  2  0 98  0  0	
 1  0  11032 64444740 136160 305432    0    0     0     0 3117 2604  2  0 98  0  0	
 1  0  11032 64444732 136160 305432    0    0     0     0 3128 2590  2  0 98  0  0	
 2  0  11032 64444484 136160 305440    0    0     0     0 3092 2541  2  0 98  0  0	
 1  0  11032 64444732 136160 305440    0    0     0     0 3073 2508  2  0 98  0  0	
 1  0  11032 64444724 136160 305444    0    0     0     0 3085 2548  2  0 98  0  0	
 3  0  11032 64444724 136160 305448    0    0     0     0 3116 2611  2  0 98  0  0	
 1  0  11032 64444724 136160 305448    0    0     0     0 3012 2467  2  0 98  0  0	
 1  0  11032 64444724 136160 305452    0    0     0     0 3042 2458  2  0 98  0  0	
 1  0  11032 64444616 136160 305452    0    0     0     6 3055 2481  2  0 98  0  0	
 1  0  11032 64444608 136160 305452    0    0     0     0 3043 2475  2  0 98  0  0	
 2  0  11032 64444732 136160 305460    0    0     0     0 3053 2474  2  0 98  0  0	
 1  0  11032 64444608 136160 305460    0    0     0     0 3145 2730  2  0 98  0  0	
 1  0  11032 64444732 136160 305468    0    0     0     0 3493 3448  2  0 98  0  0	
 1  0  11032 64444864 136160 305476    0    0     0     0 3235 2883  2  0 98  0  0	
 1  0  11032 64444608 136160 305476    0    0     0     0 3247 2868  2  0 98  0  0	
 1  0  11032 64444856 136160 305476    0    0     0     0 3067 2500  2  0 98  0  0	
 1  0  11032 64444732 136160 305480    0    0     0     0 3120 2600  2  0 98  0  0	
procs -----------memory---------- ---swap-- -----io---- --system-- -----cpu-----
 r  b   swpd   free   buff  cache   si   so    bi    bo   in   cs us sy id wa st
 1  0  11032 64444608 136160 305480    0    0     0     0 3120 2585  2  0 98  0  0	
 2  0  11032 64444616 136160 305484    0    0     0     0 3138 2596  2  0 98  0  0	
 1  0  11032 64444616 136160 305484    0    0     0     0 3109 2574  2  0 98  0  0	
 1  0  11032 64444616 136160 305492    0    0     0     0 3119 2575  2  0 98  0  0	
 1  0  11032 64444616 136160 305496    0    0     0     0 3100 2551  2  0 98  0  0	
 1  0  11032 64444616 136160 305496    0    0     0     0 3102 2555  2  0 98  0  0	
 2  0  11032 64444624 136160 305496    0    0     0     0 3120 2606  2  0 98  0  0	
 1  0  11032 64444616 136160 305500    0    0     0     2 3130 2592  2  0 98  0  0	
 1  0  11032 64444740 136160 305500    0    0     0     0 3127 2587  2  0 98  0  0	
 1  0  11032 64444748 136160 305500    0    0     0     0 3115 2576  2  0 98  0  0	
 1  0  11032 64444864 136160 305504    0    0     0     0 3116 2571  2  0 98  0  0	
 1  0  11032 64444748 136160 305516    0    0     0     0 3123 2592  2  0 98  0  0	
 1  0  11032 64444616 136160 305520    0    0     0     0 3103 2558  2  0 98  0  0	
 1  0  11032 64444740 136160 305520    0    0     0     0 3115 2567  2  0 98  0  0	
 2  0  11032 64444732 136160 305524    0    0     0     0 3157 2642  2  0 98  0  0	
 1  0  11032 64444740 136160 305528    0    0     0     0 3253 2855  2  0 98  0  0	
 1  0  11032 64444748 136160 305528    0    0     0     0 3587 3571  2  0 98  0  0	
 1  0  11032 64444724 136160 305528    0    0     0     0 3134 2640  2  0 98  0  0	
 1  0  11032 64444600 136160 305536    0    0     0     0 3130 2617  2  0 98  0  0	
 2  0  11032 64444352 136160 305536    0    0     0     0 3125 2617  2  0 98  0  0	
 1  0  11032 64444352 136160 305536    0    0     0     0 3130 2624  2  0 98  0  0	
procs -----------memory---------- ---swap-- -----io---- --system-- -----cpu-----
 r  b   swpd   free   buff  cache   si   so    bi    bo   in   cs us sy id wa st
 1  0  11032 64444616 136160 305540    0    0     0     6 3137 2602  2  0 98  0  0	
 1  0  11032 64444484 136160 305540    0    0     0     0 3071 2488  2  0 98  0  0	
 1  0  11032 64444476 136160 305540    0    0     0     0 3201 2685  2  0 98  0  0	
 1  0  11032 64444368 136160 305544    0    0     0     0 3116 2567  2  0 98  0  0	
 1  0  11032 64444236 136160 305544    0    0     0     0 3066 2501  2  0 98  0  0	
 1  0  11032 64444368 136160 305556    0    0     0     0 3054 2481  2  0 98  0  0	
 2  0  11032 64444236 136160 305556    0    0     0     0 3135 2592  2  0 98  0  0	
 1  0  11032 64444360 136160 305556    0    0     0     0 3147 2628  2  0 98  0  0	
 1  0  11032 64444352 136160 305564    0    0     0     0 3088 2518  2  0 98  0  0	
 1  0  11032 64444476 136160 305564    0    0     0     0 3138 2616  2  0 98  0  0	
 1  0  11032 64444484 136160 305564    0    0     0     0 3160 2650  2  0 98  0  0	
 2  0  11032 64444600 136160 305564    0    0     0     0 3093 2528  2  0 98  0  0	
 1  0  11032 64444476 136160 305568    0    0     0     0 3086 2500  2  0 98  0  0	
 1  0  11032 64444484 136160 305572    0    0     0     0 3066 2487  2  0 98  0  0	
 1  0  11032 64444608 136160 305572    0    0     0     0 3060 2471  2  0 98  0  0	
 1  0  11032 64444616 136160 305576    0    0     0     0 3063 2520  2  0 98  0  0	
 2  0  11032 64444732 136160 305576    0    0     0     2 3033 2422  2  0 98  0  0	
 1  0  11032 64444616 136160 305580    0    0     0     0 3060 2450  2  0 98  0  0	
 1  0  11032 64444616 136160 305580    0    0     0     0 3066 2476  2  0 98  0  0	
 2  0  11032 64444616 136160 305584    0    0     0     0 3067 2483  2  0 98  0  0	
 1  0  11032 64444500 136160 305596    0    0     0     0 3074 2476  2  0 98  0  0	
procs -----------memory---------- ---swap-- -----io---- --system-- -----cpu-----
 r  b   swpd   free   buff  cache   si   so    bi    bo   in   cs us sy id wa st
 2  0  11032 64444616 136160 305596    0    0     0     0 3068 2522  2  0 98  0  0	
 1  0  11032 64444616 136160 305596    0    0     0     0 3056 2469  2  0 98  0  0	
 1  0  11032 64444612 136160 305600    0    0     0     0 3066 2488  2  0 98  0  0	
 2  0  11032 64444612 136160 305600    0    0     0     0 3050 2475  2  0 98  0  0	
 1  0  11032 64444472 136160 305600    0    0     0     0 3098 2506  2  0 98  0  0	
 1  0  11032 64444480 136160 305608    0    0     0     0 3089 2523  2  0 98  0  0	
 1  0  11032 64444348 136160 305608    0    0     0     0 3100 2560  2  0 98  0  0	
 1  0  11032 64444472 136160 305620    0    0     0     0 3103 2555  2  0 98  0  0	
 1  0  11032 64444348 136160 305620    0    0     0     0 3069 2485  2  0 98  0  0	
 1  0  11032 64444488 136160 305624    0    0     0     6 3123 2603  2  0 98  0  0	
 1  0  11032 64444536 136160 305628    0    0     0     0 3111 2587  2  0 98  0  0	
 2  0  11032 64444544 136160 305628    0    0     0     0 3044 2465  2  0 98  0  0	
 1  0  11032 64444576 136160 305628    0    0     0     0 3108 2587  2  0 98  0  0	
