Linux 2.6.32-279.14.1.el6.x86_64 (compute-662-2.local) 	04/20/20 	_x86_64_	(48 CPU)

21:01:41          PID    %usr %system  %guest    %CPU   CPU  Command
21:01:43        12565   99.00    0.50    0.00   99.50    13  lu-mz.A.x
21:01:45        12565  100.00    0.00    0.00  100.00    13  lu-mz.A.x
21:01:47        12565   99.50    0.00    0.00   99.50    13  lu-mz.A.x
21:01:49        12565  100.00    0.00    0.00  100.00    13  lu-mz.A.x
21:01:51        12565   99.50    0.00    0.00   99.50    13  lu-mz.A.x
21:01:53        12565  100.00    0.00    0.00  100.00    13  lu-mz.A.x
21:01:55        12565  100.00    0.00    0.00  100.00    13  lu-mz.A.x
21:01:57        12565   99.50    0.00    0.00   99.50    13  lu-mz.A.x
21:01:59        12565  100.00    0.00    0.00  100.00    13  lu-mz.A.x
21:02:01        12565   99.50    0.00    0.00   99.50    13  lu-mz.A.x
21:02:03        12565  100.00    0.00    0.00  100.00    13  lu-mz.A.x
21:02:05        12565  100.00    0.00    0.00  100.00    13  lu-mz.A.x
21:02:07        12565   99.50    0.00    0.00   99.50    13  lu-mz.A.x
21:02:09        12565  100.00    0.00    0.00  100.00    13  lu-mz.A.x
21:02:11        12565   99.50    0.00    0.00   99.50    13  lu-mz.A.x
21:02:13        12565  100.00    0.00    0.00  100.00    13  lu-mz.A.x
21:02:15        12565  100.00    0.00    0.00  100.00    13  lu-mz.A.x
21:02:17        12565   99.50    0.00    0.00   99.50    13  lu-mz.A.x
21:02:19        12565  100.00    0.00    0.00  100.00    13  lu-mz.A.x
21:02:21        12565  100.00    0.00    0.00  100.00    13  lu-mz.A.x
21:02:23        12565   99.50    0.00    0.00   99.50    13  lu-mz.A.x
21:02:25        12565  100.00    0.00    0.00  100.00    13  lu-mz.A.x
21:02:27        12565   99.50    0.00    0.00   99.50    13  lu-mz.A.x
21:02:29        12565  100.00    0.00    0.00  100.00    13  lu-mz.A.x
21:02:31        12565  100.00    0.00    0.00  100.00    13  lu-mz.A.x
21:02:33        12565   99.50    0.00    0.00   99.50    13  lu-mz.A.x
21:02:35        12565  100.00    0.00    0.00  100.00    13  lu-mz.A.x
21:02:37        12565   99.50    0.00    0.00   99.50    13  lu-mz.A.x
21:02:39        12565  100.00    0.00    0.00  100.00    13  lu-mz.A.x
21:02:41        12565  100.00    0.00    0.00  100.00    13  lu-mz.A.x
21:02:43        12565   99.50    0.00    0.00   99.50    13  lu-mz.A.x
21:02:45        12565  100.00    0.00    0.00  100.00    13  lu-mz.A.x
21:02:47        12565   99.50    0.00    0.00   99.50    13  lu-mz.A.x
21:02:49        12565  100.00    0.00    0.00  100.00    13  lu-mz.A.x
21:02:51        12565  100.00    0.00    0.00  100.00    13  lu-mz.A.x
