procs -----------memory---------- ---swap-- -----io---- --system-- -----cpu-----
 r  b   swpd   free   buff  cache   si   so    bi    bo   in   cs us sy id wa st
 3  0  11032 64562140 136292 335228    0    0     0     1    0    0  5  1 94  0  0	
 2  0  11032 64524628 136292 335268    0    0     0     0 3159 2680  2  0 98  0  0	
 1  0  11032 64524828 136292 335268    0    0     0     0 3095 2516  2  0 98  0  0	
 1  0  11032 64524568 136292 335280    0    0     0    26 3191 2567  2  0 98  0  0	
 1  0  11032 64525144 136292 335280    0    0     0     0 3161 2593  2  0 98  0  0	
 1  0  11032 64525504 136292 335280    0    0     0     0 3132 2559  2  0 98  0  0	
 1  0  11032 64525800 136292 335284    0    0     0     0 3132 2557  2  0 98  0  0	
 1  0  11032 64526224 136292 335284    0    0     0     0 3129 2557  2  0 98  0  0	
 1  0  11032 64526604 136292 335288    0    0     0     0 3098 2510  2  0 98  0  0	
 1  0  11032 64526416 136292 335292    0    0     0     0 3119 2498  2  0 98  0  0	
 1  0  11032 64526540 136292 335292    0    0     0     0 3093 2510  2  0 98  0  0	
 1  0  11032 64526300 136292 335292    0    0     0     0 3122 2517  2  0 98  0  0	
 1  0  11032 64526376 136292 335296    0    0     0     0 3118 2512  2  0 98  0  0	
 1  0  11032 64526492 136292 335296    0    0     0     0 3122 2540  2  0 98  0  0	
 1  0  11032 64526508 136292 335300    0    0     0     0 3107 2510  2  0 98  0  0	
 1  0  11032 64526508 136292 335304    0    0     0     0 3107 2508  2  0 98  0  0	
 1  0  11032 64526644 136292 335308    0    0     0     0 3109 2504  2  0 98  0  0	
 1  0  11032 64526636 136292 335312    0    0     0     0 3111 2518  2  0 98  0  0	
 1  0  11032 64526760 136292 335316    0    0     0     2 3160 2619  2  0 98  0  0	
 1  0  11032 64526884 136292 335316    0    0     0     0 3327 2936  2  0 98  0  0	
 2  0  11032 64526760 136292 335316    0    0     0    18 3209 2706  2  0 98  0  0	
procs -----------memory---------- ---swap-- -----io---- --system-- -----cpu-----
 r  b   swpd   free   buff  cache   si   so    bi    bo   in   cs us sy id wa st
 1  0  11032 64526520 136292 335320    0    0     0     0 3151 2563  2  0 98  0  0	
 1  0  11032 64526636 136292 335320    0    0     0     0 3227 2726  2  0 98  0  0	
 1  0  11032 64526620 136292 335324    0    0     0     0 3259 2784  2  0 98  0  0	
 1  0  11032 64526636 136292 335328    0    0     0     0 3249 2777  2  0 98  0  0	
 1  0  11032 64526896 136292 335328    0    0     0     6 3144 2586  2  0 98  0  0	
 2  0  11032 64526524 136292 335332    0    0     0     0 3093 2499  2  0 98  0  0	
 2  0  11032 64526780 136292 335332    0    0     0     0 3277 2843  2  0 98  0  0	
 1  0  11032 64526904 136292 335332    0    0     0     0 3122 2545  2  0 98  0  0	
 1  0  11032 64526912 136292 335336    0    0     0     0 2638 2431  2  0 98  0  0	
 1  0  11032 64527028 136292 335340    0    0     0     0 2102 2314  2  0 98  0  0	
 1  0  11032 64526532 136292 335344    0    0     0     0 2156 2361  2  0 98  0  0	
 2  0  11032 64526516 136292 335348    0    0     0     0 2120 2329  2  0 98  0  0	
 1  0  11032 64526384 136292 335348    0    0     0     0 2126 2333  2  0 98  0  0	
 1  0  11032 64526516 136292 335348    0    0     0     0 2127 2309  2  0 98  0  0	
 1  0  11032 64526640 136292 335352    0    0     0     0 2118 2320  2  0 98  0  0	
 1  0  11032 64526392 136292 335356    0    0     0     0 2115 2311  2  0 98  0  0	
 2  0  11032 64526516 136292 335360    0    0     0     0 2143 2378  2  0 98  0  0	
 1  0  11032 64526888 136292 335360    0    0     0    10 2117 2330  2  0 98  0  0	
 1  0  11032 64526772 136292 335364    0    0     0     0 2139 2322  2  0 98  0  0	
 1  0  11032 64526912 136292 335368    0    0     0     0 2202 2371  2  0 98  0  0	
 1  0  11032 64526920 136292 335368    0    0     0     0 2862 2497  2  0 98  0  0	
procs -----------memory---------- ---swap-- -----io---- --system-- -----cpu-----
 r  b   swpd   free   buff  cache   si   so    bi    bo   in   cs us sy id wa st
 2  0  11032 64526788 136292 335368    0    0     0     0 2164 2360  2  0 98  0  0	
