Linux 2.6.32-279.14.1.el6.x86_64 (compute-662-2.local) 	04/20/20 	_x86_64_	(48 CPU)

16:11:47     CPU    %usr   %nice    %sys %iowait    %irq   %soft  %steal  %guest   %idle
16:11:49     all    2.05    0.00    0.14    0.00    0.00    0.00    0.00    0.00   97.81
16:11:51     all    2.10    0.00    0.06    0.00    0.00    0.01    0.00    0.00   97.83
16:11:53     all    2.11    0.00    0.07    0.21    0.00    0.00    0.00    0.00   97.61
16:11:55     all    2.10    0.00    0.07    0.00    0.00    0.00    0.00    0.00   97.83
16:11:57     all    2.11    0.00    0.06    0.00    0.00    0.00    0.00    0.00   97.83
16:11:59     all    2.10    0.00    0.08    0.00    0.00    0.01    0.00    0.00   97.81
16:12:01     all    2.10    0.00    0.08    0.00    0.00    0.00    0.00    0.00   97.82
16:12:03     all    2.10    0.00    0.09    0.00    0.00    0.00    0.00    0.00   97.81
16:12:05     all    2.11    0.00    0.09    0.00    0.00    0.00    0.00    0.00   97.80
16:12:07     all    2.11    0.00    0.06    0.00    0.00    0.00    0.00    0.00   97.83
16:12:09     all    2.10    0.00    0.06    0.00    0.00    0.00    0.00    0.00   97.84
16:12:11     all    2.10    0.00    0.07    0.00    0.00    0.00    0.00    0.00   97.83
16:12:13     all    2.11    0.00    0.06    0.00    0.00    0.00    0.00    0.00   97.83
16:12:15     all    2.10    0.00    0.06    0.00    0.00    0.01    0.00    0.00   97.83
16:12:17     all    2.11    0.00    0.07    0.00    0.00    0.00    0.00    0.00   97.82
16:12:19     all    2.10    0.00    0.07    0.00    0.00    0.00    0.00    0.00   97.83
16:12:21     all    2.10    0.00    0.06    0.00    0.00    0.00    0.00    0.00   97.84
16:12:23     all    2.11    0.00    0.07    0.00    0.00    0.00    0.00    0.00   97.82
16:12:25     all    2.10    0.00    0.07    0.00    0.00    0.00    0.00    0.00   97.83
16:12:27     all    2.10    0.00    0.07    0.21    0.00    0.00    0.00    0.00   97.62
16:12:29     all    2.10    0.00    0.06    0.00    0.00    0.00    0.00    0.00   97.84
16:12:31     all    2.10    0.00    0.08    0.00    0.00    0.01    0.00    0.00   97.81
16:12:33     all    2.10    0.00    0.06    0.00    0.00    0.00    0.00    0.00   97.84
16:12:35     all    2.11    0.00    0.08    0.00    0.00    0.00    0.00    0.00   97.81
16:12:37     all    2.10    0.00    0.06    0.00    0.00    0.00    0.00    0.00   97.84
16:12:39     all    2.11    0.00    0.07    0.00    0.00    0.00    0.00    0.00   97.82
16:12:41     all    2.10    0.00    0.07    0.00    0.00    0.00    0.00    0.00   97.83
16:12:43     all    2.11    0.00    0.06    0.00    0.00    0.00    0.00    0.00   97.83
16:12:45     all    2.10    0.00    0.07    0.01    0.00    0.00    0.00    0.00   97.82
16:12:47     all    2.11    0.00    0.06    0.00    0.00    0.00    0.00    0.00   97.83
16:12:49     all    2.11    0.00    0.09    0.00    0.00    0.01    0.00    0.00   97.79
16:12:51     all    2.11    0.00    0.06    0.00    0.00    0.00    0.00    0.00   97.83
16:12:53     all    2.10    0.00    0.07    0.00    0.00    0.00    0.00    0.00   97.83
16:12:55     all    2.11    0.00    0.06    0.00    0.00    0.00    0.00    0.00   97.83
16:12:57     all    2.10    0.00    0.06    0.00    0.00    0.00    0.00    0.00   97.84
16:12:59     all    2.10    0.00    0.07    0.00    0.00    0.00    0.00    0.00   97.83
16:13:01     all    2.11    0.00    0.07    0.00    0.00    0.00    0.00    0.00   97.82
16:13:03     all    2.10    0.00    0.07    0.00    0.00    0.00    0.00    0.00   97.83
16:13:05     all    2.11    0.00    0.08    0.00    0.00    0.00    0.00    0.00   97.81
16:13:07     all    2.11    0.00    0.07    0.00    0.00    0.01    0.00    0.00   97.81
16:13:09     all    2.10    0.00    0.08    0.00    0.00    0.00    0.00    0.00   97.82
16:13:11     all    2.11    0.00    0.07    0.00    0.00    0.01    0.00    0.00   97.81
16:13:13     all    2.10    0.00    0.07    0.00    0.00    0.00    0.00    0.00   97.83
16:13:15     all    2.10    0.00    0.06    0.00    0.00    0.00    0.00    0.00   97.84
16:13:17     all    2.10    0.00    0.07    0.00    0.00    0.02    0.00    0.00   97.81
16:13:19     all    2.10    0.00    0.06    0.00    0.00    0.01    0.00    0.00   97.83
16:13:21     all    2.10    0.00    0.07    0.00    0.00    0.01    0.00    0.00   97.82
16:13:23     all    2.11    0.00    0.07    0.00    0.00    0.00    0.00    0.00   97.82
16:13:25     all    2.11    0.00    0.06    0.00    0.00    0.02    0.00    0.00   97.81
16:13:27     all    2.10    0.00    0.07    0.00    0.00    0.00    0.00    0.00   97.83
16:13:29     all    2.09    0.00    0.06    0.00    0.00    0.00    0.00    0.00   97.85
16:13:31     all    2.10    0.00    0.05    0.20    0.00    0.00    0.00    0.00   97.65
16:13:33     all    2.11    0.00    0.07    0.00    0.00    0.00    0.00    0.00   97.82
16:13:35     all    2.10    0.00    0.10    0.01    0.00    0.00    0.00    0.00   97.79
16:13:37     all    2.11    0.00    0.09    0.00    0.00    0.00    0.00    0.00   97.80
16:13:39     all    2.11    0.00    0.07    0.20    0.00    0.01    0.00    0.00   97.61
16:13:41     all    2.11    0.00    0.06    0.00    0.00    0.02    0.00    0.00   97.81
16:13:43     all    2.10    0.00    0.07    0.01    0.00    0.00    0.00    0.00   97.82
16:13:45     all    2.10    0.00    0.07    0.00    0.00    0.00    0.00    0.00   97.83
16:13:47     all    2.10    0.00    0.07    0.00    0.00    0.02    0.00    0.00   97.81
16:13:49     all    2.11    0.00    0.05    0.00    0.00    0.00    0.00    0.00   97.84
16:13:51     all    2.10    0.00    0.07    0.00    0.00    0.02    0.00    0.00   97.81
16:13:53     all    2.11    0.00    0.06    0.00    0.00    0.01    0.00    0.00   97.82
16:13:55     all    2.09    0.00    0.07    0.00    0.00    0.01    0.00    0.00   97.83
16:13:57     all    2.10    0.00    0.07    0.00    0.00    0.01    0.00    0.00   97.82
16:13:59     all    2.10    0.00    0.06    0.00    0.00    0.01    0.00    0.00   97.83
16:14:01     all    2.11    0.00    0.07    0.00    0.00    0.00    0.00    0.00   97.82
16:14:03     all    2.11    0.00    0.06    0.00    0.00    0.00    0.00    0.00   97.83
16:14:05     all    2.11    0.00    0.06    0.00    0.00    0.01    0.00    0.00   97.82
16:14:07     all    2.10    0.00    0.07    0.00    0.00    0.00    0.00    0.00   97.83
16:14:09     all    2.11    0.00    0.08    0.00    0.00    0.00    0.00    0.00   97.81
16:14:11     all    2.10    0.00    0.08    0.00    0.00    0.00    0.00    0.00   97.82
16:14:13     all    2.10    0.00    0.07    0.00    0.00    0.00    0.00    0.00   97.83
16:14:15     all    2.10    0.00    0.07    0.00    0.00    0.00    0.00    0.00   97.83
16:14:17     all    2.10    0.00    0.07    0.00    0.00    0.00    0.00    0.00   97.83
16:14:19     all    2.11    0.00    0.09    0.00    0.00    0.00    0.00    0.00   97.80
16:14:21     all    2.10    0.00    0.08    0.00    0.00    0.01    0.00    0.00   97.81
16:14:23     all    2.10    0.00    0.06    0.00    0.00    0.00    0.00    0.00   97.84
16:14:25     all    2.10    0.00    0.06    0.00    0.00    0.01    0.00    0.00   97.83
16:14:27     all    2.11    0.00    0.06    0.00    0.00    0.01    0.00    0.00   97.82
16:14:29     all    2.10    0.00    0.06    0.00    0.00    0.00    0.00    0.00   97.84
16:14:31     all    2.10    0.00    0.07    0.20    0.00    0.01    0.00    0.00   97.62
16:14:33     all    2.10    0.00    0.06    0.00    0.00    0.00    0.00    0.00   97.84
16:14:35     all    2.11    0.00    0.07    0.01    0.00    0.00    0.00    0.00   97.81
16:14:37     all    2.10    0.00    0.09    0.00    0.00    0.00    0.00    0.00   97.81
16:14:39     all    2.10    0.00    0.08    0.00    0.00    0.01    0.00    0.00   97.81
16:14:41     all    2.10    0.00    0.08    0.20    0.00    0.00    0.00    0.00   97.62
16:14:43     all    2.10    0.00    0.07    0.01    0.00    0.01    0.00    0.00   97.81
16:14:45     all    2.10    0.00    0.06    0.00    0.00    0.02    0.00    0.00   97.82
16:14:47     all    2.11    0.00    0.08    0.00    0.00    0.00    0.00    0.00   97.81
16:14:49     all    2.10    0.00    0.06    0.00    0.00    0.00    0.00    0.00   97.84
16:14:51     all    2.09    0.00    0.08    0.00    0.00    0.00    0.00    0.00   97.83
16:14:53     all    2.10    0.00    0.06    0.00    0.00    0.00    0.00    0.00   97.84
16:14:55     all    2.11    0.00    0.06    0.21    0.00    0.01    0.00    0.00   97.61
16:14:57     all    2.10    0.00    0.07    0.00    0.00    0.00    0.00    0.00   97.83
16:14:59     all    2.10    0.00    0.06    0.00    0.00    0.00    0.00    0.00   97.84
16:15:01     all    2.10    0.00    0.08    0.00    0.00    0.00    0.00    0.00   97.82
16:15:03     all    2.11    0.00    0.07    0.00    0.00    0.00    0.00    0.00   97.82
16:15:05     all    2.11    0.00    0.08    0.00    0.00    0.00    0.00    0.00   97.81
16:15:07     all    2.10    0.00    0.07    0.00    0.00    0.00    0.00    0.00   97.83
16:15:09     all    2.11    0.00    0.07    0.00    0.00    0.01    0.00    0.00   97.81
16:15:11     all    2.11    0.00    0.06    0.00    0.00    0.01    0.00    0.00   97.82
16:15:13     all    2.10    0.00    0.07    0.00    0.00    0.00    0.00    0.00   97.83
16:15:15     all    2.11    0.00    0.08    0.00    0.00    0.00    0.00    0.00   97.81
16:15:17     all    2.11    0.00    0.07    0.00    0.00    0.01    0.00    0.00   97.81
16:15:19     all    2.10    0.00    0.06    0.00    0.00    0.00    0.00    0.00   97.84
16:15:21     all    2.10    0.00    0.08    0.00    0.00    0.00    0.00    0.00   97.82
16:15:23     all    2.10    0.00    0.06    0.00    0.00    0.00    0.00    0.00   97.84
16:15:25     all    2.10    0.00    0.06    0.00    0.00    0.01    0.00    0.00   97.83
16:15:27     all    2.10    0.00    0.07    0.00    0.00    0.01    0.00    0.00   97.82
16:15:29     all    2.10    0.00    0.06    0.00    0.00    0.01    0.00    0.00   97.83
16:15:31     all    2.10    0.00    0.07    0.21    0.00    0.00    0.00    0.00   97.62
16:15:33     all    2.10    0.00    0.06    0.00    0.00    0.00    0.00    0.00   97.84
16:15:35     all    2.11    0.00    0.07    0.00    0.00    0.01    0.00    0.00   97.81
16:15:37     all    2.09    0.00    0.07    0.00    0.00    0.00    0.00    0.00   97.84
16:15:39     all    2.10    0.00    0.07    0.00    0.00    0.00    0.00    0.00   97.83
16:15:41     all    2.10    0.00    0.08    0.00    0.00    0.00    0.00    0.00   97.82
16:15:43     all    2.11    0.00    0.08    0.00    0.00    0.00    0.00    0.00   97.81
16:15:45     all    2.11    0.00    0.08    0.00    0.00    0.00    0.00    0.00   97.81
16:15:47     all    2.10    0.00    0.07    0.00    0.00    0.00    0.00    0.00   97.83
16:15:49     all    2.11    0.00    0.08    0.00    0.00    0.00    0.00    0.00   97.81
16:15:51     all    2.10    0.00    0.07    0.00    0.00    0.00    0.00    0.00   97.83
16:15:53     all    2.10    0.00    0.07    0.00    0.00    0.01    0.00    0.00   97.82
16:15:55     all    2.10    0.00    0.06    0.00    0.00    0.00    0.00    0.00   97.84
16:15:57     all    2.10    0.00    0.07    0.00    0.00    0.00    0.00    0.00   97.83
16:15:59     all    2.10    0.00    0.07    0.00    0.00    0.00    0.00    0.00   97.83
16:16:01     all    2.11    0.00    0.08    0.00    0.00    0.00    0.00    0.00   97.81
16:16:03     all    2.10    0.00    0.06    0.00    0.00    0.00    0.00    0.00   97.84
16:16:05     all    2.10    0.00    0.08    0.00    0.00    0.00    0.00    0.00   97.82
16:16:07     all    2.10    0.00    0.07    0.00    0.00    0.00    0.00    0.00   97.83
16:16:09     all    2.10    0.00    0.07    0.00    0.00    0.00    0.00    0.00   97.83
16:16:11     all    2.10    0.00    0.07    0.00    0.00    0.01    0.00    0.00   97.82
16:16:13     all    2.11    0.00    0.09    0.00    0.00    0.00    0.00    0.00   97.80
16:16:15     all    2.11    0.00    0.08    0.00    0.00    0.00    0.00    0.00   97.81
16:16:17     all    2.09    0.00    0.09    0.00    0.00    0.00    0.00    0.00   97.82
16:16:19     all    2.10    0.00    0.08    0.00    0.00    0.00    0.00    0.00   97.82
16:16:21     all    2.11    0.00    0.08    0.00    0.00    0.00    0.00    0.00   97.81
16:16:23     all    2.10    0.00    0.06    0.00    0.00    0.00    0.00    0.00   97.84
16:16:25     all    2.10    0.00    0.07    0.00    0.00    0.01    0.00    0.00   97.82
16:16:27     all    2.11    0.00    0.06    0.00    0.00    0.00    0.00    0.00   97.83
16:16:29     all    2.10    0.00    0.07    0.00    0.00    0.02    0.00    0.00   97.81
16:16:31     all    2.10    0.00    0.07    0.21    0.00    0.01    0.00    0.00   97.61
16:16:33     all    2.11    0.00    0.06    0.00    0.00    0.02    0.00    0.00   97.81
16:16:35     all    2.11    0.00    0.08    0.00    0.00    0.00    0.00    0.00   97.81
16:16:37     all    2.09    0.00    0.08    0.00    0.00    0.01    0.00    0.00   97.82
16:16:39     all    2.11    0.00    0.08    0.00    0.00    0.01    0.00    0.00   97.80
16:16:41     all    2.11    0.00    0.07    0.00    0.00    0.01    0.00    0.00   97.81
16:16:43     all    2.10    0.00    0.08    0.00    0.00    0.01    0.00    0.00   97.81
16:16:45     all    2.11    0.00    0.08    0.01    0.00    0.00    0.00    0.00   97.80
16:16:47     all    2.10    0.00    0.08    0.00    0.00    0.00    0.00    0.00   97.82
16:16:49     all    2.10    0.00    0.06    0.00    0.00    0.01    0.00    0.00   97.83
16:16:51     all    2.11    0.00    0.06    0.00    0.00    0.00    0.00    0.00   97.83
16:16:53     all    2.10    0.00    0.07    0.00    0.00    0.01    0.00    0.00   97.82
16:16:55     all    2.10    0.00    0.04    0.00    0.00    0.01    0.00    0.00   97.85
16:16:57     all    2.09    0.00    0.07    0.00    0.00    0.01    0.00    0.00   97.83
16:16:59     all    2.10    0.00    0.07    0.00    0.00    0.01    0.00    0.00   97.82
16:17:01     all    2.11    0.00    0.07    0.00    0.00    0.01    0.00    0.00   97.81
16:17:03     all    2.10    0.00    0.07    0.00    0.00    0.01    0.00    0.00   97.82
16:17:05     all    2.10    0.00    0.06    0.00    0.00    0.01    0.00    0.00   97.83
16:17:07     all    2.10    0.00    0.08    0.00    0.00    0.00    0.00    0.00   97.82
16:17:09     all    2.10    0.00    0.07    0.00    0.00    0.00    0.00    0.00   97.83
16:17:11     all    2.11    0.00    0.06    0.00    0.00    0.01    0.00    0.00   97.82
16:17:13     all    2.10    0.00    0.07    0.00    0.00    0.00    0.00    0.00   97.83
16:17:15     all    2.10    0.00    0.08    0.00    0.00    0.02    0.00    0.00   97.80
16:17:17     all    2.10    0.00    0.06    0.00    0.00    0.01    0.00    0.00   97.83
16:17:19     all    2.11    0.00    0.09    0.00    0.00    0.00    0.00    0.00   97.80
16:17:21     all    2.10    0.00    0.08    0.00    0.00    0.00    0.00    0.00   97.82
16:17:23     all    2.10    0.00    0.05    0.00    0.00    0.00    0.00    0.00   97.85
16:17:25     all    2.11    0.00    0.07    0.00    0.00    0.01    0.00    0.00   97.81
16:17:27     all    2.10    0.00    0.07    0.00    0.00    0.00    0.00    0.00   97.83
16:17:29     all    2.10    0.00    0.06    0.00    0.00    0.01    0.00    0.00   97.83
16:17:31     all    2.11    0.00    0.08    0.20    0.00    0.01    0.00    0.00   97.60
16:17:33     all    2.10    0.00    0.08    0.00    0.00    0.00    0.00    0.00   97.82
16:17:35     all    2.10    0.00    0.07    0.00    0.00    0.00    0.00    0.00   97.83
16:17:37     all    2.10    0.00    0.06    0.00    0.00    0.01    0.00    0.00   97.83
16:17:39     all    2.10    0.00    0.08    0.01    0.00    0.00    0.00    0.00   97.81
16:17:41     all    2.11    0.00    0.11    0.00    0.00    0.01    0.00    0.00   97.77
16:17:43     all    2.10    0.00    0.11    0.00    0.00    0.01    0.00    0.00   97.78
16:17:45     all    2.10    0.00    0.10    0.00    0.00    0.00    0.00    0.00   97.80
16:17:47     all    2.11    0.00    0.10    0.00    0.00    0.00    0.00    0.00   97.79
16:17:49     all    2.10    0.00    0.10    0.00    0.00    0.00    0.00    0.00   97.80
16:17:51     all    2.11    0.00    0.07    0.00    0.00    0.01    0.00    0.00   97.81
16:17:53     all    2.10    0.00    0.07    0.00    0.00    0.01    0.00    0.00   97.82
16:17:55     all    2.09    0.00    0.06    0.00    0.00    0.01    0.00    0.00   97.84
16:17:57     all    2.10    0.00    0.07    0.00    0.00    0.01    0.00    0.00   97.82
16:17:59     all    2.10    0.00    0.07    0.00    0.00    0.00    0.00    0.00   97.83
16:18:01     all    2.10    0.00    0.07    0.00    0.00    0.00    0.00    0.00   97.83
16:18:03     all    2.10    0.00    0.07    0.00    0.00    0.02    0.00    0.00   97.81
16:18:05     all    2.11    0.00    0.09    0.00    0.00    0.01    0.00    0.00   97.79
16:18:07     all    2.10    0.00    0.07    0.00    0.00    0.01    0.00    0.00   97.82
16:18:09     all    2.10    0.00    0.06    0.00    0.00    0.01    0.00    0.00   97.83
16:18:11     all    2.11    0.00    0.07    0.00    0.00    0.01    0.00    0.00   97.81
16:18:13     all    2.11    0.00    0.08    0.00    0.00    0.00    0.00    0.00   97.81
16:18:15     all    2.10    0.00    0.07    0.00    0.00    0.01    0.00    0.00   97.82
16:18:17     all    2.11    0.00    0.09    0.00    0.00    0.02    0.00    0.00   97.78
16:18:19     all    2.11    0.00    0.08    0.00    0.00    0.00    0.00    0.00   97.81
16:18:21     all    2.11    0.00    0.07    0.00    0.00    0.01    0.00    0.00   97.81
16:18:23     all    2.11    0.00    0.06    0.00    0.00    0.01    0.00    0.00   97.82
16:18:25     all    2.10    0.00    0.06    0.00    0.00    0.00    0.00    0.00   97.84
16:18:27     all    2.10    0.00    0.07    0.00    0.00    0.01    0.00    0.00   97.82
16:18:29     all    2.10    0.00    0.06    0.00    0.00    0.00    0.00    0.00   97.84
16:18:31     all    2.11    0.00    0.07    0.18    0.00    0.00    0.00    0.00   97.64
16:18:33     all    2.09    0.00    0.06    0.00    0.00    0.00    0.00    0.00   97.85
16:18:35     all    2.10    0.00    0.07    0.00    0.00    0.01    0.00    0.00   97.82
16:18:37     all    2.11    0.00    0.06    0.00    0.00    0.00    0.00    0.00   97.83
16:18:39     all    2.09    0.00    0.04    0.00    0.00    0.01    0.00    0.00   97.86
16:18:41     all    2.10    0.00    0.07    0.00    0.00    0.01    0.00    0.00   97.82
16:18:43     all    2.10    0.00    0.07    0.00    0.00    0.01    0.00    0.00   97.82
16:18:45     all    2.11    0.00    0.07    0.00    0.00    0.00    0.00    0.00   97.82
16:18:47     all    2.10    0.00    0.08    0.00    0.00    0.01    0.00    0.00   97.81
16:18:49     all    2.11    0.00    0.09    0.00    0.00    0.02    0.00    0.00   97.78
16:18:51     all    2.10    0.00    0.06    0.00    0.00    0.00    0.00    0.00   97.84
16:18:53     all    2.10    0.00    0.07    0.00    0.00    0.00    0.00    0.00   97.83
16:18:55     all    2.10    0.00    0.07    0.00    0.00    0.01    0.00    0.00   97.82
16:18:57     all    2.11    0.00    0.06    0.00    0.00    0.00    0.00    0.00   97.83
16:18:59     all    2.11    0.00    0.06    0.00    0.00    0.01    0.00    0.00   97.82
16:19:01     all    2.10    0.00    0.07    0.00    0.00    0.00    0.00    0.00   97.83
16:19:03     all    2.11    0.00    0.08    0.00    0.00    0.00    0.00    0.00   97.81
16:19:05     all    2.10    0.00    0.06    0.00    0.00    0.00    0.00    0.00   97.84
16:19:07     all    2.10    0.00    0.07    0.00    0.00    0.00    0.00    0.00   97.83
16:19:09     all    2.10    0.00    0.06    0.00    0.00    0.00    0.00    0.00   97.84
16:19:11     all    2.11    0.00    0.07    0.00    0.00    0.01    0.00    0.00   97.81
16:19:13     all    2.10    0.00    0.07    0.00    0.00    0.00    0.00    0.00   97.83
16:19:15     all    2.10    0.00    0.06    0.00    0.00    0.02    0.00    0.00   97.82
16:19:17     all    2.10    0.00    0.06    0.00    0.00    0.01    0.00    0.00   97.83
16:19:19     all    2.10    0.00    0.08    0.01    0.00    0.01    0.00    0.00   97.80
16:19:21     all    2.10    0.00    0.06    0.00    0.00    0.01    0.00    0.00   97.83
16:19:23     all    2.11    0.00    0.08    0.00    0.00    0.00    0.00    0.00   97.81
16:19:25     all    2.10    0.00    0.06    0.00    0.00    0.00    0.00    0.00   97.84
16:19:27     all    2.10    0.00    0.07    0.00    0.00    0.01    0.00    0.00   97.82
16:19:29     all    2.10    0.00    0.07    0.00    0.00    0.01    0.00    0.00   97.82
16:19:31     all    2.11    0.00    0.07    0.20    0.00    0.01    0.00    0.00   97.61
16:19:33     all    2.10    0.00    0.06    0.00    0.00    0.00    0.00    0.00   97.84
16:19:35     all    2.12    0.00    0.08    0.00    0.00    0.01    0.00    0.00   97.79
16:19:37     all    2.10    0.00    0.08    0.00    0.00    0.00    0.00    0.00   97.82
16:19:39     all    2.11    0.00    0.06    0.00    0.00    0.00    0.00    0.00   97.83
16:19:41     all    2.10    0.00    0.07    0.30    0.00    0.00    0.00    0.00   97.53
16:19:43     all    2.11    0.00    0.07    0.00    0.00    0.01    0.00    0.00   97.81
16:19:45     all    2.10    0.00    0.06    0.00    0.00    0.00    0.00    0.00   97.84
16:19:47     all    2.11    0.00    0.07    0.00    0.00    0.01    0.00    0.00   97.81
16:19:49     all    2.10    0.00    0.07    0.00    0.00    0.01    0.00    0.00   97.82
16:19:51     all    2.11    0.00    0.07    0.00    0.00    0.01    0.00    0.00   97.81
16:19:53     all    2.10    0.00    0.07    0.00    0.00    0.01    0.00    0.00   97.82
16:19:55     all    2.10    0.00    0.07    0.23    0.00    0.01    0.00    0.00   97.59
16:19:57     all    2.10    0.00    0.07    0.00    0.00    0.02    0.00    0.00   97.81
16:19:59     all    2.10    0.00    0.06    0.00    0.00    0.01    0.00    0.00   97.83
16:20:01     all    2.12    0.00    0.08    0.19    0.00    0.00    0.00    0.00   97.61
16:20:03     all    2.10    0.00    0.07    0.00    0.00    0.00    0.00    0.00   97.83
16:20:05     all    2.11    0.00    0.05    0.00    0.00    0.01    0.00    0.00   97.83
16:20:07     all    2.10    0.00    0.07    0.00    0.00    0.01    0.00    0.00   97.82
16:20:09     all    2.11    0.00    0.06    0.00    0.00    0.00    0.00    0.00   97.83
16:20:11     all    2.10    0.00    0.06    0.00    0.00    0.01    0.00    0.00   97.83
16:20:13     all    2.11    0.00    0.07    0.00    0.00    0.02    0.00    0.00   97.80
16:20:15     all    2.11    0.00    0.05    0.00    0.00    0.01    0.00    0.00   97.83
16:20:17     all    2.10    0.00    0.09    0.00    0.00    0.01    0.00    0.00   97.80
16:20:19     all    2.10    0.00    0.09    0.00    0.00    0.00    0.00    0.00   97.81
16:20:21     all    2.10    0.00    0.08    0.00    0.00    0.00    0.00    0.00   97.82
16:20:23     all    2.10    0.00    0.05    0.00    0.00    0.00    0.00    0.00   97.85
16:20:25     all    2.11    0.00    0.07    0.00    0.00    0.00    0.00    0.00   97.82
16:20:27     all    2.10    0.00    0.07    0.00    0.00    0.01    0.00    0.00   97.82
16:20:29     all    2.10    0.00    0.05    0.00    0.00    0.02    0.00    0.00   97.83
16:20:31     all    2.10    0.00    0.07    0.20    0.00    0.01    0.00    0.00   97.62
16:20:33     all    2.11    0.00    0.06    0.00    0.00    0.00    0.00    0.00   97.83
16:20:35     all    2.10    0.00    0.06    0.00    0.00    0.00    0.00    0.00   97.84
16:20:37     all    2.11    0.00    0.07    0.00    0.00    0.00    0.00    0.00   97.82
16:20:39     all    2.09    0.00    0.06    0.00    0.00    0.01    0.00    0.00   97.84
16:20:41     all    2.11    0.00    0.06    0.00    0.00    0.01    0.00    0.00   97.82
16:20:43     all    2.10    0.00    0.07    0.00    0.00    0.01    0.00    0.00   97.82
16:20:45     all    2.11    0.00    0.06    0.00    0.00    0.02    0.00    0.00   97.81
16:20:47     all    2.10    0.00    0.07    0.01    0.00    0.00    0.00    0.00   97.82
16:20:49     all    2.10    0.00    0.08    0.00    0.00    0.00    0.00    0.00   97.82
16:20:51     all    2.11    0.00    0.06    0.00    0.00    0.01    0.00    0.00   97.82
16:20:53     all    2.10    0.00    0.07    0.00    0.00    0.00    0.00    0.00   97.83
16:20:55     all    2.11    0.00    0.07    0.00    0.00    0.00    0.00    0.00   97.82
16:20:57     all    2.11    0.00    0.08    0.00    0.00    0.00    0.00    0.00   97.81
16:20:59     all    2.10    0.00    0.06    0.00    0.00    0.00    0.00    0.00   97.84
16:21:01     all    2.11    0.00    0.07    0.00    0.00    0.01    0.00    0.00   97.81
16:21:03     all    2.10    0.00    0.07    0.00    0.00    0.02    0.00    0.00   97.81
16:21:05     all    2.12    0.00    0.09    0.00    0.00    0.01    0.00    0.00   97.78
16:21:07     all    2.10    0.00    0.07    0.00    0.00    0.00    0.00    0.00   97.83
16:21:09     all    2.10    0.00    0.07    0.00    0.00    0.01    0.00    0.00   97.82
16:21:11     all    2.10    0.00    0.06    0.00    0.00    0.00    0.00    0.00   97.84
16:21:13     all    2.11    0.00    0.06    0.00    0.00    0.01    0.00    0.00   97.82
16:21:15     all    2.10    0.00    0.08    0.00    0.00    0.00    0.00    0.00   97.82
16:21:17     all    2.10    0.00    0.06    0.00    0.00    0.00    0.00    0.00   97.84
16:21:19     all    2.09    0.00    0.07    0.00    0.00    0.00    0.00    0.00   97.84
16:21:21     all    2.11    0.00    0.07    0.00    0.00    0.00    0.00    0.00   97.82
16:21:23     all    2.10    0.00    0.08    0.00    0.00    0.00    0.00    0.00   97.82
16:21:25     all    2.11    0.00    0.07    0.00    0.00    0.00    0.00    0.00   97.82
16:21:27     all    2.10    0.00    0.07    0.00    0.00    0.01    0.00    0.00   97.82
16:21:29     all    2.10    0.00    0.07    0.00    0.00    0.01    0.00    0.00   97.82
16:21:31     all    2.10    0.00    0.07    0.20    0.00    0.00    0.00    0.00   97.63
16:21:33     all    2.10    0.00    0.07    0.00    0.00    0.00    0.00    0.00   97.83
16:21:35     all    2.11    0.00    0.06    0.00    0.00    0.01    0.00    0.00   97.82
16:21:37     all    2.10    0.00    0.06    0.00    0.00    0.00    0.00    0.00   97.84
16:21:39     all    2.11    0.00    0.07    0.00    0.00    0.00    0.00    0.00   97.82
16:21:41     all    2.11    0.00    0.06    0.00    0.00    0.00    0.00    0.00   97.83
16:21:43     all    2.11    0.00    0.06    0.00    0.00    0.00    0.00    0.00   97.83
16:21:45     all    2.10    0.00    0.07    0.01    0.00    0.00    0.00    0.00   97.82
16:21:47     all    2.10    0.00    0.06    0.00    0.00    0.00    0.00    0.00   97.84
16:21:49     all    2.10    0.00    0.07    0.00    0.00    0.00    0.00    0.00   97.83
16:21:51     all    2.12    0.00    0.08    0.00    0.00    0.01    0.00    0.00   97.79
16:21:53     all    2.10    0.00    0.08    0.00    0.00    0.00    0.00    0.00   97.82
16:21:55     all    2.11    0.00    0.07    0.00    0.00    0.01    0.00    0.00   97.81
16:21:57     all    2.10    0.00    0.08    0.00    0.00    0.02    0.00    0.00   97.80
16:21:59     all    2.11    0.00    0.07    0.00    0.00    0.00    0.00    0.00   97.82
16:22:01     all    2.11    0.00    0.05    0.00    0.00    0.01    0.00    0.00   97.83
16:22:03     all    2.11    0.00    0.06    0.00    0.00    0.01    0.00    0.00   97.82
16:22:05     all    2.10    0.00    0.05    0.00    0.00    0.01    0.00    0.00   97.84
16:22:07     all    2.10    0.00    0.06    0.00    0.00    0.00    0.00    0.00   97.84
16:22:09     all    2.10    0.00    0.07    0.00    0.00    0.01    0.00    0.00   97.82
16:22:11     all    2.10    0.00    0.06    0.00    0.00    0.00    0.00    0.00   97.84
16:22:13     all    2.10    0.00    0.09    0.00    0.00    0.00    0.00    0.00   97.81
16:22:15     all    2.10    0.00    0.08    0.00    0.00    0.00    0.00    0.00   97.82
16:22:17     all    2.11    0.00    0.06    0.00    0.00    0.00    0.00    0.00   97.83
16:22:19     all    2.10    0.00    0.07    0.00    0.00    0.01    0.00    0.00   97.82
16:22:21     all    2.10    0.00    0.08    0.00    0.00    0.00    0.00    0.00   97.82
16:22:23     all    2.11    0.00    0.06    0.00    0.00    0.00    0.00    0.00   97.83
16:22:25     all    2.11    0.00    0.08    0.00    0.00    0.00    0.00    0.00   97.81
16:22:27     all    2.10    0.00    0.08    0.00    0.00    0.00    0.00    0.00   97.82
16:22:29     all    2.11    0.00    0.08    0.00    0.00    0.00    0.00    0.00   97.81
16:22:31     all    2.09    0.00    0.08    0.20    0.00    0.00    0.00    0.00   97.63
16:22:33     all    2.10    0.00    0.06    0.01    0.00    0.00    0.00    0.00   97.83
16:22:35     all    2.11    0.00    0.08    0.00    0.00    0.00    0.00    0.00   97.81
16:22:37     all    2.10    0.00    0.08    0.00    0.00    0.01    0.00    0.00   97.81
16:22:39     all    2.10    0.00    0.06    0.00    0.00    0.01    0.00    0.00   97.83
16:22:41     all    2.10    0.00    0.06    0.00    0.00    0.01    0.00    0.00   97.83
