procs -----------memory---------- ---swap-- -----io---- --system-- -----cpu-----
 r  b   swpd   free   buff  cache   si   so    bi    bo   in   cs us sy id wa st
 3  0  11032 64568836 136248 327168    0    0     0     1    0    0  5  1 94  0  0	
 1  0  11032 64419112 136248 327204    0    0     0     0 3174 2665  2  0 98  0  0	
 3  0  11032 64419484 136248 327208    0    0     0     0 3127 2596  2  0 98  0  0	
 3  0  11032 64419652 136248 327212    0    0     0     8 3113 2559  2  0 98  0  0	
 1  0  11032 64420668 136248 327212    0    0     0     0 3245 2814  2  0 98  0  0	
 1  0  11032 64420800 136248 327212    0    0     0     0 3446 3219  2  0 98  0  0	
 1  0  11032 64420832 136248 327216    0    0     0     0 3248 2837  2  0 98  0  0	
 3  0  11032 64421344 136248 327216    0    0     0     0 3234 2789  2  0 98  0  0	
 1  0  11032 64421616 136248 327216    0    0     0     0 3125 2592  2  0 98  0  0	
 1  0  11032 64421624 136248 327224    0    0     0     0 3067 2477  2  0 98  0  0	
 1  0  11032 64421980 136248 327224    0    0     0     0 3079 2490  2  0 98  0  0	
 3  0  11032 64421980 136248 327224    0    0     0     6 3092 2531  2  0 98  0  0	
 3  0  11032 64421868 136248 327228    0    0     0     0 3119 2562  2  0 98  0  0	
 1  0  11032 64421648 136248 327228    0    0     0     0 3079 2501  2  0 98  0  0	
 1  0  11032 64422028 136248 327232    0    0     0     0 3125 2592  2  0 98  0  0	
 1  0  11032 64422028 136248 327236    0    0     0     0 3121 2565  2  0 98  0  0	
 3  0  11032 64422156 136248 327236    0    0     0     2 3278 2870  2  0 98  0  0	
 1  0  11032 64422272 136248 327244    0    0     0     0 3284 2897  2  0 98  0  0	
 1  0  11032 64422148 136248 327248    0    0     0     0 3293 2934  2  0 98  0  0	
 3  0  11032 64422148 136248 327248    0    0     0    12 3083 2519  2  0 98  0  0	
 3  0  11032 64422272 136248 327252    0    0     0     0 3250 2828  2  0 98  0  0	
procs -----------memory---------- ---swap-- -----io---- --system-- -----cpu-----
 r  b   swpd   free   buff  cache   si   so    bi    bo   in   cs us sy id wa st
 1  0  11032 64422148 136248 327252    0    0     0     0 3182 2708  2  0 98  0  0	
 1  0  11032 64422024 136248 327252    0    0     0     0 3415 3166  2  0 98  0  0	
 1  0  11032 64421896 136248 327260    0    0     0     0 3382 3088  2  0 98  0  0	
 3  0  11032 64421896 136248 327260    0    0     0     0 3352 3014  2  0 98  0  0	
 3  0  11032 64421896 136248 327260    0    0     0     0 3210 2836  2  0 98  0  0	
 1  0  11032 64422020 136248 327264    0    0     0     6 3037 2506  2  0 98  0  0	
 1  0  11032 64422144 136248 327264    0    0     0     0 3057 2469  2  0 98  0  0	
 1  0  11032 64422160 136248 327268    0    0     0     0 3047 2481  2  0 98  0  0	
 3  0  11032 64422160 136248 327268    0    0     0     0 3095 2548  2  0 98  0  0	
 1  0  11032 64422160 136248 327272    0    0     0     0 3024 2457  2  0 98  0  0	
 1  0  11032 64422152 136248 327272    0    0     0     0 3038 2484  2  0 98  0  0	
 1  0  11032 64422152 136248 327280    0    0     0     0 3011 2456  2  0 98  0  0	
 3  0  11032 64421896 136248 327280    0    0     0     8 3059 2490  2  0 98  0  0	
 3  0  11032 64421904 136248 327280    0    0     0     0 3051 2537  2  0 98  0  0	
 1  0  11032 64422028 136248 327284    0    0     0     0 3032 2530  2  0 98  0  0	
 1  0  11032 64421904 136248 327288    0    0     0    12 2999 2470  2  0 98  0  0	
 3  0  11032 64422028 136248 327288    0    0     0     0 3092 2559  2  0 98  0  0	
 3  0  11032 64422152 136248 327292    0    0     0     0 3044 2484  2  0 98  0  0	
 1  0  11032 64422028 136248 327292    0    0     0     0 3031 2507  2  0 98  0  0	
 1  0  11032 64422152 136248 327296    0    0     0     0 3021 2506  2  0 98  0  0	
 1  0  11032 64421904 136248 327300    0    0     0     0 3267 3003  2  0 98  0  0	
procs -----------memory---------- ---swap-- -----io---- --system-- -----cpu-----
 r  b   swpd   free   buff  cache   si   so    bi    bo   in   cs us sy id wa st
 4  0  11032 64422028 136248 327300    0    0     0     0 3518 3516  2  0 98  0  0	
 3  0  11032 64421772 136248 327304    0    0     0     0 3016 2479  2  0 98  0  0	
 1  0  11032 64421656 136248 327308    0    0     0     0 3093 2644  2  0 98  0  0	
 1  0  11032 64421780 136248 327316    0    0     0     0 2991 2440  2  0 98  0  0	
 3  0  11032 64421656 136248 327320    0    0     0     0 3057 2485  2  0 98  0  0	
 3  0  11032 64421780 136248 327324    0    0     0     0 3066 2585  2  0 98  0  0	
 1  0  11032 64421780 136248 327324    0    0     0     0 3019 2481  2  0 98  0  0	
 1  0  11032 64421780 136248 327328    0    0     0     0 3019 2469  2  0 98  0  0	
 1  0  11032 64421904 136248 327328    0    0     0     0 2988 2462  2  0 98  0  0	
 3  0  11032 64421904 136248 327328    0    0     0     0 3048 2468  2  0 98  0  0	
 4  0  11032 64421904 136248 327332    0    0     0     0 3029 2476  2  0 98  0  0	
 1  0  11032 64421772 136248 327332    0    0     0     0 3022 2534  2  0 98  0  0	
 1  0  11032 64421772 136248 327340    0    0     0     0 3003 2485  2  0 98  0  0	
 3  0  11032 64421772 136248 327344    0    0     0     0 3034 2492  2  0 98  0  0	
 3  0  11032 64421656 136248 327344    0    0     0     0 3067 2517  2  0 98  0  0	
 1  0  11032 64421780 136248 327352    0    0     0     6 3016 2466  2  0 98  0  0	
 1  0  11032 64421548 136248 327352    0    0     0     0 3009 2464  2  0 98  0  0	
 3  0  11032 64421664 136248 327352    0    0     0     0 3074 2531  2  0 98  0  0	
 3  0  11032 64421788 136248 327360    0    0     0     0 3038 2479  2  0 98  0  0	
 3  0  11032 64421788 136248 327360    0    0     0     0 3101 2601  2  0 98  0  0	
 1  0  11032 64421664 136248 327364    0    0     0     0 3280 2978  2  0 98  0  0	
procs -----------memory---------- ---swap-- -----io---- --system-- -----cpu-----
 r  b   swpd   free   buff  cache   si   so    bi    bo   in   cs us sy id wa st
 1  0  11032 64421780 136248 327368    0    0     0     0 3042 2477  2  0 98  0  0	
 3  0  11032 64421780 136248 327372    0    0     0     0 3060 2501  2  0 98  0  0	
 3  0  11032 64421780 136248 327372    0    0     0     0 3100 2556  2  0 98  0  0	
 1  0  11032 64421660 136248 327376    0    0     0     0 3047 2481  2  0 98  0  0	
 1  0  11032 64421660 136248 327376    0    0     0     0 3029 2456  2  0 98  0  0	
 1  0  11032 64421660 136248 327376    0    0     0     0 3003 2452  2  0 98  0  0	
 1  0  11032 64421660 136248 327384    0    0     0     0 3015 2467  2  0 98  0  0	
 1  0  11032 64421668 136248 327384    0    0     0     0 3042 2466  2  0 98  0  0	
 1  0  11032 64421668 136248 327392    0    0     0     0 3078 2523  2  0 98  0  0	
 1  0  11032 64421792 136248 327392    0    0     0     0 3056 2481  2  0 98  0  0	
 1  0  11032 64421536 136248 327392    0    0     0     0 3041 2469  2  0 98  0  0	
 1  0  11032 64421792 136248 327396    0    0     0     2 3047 2474  2  0 98  0  0	
 1  0  11032 64421412 136248 327400    0    0     0     0 3053 2471  2  0 98  0  0	
 2  0  11032 64421420 136248 327400    0    0     0     0 3081 2509  2  0 98  0  0	
 1  0  11032 64421528 136248 327404    0    0     0     0 3074 2524  2  0 98  0  0	
 2  0  11032 64421528 136248 327408    0    0     0     0 3046 2478  2  0 98  0  0	
 2  0  11032 64421528 136248 327408    0    0     0     0 3040 2463  2  0 98  0  0	
 1  0  11032 64421528 136248 327408    0    0     0     0 3048 2470  2  0 98  0  0	
 1  0  11032 64421652 136248 327412    0    0     0     0 3048 2472  2  0 98  0  0	
 2  0  11032 64421660 136248 327412    0    0     0     0 3049 2489  2  0 98  0  0	
 1  0  11032 64421776 136248 327412    0    0     0     0 3108 2600  2  0 98  0  0	
procs -----------memory---------- ---swap-- -----io---- --system-- -----cpu-----
 r  b   swpd   free   buff  cache   si   so    bi    bo   in   cs us sy id wa st
 1  0  11032 64421776 136248 327416    0    0     0     0 3082 2491  2  0 98  0  0	
 2  0  11032 64421652 136248 327416    0    0     0     0 3088 2523  2  0 98  0  0	
 2  0  11032 64421776 136248 327424    0    0     0     0 3049 2479  2  0 98  0  0	
 1  0  11032 64421776 136248 327424    0    0     0     6 3097 2580  2  0 98  0  0	
 1  0  11032 64421908 136248 327428    0    0     0     0 3127 2637  2  0 98  0  0	
 2  0  11032 64421784 136248 327440    0    0     0     0 3068 2555  2  0 98  0  0	
 1  0  11032 64421660 136248 327440    0    0     0     0 3073 2562  2  0 98  0  0	
 1  0  11032 64421660 136248 327440    0    0     0     0 3061 2494  2  0 98  0  0	
 2  0  11032 64421660 136248 327448    0    0     0     0 3055 2490  2  0 98  0  0	
 2  0  11032 64421652 136248 327452    0    0     0     0 3133 2659  2  0 98  0  0	
 1  0  11032 64421660 136248 327452    0    0     0     0 3092 2618  2  0 98  0  0	
 1  0  11032 64421660 136248 327456    0    0     0     0 3643 3697  2  0 98  0  0	
 2  0  11032 64421660 136248 327456    0    0     0     0 3107 2596  2  0 98  0  0	
 1  0  11032 64421660 136248 327456    0    0     0     0 3059 2477  2  0 98  0  0	
 1  0  11032 64421784 136248 327460    0    0     0     0 3111 2586  2  0 98  0  0	
 2  0  11032 64421784 136248 327460    0    0     0     0 3075 2529  2  0 98  0  0	
 2  0  11032 64421668 136248 327464    0    0     0     0 3110 2570  2  0 98  0  0	
 2  0  11032 64421668 136248 327468    0    0     0     0 3139 2609  2  0 98  0  0	
 1  0  11032 64421544 136248 327468    0    0     0     0 3069 2499  2  0 98  0  0	
 2  0  11032 64421660 136248 327472    0    0     0     0 3075 2498  2  0 98  0  0	
 2  0  11032 64421668 136248 327472    0    0     0     2 3119 2585  2  0 98  0  0	
procs -----------memory---------- ---swap-- -----io---- --system-- -----cpu-----
 r  b   swpd   free   buff  cache   si   so    bi    bo   in   cs us sy id wa st
 1  0  11032 64421668 136248 327476    0    0     0     0 3092 2514  2  0 98  0  0	
 2  0  11032 64421544 136248 327480    0    0     0     0 3188 2688  2  0 98  0  0	
 2  0  11032 64421668 136248 327484    0    0     0     0 3178 2671  2  0 98  0  0	
 1  0  11032 64421412 136248 327484    0    0     0     0 3085 2502  2  0 98  0  0	
 1  0  11032 64421484 136248 327492    0    0     0     0 3164 2675  2  0 98  0  0	
 2  0  11032 64421360 136248 327492    0    0     0     0 3123 2591  2  0 98  0  0	
 1  0  11032 64421484 136248 327492    0    0     0     0 3154 2635  2  0 98  0  0	
 1  0  11032 64421360 136248 327496    0    0     0     0 3119 2589  2  0 98  0  0	
 2  0  11032 64421228 136248 327496    0    0     0     0 3200 2731  2  0 98  0  0	
 2  0  11032 64421352 136248 327500    0    0     0     0 3080 2502  2  0 98  0  0	
 1  0  11032 64421228 136248 327504    0    0     0     0 3091 2523  2  0 98  0  0	
 1  0  11032 64421352 136248 327508    0    0     0     0 3134 2606  2  0 98  0  0	
 2  0  11032 64421352 136248 327512    0    0     0     6 3101 2558  2  0 98  0  0	
 1  0  11032 64421360 136248 327512    0    0     0     0 3068 2488  2  0 98  0  0	
 1  0  11032 64421484 136248 327516    0    0     0     0 3100 2545  2  0 98  0  0	
 2  0  11032 64421360 136248 327520    0    0     0     0 3076 2503  2  0 98  0  0	
 2  0  11032 64421236 136248 327520    0    0     0     0 3100 2528  2  0 98  0  0	
 1  0  11032 64421360 136248 327520    0    0     0     0 3073 2497  2  0 98  0  0	
 1  0  11032 64421104 136248 327528    0    0     0     0 3097 2517  2  0 98  0  0	
 2  0  11032 64421236 136248 327528    0    0     0     0 3072 2486  2  0 98  0  0	
 1  0  11032 64421236 136248 327532    0    0     0     0 3164 2634  2  0 98  0  0	
procs -----------memory---------- ---swap-- -----io---- --system-- -----cpu-----
 r  b   swpd   free   buff  cache   si   so    bi    bo   in   cs us sy id wa st
 1  0  11032 64421236 136248 327536    0    0     0     0 3101 2563  2  0 98  0  0	
 2  0  11032 64421236 136248 327536    0    0     0     0 3057 2483  2  0 98  0  0	
 2  0  11032 64421360 136248 327544    0    0     0     0 3122 2591  2  0 98  0  0	
 1  0  11032 64420980 136248 327544    0    0     0     0 3126 2583  2  0 98  0  0	
 1  0  11032 64420864 136248 327544    0    0     0     0 3115 2567  2  0 98  0  0	
 2  0  11032 64420864 136248 327552    0    0     0     0 3150 2657  2  0 98  0  0	
 1  0  11032 64421112 136248 327552    0    0     0     0 3068 2497  2  0 98  0  0	
 1  0  11032 64421112 136248 327556    0    0     0     0 3090 2501  2  0 98  0  0	
 2  0  11032 64421236 136248 327560    0    0     0     2 3083 2507  2  0 98  0  0	
 2  0  11032 64421292 136248 327564    0    0     0     0 3083 2522  2  0 98  0  0	
 1  0  11032 64421200 136248 327564    0    0     0     0 3095 2550  2  0 98  0  0	
 1  0  11032 64421332 136248 327568    0    0     0     0 3077 2584  2  0 98  0  0	
 2  0  11032 64421332 136248 327576    0    0     0     0 3217 2840  2  0 98  0  0	
 1  0  11032 64421076 136248 327576    0    0     0     0 3331 3073  2  0 98  0  0	
 1  0  11032 64421200 136248 327576    0    0     0     0 3081 2515  2  0 98  0  0	
 2  0  11032 64421076 136248 327580    0    0     0     0 3057 2482  2  0 98  0  0	
 2  0  11032 64421076 136248 327584    0    0     0     0 3038 2470  2  0 98  0  0	
 1  0  11032 64421068 136248 327588    0    0     0     0 3047 2514  2  0 98  0  0	
 1  0  11032 64421316 136248 327588    0    0     0     0 3105 2569  2  0 98  0  0	
 2  0  11032 64421192 136248 327588    0    0     0     0 3055 2486  2  0 98  0  0	
 1  0  11032 64421200 136248 327596    0    0     0     0 3072 2490  2  0 98  0  0	
procs -----------memory---------- ---swap-- -----io---- --system-- -----cpu-----
 r  b   swpd   free   buff  cache   si   so    bi    bo   in   cs us sy id wa st
 1  0  11032 64421200 136248 327596    0    0     0     6 3074 2533  2  0 98  0  0	
 2  0  11032 64421084 136248 327596    0    0     0     0 3097 2571  2  0 98  0  0	
 2  0  11032 64421208 136248 327604    0    0     0     0 3271 2943  2  0 98  0  0	
 1  0  11032 64421084 136248 327604    0    0     0     0 3094 2570  2  0 98  0  0	
 1  0  11032 64421208 136248 327604    0    0     0     0 3080 2535  2  0 98  0  0	
 2  0  11032 64421208 136248 327608    0    0     0     0 3094 2553  2  0 98  0  0	
 1  0  11032 64421216 136248 327608    0    0     0     0 3104 2525  2  0 98  0  0	
 1  0  11032 64421332 136248 327612    0    0     0     0 3070 2499  2  0 98  0  0	
 2  0  11032 64574780 136248 327620    0    0     0     0 3176 2565  2  0 98  0  0	
