procs -----------memory---------- ---swap-- -----io---- --system-- -----cpu-----
 r  b   swpd   free   buff  cache   si   so    bi    bo   in   cs us sy id wa st
 4  0  11032 64581000 136224 317208    0    0     0     1    0    0  5  1 94  0  0	
 2  0  11032 64543804 136224 317252    0    0     0     0 3234 2750  2  0 98  0  0	
 2  0  11032 64543888 136224 317252    0    0     0     0 3238 2807  2  0 98  0  0	
 1  0  11032 64544012 136224 317256    0    0     0     8 3073 2512  2  0 98  0  0	
 1  0  11032 64544604 136224 317256    0    0     0     0 3075 2481  2  0 98  0  0	
 1  0  11032 64544852 136224 317256    0    0     0     0 3155 2648  2  0 98  0  0	
 2  0  11032 64545192 136224 317260    0    0     0     0 3049 2478  2  0 98  0  0	
 1  0  11032 64545872 136224 317260    0    0     0     6 3078 2544  2  0 98  0  0	
 1  0  11032 64545936 136224 317264    0    0     0     0 3073 2501  2  0 98  0  0	
 1  0  11032 64545952 136224 317268    0    0     0     0 3082 2512  2  0 98  0  0	
 2  0  11032 64546192 136224 317268    0    0     0     0 3064 2490  2  0 98  0  0	
 1  0  11032 64546192 136224 317268    0    0     0     0 3073 2502  2  0 98  0  0	
 1  0  11032 64546192 136224 317272    0    0     0     0 3067 2493  2  0 98  0  0	
 1  0  11032 64546192 136224 317272    0    0     0     0 3109 2572  2  0 98  0  0	
 2  0  11032 64546200 136224 317276    0    0     0     0 3065 2490  2  0 98  0  0	
 1  0  11032 64545944 136224 317280    0    0     0     0 3079 2506  2  0 98  0  0	
 2  0  11032 64546192 136224 317280    0    0     0     0 3071 2490  2  0 98  0  0	
 1  0  11032 64546068 136224 317288    0    0     0     0 3067 2504  2  0 98  0  0	
 2  0  11032 64546316 136224 317292    0    0     0     2 3036 2465  2  0 98  0  0	
 1  0  11032 64546192 136224 317292    0    0     0     0 3047 2522  2  0 98  0  0	
 1  0  11032 64546184 136224 317296    0    0     0    14 3048 2484  2  0 98  0  0	
procs -----------memory---------- ---swap-- -----io---- --system-- -----cpu-----
 r  b   swpd   free   buff  cache   si   so    bi    bo   in   cs us sy id wa st
 1  0  11032 64546316 136224 317296    0    0     0     0 3073 2495  2  0 98  0  0	
 2  0  11032 64546192 136224 317296    0    0     0     0 3151 2646  2  0 98  0  0	
 1  0  11032 64546192 136224 317304    0    0     0     0 3119 2598  2  0 98  0  0	
 1  0  11032 64546200 136224 317304    0    0     0     0 3138 2620  2  0 98  0  0	
 2  0  11032 64546068 136224 317304    0    0     0     0 3151 2693  2  0 98  0  0	
 2  0  11032 64546192 136224 317308    0    0     0     0 3050 2480  2  0 98  0  0	
 1  0  11032 64546068 136224 317308    0    0     0     0 3117 2608  2  0 98  0  0	
 1  0  11032 64545952 136224 317312    0    0     0     0 3070 2522  2  0 98  0  0	
 3  0  11032 64546076 136224 317312    0    0     0     0 3094 2538  2  0 98  0  0	
 2  0  11032 64546192 136224 317316    0    0     0     0 3110 2544  2  0 98  0  0	
 1  0  11032 64546192 136224 317320    0    0     0     0 3119 2626  2  0 98  0  0	
 1  0  11032 64546192 136224 317324    0    0     0     0 3085 2508  2  0 98  0  0	
 1  0  11032 64546060 136224 317324    0    0     0     0 3143 2632  2  0 98  0  0	
 2  0  11032 64546316 136224 317328    0    0     0     0 3184 2667  2  0 98  0  0	
 1  0  11032 64546044 136224 317328    0    0     0     0 3201 2721  2  0 98  0  0	
