procs -----------memory---------- ---swap-- -----io---- --system-- -----cpu-----
 r  b   swpd   free   buff  cache   si   so    bi    bo   in   cs us sy id wa st
 3  0  11032 64567520 136248 327620    0    0     0     1    0    0  5  1 94  0  0	
 2  0  11032 64418532 136248 327656    0    0     0     0 3149 2622  2  0 98  0  0	
 1  0  11032 64419032 136248 327656    0    0     0     0 3078 2501  2  0 98  0  0	
 1  0  11032 64419156 136248 327660    0    0     0     8 3086 2512  2  0 98  0  0	
 2  0  11032 64419844 136248 327660    0    0     0     0 3164 2653  2  0 98  0  0	
 2  0  11032 64420148 136248 327660    0    0     0     0 3107 2549  2  0 98  0  0	
 1  0  11032 64420348 136248 327664    0    0     0     0 3129 2597  2  0 98  0  0	
 1  0  11032 64420836 136248 327664    0    0     0     0 3142 2632  2  0 98  0  0	
 3  0  11032 64420836 136248 327668    0    0     0     0 3105 2544  2  0 98  0  0	
 2  0  11032 64420844 136248 327672    0    0     0     4 3075 2496  2  0 98  0  0	
 1  0  11032 64421072 136248 327672    0    0     0     0 3076 2493  2  0 98  0  0	
 1  0  11032 64421056 136248 327672    0    0     0     0 3065 2509  2  0 98  0  0	
 2  0  11032 64421180 136248 327676    0    0     0     0 3115 2605  2  0 98  0  0	
 1  0  11032 64421096 136248 327676    0    0     0     0 3067 2494  2  0 98  0  0	
 1  0  11032 64420972 136248 327680    0    0     0     0 3065 2492  2  0 98  0  0	
 1  0  11032 64421220 136248 327684    0    0     0     0 3087 2509  2  0 98  0  0	
 2  0  11032 64421088 136248 327684    0    0     0     2 3105 2552  2  0 98  0  0	
 1  0  11032 64421212 136248 327692    0    0     0     0 3126 2596  2  0 98  0  0	
 1  0  11032 64421216 136248 327696    0    0     0     0 3140 2607  2  0 98  0  0	
 2  0  11032 64421100 136248 327696    0    0     0    14 3104 2513  2  0 98  0  0	
 2  0  11032 64421216 136248 327700    0    0     0     0 3075 2485  2  0 98  0  0	
procs -----------memory---------- ---swap-- -----io---- --system-- -----cpu-----
 r  b   swpd   free   buff  cache   si   so    bi    bo   in   cs us sy id wa st
 1  0  11032 64421084 136248 327700    0    0     0     0 3065 2489  2  0 98  0  0	
 1  0  11032 64420844 136248 327700    0    0     0     6 3062 2497  2  0 98  0  0	
 2  0  11032 64420968 136248 327708    0    0     0     0 3086 2537  2  0 98  0  0	
 2  0  11032 64421216 136248 327708    0    0     0     0 3151 2639  2  0 98  0  0	
 1  0  11032 64420984 136248 327708    0    0     0     0 3066 2490  2  0 98  0  0	
 1  0  11032 64420976 136248 327712    0    0     0     0 3081 2504  2  0 98  0  0	
 2  0  11032 64421100 136248 327712    0    0     0     0 3073 2503  2  0 98  0  0	
 1  0  11032 64420976 136248 327716    0    0     0     8 3072 2510  2  0 98  0  0	
 1  0  11032 64421108 136248 327716    0    0     0     0 3082 2522  2  0 98  0  0	
 1  0  11032 64421108 136248 327720    0    0     0     0 3148 2635  2  0 98  0  0	
 2  1  11032 64420472 136248 327724    0    0     0     6 3170 2612  2  0 98  0  0	
 1  0  11032 64420456 136248 327736    0    0     0    16 3112 2523  2  0 98  0  0	
 1  0  11032 64420836 136248 327736    0    0     0     0 3105 2559  2  0 98  0  0	
 2  0  11032 64420712 136248 327740    0    0     0     0 3143 2623  2  0 98  0  0	
 2  0  11032 64421068 136248 327740    0    0     0     0 3133 2625  2  0 98  0  0	
 1  0  11032 64421060 136248 327744    0    0     0    18 3108 2572  2  0 98  0  0	
 1  0  11032 64421060 136248 327748    0    0     0     0 3037 2457  2  0 98  0  0	
 2  0  11032 64421132 136248 327748    0    0     0     0 3054 2490  2  0 98  0  0	
 2  0  11032 64421140 136248 327748    0    0     0     0 3062 2478  2  0 98  0  0	
 1  0  11032 64421264 136248 327756    0    0     0     0 3066 2491  2  0 98  0  0	
 1  0  11032 64421008 136248 327756    0    0     0     0 3087 2510  2  0 98  0  0	
procs -----------memory---------- ---swap-- -----io---- --system-- -----cpu-----
 r  b   swpd   free   buff  cache   si   so    bi    bo   in   cs us sy id wa st
 2  0  11032 64421256 136248 327760    0    0     0     0 3123 2569  2  0 98  0  0	
 1  0  11032 64421136 136248 327764    0    0     0     0 3073 2516  2  0 98  0  0	
 1  0  11032 64421136 136248 327764    0    0     0     0 3076 2519  2  0 98  0  0	
 2  0  11032 64421144 136248 327776    0    0     0     0 3079 2490  2  0 98  0  0	
 2  0  11032 64421012 136248 327776    0    0     0     0 3072 2499  2  0 98  0  0	
 1  0  11032 64421136 136248 327780    0    0     0     0 3036 2458  2  0 98  0  0	
 1  0  11032 64421376 136248 327780    0    0     0     0 3076 2538  2  0 98  0  0	
 2  0  11032 64421392 136248 327784    0    0     0     0 3125 2585  2  0 98  0  0	
 2  0  11032 64421384 136248 327784    0    0     0     0 3122 2600  2  0 98  0  0	
 1  0  11032 64421500 136248 327784    0    0     0     0 3141 2627  2  0 98  0  0	
 2  0  11032 64421252 136248 327788    0    0     0     6 3114 2540  2  0 98  0  0	
 2  0  11032 64421376 136248 327788    0    0     0     0 3237 2807  2  0 98  0  0	
 2  0  11032 64421128 136248 327796    0    0     0     0 3158 2672  2  0 98  0  0	
 1  0  11032 64421136 136248 327800    0    0     0     0 3095 2532  2  0 98  0  0	
 1  0  11032 64420764 136248 327800    0    0     0     0 3139 2595  2  0 98  0  0	
 2  0  11032 64420764 136248 327808    0    0     0     0 3077 2503  2  0 98  0  0	
 1  0  11032 64420888 136248 327808    0    0     0     0 3078 2506  2  0 98  0  0	
 1  0  11032 64421020 136248 327812    0    0     0     0 3085 2516  2  0 98  0  0	
 1  0  11032 64420772 136248 327816    0    0     0     0 3130 2593  2  0 98  0  0	
 2  0  11032 64421208 136248 327816    0    0     0     0 3084 2514  2  0 98  0  0	
 1  0  11032 64420968 136248 327820    0    0     0     0 3092 2492  2  0 98  0  0	
procs -----------memory---------- ---swap-- -----io---- --system-- -----cpu-----
 r  b   swpd   free   buff  cache   si   so    bi    bo   in   cs us sy id wa st
 1  0  11032 64421216 136248 327824    0    0     0     0 3080 2490  2  0 98  0  0	
 2  0  11032 64421216 136248 327828    0    0     0     0 3081 2491  2  0 98  0  0	
 2  0  11032 64420976 136248 327828    0    0     0     0 3060 2486  2  0 98  0  0	
 1  0  11032 64420972 136248 327832    0    0     0     0 3101 2544  2  0 98  0  0	
 1  0  11032 64420972 136248 327832    0    0     0     0 3061 2479  2  0 98  0  0	
 2  0  11032 64420972 136248 327832    0    0     0     0 3058 2474  2  0 98  0  0	
 2  0  11032 64421104 136248 327840    0    0     0     2 3057 2473  2  0 98  0  0	
 1  0  11032 64421104 136248 327840    0    0     0     0 3062 2475  2  0 98  0  0	
 1  0  11032 64421096 136248 327848    0    0     0     0 3070 2490  2  0 98  0  0	
 2  0  11032 64421096 136248 327848    0    0     0     0 3071 2521  2  0 98  0  0	
 2  0  11032 64421220 136248 327848    0    0     0     0 3051 2497  2  0 98  0  0	
 1  0  11032 64420972 136248 327856    0    0     0     0 3123 2615  2  0 98  0  0	
 1  0  11032 64420732 136248 327856    0    0     0     0 3152 2663  2  0 98  0  0	
 2  0  11032 64420716 136248 327856    0    0     0     0 3157 2662  2  0 98  0  0	
 1  0  11032 64420716 136248 327864    0    0     0     0 3202 2739  2  0 98  0  0	
 2  0  11032 64420840 136248 327864    0    0     0     0 3128 2610  2  0 98  0  0	
 1  0  11032 64420848 136248 327864    0    0     0     0 3108 2537  2  0 98  0  0	
 2  0  11032 64420840 136248 327868    0    0     0     0 3133 2613  2  0 98  0  0	
 2  0  11032 64420832 136248 327868    0    0     0     0 3201 2766  2  0 98  0  0	
 1  0  11032 64420956 136248 327868    0    0     0     6 3099 2555  2  0 98  0  0	
 2  0  11032 64420956 136248 327872    0    0     0     0 3085 2493  2  0 98  0  0	
procs -----------memory---------- ---swap-- -----io---- --system-- -----cpu-----
 r  b   swpd   free   buff  cache   si   so    bi    bo   in   cs us sy id wa st
 2  0  11032 64421220 136248 327872    0    0     0     0 3116 2569  2  0 98  0  0	
 1  0  11032 64420988 136248 327880    0    0     0     0 3090 2532  2  0 98  0  0	
 1  0  11032 64420980 136248 327880    0    0     0     0 3171 2662  2  0 98  0  0	
 2  0  11032 64420980 136248 327880    0    0     0     0 3107 2536  2  0 98  0  0	
 1  0  11032 64420980 136248 327888    0    0     0     0 3162 2652  2  0 98  0  0	
 1  0  11032 64420864 136248 327896    0    0     0     0 3083 2513  2  0 98  0  0	
 2  0  11032 64420988 136248 327896    0    0     0     0 3186 2709  2  0 98  0  0	
 2  0  11032 64420976 136248 327904    0    0     0     0 3084 2531  2  0 98  0  0	
 1  0  11032 64420976 136248 327908    0    0     0     0 3070 2467  2  0 98  0  0	
 1  0  11032 64420976 136248 327908    0    0     0     0 3129 2588  2  0 98  0  0	
 2  0  11032 64420976 136248 327912    0    0     0     0 3145 2625  2  0 98  0  0	
 1  0  11032 64420984 136248 327912    0    0     0     0 3145 2637  2  0 98  0  0	
 1  0  11032 64420976 136248 327912    0    0     0     0 3151 2648  2  0 98  0  0	
 1  0  11032 64420976 136248 327916    0    0     0     0 3061 2474  2  0 98  0  0	
 2  0  11032 64420976 136248 327916    0    0     0     0 3077 2494  2  0 98  0  0	
 1  0  11032 64421224 136248 327916    0    0     0     2 3113 2571  2  0 98  0  0	
 1  0  11032 64421240 136248 327924    0    0     0     0 3108 2533  2  0 98  0  0	
 1  0  11032 64420984 136248 327924    0    0     0     0 3141 2613  2  0 98  0  0	
 2  0  11032 64420860 136248 327924    0    0     0     0 3106 2569  2  0 98  0  0	
 1  0  11032 64420984 136248 327928    0    0     0     0 3118 2588  2  0 98  0  0	
 2  0  11032 64420984 136248 327928    0    0     0     0 3140 2586  2  0 98  0  0	
procs -----------memory---------- ---swap-- -----io---- --system-- -----cpu-----
 r  b   swpd   free   buff  cache   si   so    bi    bo   in   cs us sy id wa st
 2  0  11032 64421240 136248 327932    0    0     0     0 3149 2623  2  0 98  0  0	
 2  0  11032 64420984 136248 327936    0    0     0     0 3198 2723  2  0 98  0  0	
 1  0  11032 64421100 136248 327940    0    0     0     0 3105 2551  2  0 98  0  0	
 1  0  11032 64421108 136248 327944    0    0     0     0 3148 2620  2  0 98  0  0	
 2  0  11032 64420984 136248 327948    0    0     0     0 3166 2642  2  0 98  0  0	
 1  0  11032 64420976 136248 327948    0    0     0     0 3112 2559  2  0 98  0  0	
 1  0  11032 64420848 136248 327948    0    0     0     0 3091 2535  2  0 98  0  0	
 2  0  11032 64421096 136248 327952    0    0     0     6 3102 2564  2  0 98  0  0	
 2  0  11032 64421100 136248 327952    0    0     0     0 3119 2562  2  0 98  0  0	
 1  0  11032 64420976 136248 327956    0    0     0     0 3187 2711  2  0 98  0  0	
 1  0  11032 64420992 136248 327960    0    0     0     0 3186 2698  2  0 98  0  0	
 2  0  11032 64420984 136248 327964    0    0     0     0 3088 2520  2  0 98  0  0	
 1  0  11032 64420984 136248 327968    0    0     0     0 3066 2489  2  0 98  0  0	
 1  0  11032 64420984 136248 327968    0    0     0     0 3105 2565  2  0 98  0  0	
 1  0  11032 64421116 136248 327968    0    0     0     0 3126 2600  2  0 98  0  0	
 2  0  11032 64420612 136248 327976    0    0     0     0 3185 2674  2  0 98  0  0	
 1  0  11032 64420364 136248 327976    0    0     0     0 3158 2603  2  0 98  0  0	
 1  0  11032 64420224 136248 327976    0    0     0     0 3101 2517  2  0 98  0  0	
 1  0  11032 64420240 136248 327980    0    0     0     0 3201 2682  2  0 98  0  0	
 2  0  11032 64419984 136248 327984    0    0     0     0 3121 2602  2  0 98  0  0	
 1  0  11032 64420116 136248 327988    0    0     0     0 3067 2491  2  0 98  0  0	
procs -----------memory---------- ---swap-- -----io---- --system-- -----cpu-----
 r  b   swpd   free   buff  cache   si   so    bi    bo   in   cs us sy id wa st
 1  0  11032 64420108 136248 327992    0    0     0     0 3117 2591  2  0 98  0  0	
 2  0  11032 64420108 136248 327992    0    0     0     0 3093 2572  2  0 98  0  0	
 2  0  11032 64420124 136248 327996    0    0     0     0 3045 2483  2  0 98  0  0	
 1  0  11032 64420248 136248 328000    0    0     0     2 3052 2507  2  0 98  0  0	
 1  0  11032 64420372 136248 328000    0    0     0     0 3039 2465  2  0 98  0  0	
 2  0  11032 64420572 136248 328004    0    0     0     0 3114 2562  2  0 98  0  0	
 2  0  11032 64420572 136248 328008    0    0     0     0 3111 2583  2  0 98  0  0	
 1  0  11032 64420628 136248 328012    0    0     0     0 3073 2527  2  0 98  0  0	
 1  0  11032 64420504 136248 328016    0    0     0     0 3143 2649  2  0 98  0  0	
 3  0  11032 64420512 136248 328020    0    0     0     0 3102 2541  2  0 98  0  0	
 2  0  11032 64420628 136248 328020    0    0     0     0 3133 2604  2  0 98  0  0	
 1  0  11032 64420380 136248 328024    0    0     0     0 3083 2502  2  0 98  0  0	
 1  0  11032 64420504 136248 328028    0    0     0     0 3184 2717  2  0 98  0  0	
 2  0  11032 64420512 136248 328032    0    0     0     0 3080 2510  2  0 98  0  0	
 1  0  11032 64420504 136248 328036    0    0     0    10 3113 2569  2  0 98  0  0	
 1  0  11032 64420496 136248 328036    0    0     0     0 3123 2569  2  0 98  0  0	
 1  0  11032 64420480 136248 328040    0    0     0     0 3192 2702  2  0 98  0  0	
 2  0  11032 64420496 136248 328044    0    0     0     0 3139 2576  2  0 98  0  0	
 1  0  11032 64420488 136248 328044    0    0     0     0 3109 2575  2  0 98  0  0	
 1  0  11032 64420380 136248 328048    0    0     0     0 3103 2558  2  0 98  0  0	
 1  0  11032 64420496 136248 328048    0    0     0     0 3163 2665  2  0 98  0  0	
procs -----------memory---------- ---swap-- -----io---- --system-- -----cpu-----
 r  b   swpd   free   buff  cache   si   so    bi    bo   in   cs us sy id wa st
 2  0  11032 64420372 136248 328052    0    0     0     0 3087 2533  2  0 98  0  0	
 1  0  11032 64420496 136248 328056    0    0     0     0 3071 2487  2  0 98  0  0	
 1  0  11032 64420808 136248 328056    0    0     0     0 3144 2629  2  0 98  0  0	
 1  0  11032 64420596 136248 328060    0    0     0     0 3141 2619  2  0 98  0  0	
 2  0  11032 64420828 136248 328060    0    0     0     0 3075 2499  2  0 98  0  0	
 2  0  11032 64420952 136248 328064    0    0     0     0 3237 2795  2  0 98  0  0	
 1  0  11032 64420704 136248 328064    0    0     0     0 3168 2608  2  0 98  0  0	
