Linux 2.6.32-279.14.1.el6.x86_64 (compute-662-2.local) 	04/20/20 	_x86_64_	(48 CPU)

19:30:04          PID    %usr %system  %guest    %CPU   CPU  Command
19:30:06         8725   99.00    0.50    0.00   99.50    13  lu-mz.A.x
19:30:08         8725  100.00    0.00    0.00  100.00    13  lu-mz.A.x
19:30:10         8725   99.50    0.00    0.00   99.50    13  lu-mz.A.x
19:30:12         8725  100.00    0.00    0.00  100.00    13  lu-mz.A.x
19:30:14         8725  100.00    0.00    0.00  100.00    13  lu-mz.A.x
19:30:16         8725   99.50    0.00    0.00   99.50    14  lu-mz.A.x
19:30:18         8725  100.00    0.00    0.00  100.00    14  lu-mz.A.x
19:30:20         8725   99.50    0.00    0.00   99.50    14  lu-mz.A.x
19:30:22         8725  100.00    0.00    0.00  100.00    14  lu-mz.A.x
19:30:24         8725  100.00    0.00    0.00  100.00    14  lu-mz.A.x
19:30:26         8725   99.50    0.00    0.00   99.50    14  lu-mz.A.x
19:30:28         8725  100.00    0.00    0.00  100.00    14  lu-mz.A.x
19:30:30         8725   99.50    0.00    0.00   99.50    14  lu-mz.A.x
19:30:32         8725  100.00    0.00    0.00  100.00    14  lu-mz.A.x
19:30:34         8725  100.00    0.00    0.00  100.00    14  lu-mz.A.x
19:30:36         8725   99.50    0.00    0.00   99.50    14  lu-mz.A.x
19:30:38         8725  100.00    0.00    0.00  100.00    14  lu-mz.A.x
19:30:40         8725   99.50    0.00    0.00   99.50    14  lu-mz.A.x
19:30:42         8725  100.00    0.00    0.00  100.00    14  lu-mz.A.x
19:30:44         8725   99.50    0.00    0.00   99.50    14  lu-mz.A.x
19:30:46         8725  100.00    0.00    0.00  100.00    14  lu-mz.A.x
19:30:48         8725  100.00    0.00    0.00  100.00    14  lu-mz.A.x
19:30:50         8725   99.50    0.00    0.00   99.50    14  lu-mz.A.x
19:30:52         8725  100.00    0.00    0.00  100.00    14  lu-mz.A.x
19:30:54         8725  100.00    0.00    0.00  100.00    14  lu-mz.A.x
19:30:56         8725   99.50    0.00    0.00   99.50    14  lu-mz.A.x
19:30:58         8725  100.00    0.00    0.00  100.00    14  lu-mz.A.x
19:31:00         8725   99.50    0.00    0.00   99.50    14  lu-mz.A.x
19:31:02         8725  100.00    0.00    0.00  100.00    14  lu-mz.A.x
19:31:04         8725   99.50    0.00    0.00   99.50    14  lu-mz.A.x
19:31:06         8725  100.00    0.00    0.00  100.00    14  lu-mz.A.x
19:31:08         8725  100.00    0.00    0.00  100.00    14  lu-mz.A.x
19:31:10         8725   99.50    0.00    0.00   99.50    14  lu-mz.A.x
19:31:12         8725  100.00    0.00    0.00  100.00    14  lu-mz.A.x
19:31:14         8725  100.00    0.00    0.00  100.00    14  lu-mz.A.x
19:31:16         8725   99.50    0.00    0.00   99.50    14  lu-mz.A.x
