Linux 2.6.32-279.14.1.el6.x86_64 (compute-662-2.local) 	04/20/20 	_x86_64_	(48 CPU)

15:49:49     CPU    %usr   %nice    %sys %iowait    %irq   %soft  %steal  %guest   %idle
15:49:51     all    2.07    0.00    0.14    0.00    0.00    0.00    0.00    0.00   97.80
15:49:53     all    2.10    0.00    0.07    0.00    0.00    0.00    0.00    0.00   97.83
15:49:55     all    2.10    0.00    0.08    0.21    0.00    0.01    0.00    0.00   97.60
15:49:57     all    2.11    0.00    0.06    0.00    0.00    0.01    0.00    0.00   97.82
15:49:59     all    2.10    0.00    0.08    0.00    0.00    0.01    0.00    0.00   97.81
15:50:01     all    2.10    0.00    0.07    0.00    0.00    0.01    0.00    0.00   97.82
15:50:03     all    2.11    0.00    0.07    0.02    0.00    0.00    0.00    0.00   97.80
15:50:05     all    2.10    0.00    0.07    0.00    0.00    0.00    0.00    0.00   97.83
15:50:07     all    2.11    0.00    0.05    0.00    0.00    0.00    0.00    0.00   97.84
15:50:09     all    2.10    0.00    0.07    0.00    0.00    0.01    0.00    0.00   97.82
15:50:11     all    2.11    0.00    0.06    0.00    0.00    0.01    0.00    0.00   97.82
15:50:13     all    2.10    0.00    0.06    0.00    0.00    0.00    0.00    0.00   97.84
15:50:15     all    2.10    0.00    0.07    0.00    0.00    0.00    0.00    0.00   97.83
15:50:17     all    2.09    0.00    0.08    0.00    0.00    0.00    0.00    0.00   97.83
15:50:19     all    2.11    0.00    0.10    0.00    0.00    0.00    0.00    0.00   97.79
15:50:21     all    2.10    0.00    0.08    0.00    0.00    0.00    0.00    0.00   97.82
15:50:23     all    2.11    0.00    0.08    0.00    0.00    0.02    0.00    0.00   97.79
15:50:25     all    2.10    0.00    0.07    0.01    0.00    0.01    0.00    0.00   97.81
15:50:27     all    2.10    0.00    0.07    0.21    0.00    0.00    0.00    0.00   97.62
15:50:29     all    2.10    0.00    0.08    0.00    0.00    0.01    0.00    0.00   97.81
15:50:31     all    2.10    0.00    0.07    0.00    0.00    0.01    0.00    0.00   97.82
15:50:33     all    2.11    0.00    0.06    0.00    0.00    0.01    0.00    0.00   97.82
15:50:35     all    2.10    0.00    0.06    0.00    0.00    0.02    0.00    0.00   97.82
15:50:37     all    2.10    0.00    0.10    0.00    0.00    0.00    0.00    0.00   97.80
15:50:39     all    2.10    0.00    0.07    0.00    0.00    0.02    0.00    0.00   97.81
15:50:41     all    2.11    0.00    0.07    0.00    0.00    0.00    0.00    0.00   97.82
15:50:43     all    2.10    0.00    0.07    0.00    0.00    0.00    0.00    0.00   97.83
15:50:45     all    2.11    0.00    0.06    0.00    0.00    0.00    0.00    0.00   97.83
15:50:47     all    2.10    0.00    0.08    0.00    0.00    0.01    0.00    0.00   97.81
15:50:49     all    2.10    0.00    0.05    0.00    0.00    0.00    0.00    0.00   97.85
15:50:51     all    2.10    0.00    0.08    0.00    0.00    0.01    0.00    0.00   97.81
15:50:53     all    2.10    0.00    0.06    0.00    0.00    0.01    0.00    0.00   97.83
15:50:55     all    2.11    0.00    0.06    0.00    0.00    0.01    0.00    0.00   97.82
15:50:57     all    2.09    0.00    0.07    0.00    0.00    0.01    0.00    0.00   97.83
15:50:59     all    2.11    0.00    0.07    0.00    0.00    0.01    0.00    0.00   97.81
15:51:01     all    2.10    0.00    0.07    0.00    0.00    0.01    0.00    0.00   97.82
15:51:03     all    2.11    0.00    0.06    0.00    0.00    0.00    0.00    0.00   97.83
15:51:05     all    2.11    0.00    0.08    0.00    0.00    0.00    0.00    0.00   97.81
15:51:07     all    2.10    0.00    0.06    0.00    0.00    0.00    0.00    0.00   97.84
15:51:09     all    2.10    0.00    0.07    0.00    0.00    0.00    0.00    0.00   97.83
15:51:11     all    2.10    0.00    0.06    0.00    0.00    0.00    0.00    0.00   97.84
15:51:13     all    2.11    0.00    0.08    0.00    0.00    0.00    0.00    0.00   97.81
15:51:15     all    2.10    0.00    0.07    0.00    0.00    0.01    0.00    0.00   97.82
15:51:17     all    2.10    0.00    0.08    0.00    0.00    0.00    0.00    0.00   97.82
15:51:19     all    2.11    0.00    0.07    0.00    0.00    0.00    0.00    0.00   97.82
15:51:21     all    2.11    0.00    0.08    0.00    0.00    0.01    0.00    0.00   97.80
15:51:23     all    2.10    0.00    0.09    0.00    0.00    0.00    0.00    0.00   97.81
15:51:25     all    2.11    0.00    0.08    0.00    0.00    0.00    0.00    0.00   97.81
15:51:27     all    2.10    0.00    0.09    0.00    0.00    0.00    0.00    0.00   97.81
15:51:29     all    2.11    0.00    0.08    0.00    0.00    0.00    0.00    0.00   97.81
15:51:31     all    2.11    0.00    0.08    0.21    0.00    0.00    0.00    0.00   97.60
15:51:33     all    2.11    0.00    0.06    0.00    0.00    0.00    0.00    0.00   97.83
15:51:35     all    2.10    0.00    0.08    0.00    0.00    0.00    0.00    0.00   97.82
15:51:37     all    2.11    0.00    0.09    0.00    0.00    0.00    0.00    0.00   97.80
15:51:39     all    2.11    0.00    0.07    0.00    0.00    0.00    0.00    0.00   97.82
15:51:41     all    2.11    0.00    0.09    0.00    0.00    0.01    0.00    0.00   97.79
15:51:43     all    2.10    0.00    0.09    0.00    0.00    0.00    0.00    0.00   97.81
15:51:45     all    2.11    0.00    0.09    0.00    0.00    0.00    0.00    0.00   97.80
15:51:47     all    2.10    0.00    0.08    0.00    0.00    0.00    0.00    0.00   97.82
15:51:49     all    2.11    0.00    0.09    0.00    0.00    0.00    0.00    0.00   97.80
15:51:51     all    2.12    0.00    0.07    0.00    0.00    0.00    0.00    0.00   97.81
15:51:53     all    2.11    0.00    0.07    0.00    0.00    0.01    0.00    0.00   97.81
15:51:55     all    2.11    0.00    0.08    0.00    0.00    0.00    0.00    0.00   97.81
15:51:57     all    2.11    0.00    0.07    0.01    0.00    0.00    0.00    0.00   97.81
15:51:59     all    2.11    0.00    0.08    0.00    0.00    0.00    0.00    0.00   97.81
15:52:01     all    2.10    0.00    0.08    0.00    0.00    0.00    0.00    0.00   97.82
15:52:03     all    2.11    0.00    0.08    0.00    0.00    0.00    0.00    0.00   97.81
15:52:05     all    2.11    0.00    0.07    0.00    0.00    0.00    0.00    0.00   97.82
15:52:07     all    2.10    0.00    0.06    0.00    0.00    0.00    0.00    0.00   97.84
15:52:09     all    2.10    0.00    0.07    0.00    0.00    0.01    0.00    0.00   97.82
15:52:11     all    2.10    0.00    0.07    0.00    0.00    0.01    0.00    0.00   97.82
15:52:13     all    2.10    0.00    0.07    0.00    0.00    0.00    0.00    0.00   97.83
15:52:15     all    2.10    0.00    0.07    0.00    0.00    0.00    0.00    0.00   97.83
15:52:17     all    2.11    0.00    0.07    0.00    0.00    0.00    0.00    0.00   97.82
15:52:19     all    2.10    0.00    0.07    0.00    0.00    0.00    0.00    0.00   97.83
15:52:21     all    2.10    0.00    0.07    0.00    0.00    0.00    0.00    0.00   97.83
15:52:23     all    2.11    0.00    0.07    0.00    0.00    0.01    0.00    0.00   97.81
15:52:25     all    2.10    0.00    0.06    0.00    0.00    0.00    0.00    0.00   97.84
15:52:27     all    2.10    0.00    0.07    0.00    0.00    0.00    0.00    0.00   97.83
15:52:29     all    2.10    0.00    0.06    0.00    0.00    0.00    0.00    0.00   97.84
15:52:31     all    2.11    0.00    0.07    0.21    0.00    0.00    0.00    0.00   97.61
15:52:33     all    2.10    0.00    0.06    0.00    0.00    0.01    0.00    0.00   97.83
15:52:35     all    2.11    0.00    0.08    0.00    0.00    0.00    0.00    0.00   97.81
15:52:37     all    2.11    0.00    0.06    0.00    0.00    0.01    0.00    0.00   97.82
15:52:39     all    2.11    0.00    0.08    0.00    0.00    0.01    0.00    0.00   97.80
15:52:41     all    2.10    0.00    0.07    0.00    0.00    0.00    0.00    0.00   97.83
15:52:43     all    2.10    0.00    0.07    0.00    0.00    0.01    0.00    0.00   97.82
15:52:45     all    2.10    0.00    0.07    0.00    0.00    0.01    0.00    0.00   97.82
15:52:47     all    2.11    0.00    0.07    0.00    0.00    0.00    0.00    0.00   97.82
15:52:49     all    2.10    0.00    0.08    0.00    0.00    0.01    0.00    0.00   97.81
15:52:51     all    2.10    0.00    0.05    0.00    0.00    0.01    0.00    0.00   97.84
15:52:53     all    2.10    0.00    0.06    0.00    0.00    0.00    0.00    0.00   97.84
15:52:55     all    2.10    0.00    0.08    0.00    0.00    0.00    0.00    0.00   97.82
15:52:57     all    2.11    0.00    0.06    0.00    0.00    0.01    0.00    0.00   97.82
15:52:59     all    2.10    0.00    0.07    0.00    0.00    0.00    0.00    0.00   97.83
15:53:01     all    2.10    0.00    0.07    0.00    0.00    0.00    0.00    0.00   97.83
15:53:03     all    2.11    0.00    0.07    0.00    0.00    0.02    0.00    0.00   97.80
15:53:05     all    2.10    0.00    0.07    0.00    0.00    0.01    0.00    0.00   97.82
15:53:07     all    2.10    0.00    0.07    0.00    0.00    0.01    0.00    0.00   97.82
15:53:09     all    2.10    0.00    0.07    0.00    0.00    0.01    0.00    0.00   97.82
15:53:11     all    2.10    0.00    0.07    0.00    0.00    0.01    0.00    0.00   97.82
15:53:13     all    2.10    0.00    0.07    0.00    0.00    0.01    0.00    0.00   97.82
15:53:15     all    2.10    0.00    0.04    0.00    0.00    0.00    0.00    0.00   97.86
15:53:17     all    2.10    0.00    0.07    0.00    0.00    0.00    0.00    0.00   97.83
15:53:19     all    2.11    0.00    0.08    0.00    0.00    0.00    0.00    0.00   97.81
15:53:21     all    2.10    0.00    0.07    0.01    0.00    0.00    0.00    0.00   97.82
15:53:23     all    2.11    0.00    0.07    0.00    0.00    0.01    0.00    0.00   97.81
15:53:25     all    2.10    0.00    0.08    0.00    0.00    0.01    0.00    0.00   97.81
15:53:27     all    2.10    0.00    0.07    0.00    0.00    0.01    0.00    0.00   97.82
15:53:29     all    2.10    0.00    0.08    0.00    0.00    0.01    0.00    0.00   97.81
15:53:31     all    2.11    0.00    0.07    0.17    0.00    0.02    0.00    0.00   97.63
15:53:33     all    2.10    0.00    0.08    0.00    0.00    0.00    0.00    0.00   97.82
15:53:35     all    2.11    0.00    0.07    0.00    0.00    0.00    0.00    0.00   97.82
15:53:37     all    2.10    0.00    0.07    0.00    0.00    0.01    0.00    0.00   97.82
15:53:39     all    2.10    0.00    0.06    0.00    0.00    0.01    0.00    0.00   97.83
15:53:41     all    2.11    0.00    0.07    0.21    0.00    0.01    0.00    0.00   97.60
15:53:43     all    2.09    0.00    0.06    0.00    0.00    0.01    0.00    0.00   97.84
15:53:45     all    2.11    0.00    0.06    0.00    0.00    0.01    0.00    0.00   97.82
15:53:47     all    2.10    0.00    0.07    0.00    0.00    0.01    0.00    0.00   97.82
15:53:49     all    2.09    0.00    0.07    0.00    0.00    0.01    0.00    0.00   97.83
15:53:51     all    2.10    0.00    0.08    0.00    0.00    0.00    0.00    0.00   97.82
15:53:53     all    2.11    0.00    0.08    0.00    0.00    0.01    0.00    0.00   97.80
15:53:55     all    2.10    0.00    0.07    0.00    0.00    0.01    0.00    0.00   97.82
15:53:57     all    2.11    0.00    0.07    0.00    0.00    0.00    0.00    0.00   97.82
15:53:59     all    2.10    0.00    0.07    0.00    0.00    0.01    0.00    0.00   97.82
15:54:01     all    2.10    0.00    0.07    0.00    0.00    0.00    0.00    0.00   97.83
15:54:03     all    2.10    0.00    0.08    0.00    0.00    0.00    0.00    0.00   97.82
15:54:05     all    2.11    0.00    0.10    0.00    0.00    0.01    0.00    0.00   97.78
15:54:07     all    2.10    0.00    0.06    0.00    0.00    0.00    0.00    0.00   97.84
15:54:09     all    2.11    0.00    0.06    0.00    0.00    0.01    0.00    0.00   97.82
15:54:11     all    2.10    0.00    0.05    0.00    0.00    0.00    0.00    0.00   97.85
15:54:13     all    2.10    0.00    0.06    0.00    0.00    0.00    0.00    0.00   97.84
15:54:15     all    2.10    0.00    0.06    0.00    0.00    0.01    0.00    0.00   97.83
15:54:17     all    2.11    0.00    0.07    0.00    0.00    0.01    0.00    0.00   97.81
15:54:19     all    2.10    0.00    0.06    0.00    0.00    0.00    0.00    0.00   97.84
15:54:21     all    2.11    0.00    0.07    0.00    0.00    0.00    0.00    0.00   97.82
15:54:23     all    2.10    0.00    0.07    0.00    0.00    0.00    0.00    0.00   97.83
15:54:25     all    2.10    0.00    0.07    0.00    0.00    0.00    0.00    0.00   97.83
15:54:27     all    2.10    0.00    0.08    0.00    0.00    0.01    0.00    0.00   97.81
15:54:29     all    2.10    0.00    0.06    0.01    0.00    0.01    0.00    0.00   97.82
15:54:31     all    2.10    0.00    0.08    0.20    0.00    0.01    0.00    0.00   97.61
15:54:33     all    2.10    0.00    0.06    0.00    0.00    0.00    0.00    0.00   97.84
15:54:35     all    2.11    0.00    0.07    0.00    0.00    0.01    0.00    0.00   97.81
15:54:37     all    2.10    0.00    0.07    0.00    0.00    0.00    0.00    0.00   97.83
15:54:39     all    2.10    0.00    0.06    0.00    0.00    0.00    0.00    0.00   97.84
15:54:41     all    2.11    0.00    0.07    0.21    0.00    0.00    0.00    0.00   97.61
15:54:43     all    2.10    0.00    0.07    0.00    0.00    0.00    0.00    0.00   97.83
15:54:45     all    2.10    0.00    0.06    0.00    0.00    0.01    0.00    0.00   97.83
15:54:47     all    2.10    0.00    0.07    0.00    0.00    0.01    0.00    0.00   97.82
15:54:49     all    2.12    0.00    0.09    0.00    0.00    0.01    0.00    0.00   97.78
15:54:51     all    2.10    0.00    0.06    0.00    0.00    0.00    0.00    0.00   97.84
15:54:53     all    2.11    0.00    0.06    0.00    0.00    0.00    0.00    0.00   97.83
15:54:55     all    2.10    0.00    0.06    0.21    0.00    0.00    0.00    0.00   97.63
15:54:57     all    2.10    0.00    0.07    0.00    0.00    0.00    0.00    0.00   97.83
15:54:59     all    2.10    0.00    0.04    0.00    0.00    0.00    0.00    0.00   97.86
15:55:01     all    2.11    0.00    0.08    0.00    0.00    0.00    0.00    0.00   97.81
15:55:03     all    2.10    0.00    0.07    0.00    0.00    0.00    0.00    0.00   97.83
15:55:05     all    2.10    0.00    0.06    0.00    0.00    0.01    0.00    0.00   97.83
15:55:07     all    2.11    0.00    0.06    0.00    0.00    0.00    0.00    0.00   97.83
15:55:09     all    2.10    0.00    0.06    0.00    0.00    0.00    0.00    0.00   97.84
15:55:11     all    2.10    0.00    0.07    0.00    0.00    0.00    0.00    0.00   97.83
15:55:13     all    2.11    0.00    0.06    0.00    0.00    0.01    0.00    0.00   97.82
15:55:15     all    2.11    0.00    0.06    0.00    0.00    0.00    0.00    0.00   97.83
15:55:17     all    2.10    0.00    0.07    0.00    0.00    0.00    0.00    0.00   97.83
15:55:19     all    2.10    0.00    0.06    0.00    0.00    0.00    0.00    0.00   97.84
15:55:21     all    2.11    0.00    0.07    0.00    0.00    0.00    0.00    0.00   97.82
15:55:23     all    2.10    0.00    0.06    0.00    0.00    0.00    0.00    0.00   97.84
15:55:25     all    2.10    0.00    0.07    0.00    0.00    0.00    0.00    0.00   97.83
15:55:27     all    2.10    0.00    0.07    0.00    0.00    0.01    0.00    0.00   97.82
15:55:29     all    2.10    0.00    0.07    0.01    0.00    0.00    0.00    0.00   97.82
15:55:31     all    2.10    0.00    0.07    0.20    0.00    0.00    0.00    0.00   97.63
15:55:33     all    2.10    0.00    0.07    0.00    0.00    0.01    0.00    0.00   97.82
15:55:35     all    2.11    0.00    0.09    0.00    0.00    0.01    0.00    0.00   97.79
15:55:37     all    2.11    0.00    0.07    0.00    0.00    0.00    0.00    0.00   97.82
15:55:39     all    2.10    0.00    0.06    0.00    0.00    0.01    0.00    0.00   97.83
15:55:41     all    2.10    0.00    0.08    0.00    0.00    0.01    0.00    0.00   97.81
15:55:43     all    2.10    0.00    0.06    0.00    0.00    0.00    0.00    0.00   97.84
15:55:45     all    2.10    0.00    0.06    0.00    0.00    0.01    0.00    0.00   97.83
15:55:47     all    2.11    0.00    0.07    0.00    0.00    0.00    0.00    0.00   97.82
15:55:49     all    2.11    0.00    0.07    0.00    0.00    0.01    0.00    0.00   97.81
15:55:51     all    2.10    0.00    0.07    0.00    0.00    0.01    0.00    0.00   97.82
15:55:53     all    2.11    0.00    0.06    0.00    0.00    0.00    0.00    0.00   97.83
15:55:55     all    2.10    0.00    0.07    0.00    0.00    0.00    0.00    0.00   97.83
15:55:57     all    2.10    0.00    0.08    0.00    0.00    0.01    0.00    0.00   97.81
15:55:59     all    2.10    0.00    0.08    0.00    0.00    0.00    0.00    0.00   97.82
15:56:01     all    2.11    0.00    0.08    0.00    0.00    0.00    0.00    0.00   97.81
15:56:03     all    2.10    0.00    0.07    0.00    0.00    0.00    0.00    0.00   97.83
15:56:05     all    2.10    0.00    0.07    0.00    0.00    0.00    0.00    0.00   97.83
15:56:07     all    2.11    0.00    0.06    0.00    0.00    0.00    0.00    0.00   97.83
15:56:09     all    2.10    0.00    0.07    0.00    0.00    0.00    0.00    0.00   97.83
15:56:11     all    2.10    0.00    0.07    0.00    0.00    0.00    0.00    0.00   97.83
15:56:13     all    2.11    0.00    0.07    0.00    0.00    0.00    0.00    0.00   97.82
15:56:15     all    2.10    0.00    0.07    0.00    0.00    0.00    0.00    0.00   97.83
15:56:17     all    2.11    0.00    0.07    0.01    0.00    0.01    0.00    0.00   97.80
15:56:19     all    2.10    0.00    0.09    0.00    0.00    0.00    0.00    0.00   97.81
15:56:21     all    2.11    0.00    0.08    0.00    0.00    0.00    0.00    0.00   97.81
15:56:23     all    2.10    0.00    0.07    0.00    0.00    0.00    0.00    0.00   97.83
15:56:25     all    2.10    0.00    0.06    0.00    0.00    0.01    0.00    0.00   97.83
15:56:27     all    2.10    0.00    0.07    0.00    0.00    0.00    0.00    0.00   97.83
15:56:29     all    2.10    0.00    0.06    0.00    0.00    0.00    0.00    0.00   97.84
15:56:31     all    2.11    0.00    0.07    0.20    0.00    0.00    0.00    0.00   97.62
15:56:33     all    2.10    0.00    0.06    0.00    0.00    0.00    0.00    0.00   97.84
15:56:35     all    2.10    0.00    0.07    0.00    0.00    0.01    0.00    0.00   97.82
15:56:37     all    2.11    0.00    0.06    0.00    0.00    0.00    0.00    0.00   97.83
15:56:39     all    2.10    0.00    0.07    0.00    0.00    0.00    0.00    0.00   97.83
15:56:41     all    2.10    0.00    0.05    0.00    0.00    0.00    0.00    0.00   97.85
15:56:43     all    2.09    0.00    0.06    0.00    0.00    0.00    0.00    0.00   97.85
15:56:45     all    2.11    0.00    0.06    0.00    0.00    0.00    0.00    0.00   97.83
15:56:47     all    2.11    0.00    0.07    0.00    0.00    0.01    0.00    0.00   97.81
15:56:49     all    2.10    0.00    0.07    0.00    0.00    0.00    0.00    0.00   97.83
15:56:51     all    2.11    0.00    0.07    0.00    0.00    0.00    0.00    0.00   97.82
15:56:53     all    2.09    0.00    0.08    0.00    0.00    0.00    0.00    0.00   97.83
15:56:55     all    2.11    0.00    0.06    0.00    0.00    0.00    0.00    0.00   97.83
15:56:57     all    2.10    0.00    0.06    0.00    0.00    0.00    0.00    0.00   97.84
15:56:59     all    2.10    0.00    0.07    0.00    0.00    0.00    0.00    0.00   97.83
15:57:01     all    2.10    0.00    0.07    0.00    0.00    0.00    0.00    0.00   97.83
15:57:03     all    2.10    0.00    0.07    0.00    0.00    0.00    0.00    0.00   97.83
15:57:05     all    2.11    0.00    0.08    0.00    0.00    0.01    0.00    0.00   97.80
15:57:07     all    2.10    0.00    0.06    0.00    0.00    0.00    0.00    0.00   97.84
15:57:09     all    2.10    0.00    0.07    0.00    0.00    0.00    0.00    0.00   97.83
15:57:11     all    2.10    0.00    0.08    0.00    0.00    0.00    0.00    0.00   97.82
15:57:13     all    2.11    0.00    0.05    0.00    0.00    0.00    0.00    0.00   97.84
15:57:15     all    2.10    0.00    0.07    0.00    0.00    0.01    0.00    0.00   97.82
15:57:17     all    2.11    0.00    0.07    0.00    0.00    0.00    0.00    0.00   97.82
15:57:19     all    2.10    0.00    0.06    0.01    0.00    0.00    0.00    0.00   97.83
15:57:21     all    2.10    0.00    0.07    0.00    0.00    0.00    0.00    0.00   97.83
15:57:23     all    2.11    0.00    0.07    0.00    0.00    0.01    0.00    0.00   97.81
15:57:25     all    2.10    0.00    0.07    0.00    0.00    0.00    0.00    0.00   97.83
15:57:27     all    2.10    0.00    0.07    0.00    0.00    0.00    0.00    0.00   97.83
15:57:29     all    2.10    0.00    0.06    0.00    0.00    0.00    0.00    0.00   97.84
15:57:31     all    2.11    0.00    0.07    0.20    0.00    0.00    0.00    0.00   97.62
15:57:33     all    2.10    0.00    0.07    0.00    0.00    0.00    0.00    0.00   97.83
15:57:35     all    2.10    0.00    0.07    0.00    0.00    0.01    0.00    0.00   97.82
15:57:37     all    2.10    0.00    0.05    0.00    0.00    0.00    0.00    0.00   97.85
15:57:39     all    2.10    0.00    0.07    0.00    0.00    0.00    0.00    0.00   97.83
15:57:41     all    2.10    0.00    0.07    0.00    0.00    0.00    0.00    0.00   97.83
15:57:43     all    2.10    0.00    0.08    0.00    0.00    0.00    0.00    0.00   97.82
15:57:45     all    2.11    0.00    0.05    0.00    0.00    0.00    0.00    0.00   97.84
15:57:47     all    2.10    0.00    0.06    0.00    0.00    0.00    0.00    0.00   97.84
15:57:49     all    2.12    0.00    0.08    0.00    0.00    0.00    0.00    0.00   97.80
15:57:51     all    2.10    0.00    0.08    0.00    0.00    0.00    0.00    0.00   97.82
15:57:53     all    2.10    0.00    0.06    0.00    0.00    0.01    0.00    0.00   97.83
15:57:55     all    2.10    0.00    0.07    0.00    0.00    0.00    0.00    0.00   97.83
15:57:57     all    2.10    0.00    0.07    0.00    0.00    0.00    0.00    0.00   97.83
15:57:59     all    2.11    0.00    0.07    0.00    0.00    0.00    0.00    0.00   97.82
15:58:01     all    2.10    0.00    0.07    0.00    0.00    0.00    0.00    0.00   97.83
15:58:03     all    2.10    0.00    0.07    0.01    0.00    0.00    0.00    0.00   97.82
15:58:05     all    2.10    0.00    0.06    0.00    0.00    0.00    0.00    0.00   97.84
15:58:07     all    2.11    0.00    0.07    0.00    0.00    0.00    0.00    0.00   97.82
15:58:09     all    2.10    0.00    0.06    0.00    0.00    0.01    0.00    0.00   97.83
15:58:11     all    2.10    0.00    0.08    0.00    0.00    0.00    0.00    0.00   97.82
15:58:13     all    2.10    0.00    0.07    0.00    0.00    0.00    0.00    0.00   97.83
15:58:15     all    2.11    0.00    0.07    0.00    0.00    0.00    0.00    0.00   97.82
15:58:17     all    2.10    0.00    0.07    0.00    0.00    0.00    0.00    0.00   97.83
15:58:19     all    2.10    0.00    0.07    0.00    0.00    0.00    0.00    0.00   97.83
15:58:21     all    2.11    0.00    0.07    0.00    0.00    0.00    0.00    0.00   97.82
15:58:23     all    2.09    0.00    0.07    0.00    0.00    0.01    0.00    0.00   97.83
15:58:25     all    2.09    0.00    0.04    0.00    0.00    0.00    0.00    0.00   97.87
15:58:27     all    2.10    0.00    0.07    0.00    0.00    0.00    0.00    0.00   97.83
15:58:29     all    2.11    0.00    0.06    0.00    0.00    0.00    0.00    0.00   97.83
15:58:31     all    2.10    0.00    0.06    0.20    0.00    0.00    0.00    0.00   97.64
15:58:33     all    2.10    0.00    0.07    0.00    0.00    0.00    0.00    0.00   97.83
15:58:35     all    2.11    0.00    0.09    0.00    0.00    0.00    0.00    0.00   97.80
15:58:37     all    2.10    0.00    0.06    0.00    0.00    0.00    0.00    0.00   97.84
15:58:39     all    2.10    0.00    0.07    0.00    0.00    0.00    0.00    0.00   97.83
15:58:41     all    2.10    0.00    0.07    0.00    0.00    0.00    0.00    0.00   97.83
15:58:43     all    2.11    0.00    0.06    0.00    0.00    0.01    0.00    0.00   97.82
15:58:45     all    2.10    0.00    0.05    0.00    0.00    0.00    0.00    0.00   97.85
15:58:47     all    2.11    0.00    0.07    0.00    0.00    0.00    0.00    0.00   97.82
15:58:49     all    2.10    0.00    0.06    0.00    0.00    0.00    0.00    0.00   97.84
15:58:51     all    2.11    0.00    0.08    0.00    0.00    0.00    0.00    0.00   97.81
15:58:53     all    2.11    0.00    0.07    0.00    0.00    0.00    0.00    0.00   97.82
15:58:55     all    2.10    0.00    0.07    0.00    0.00    0.00    0.00    0.00   97.83
15:58:57     all    2.10    0.00    0.07    0.00    0.00    0.00    0.00    0.00   97.83
15:58:59     all    2.10    0.00    0.07    0.00    0.00    0.00    0.00    0.00   97.83
15:59:01     all    2.11    0.00    0.08    0.00    0.00    0.00    0.00    0.00   97.81
15:59:03     all    2.11    0.00    0.07    0.00    0.00    0.01    0.00    0.00   97.81
15:59:05     all    2.10    0.00    0.06    0.01    0.00    0.00    0.00    0.00   97.83
15:59:07     all    2.11    0.00    0.07    0.00    0.00    0.00    0.00    0.00   97.82
15:59:09     all    2.10    0.00    0.08    0.00    0.00    0.00    0.00    0.00   97.82
15:59:11     all    2.10    0.00    0.06    0.00    0.00    0.00    0.00    0.00   97.84
15:59:13     all    2.11    0.00    0.06    0.00    0.00    0.01    0.00    0.00   97.82
15:59:15     all    2.10    0.00    0.06    0.00    0.00    0.00    0.00    0.00   97.84
15:59:17     all    2.10    0.00    0.07    0.00    0.00    0.00    0.00    0.00   97.83
15:59:19     all    2.11    0.00    0.08    0.00    0.00    0.00    0.00    0.00   97.81
15:59:21     all    2.10    0.00    0.07    0.00    0.00    0.00    0.00    0.00   97.83
15:59:23     all    2.10    0.00    0.07    0.00    0.00    0.01    0.00    0.00   97.82
15:59:25     all    2.11    0.00    0.07    0.00    0.00    0.00    0.00    0.00   97.82
15:59:27     all    2.10    0.00    0.06    0.00    0.00    0.01    0.00    0.00   97.83
15:59:29     all    2.11    0.00    0.07    0.00    0.00    0.00    0.00    0.00   97.82
15:59:31     all    2.10    0.00    0.06    0.17    0.00    0.00    0.00    0.00   97.68
15:59:33     all    2.10    0.00    0.07    0.00    0.00    0.00    0.00    0.00   97.83
15:59:35     all    2.11    0.00    0.06    0.00    0.00    0.01    0.00    0.00   97.82
15:59:37     all    2.10    0.00    0.05    0.00    0.00    0.01    0.00    0.00   97.84
15:59:39     all    2.11    0.00    0.06    0.00    0.00    0.00    0.00    0.00   97.83
15:59:41     all    2.10    0.00    0.07    0.21    0.00    0.01    0.00    0.00   97.61
15:59:43     all    2.10    0.00    0.06    0.00    0.00    0.01    0.00    0.00   97.83
15:59:45     all    2.09    0.00    0.07    0.00    0.00    0.00    0.00    0.00   97.84
15:59:47     all    2.10    0.00    0.08    0.00    0.00    0.01    0.00    0.00   97.81
15:59:49     all    2.10    0.00    0.07    0.00    0.00    0.00    0.00    0.00   97.83
15:59:51     all    2.10    0.00    0.06    0.00    0.00    0.00    0.00    0.00   97.84
15:59:53     all    2.09    0.00    0.08    0.00    0.00    0.01    0.00    0.00   97.81
15:59:55     all    2.11    0.00    0.08    0.21    0.00    0.01    0.00    0.00   97.59
15:59:57     all    2.11    0.00    0.07    0.00    0.00    0.00    0.00    0.00   97.82
15:59:59     all    2.11    0.00    0.08    0.00    0.00    0.01    0.00    0.00   97.80
16:00:01     all    2.11    0.00    0.08    0.00    0.00    0.00    0.00    0.00   97.81
16:00:03     all    2.10    0.00    0.11    0.02    0.00    0.01    0.00    0.00   97.76
16:00:05     all    2.11    0.00    0.11    0.00    0.00    0.00    0.00    0.00   97.78
16:00:07     all    2.10    0.00    0.06    0.00    0.00    0.00    0.00    0.00   97.84
16:00:09     all    2.10    0.00    0.07    0.00    0.00    0.01    0.00    0.00   97.82
16:00:11     all    2.10    0.00    0.08    0.00    0.00    0.01    0.00    0.00   97.81
16:00:13     all    2.10    0.00    0.07    0.00    0.00    0.00    0.00    0.00   97.83
16:00:15     all    2.10    0.00    0.08    0.00    0.00    0.00    0.00    0.00   97.82
16:00:17     all    2.11    0.00    0.09    0.00    0.00    0.01    0.00    0.00   97.79
16:00:19     all    2.10    0.00    0.06    0.00    0.00    0.00    0.00    0.00   97.84
16:00:21     all    2.10    0.00    0.08    0.00    0.00    0.00    0.00    0.00   97.82
16:00:23     all    2.11    0.00    0.05    0.00    0.00    0.00    0.00    0.00   97.84
16:00:25     all    2.11    0.00    0.06    0.00    0.00    0.01    0.00    0.00   97.82
16:00:27     all    2.10    0.00    0.06    0.00    0.00    0.00    0.00    0.00   97.84
16:00:29     all    2.08    0.00    0.06    0.01    0.00    0.00    0.00    0.00   97.84
16:00:31     all    2.10    0.00    0.06    0.20    0.00    0.00    0.00    0.00   97.64
16:00:33     all    2.11    0.00    0.06    0.00    0.00    0.00    0.00    0.00   97.83
16:00:35     all    2.10    0.00    0.06    0.00    0.00    0.00    0.00    0.00   97.84
16:00:37     all    2.10    0.00    0.07    0.00    0.00    0.00    0.00    0.00   97.83
16:00:39     all    2.10    0.00    0.06    0.00    0.00    0.00    0.00    0.00   97.84
16:00:41     all    2.11    0.00    0.07    0.00    0.00    0.00    0.00    0.00   97.82
16:00:43     all    2.10    0.00    0.06    0.00    0.00    0.01    0.00    0.00   97.83
16:00:45     all    2.10    0.00    0.07    0.00    0.00    0.00    0.00    0.00   97.83
16:00:47     all    2.11    0.00    0.06    0.00    0.00    0.00    0.00    0.00   97.83
16:00:49     all    2.10    0.00    0.09    0.00    0.00    0.00    0.00    0.00   97.81
