procs -----------memory---------- ---swap-- -----io---- --system-- -----cpu-----
 r  b   swpd   free   buff  cache   si   so    bi    bo   in   cs us sy id wa st
 6  0  11032 64595576 136156 300876    0    0     0     1    0    0  5  1 94  0  0	
 3  0  11032 64593492 136156 300916    0    0     0    14 3178 2641  2  0 98  0  0	
 2  0  11032 64593460 136156 300916    0    0     0     0 3075 2487  2  0 98  0  0	
 2  0  11032 64593764 136156 300920    0    0     0    10 3079 2503  2  0 98  0  0	
 2  0  11032 64594684 136156 300920    0    0     0     0 3077 2537  2  0 98  0  0	
 1  0  11032 64595188 136156 300920    0    0     0     0 3065 2494  2  0 98  0  0	
 1  0  11032 64595436 136156 300924    0    0     0     0 3083 2513  2  0 98  0  0	
 1  0  11032 64595728 136156 300924    0    0     0     0 3098 2504  2  0 98  0  0	
 1  0  11032 64595852 136156 300928    0    0     0     0 3091 2512  2  0 98  0  0	
