Linux 2.6.32-279.14.1.el6.x86_64 (compute-662-2.local) 	04/20/20 	_x86_64_	(48 CPU)

19:42:16     CPU    %usr   %nice    %sys %iowait    %irq   %soft  %steal  %guest   %idle
19:42:18     all    2.09    0.00    0.10    0.00    0.00    0.01    0.00    0.00   97.79
19:42:20     all    2.10    0.00    0.08    0.00    0.00    0.02    0.00    0.00   97.80
19:42:22     all    2.10    0.00    0.08    0.21    0.00    0.01    0.00    0.00   97.60
19:42:24     all    2.10    0.00    0.08    0.00    0.00    0.00    0.00    0.00   97.82
19:42:26     all    2.10    0.00    0.06    0.00    0.00    0.00    0.00    0.00   97.84
19:42:28     all    2.10    0.00    0.08    0.00    0.00    0.01    0.00    0.00   97.81
19:42:30     all    2.10    0.00    0.08    0.00    0.00    0.01    0.00    0.00   97.81
19:42:32     all    2.11    0.00    0.06    0.00    0.00    0.02    0.00    0.00   97.81
19:42:34     all    2.10    0.00    0.06    0.00    0.00    0.01    0.00    0.00   97.83
19:42:36     all    2.10    0.00    0.07    0.00    0.00    0.01    0.00    0.00   97.82
19:42:38     all    2.10    0.00    0.07    0.00    0.00    0.02    0.00    0.00   97.81
19:42:40     all    2.10    0.00    0.08    0.00    0.00    0.01    0.00    0.00   97.81
19:42:42     all    2.11    0.00    0.05    0.00    0.00    0.01    0.00    0.00   97.83
19:42:44     all    2.10    0.00    0.07    0.21    0.00    0.02    0.00    0.00   97.60
19:42:46     all    2.10    0.00    0.07    0.00    0.00    0.00    0.00    0.00   97.83
19:42:48     all    2.11    0.00    0.06    0.00    0.00    0.01    0.00    0.00   97.82
19:42:50     all    2.10    0.00    0.08    0.00    0.00    0.01    0.00    0.00   97.81
19:42:52     all    2.11    0.00    0.09    0.21    0.00    0.02    0.00    0.00   97.57
19:42:54     all    2.09    0.00    0.08    0.00    0.00    0.02    0.00    0.00   97.80
19:42:56     all    2.10    0.00    0.06    0.00    0.00    0.01    0.00    0.00   97.83
19:42:58     all    2.08    0.00    0.07    0.00    0.00    0.01    0.00    0.00   97.83
19:43:00     all    2.11    0.00    0.07    0.00    0.00    0.01    0.00    0.00   97.81
19:43:02     all    2.10    0.00    0.07    0.00    0.00    0.01    0.00    0.00   97.82
19:43:04     all    2.11    0.00    0.07    0.00    0.00    0.01    0.00    0.00   97.81
19:43:06     all    2.10    0.00    0.07    0.00    0.00    0.01    0.00    0.00   97.82
19:43:08     all    2.10    0.00    0.07    0.00    0.00    0.01    0.00    0.00   97.82
19:43:10     all    2.11    0.00    0.08    0.00    0.00    0.02    0.00    0.00   97.79
19:43:12     all    2.11    0.00    0.06    0.00    0.00    0.01    0.00    0.00   97.82
19:43:14     all    2.10    0.00    0.07    0.00    0.00    0.02    0.00    0.00   97.81
19:43:16     all    2.11    0.00    0.06    0.00    0.00    0.00    0.00    0.00   97.83
19:43:18     all    2.10    0.00    0.06    0.00    0.00    0.02    0.00    0.00   97.82
19:43:20     all    2.11    0.00    0.07    0.00    0.00    0.02    0.00    0.00   97.80
19:43:22     all    2.10    0.00    0.07    0.00    0.00    0.01    0.00    0.00   97.82
19:43:24     all    2.11    0.00    0.07    0.00    0.00    0.01    0.00    0.00   97.81
19:43:26     all    2.10    0.00    0.07    0.00    0.00    0.01    0.00    0.00   97.82
19:43:28     all    2.10    0.00    0.07    0.00    0.00    0.01    0.00    0.00   97.82
19:43:30     all    2.11    0.00    0.07    0.00    0.00    0.02    0.00    0.00   97.80
19:43:32     all    2.09    0.00    0.07    0.00    0.00    0.01    0.00    0.00   97.83
19:43:34     all    2.10    0.00    0.08    0.00    0.00    0.01    0.00    0.00   97.81
19:43:36     all    2.11    0.00    0.09    0.00    0.00    0.00    0.00    0.00   97.80
19:43:38     all    2.10    0.00    0.07    0.00    0.00    0.01    0.00    0.00   97.82
19:43:40     all    2.10    0.00    0.07    0.20    0.00    0.00    0.00    0.00   97.63
19:43:42     all    2.10    0.00    0.06    0.01    0.00    0.00    0.00    0.00   97.83
19:43:44     all    2.10    0.00    0.07    0.00    0.00    0.00    0.00    0.00   97.83
19:43:46     all    2.10    0.00    0.07    0.00    0.00    0.01    0.00    0.00   97.82
19:43:48     all    2.11    0.00    0.06    0.00    0.00    0.01    0.00    0.00   97.82
