Linux 2.6.32-279.14.1.el6.x86_64 (compute-662-2.local) 	04/20/20 	_x86_64_	(48 CPU)

21:17:52          PID    %usr %system  %guest    %CPU   CPU  Command
21:17:54        13251   97.50    2.00    0.00   99.50    13  lu-mz.B.x
21:17:56        13251  100.00    0.00    0.00  100.00    13  lu-mz.B.x
21:17:58        13251   99.50    0.00    0.00   99.50    13  lu-mz.B.x
21:18:00        13251  100.00    0.00    0.00  100.00    13  lu-mz.B.x
21:18:02        13251   99.50    0.00    0.00   99.50    13  lu-mz.B.x
21:18:04        13251  100.00    0.00    0.00  100.00    13  lu-mz.B.x
21:18:06        13251   99.50    0.00    0.00   99.50    13  lu-mz.B.x
21:18:08        13251  100.00    0.00    0.00  100.00    13  lu-mz.B.x
21:18:10        13251  100.00    0.00    0.00  100.00    13  lu-mz.B.x
21:18:12        13251   99.50    0.00    0.00   99.50    13  lu-mz.B.x
21:18:14        13251  100.00    0.00    0.00  100.00    13  lu-mz.B.x
21:18:16        13251   99.50    0.00    0.00   99.50    13  lu-mz.B.x
21:18:18        13251  100.00    0.00    0.00  100.00    13  lu-mz.B.x
21:18:20        13251  100.00    0.00    0.00  100.00    13  lu-mz.B.x
21:18:22        13251   99.50    0.00    0.00   99.50    13  lu-mz.B.x
21:18:24        13251  100.00    0.00    0.00  100.00    13  lu-mz.B.x
21:18:26        13251   99.50    0.00    0.00   99.50    13  lu-mz.B.x
21:18:28        13251  100.00    0.00    0.00  100.00    13  lu-mz.B.x
21:18:30        13251  100.00    0.00    0.00  100.00    13  lu-mz.B.x
21:18:32        13251   99.50    0.00    0.00   99.50    13  lu-mz.B.x
21:18:34        13251  100.00    0.00    0.00  100.00    23  lu-mz.B.x
21:18:36        13251   99.50    0.00    0.00   99.50    23  lu-mz.B.x
21:18:38        13251  100.00    0.00    0.00  100.00    23  lu-mz.B.x
21:18:40        13251   99.50    0.00    0.00   99.50    23  lu-mz.B.x
21:18:42        13251  100.00    0.00    0.00  100.00    23  lu-mz.B.x
21:18:44        13251  100.00    0.00    0.00  100.00    23  lu-mz.B.x
21:18:46        13251   99.50    0.00    0.00   99.50    23  lu-mz.B.x
21:18:48        13251  100.00    0.00    0.00  100.00    23  lu-mz.B.x
21:18:50        13251   99.50    0.00    0.00   99.50    23  lu-mz.B.x
21:18:52        13251  100.00    0.00    0.00  100.00    23  lu-mz.B.x
21:18:54        13251  100.00    0.00    0.00  100.00    23  lu-mz.B.x
21:18:56        13251   99.50    0.00    0.00   99.50    23  lu-mz.B.x
21:18:58        13251  100.00    0.00    0.00  100.00    23  lu-mz.B.x
21:19:00        13251   99.50    0.00    0.00   99.50    23  lu-mz.B.x
21:19:02        13251  100.00    0.00    0.00  100.00    23  lu-mz.B.x
21:19:04        13251  100.00    0.00    0.00  100.00    23  lu-mz.B.x
21:19:06        13251   99.50    0.00    0.00   99.50    23  lu-mz.B.x
21:19:08        13251  100.00    0.00    0.00  100.00    23  lu-mz.B.x
21:19:10        13251   99.50    0.00    0.00   99.50    23  lu-mz.B.x
21:19:12        13251  100.00    0.00    0.00  100.00    23  lu-mz.B.x
21:19:14        13251   99.50    0.00    0.00   99.50    23  lu-mz.B.x
21:19:16        13251  100.00    0.00    0.00  100.00    23  lu-mz.B.x
21:19:18        13251  100.00    0.00    0.00  100.00    23  lu-mz.B.x
21:19:20        13251   99.50    0.00    0.00   99.50    23  lu-mz.B.x
21:19:22        13251  100.00    0.00    0.00  100.00    23  lu-mz.B.x
21:19:24        13251   99.50    0.00    0.00   99.50    23  lu-mz.B.x
21:19:26        13251  100.00    0.00    0.00  100.00    23  lu-mz.B.x
21:19:28        13251  100.00    0.00    0.00  100.00    23  lu-mz.B.x
21:19:30        13251   99.50    0.00    0.00   99.50    23  lu-mz.B.x
21:19:32        13251  100.00    0.00    0.00  100.00    23  lu-mz.B.x
21:19:34        13251   99.50    0.00    0.00   99.50    23  lu-mz.B.x
21:19:36        13251  100.00    0.00    0.00  100.00    23  lu-mz.B.x
21:19:38        13251   99.50    0.00    0.00   99.50    23  lu-mz.B.x
21:19:40        13251  100.00    0.00    0.00  100.00    23  lu-mz.B.x
21:19:42        13251  100.00    0.00    0.00  100.00    23  lu-mz.B.x
21:19:44        13251   99.50    0.00    0.00   99.50    23  lu-mz.B.x
21:19:46        13251  100.00    0.00    0.00  100.00    23  lu-mz.B.x
21:19:48        13251  100.00    0.00    0.00  100.00    23  lu-mz.B.x
21:19:50        13251   99.50    0.00    0.00   99.50    23  lu-mz.B.x
21:19:52        13251  100.00    0.00    0.00  100.00    23  lu-mz.B.x
21:19:54        13251   99.50    0.00    0.00   99.50    23  lu-mz.B.x
21:19:56        13251  100.00    0.00    0.00  100.00    23  lu-mz.B.x
21:19:58        13251   99.50    0.00    0.00   99.50    23  lu-mz.B.x
21:20:00        13251  100.00    0.00    0.00  100.00    23  lu-mz.B.x
21:20:02        13251  100.00    0.00    0.00  100.00    23  lu-mz.B.x
21:20:04        13251   99.50    0.00    0.00   99.50    23  lu-mz.B.x
21:20:06        13251  100.00    0.00    0.00  100.00    23  lu-mz.B.x
21:20:08        13251   99.50    0.00    0.00   99.50    23  lu-mz.B.x
21:20:10        13251  100.00    0.00    0.00  100.00    23  lu-mz.B.x
21:20:12        13251  100.00    0.00    0.00  100.00    23  lu-mz.B.x
21:20:14        13251   99.50    0.00    0.00   99.50    23  lu-mz.B.x
21:20:16        13251  100.00    0.00    0.00  100.00    23  lu-mz.B.x
21:20:18        13251   99.50    0.00    0.00   99.50    23  lu-mz.B.x
21:20:20        13251  100.00    0.00    0.00  100.00    23  lu-mz.B.x
21:20:22        13251   99.50    0.00    0.00   99.50    23  lu-mz.B.x
21:20:24        13251   99.50    0.00    0.00   99.50    23  lu-mz.B.x
21:20:26        13251  100.00    0.00    0.00  100.00    23  lu-mz.B.x
21:20:28        13251   99.50    0.00    0.00   99.50    23  lu-mz.B.x
21:20:30        13251  100.00    0.00    0.00  100.00    23  lu-mz.B.x
21:20:32        13251   99.50    0.00    0.00   99.50    23  lu-mz.B.x
21:20:34        13251  100.00    0.00    0.00  100.00    23  lu-mz.B.x
21:20:36        13251  100.00    0.00    0.00  100.00    23  lu-mz.B.x
21:20:38        13251   99.50    0.00    0.00   99.50    23  lu-mz.B.x
21:20:40        13251  100.00    0.00    0.00  100.00    23  lu-mz.B.x
21:20:42        13251   99.50    0.00    0.00   99.50    23  lu-mz.B.x
21:20:44        13251  100.00    0.00    0.00  100.00    23  lu-mz.B.x
21:20:46        13251  100.00    0.00    0.00  100.00    23  lu-mz.B.x
21:20:48        13251   99.50    0.00    0.00   99.50    23  lu-mz.B.x
21:20:50        13251  100.00    0.00    0.00  100.00    23  lu-mz.B.x
21:20:52        13251   99.50    0.00    0.00   99.50    23  lu-mz.B.x
21:20:54        13251  100.00    0.00    0.00  100.00    23  lu-mz.B.x
21:20:56        13251  100.00    0.00    0.00  100.00    23  lu-mz.B.x
21:20:58        13251   99.50    0.00    0.00   99.50    23  lu-mz.B.x
21:21:00        13251  100.00    0.00    0.00  100.00    23  lu-mz.B.x
21:21:02        13251   99.50    0.00    0.00   99.50    23  lu-mz.B.x
21:21:04        13251  100.00    0.00    0.00  100.00    23  lu-mz.B.x
21:21:06        13251   99.50    0.00    0.00   99.50    23  lu-mz.B.x
21:21:08        13251  100.00    0.00    0.00  100.00    23  lu-mz.B.x
21:21:10        13251  100.00    0.00    0.00  100.00    23  lu-mz.B.x
21:21:12        13251   99.50    0.00    0.00   99.50    23  lu-mz.B.x
21:21:14        13251  100.00    0.00    0.00  100.00    23  lu-mz.B.x
21:21:16        13251   99.50    0.00    0.00   99.50    23  lu-mz.B.x
21:21:18        13251  100.00    0.00    0.00  100.00    23  lu-mz.B.x
21:21:20        13251  100.00    0.00    0.00  100.00    23  lu-mz.B.x
21:21:22        13251   99.50    0.00    0.00   99.50    23  lu-mz.B.x
21:21:24        13251  100.00    0.00    0.00  100.00    23  lu-mz.B.x
21:21:26        13251   99.50    0.00    0.00   99.50    23  lu-mz.B.x
21:21:28        13251  100.00    0.00    0.00  100.00    23  lu-mz.B.x
21:21:30        13251   99.50    0.00    0.00   99.50    23  lu-mz.B.x
21:21:32        13251  100.00    0.00    0.00  100.00    23  lu-mz.B.x
21:21:34        13251  100.00    0.00    0.00  100.00    23  lu-mz.B.x
21:21:36        13251   99.50    0.00    0.00   99.50    23  lu-mz.B.x
21:21:38        13251  100.00    0.00    0.00  100.00    23  lu-mz.B.x
21:21:40        13251   99.50    0.00    0.00   99.50    23  lu-mz.B.x
21:21:42        13251  100.00    0.00    0.00  100.00    23  lu-mz.B.x
21:21:44        13251  100.00    0.00    0.00  100.00    23  lu-mz.B.x
21:21:46        13251   99.50    0.00    0.00   99.50    23  lu-mz.B.x
21:21:48        13251  100.00    0.00    0.00  100.00    23  lu-mz.B.x
21:21:50        13251   99.50    0.00    0.00   99.50    23  lu-mz.B.x
21:21:52        13251  100.00    0.00    0.00  100.00    23  lu-mz.B.x
21:21:54        13251  100.00    0.00    0.00  100.00    23  lu-mz.B.x
21:21:56        13251   99.50    0.00    0.00   99.50    23  lu-mz.B.x
21:21:58        13251  100.00    0.00    0.00  100.00    23  lu-mz.B.x
21:22:00        13251   99.50    0.00    0.00   99.50    23  lu-mz.B.x
21:22:02        13251  100.00    0.00    0.00  100.00    23  lu-mz.B.x
21:22:04        13251   99.50    0.00    0.00   99.50    23  lu-mz.B.x
21:22:06        13251  100.00    0.00    0.00  100.00    23  lu-mz.B.x
21:22:08        13251  100.00    0.00    0.00  100.00    23  lu-mz.B.x
21:22:10        13251   99.50    0.00    0.00   99.50    23  lu-mz.B.x
21:22:12        13251  100.00    0.00    0.00  100.00    23  lu-mz.B.x
21:22:14        13251  100.00    0.00    0.00  100.00    23  lu-mz.B.x
21:22:16        13251   99.50    0.00    0.00   99.50    23  lu-mz.B.x
21:22:18        13251  100.00    0.00    0.00  100.00    23  lu-mz.B.x
21:22:20        13251   99.50    0.00    0.00   99.50    23  lu-mz.B.x
21:22:22        13251  100.00    0.00    0.00  100.00    23  lu-mz.B.x
21:22:24        13251   99.50    0.00    0.00   99.50    23  lu-mz.B.x
21:22:26        13251  100.00    0.00    0.00  100.00    23  lu-mz.B.x
21:22:28        13251  100.00    0.00    0.00  100.00    23  lu-mz.B.x
21:22:30        13251   99.50    0.00    0.00   99.50    23  lu-mz.B.x
21:22:32        13251  100.00    0.00    0.00  100.00    19  lu-mz.B.x
21:22:34        13251   99.50    0.00    0.00   99.50    19  lu-mz.B.x
21:22:36        13251  100.00    0.00    0.00  100.00    19  lu-mz.B.x
21:22:38        13251  100.00    0.00    0.00  100.00    19  lu-mz.B.x
21:22:40        13251   99.50    0.00    0.00   99.50    19  lu-mz.B.x
21:22:42        13251  100.00    0.00    0.00  100.00    19  lu-mz.B.x
21:22:44        13251   99.50    0.00    0.00   99.50    19  lu-mz.B.x
21:22:46        13251  100.00    0.00    0.00  100.00    19  lu-mz.B.x
21:22:48        13251  100.00    0.00    0.00  100.00    19  lu-mz.B.x
21:22:50        13251   99.50    0.00    0.00   99.50    19  lu-mz.B.x
21:22:52        13251  100.00    0.00    0.00  100.00    19  lu-mz.B.x
21:22:54        13251   99.50    0.00    0.00   99.50    19  lu-mz.B.x
21:22:56        13251  100.00    0.00    0.00  100.00    19  lu-mz.B.x
21:22:58        13251   99.50    0.00    0.00   99.50    19  lu-mz.B.x
21:23:00        13251  100.00    0.00    0.00  100.00    19  lu-mz.B.x
21:23:02        13251  100.00    0.00    0.00  100.00    19  lu-mz.B.x
21:23:04        13251   99.50    0.00    0.00   99.50    19  lu-mz.B.x
21:23:06        13251  100.00    0.00    0.00  100.00    19  lu-mz.B.x
21:23:08        13251  100.00    0.00    0.00  100.00    19  lu-mz.B.x
21:23:10        13251   99.50    0.00    0.00   99.50    19  lu-mz.B.x
21:23:12        13251  100.00    0.00    0.00  100.00    19  lu-mz.B.x
21:23:14        13251   99.50    0.00    0.00   99.50    19  lu-mz.B.x
21:23:16        13251  100.00    0.00    0.00  100.00    19  lu-mz.B.x
21:23:18        13251  100.00    0.00    0.00  100.00    19  lu-mz.B.x
21:23:20        13251   99.50    0.00    0.00   99.50    19  lu-mz.B.x
21:23:22        13251  100.00    0.00    0.00  100.00    19  lu-mz.B.x
21:23:24        13251   99.50    0.00    0.00   99.50    19  lu-mz.B.x
21:23:26        13251  100.00    0.00    0.00  100.00    19  lu-mz.B.x
21:23:28        13251  100.00    0.00    0.00  100.00    19  lu-mz.B.x
21:23:30        13251   99.50    0.00    0.00   99.50    19  lu-mz.B.x
21:23:32        13251  100.00    0.00    0.00  100.00    19  lu-mz.B.x
21:23:34        13251  100.00    0.00    0.00  100.00    19  lu-mz.B.x
21:23:36        13251   99.50    0.00    0.00   99.50    19  lu-mz.B.x
21:23:38        13251   99.50    0.00    0.00   99.50    19  lu-mz.B.x
21:23:40        13251   99.50    0.00    0.00   99.50    19  lu-mz.B.x
21:23:42        13251  100.00    0.00    0.00  100.00    19  lu-mz.B.x
21:23:44        13251   99.50    0.00    0.00   99.50    19  lu-mz.B.x
21:23:46        13251  100.00    0.00    0.00  100.00    19  lu-mz.B.x
21:23:48        13251  100.00    0.00    0.00  100.00    19  lu-mz.B.x
21:23:50        13251   99.50    0.00    0.00   99.50    19  lu-mz.B.x
21:23:52        13251  100.00    0.00    0.00  100.00    19  lu-mz.B.x
21:23:54        13251  100.00    0.00    0.00  100.00    19  lu-mz.B.x
21:23:56        13251   99.50    0.00    0.00   99.50    19  lu-mz.B.x
21:23:58        13251  100.00    0.00    0.00  100.00    19  lu-mz.B.x
21:24:00        13251   99.50    0.00    0.00   99.50    19  lu-mz.B.x
21:24:02        13251  100.00    0.00    0.00  100.00    19  lu-mz.B.x
21:24:04        13251  100.00    0.00    0.00  100.00    19  lu-mz.B.x
21:24:06        13251   99.50    0.00    0.00   99.50    19  lu-mz.B.x
21:24:08        13251  100.00    0.00    0.00  100.00    19  lu-mz.B.x
