procs -----------memory---------- ---swap-- -----io---- --system-- -----cpu-----
 r  b   swpd   free   buff  cache   si   so    bi    bo   in   cs us sy id wa st
 4  0  11032 64570936 136248 326856    0    0     0     1    0    0  5  1 94  0  0	
 1  0  11032 64533176 136248 326892    0    0     0     0 3264 2755  2  0 98  0  0	
 2  0  11032 64532764 136248 326896    0    0     0     0 3108 2521  2  0 98  0  0	
 1  0  11032 64532912 136248 326900    0    0     0     8 3097 2554  2  0 98  0  0	
 2  0  11032 64533600 136248 326900    0    0     0     0 3112 2556  2  0 98  0  0	
 1  0  11032 64533972 136248 326900    0    0     0     0 3156 2645  2  0 98  0  0	
 2  0  11032 64534484 136248 326904    0    0     0     0 3102 2527  2  0 98  0  0	
 1  0  11032 64535000 136248 326904    0    0     0     0 3107 2553  2  0 98  0  0	
 2  0  11032 64535248 136248 326904    0    0     0     0 3119 2549  2  0 98  0  0	
 1  0  11032 64535524 136248 326912    0    0     0     0 3178 2688  2  0 98  0  0	
 2  0  11032 64535744 136248 326912    0    0     0     0 3120 2568  2  0 98  0  0	
 1  0  11032 64535868 136248 326912    0    0     0     0 3087 2505  2  0 98  0  0	
 2  0  11032 64535868 136248 326916    0    0     0     0 3082 2503  2  0 98  0  0	
 1  0  11032 64536184 136248 326916    0    0     0     0 3078 2490  2  0 98  0  0	
 1  0  11032 64536184 136248 326924    0    0     0     0 3087 2512  2  0 98  0  0	
 1  0  11032 64536060 136248 326924    0    0     0     0 3181 2688  2  0 98  0  0	
 1  0  11032 64536300 136248 326924    0    0     0     0 3150 2603  2  0 98  0  0	
 2  0  11032 64536316 136248 326932    0    0     0     6 3153 2623  2  0 98  0  0	
 1  0  11032 64536316 136248 326936    0    0     0     0 3083 2500  2  0 98  0  0	
 1  0  11032 64536220 136248 326936    0    0     0     0 3096 2519  2  0 98  0  0	
 1  0  11032 64536344 136248 326940    0    0     0    12 3098 2523  2  0 98  0  0	
procs -----------memory---------- ---swap-- -----io---- --system-- -----cpu-----
 r  b   swpd   free   buff  cache   si   so    bi    bo   in   cs us sy id wa st
 1  0  11032 64536220 136248 326940    0    0     0     0 3098 2550  2  0 98  0  0	
 1  0  11032 64536220 136248 326940    0    0     0     0 3079 2506  2  0 98  0  0	
 1  0  11032 64536344 136248 326944    0    0     0     0 3082 2508  2  0 98  0  0	
 1  0  11032 64536220 136248 326948    0    0     0     0 3090 2510  2  0 98  0  0	
 1  0  11032 64536344 136248 326948    0    0     0     0 3089 2525  2  0 98  0  0	
 1  0  11032 64536088 136248 326948    0    0     0     0 3100 2516  2  0 98  0  0	
 2  0  11032 64536104 136248 326952    0    0     0     0 3133 2575  2  0 98  0  0	
 1  0  11032 64536220 136248 326956    0    0     0     0 3092 2533  2  0 98  0  0	
 2  0  11032 64536344 136248 326960    0    0     0     0 3121 2563  2  0 98  0  0	
 1  0  11032 64536096 136248 326960    0    0     0     6 3139 2612  2  0 98  0  0	
 2  0  11032 64536096 136248 326968    0    0     0     0 3147 2603  2  0 98  0  0	
 1  0  11032 64536096 136248 326968    0    0     0     0 3140 2609  2  0 98  0  0	
 2  0  11032 64536096 136248 326968    0    0     0     0 3182 2666  2  0 98  0  0	
 1  0  11032 64535716 136248 326972    0    0     0     0 3152 2607  2  0 98  0  0	
 2  0  11032 64536088 136248 326972    0    0     0     0 3138 2610  2  0 98  0  0	
 1  0  11032 64536080 136248 326976    0    0     0     0 3151 2620  2  0 98  0  0	
 1  0  11032 64536212 136248 326980    0    0     0    10 3135 2591  2  0 98  0  0	
 1  0  11032 64536088 136248 326980    0    0     0     0 3113 2552  2  0 98  0  0	
 1  0  11032 64536096 136248 326980    0    0     0     0 3119 2587  2  0 98  0  0	
 1  0  11032 64536096 136248 326988    0    0     0     0 3121 2586  2  0 98  0  0	
 1  0  11032 64535972 136248 326988    0    0     0     0 3138 2577  2  0 98  0  0	
procs -----------memory---------- ---swap-- -----io---- --system-- -----cpu-----
 r  b   swpd   free   buff  cache   si   so    bi    bo   in   cs us sy id wa st
 1  0  11032 64536096 136248 326992    0    0     0     0 3128 2569  2  0 98  0  0	
 1  0  11032 64536096 136248 326996    0    0     0     0 3125 2564  2  0 98  0  0	
 1  0  11032 64536096 136248 326996    0    0     0     0 3131 2584  2  0 98  0  0	
 1  0  11032 64536220 136248 327000    0    0     0     0 3132 2610  2  0 98  0  0	
 1  0  11032 64536212 136248 327008    0    0     0     0 3143 2590  2  0 98  0  0	
