Linux 2.6.32-279.14.1.el6.x86_64 (compute-662-2.local) 	04/20/20 	_x86_64_	(48 CPU)

15:08:08          PID    %usr %system  %guest    %CPU   CPU  Command
15:08:10        46839   98.50    0.50    0.00   99.00    12  lu-mz.A.x
15:08:12        46839  100.00    0.00    0.00  100.00    12  lu-mz.A.x
15:08:14        46839  100.00    0.00    0.00  100.00    12  lu-mz.A.x
15:08:16        46839   99.50    0.00    0.00   99.50    12  lu-mz.A.x
15:08:18        46839  100.00    0.00    0.00  100.00    12  lu-mz.A.x
15:08:20        46839   99.50    0.00    0.00   99.50    12  lu-mz.A.x
15:08:22        46839  100.00    0.00    0.00  100.00    12  lu-mz.A.x
15:08:24        46839  100.00    0.00    0.00  100.00    12  lu-mz.A.x
15:08:26        46839   99.50    0.00    0.00   99.50    12  lu-mz.A.x
15:08:28        46839  100.00    0.00    0.00  100.00    12  lu-mz.A.x
15:08:30        46839   99.50    0.00    0.00   99.50    12  lu-mz.A.x
15:08:32        46839  100.00    0.00    0.00  100.00    12  lu-mz.A.x
15:08:34        46839  100.00    0.00    0.00  100.00    12  lu-mz.A.x
15:08:36        46839   99.50    0.00    0.00   99.50    12  lu-mz.A.x
15:08:38        46839  100.00    0.00    0.00  100.00    12  lu-mz.A.x
15:08:40        46839   99.50    0.00    0.00   99.50    12  lu-mz.A.x
15:08:42        46839  100.00    0.00    0.00  100.00    12  lu-mz.A.x
15:08:44        46839  100.00    0.00    0.00  100.00    12  lu-mz.A.x
15:08:46        46839   99.50    0.00    0.00   99.50    12  lu-mz.A.x
15:08:48        46839  100.00    0.00    0.00  100.00    12  lu-mz.A.x
15:08:50        46839   99.50    0.00    0.00   99.50    12  lu-mz.A.x
15:08:52        46839  100.00    0.00    0.00  100.00    12  lu-mz.A.x
15:08:54        46839   99.50    0.00    0.00   99.50    12  lu-mz.A.x
15:08:56        46839  100.00    0.00    0.00  100.00    12  lu-mz.A.x
15:08:58        46839  100.00    0.00    0.00  100.00    12  lu-mz.A.x
15:09:00        46839   99.50    0.00    0.00   99.50    12  lu-mz.A.x
15:09:02        46839  100.00    0.00    0.00  100.00    12  lu-mz.A.x
15:09:04        46839   99.50    0.00    0.00   99.50    12  lu-mz.A.x
15:09:06        46839  100.00    0.00    0.00  100.00    12  lu-mz.A.x
15:09:08        46839  100.00    0.00    0.00  100.00    12  lu-mz.A.x
15:09:10        46839   99.50    0.00    0.00   99.50    12  lu-mz.A.x
15:09:12        46839  100.00    0.00    0.00  100.00    12  lu-mz.A.x
15:09:14        46839   99.50    0.00    0.00   99.50    12  lu-mz.A.x
15:09:16        46839  100.00    0.00    0.00  100.00    12  lu-mz.A.x
15:09:18        46839  100.00    0.00    0.00  100.00    12  lu-mz.A.x
15:09:20        46839   99.50    0.00    0.00   99.50    12  lu-mz.A.x
15:09:22        46839  100.00    0.00    0.00  100.00    12  lu-mz.A.x
15:09:24        46839   99.50    0.00    0.00   99.50    12  lu-mz.A.x
15:09:26        46839  100.00    0.00    0.00  100.00    12  lu-mz.A.x
15:09:28        46839  100.00    0.00    0.00  100.00    12  lu-mz.A.x
15:09:30        46839   99.50    0.00    0.00   99.50    12  lu-mz.A.x
15:09:32        46839  100.00    0.00    0.00  100.00    12  lu-mz.A.x
15:09:34        46839   99.50    0.00    0.00   99.50    12  lu-mz.A.x
15:09:36        46839  100.00    0.00    0.00  100.00    12  lu-mz.A.x
15:09:38        46839   99.50    0.00    0.00   99.50    12  lu-mz.A.x
15:09:40        46839  100.00    0.00    0.00  100.00    12  lu-mz.A.x
15:09:42        46839  100.00    0.00    0.00  100.00    12  lu-mz.A.x
15:09:44        46839   99.50    0.00    0.00   99.50    12  lu-mz.A.x
15:09:46        46839  100.00    0.00    0.00  100.00    12  lu-mz.A.x
15:09:48        46839   99.50    0.00    0.00   99.50    12  lu-mz.A.x
15:09:50        46839  100.00    0.00    0.00  100.00    12  lu-mz.A.x
15:09:52        46839  100.00    0.00    0.00  100.00    12  lu-mz.A.x
15:09:54        46839   99.50    0.00    0.00   99.50    12  lu-mz.A.x
15:09:56        46839  100.00    0.00    0.00  100.00    12  lu-mz.A.x
15:09:58        46839   99.50    0.00    0.00   99.50    12  lu-mz.A.x
15:10:00        46839  100.00    0.00    0.00  100.00    12  lu-mz.A.x
15:10:02        46839  100.00    0.00    0.00  100.00    12  lu-mz.A.x
15:10:04        46839   99.50    0.00    0.00   99.50    12  lu-mz.A.x
15:10:06        46839  100.00    0.00    0.00  100.00    12  lu-mz.A.x
15:10:08        46839   99.50    0.00    0.00   99.50    12  lu-mz.A.x
15:10:10        46839  100.00    0.00    0.00  100.00    12  lu-mz.A.x
15:10:12        46839  100.00    0.00    0.00  100.00    12  lu-mz.A.x
15:10:14        46839   99.50    0.00    0.00   99.50    12  lu-mz.A.x
15:10:16        46839  100.00    0.00    0.00  100.00    12  lu-mz.A.x
15:10:18        46839   99.50    0.00    0.00   99.50    12  lu-mz.A.x
15:10:20        46839  100.00    0.00    0.00  100.00    12  lu-mz.A.x
15:10:22        46839   99.50    0.00    0.00   99.50    12  lu-mz.A.x
15:10:24        46839  100.00    0.00    0.00  100.00    12  lu-mz.A.x
15:10:26        46839  100.00    0.00    0.00  100.00    12  lu-mz.A.x
15:10:28        46839   99.50    0.00    0.00   99.50    12  lu-mz.A.x
15:10:30        46839  100.00    0.00    0.00  100.00    12  lu-mz.A.x
15:10:32        46839  100.00    0.00    0.00  100.00    12  lu-mz.A.x
15:10:34        46839   99.50    0.00    0.00   99.50    12  lu-mz.A.x
15:10:36        46839  100.00    0.00    0.00  100.00    16  lu-mz.A.x
15:10:38        46839   99.50    0.00    0.00   99.50    16  lu-mz.A.x
