procs -----------memory---------- ---swap-- -----io---- --system-- -----cpu-----
 r  b   swpd   free   buff  cache   si   so    bi    bo   in   cs us sy id wa st
 3  0  11032 64556752 136292 337068    0    0     0     1    0    0  5  1 94  0  0	
 1  0  11032 64408036 136292 337108    0    0     0     0 3144 2614  2  0 98  0  0	
 3  0  11032 64408160 136292 337108    0    0     0     0 3059 2463  2  0 98  0  0	
 3  0  11032 64408488 136292 337112    0    0     0     8 3047 2481  2  0 98  0  0	
 1  0  11032 64409416 136292 337112    0    0     0     0 3049 2478  2  0 98  0  0	
 1  0  11032 64409432 136292 337112    0    0     0     0 3062 2491  2  0 98  0  0	
 1  0  11032 64409812 136292 337116    0    0     0     0 3114 2575  2  0 98  0  0	
 3  0  11032 64410396 136292 337116    0    0     0     0 3181 2699  2  0 98  0  0	
 3  0  11032 64410296 136292 337116    0    0     0     0 3099 2518  2  0 98  0  0	
 2  0  11032 64410428 136292 337124    0    0     0     0 3107 2558  2  0 98  0  0	
 1  0  11032 64410708 136292 337124    0    0     0     0 3104 2554  2  0 98  0  0	
 3  0  11032 64410832 136292 337124    0    0     0     0 3125 2615  2  0 98  0  0	
 3  0  11032 64410832 136292 337128    0    0     0     6 3061 2522  2  0 98  0  0	
 1  0  11032 64410968 136292 337128    0    0     0     0 3179 2700  2  0 98  0  0	
 1  0  11032 64410844 136292 337132    0    0     0     0 3066 2478  2  0 98  0  0	
 1  0  11032 64410968 136292 337136    0    0     0     0 3052 2475  2  0 98  0  0	
 3  0  11032 64411084 136292 337136    0    0     0     2 3080 2499  2  0 98  0  0	
 3  0  11032 64410960 136292 337144    0    0     0     0 3048 2472  2  0 98  0  0	
 1  0  11032 64411116 136292 337148    0    0     0     0 3105 2570  2  0 98  0  0	
 2  0  11032 64411216 136292 337148    0    0     0    14 3079 2523  2  0 98  0  0	
 3  0  11032 64411340 136292 337152    0    0     0     0 3103 2565  2  0 98  0  0	
procs -----------memory---------- ---swap-- -----io---- --system-- -----cpu-----
 r  b   swpd   free   buff  cache   si   so    bi    bo   in   cs us sy id wa st
 3  0  11032 64411340 136292 337152    0    0     0     0 3068 2491  2  0 98  0  0	
 1  0  11032 64411216 136292 337152    0    0     0     0 3061 2487  2  0 98  0  0	
 1  0  11032 64411348 136292 337156    0    0     0     0 3074 2501  2  0 98  0  0	
 1  0  11032 64411348 136292 337160    0    0     0     0 3065 2519  2  0 98  0  0	
 3  0  11032 64411224 136292 337164    0    0     0     0 3045 2450  2  0 98  0  0	
 3  0  11032 64411224 136292 337164    0    0     0     0 3044 2457  2  0 98  0  0	
 1  0  11032 64411108 136292 337164    0    0     0     0 3056 2460  2  0 98  0  0	
 1  0  11032 64411224 136292 337168    0    0     0     0 3054 2471  2  0 98  0  0	
 3  0  11032 64411224 136292 337168    0    0     0     0 3051 2475  2  0 98  0  0	
 3  0  11032 64411224 136292 337172    0    0     0     0 3064 2499  2  0 98  0  0	
 1  0  11032 64411092 136292 337176    0    0     0     0 3040 2470  2  0 98  0  0	
 1  0  11032 64411216 136292 337180    0    0     0     0 3044 2466  2  0 98  0  0	
 3  0  11032 64411340 136292 337180    0    0     0     0 3019 2464  2  0 98  0  0	
 3  0  11032 64411340 136292 337184    0    0     0     0 3014 2459  2  0 98  0  0	
 1  0  11032 64411216 136292 337184    0    0     0     0 3101 2549  2  0 98  0  0	
 1  0  11032 64411092 136292 337188    0    0     0     8 3091 2559  2  0 98  0  0	
 2  0  11032 64411092 136292 337192    0    0     0     0 3179 2668  2  0 98  0  0	
 3  0  11032 64410968 136292 337192    0    0     0     0 3075 2519  2  0 98  0  0	
 1  0  11032 64411100 136292 337200    0    0     0     0 3141 2633  2  0 98  0  0	
 1  0  11032 64411104 136292 337200    0    0     0     0 3120 2586  2  0 98  0  0	
 2  0  11032 64411228 136292 337200    0    0     0     0 3033 2441  2  0 98  0  0	
procs -----------memory---------- ---swap-- -----io---- --system-- -----cpu-----
 r  b   swpd   free   buff  cache   si   so    bi    bo   in   cs us sy id wa st
 2  0  11032 64411220 136292 337204    0    0     0     6 3112 2570  2  0 98  0  0	
 1  0  11032 64411228 136292 337208    0    0     0     0 3074 2494  2  0 98  0  0	
 1  0  11032 64411228 136292 337208    0    0     0     0 3033 2444  2  0 98  0  0	
 3  0  11032 64411352 136292 337212    0    0     0     0 3123 2587  2  0 98  0  0	
 2  0  11032 64410964 136292 337224    0    0     0     0 3067 2491  2  0 98  0  0	
 1  0  11032 64410964 136292 337224    0    0     0     0 3060 2460  2  0 98  0  0	
 2  0  11032 64410964 136292 337224    0    0     0     0 3068 2507  2  0 98  0  0	
 2  0  11032 64410840 136292 337228    0    0     0     0 3047 2456  2  0 98  0  0	
 1  0  11032 64411088 136292 337228    0    0     0     0 3054 2461  2  0 98  0  0	
 2  0  11032 64411088 136292 337232    0    0     0     0 3047 2431  2  0 98  0  0	
 1  0  11032 64410964 136292 337232    0    0     0     0 3066 2493  2  0 98  0  0	
 1  0  11032 64411220 136292 337232    0    0     0     0 3075 2501  2  0 98  0  0	
 1  0  11032 64411220 136292 337240    0    0     0     0 3075 2534  2  0 98  0  0	
 3  0  11032 64411344 136292 337244    0    0     0     0 3050 2457  2  0 98  0  0	
 4  0  11032 64411220 136292 337244    0    0     0     0 3038 2450  2  0 98  0  0	
 1  0  11032 64411236 136292 337252    0    0     0     0 3064 2465  2  0 98  0  0	
 1  0  11032 64411104 136292 337252    0    0     0     0 3063 2465  2  0 98  0  0	
 3  0  11032 64410856 136292 337252    0    0     0     2 3061 2458  2  0 98  0  0	
 3  0  11032 64410856 136292 337260    0    0     0     0 3111 2584  2  0 98  0  0	
 3  0  11032 64410840 136292 337260    0    0     0     0 3133 2629  2  0 98  0  0	
 2  0  11032 64410716 136292 337264    0    0     0     0 3114 2576  2  0 98  0  0	
procs -----------memory---------- ---swap-- -----io---- --system-- -----cpu-----
 r  b   swpd   free   buff  cache   si   so    bi    bo   in   cs us sy id wa st
 1  0  11032 64410844 136292 337268    0    0     0     0 3077 2500  2  0 98  0  0	
 3  0  11032 64410844 136292 337272    0    0     0     0 3050 2472  2  0 98  0  0	
 3  0  11032 64410844 136292 337276    0    0     0     0 3044 2454  2  0 98  0  0	
 1  0  11032 64410968 136292 337276    0    0     0     0 3062 2521  2  0 98  0  0	
 1  0  11032 64410968 136292 337276    0    0     0     0 3057 2484  2  0 98  0  0	
 1  0  11032 64410968 136292 337280    0    0     0     0 3068 2495  2  0 98  0  0	
 3  0  11032 64410852 136292 337280    0    0     0     0 3086 2486  2  0 98  0  0	
 3  0  11032 64410728 136292 337284    0    0     0     0 3070 2483  2  0 98  0  0	
 1  0  11032 64410856 136292 337292    0    0     0     0 3126 2622  2  0 98  0  0	
 2  0  11032 64410856 136292 337292    0    0     0     6 3110 2601  2  0 98  0  0	
 1  0  11032 64410988 136292 337292    0    0     0     0 3041 2445  2  0 98  0  0	
 3  0  11032 64410988 136292 337296    0    0     0     0 3034 2446  2  0 98  0  0	
 3  0  11032 64410988 136292 337300    0    0     0     0 3030 2433  2  0 98  0  0	
 1  0  11032 64410972 136292 337304    0    0     0     0 3065 2483  2  0 98  0  0	
 1  0  11032 64411096 136292 337304    0    0     0     0 3046 2457  2  0 98  0  0	
 3  0  11032 64411096 136292 337308    0    0     0     0 3079 2534  2  0 98  0  0	
 3  0  11032 64410848 136292 337312    0    0     0     0 3040 2452  2  0 98  0  0	
 1  0  11032 64410848 136292 337312    0    0     0     0 3032 2437  2  0 98  0  0	
 1  0  11032 64411096 136292 337312    0    0     0     0 3039 2449  2  0 98  0  0	
 1  0  11032 64410972 136292 337316    0    0     0     0 3049 2452  2  0 98  0  0	
 3  0  11032 64410972 136292 337316    0    0     0     0 3102 2548  2  0 98  0  0	
procs -----------memory---------- ---swap-- -----io---- --system-- -----cpu-----
 r  b   swpd   free   buff  cache   si   so    bi    bo   in   cs us sy id wa st
 3  0  11032 64411096 136292 337316    0    0     0     0 3149 2671  2  0 98  0  0	
 1  0  11032 64410988 136292 337320    0    0     0     0 3158 2677  2  0 98  0  0	
 1  0  11032 64411104 136292 337324    0    0     0     0 3121 2603  2  0 98  0  0	
 2  0  11032 64410988 136292 337328    0    0     0     0 3064 2495  2  0 98  0  0	
 2  0  11032 64411236 136292 337332    0    0     0     0 3055 2463  2  0 98  0  0	
 1  0  11032 64411112 136292 337336    0    0     0     2 3091 2546  2  0 98  0  0	
 1  0  11032 64411112 136292 337344    0    0     0     0 3074 2520  2  0 98  0  0	
 2  0  11032 64410980 136292 337344    0    0     0     0 3046 2457  2  0 98  0  0	
 1  0  11032 64411108 136292 337352    0    0     0     0 3053 2458  2  0 98  0  0	
 1  0  11032 64411100 136292 337356    0    0     0     0 3048 2459  2  0 98  0  0	
 2  0  11032 64411108 136292 337356    0    0     0     0 3047 2455  2  0 98  0  0	
 2  0  11032 64411232 136292 337356    0    0     0     0 3052 2462  2  0 98  0  0	
 1  0  11032 64411108 136292 337356    0    0     0     0 3127 2613  2  0 98  0  0	
 1  0  11032 64411108 136292 337360    0    0     0     0 3117 2588  2  0 98  0  0	
 2  0  11032 64411108 136292 337360    0    0     0     8 3085 2541  2  0 98  0  0	
 1  0  11032 64410992 136292 337364    0    0     0     0 3147 2603  2  0 98  0  0	
 1  0  11032 64410992 136292 337364    0    0     0     0 3092 2502  2  0 98  0  0	
 1  0  11032 64410996 136292 337368    0    0     0     0 3108 2587  2  0 98  0  0	
 2  0  11032 64411120 136292 337372    0    0     0     6 3119 2605  2  0 98  0  0	
 1  0  11032 64410996 136292 337372    0    0     0     0 3113 2575  2  0 98  0  0	
 2  0  11032 64410996 136292 337372    0    0     0     0 3095 2509  2  0 98  0  0	
procs -----------memory---------- ---swap-- -----io---- --system-- -----cpu-----
 r  b   swpd   free   buff  cache   si   so    bi    bo   in   cs us sy id wa st
 3  0  11032 64410996 136292 337380    0    0     0     0 3054 2454  2  0 98  0  0	
 3  0  11032 64411104 136292 337380    0    0     0     0 3036 2459  2  0 98  0  0	
 1  0  11032 64411236 136292 337384    0    0     0     0 3057 2487  2  0 98  0  0	
 1  0  11032 64411228 136292 337388    0    0     0     0 3083 2542  2  0 98  0  0	
 1  0  11032 64411104 136292 337392    0    0     0     0 3112 2566  2  0 98  0  0	
 3  0  11032 64411104 136292 337392    0    0     0     0 3107 2561  2  0 98  0  0	
 3  0  11032 64411104 136292 337396    0    0     0     0 3063 2485  2  0 98  0  0	
 1  0  11032 64411228 136292 337396    0    0     0     0 3110 2561  2  0 98  0  0	
 1  0  11032 64411104 136292 337400    0    0     0     0 3126 2599  2  0 98  0  0	
 3  0  11032 64411104 136292 337400    0    0     0     4 3143 2657  2  0 98  0  0	
 3  0  11032 64411120 136292 337404    0    0     0     0 3090 2532  2  0 98  0  0	
 3  0  11032 64411120 136292 337412    0    0     0     0 3067 2492  2  0 98  0  0	
 1  0  11032 64411120 136292 337412    0    0     0     0 3060 2471  2  0 98  0  0	
 1  0  11032 64411120 136292 337412    0    0     0     0 3063 2469  2  0 98  0  0	
 3  0  11032 64411244 136292 337416    0    0     0     0 3059 2468  2  0 98  0  0	
 3  0  11032 64411244 136292 337420    0    0     0     0 3078 2526  2  0 98  0  0	
 3  0  11032 64411104 136292 337420    0    0     0     0 3056 2462  2  0 98  0  0	
 2  0  11032 64411228 136292 337424    0    0     0     0 3056 2464  2  0 98  0  0	
 1  0  11032 64411096 136292 337424    0    0     0     0 3056 2472  2  0 98  0  0	
 3  0  11032 64411104 136292 337432    0    0     0     0 3031 2450  2  0 98  0  0	
 3  0  11032 64411104 136292 337436    0    0     0     0 3039 2473  2  0 98  0  0	
procs -----------memory---------- ---swap-- -----io---- --system-- -----cpu-----
 r  b   swpd   free   buff  cache   si   so    bi    bo   in   cs us sy id wa st
 3  0  11032 64411104 136292 337436    0    0     0     0 3084 2512  2  0 98  0  0	
 1  0  11032 64411104 136292 337440    0    0     0     0 3059 2462  2  0 98  0  0	
 1  0  11032 64411232 136292 337440    0    0     0     6 3060 2473  2  0 98  0  0	
 3  0  11032 64411248 136292 337444    0    0     0     0 3075 2501  2  0 98  0  0	
 3  0  11032 64411124 136292 337448    0    0     0     0 3069 2494  2  0 98  0  0	
 1  0  11032 64411240 136292 337448    0    0     0     0 3052 2488  2  0 98  0  0	
 1  0  11032 64411248 136292 337452    0    0     0     6 3069 2515  2  0 98  0  0	
 1  0  11032 64411248 136292 337460    0    0     0     0 3065 2476  2  0 98  0  0	
 3  0  11032 64411248 136292 337460    0    0     0     0 3038 2460  2  0 98  0  0	
 3  0  11032 64411124 136292 337464    0    0     0     8 3041 2462  2  0 98  0  0	
 1  0  11032 64410976 136292 337464    0    0     0     0 3045 2467  2  0 98  0  0	
 1  0  11032 64410860 136292 337468    0    0     0     0 3086 2500  2  0 98  0  0	
 2  0  11032 64410976 136292 337480    0    0     0     0 3109 2598  2  0 98  0  0	
 2  0  11032 64410852 136292 337480    0    0     0     0 3288 3011  2  0 98  0  0	
 1  0  11032 64410844 136292 337480    0    0     0     0 3113 2568  2  0 98  0  0	
 1  0  11032 64410984 136292 337484    0    0     0     0 3067 2472  2  0 98  0  0	
 2  0  11032 64410852 136292 337488    0    0     0     0 3048 2470  2  0 98  0  0	
 2  0  11032 64410976 136292 337488    0    0     0     0 3063 2499  2  0 98  0  0	
 1  0  11032 64411224 136292 337492    0    0     0     4 3064 2522  2  0 98  0  0	
 1  0  11032 64411364 136292 337492    0    0     0     0 3055 2482  2  0 98  0  0	
 2  0  11032 64411240 136292 337496    0    0     0     0 3057 2490  2  0 98  0  0	
procs -----------memory---------- ---swap-- -----io---- --system-- -----cpu-----
 r  b   swpd   free   buff  cache   si   so    bi    bo   in   cs us sy id wa st
 2  0  11032 64411424 136292 337496    0    0     0     0 3050 2477  2  0 98  0  0	
 1  0  11032 64411336 136292 337500    0    0     0     0 3071 2482  2  0 98  0  0	
 1  0  11032 64411336 136292 337500    0    0     0     0 3069 2496  2  0 98  0  0	
 2  0  11032 64411336 136292 337508    0    0     0     0 3060 2503  2  0 98  0  0	
 1  0  11032 64411320 136292 337508    0    0     0     0 3049 2472  2  0 98  0  0	
 1  0  11032 64411456 136292 337508    0    0     0     0 3062 2468  2  0 98  0  0	
