Linux 2.6.32-279.14.1.el6.x86_64 (compute-662-2.local) 	04/20/20 	_x86_64_	(48 CPU)

21:11:21     CPU    %usr   %nice    %sys %iowait    %irq   %soft  %steal  %guest   %idle
21:11:23     all    2.08    0.00    0.13    0.00    0.00    0.01    0.00    0.00   97.78
21:11:25     all    2.10    0.00    0.07    0.00    0.00    0.00    0.00    0.00   97.83
21:11:27     all    2.10    0.00    0.07    0.20    0.00    0.00    0.00    0.00   97.63
21:11:29     all    2.11    0.00    0.06    0.00    0.00    0.00    0.00    0.00   97.83
21:11:31     all    2.10    0.00    0.07    0.00    0.00    0.00    0.00    0.00   97.83
21:11:33     all    2.11    0.00    0.07    0.00    0.00    0.01    0.00    0.00   97.81
21:11:35     all    2.10    0.00    0.07    0.00    0.00    0.00    0.00    0.00   97.83
21:11:37     all    2.10    0.00    0.07    0.00    0.00    0.00    0.00    0.00   97.83
21:11:39     all    2.11    0.00    0.06    0.00    0.00    0.00    0.00    0.00   97.83
21:11:41     all    2.10    0.00    0.07    0.00    0.00    0.01    0.00    0.00   97.82
21:11:43     all    2.10    0.00    0.06    0.00    0.00    0.00    0.00    0.00   97.84
21:11:45     all    2.10    0.00    0.08    0.00    0.00    0.00    0.00    0.00   97.82
21:11:47     all    2.10    0.00    0.06    0.21    0.00    0.00    0.00    0.00   97.63
21:11:49     all    2.11    0.00    0.06    0.00    0.00    0.01    0.00    0.00   97.82
21:11:51     all    2.10    0.00    0.07    0.01    0.00    0.00    0.00    0.00   97.82
21:11:53     all    2.10    0.00    0.07    0.00    0.00    0.01    0.00    0.00   97.82
21:11:55     all    2.11    0.00    0.07    0.00    0.00    0.01    0.00    0.00   97.81
21:11:57     all    2.10    0.00    0.07    0.21    0.00    0.00    0.00    0.00   97.62
21:11:59     all    2.11    0.00    0.07    0.00    0.00    0.00    0.00    0.00   97.82
21:12:01     all    2.10    0.00    0.07    0.00    0.00    0.00    0.00    0.00   97.83
21:12:03     all    2.12    0.00    0.06    0.00    0.00    0.02    0.00    0.00   97.80
21:12:05     all    2.11    0.00    0.08    0.00    0.00    0.01    0.00    0.00   97.80
21:12:07     all    2.10    0.00    0.06    0.00    0.00    0.01    0.00    0.00   97.83
21:12:09     all    2.11    0.00    0.06    0.00    0.00    0.02    0.00    0.00   97.81
21:12:11     all    2.10    0.00    0.07    0.00    0.00    0.00    0.00    0.00   97.83
21:12:13     all    2.11    0.00    0.07    0.00    0.00    0.00    0.00    0.00   97.82
21:12:15     all    2.10    0.00    0.07    0.00    0.00    0.00    0.00    0.00   97.83
21:12:17     all    2.09    0.00    0.07    0.00    0.00    0.00    0.00    0.00   97.84
21:12:19     all    2.11    0.00    0.06    0.00    0.00    0.01    0.00    0.00   97.82
21:12:21     all    2.10    0.00    0.09    0.00    0.00    0.00    0.00    0.00   97.81
21:12:23     all    2.11    0.00    0.06    0.00    0.00    0.00    0.00    0.00   97.83
21:12:25     all    2.10    0.00    0.07    0.00    0.00    0.00    0.00    0.00   97.83
21:12:27     all    2.10    0.00    0.06    0.00    0.00    0.01    0.00    0.00   97.83
21:12:29     all    2.11    0.00    0.07    0.00    0.00    0.00    0.00    0.00   97.82
21:12:31     all    2.10    0.00    0.07    0.00    0.00    0.01    0.00    0.00   97.82
21:12:33     all    2.10    0.00    0.06    0.00    0.00    0.01    0.00    0.00   97.83
21:12:35     all    2.10    0.00    0.08    0.00    0.00    0.00    0.00    0.00   97.82
21:12:37     all    2.11    0.00    0.08    0.00    0.00    0.00    0.00    0.00   97.81
21:12:39     all    2.10    0.00    0.09    0.00    0.00    0.01    0.00    0.00   97.80
21:12:41     all    2.11    0.00    0.09    0.00    0.00    0.01    0.00    0.00   97.79
21:12:43     all    2.11    0.00    0.09    0.00    0.00    0.00    0.00    0.00   97.80
