Linux 2.6.32-279.14.1.el6.x86_64 (compute-662-2.local) 	04/20/20 	_x86_64_	(48 CPU)

14:52:25     CPU    %usr   %nice    %sys %iowait    %irq   %soft  %steal  %guest   %idle
14:52:27     all    2.10    0.00    0.12    0.21    0.00    0.01    0.00    0.00   97.55
14:52:29     all    2.09    0.00    0.08    0.00    0.00    0.00    0.00    0.00   97.82
14:52:31     all    2.09    0.00    0.10    0.00    0.00    0.00    0.00    0.00   97.80
14:52:33     all    2.10    0.00    0.09    0.00    0.00    0.00    0.00    0.00   97.80
14:52:35     all    2.12    0.00    0.11    0.00    0.00    0.00    0.00    0.00   97.77
14:52:37     all    2.10    0.00    0.09    0.00    0.00    0.00    0.00    0.00   97.80
14:52:39     all    2.10    0.00    0.08    0.00    0.00    0.00    0.00    0.00   97.81
14:52:41     all    2.10    0.00    0.08    0.00    0.00    0.00    0.00    0.00   97.81
14:52:43     all    2.10    0.00    0.07    0.00    0.00    0.00    0.00    0.00   97.82
14:52:45     all    2.09    0.00    0.09    0.00    0.00    0.01    0.00    0.00   97.80
14:52:47     all    2.10    0.00    0.08    0.00    0.00    0.00    0.00    0.00   97.81
14:52:49     all    2.09    0.00    0.08    0.00    0.00    0.00    0.00    0.00   97.82
14:52:51     all    2.09    0.00    0.09    0.00    0.00    0.00    0.00    0.00   97.81
14:52:53     all    2.12    0.00    0.08    0.00    0.00    0.00    0.00    0.00   97.80
14:52:55     all    2.09    0.00    0.08    0.00    0.00    0.00    0.00    0.00   97.82
14:52:57     all    2.09    0.00    0.08    0.00    0.00    0.00    0.00    0.00   97.82
14:52:59     all    2.10    0.00    0.07    0.00    0.00    0.00    0.00    0.00   97.83
14:53:01     all    2.10    0.00    0.07    0.02    0.00    0.00    0.00    0.00   97.81
14:53:03     all    2.10    0.00    0.08    0.00    0.00    0.01    0.00    0.00   97.81
14:53:05     all    2.10    0.00    0.09    0.00    0.00    0.00    0.00    0.00   97.81
14:53:07     all    2.10    0.00    0.08    0.00    0.00    0.00    0.00    0.00   97.82
14:53:09     all    2.11    0.00    0.07    0.00    0.00    0.02    0.00    0.00   97.80
14:53:11     all    2.10    0.00    0.08    0.00    0.00    0.00    0.00    0.00   97.82
14:53:13     all    2.11    0.00    0.06    0.00    0.00    0.00    0.00    0.00   97.83
14:53:15     all    2.10    0.00    0.07    0.00    0.00    0.00    0.00    0.00   97.83
14:53:17     all    2.11    0.00    0.06    0.00    0.00    0.01    0.00    0.00   97.82
14:53:19     all    2.11    0.00    0.08    0.00    0.00    0.00    0.00    0.00   97.81
14:53:21     all    2.11    0.00    0.07    0.00    0.00    0.01    0.00    0.00   97.81
14:53:23     all    2.10    0.00    0.08    0.01    0.00    0.01    0.00    0.00   97.80
14:53:25     all    2.10    0.00    0.07    0.00    0.00    0.00    0.00    0.00   97.83
14:53:27     all    2.11    0.00    0.08    0.21    0.00    0.01    0.00    0.00   97.59
14:53:29     all    2.11    0.00    0.06    0.00    0.00    0.01    0.00    0.00   97.82
14:53:31     all    2.10    0.00    0.08    0.00    0.00    0.00    0.00    0.00   97.82
14:53:33     all    2.11    0.00    0.07    0.00    0.00    0.00    0.00    0.00   97.82
14:53:35     all    2.10    0.00    0.08    0.00    0.00    0.01    0.00    0.00   97.81
14:53:37     all    2.11    0.00    0.09    0.00    0.00    0.00    0.00    0.00   97.80
14:53:39     all    2.10    0.00    0.07    0.14    0.00    0.02    0.00    0.00   97.67
14:53:41     all    2.11    0.00    0.08    0.06    0.00    0.00    0.00    0.00   97.75
14:53:43     all    2.10    0.00    0.07    0.00    0.00    0.00    0.00    0.00   97.83
14:53:45     all    2.11    0.00    0.07    0.00    0.00    0.01    0.00    0.00   97.81
14:53:47     all    2.10    0.00    0.07    0.00    0.00    0.01    0.00    0.00   97.82
14:53:49     all    2.10    0.00    0.07    0.00    0.00    0.01    0.00    0.00   97.82
14:53:51     all    2.11    0.00    0.08    0.00    0.00    0.00    0.00    0.00   97.81
14:53:53     all    2.11    0.00    0.06    0.00    0.00    0.02    0.00    0.00   97.81
14:53:55     all    2.10    0.00    0.07    0.00    0.00    0.01    0.00    0.00   97.82
14:53:57     all    2.11    0.00    0.07    0.00    0.00    0.01    0.00    0.00   97.81
14:53:59     all    2.10    0.00    0.08    0.00    0.00    0.01    0.00    0.00   97.81
14:54:01     all    2.10    0.00    0.07    0.00    0.00    0.00    0.00    0.00   97.83
14:54:03     all    2.10    0.00    0.07    0.00    0.00    0.00    0.00    0.00   97.83
14:54:05     all    2.11    0.00    0.10    0.00    0.00    0.01    0.00    0.00   97.78
14:54:07     all    2.12    0.00    0.07    0.00    0.00    0.00    0.00    0.00   97.81
14:54:09     all    2.10    0.00    0.07    0.00    0.00    0.01    0.00    0.00   97.82
14:54:11     all    2.11    0.00    0.06    0.00    0.00    0.02    0.00    0.00   97.81
14:54:13     all    2.09    0.00    0.05    0.01    0.00    0.01    0.00    0.00   97.84
14:54:15     all    2.10    0.00    0.07    0.00    0.00    0.00    0.00    0.00   97.83
14:54:17     all    2.10    0.00    0.08    0.00    0.00    0.00    0.00    0.00   97.82
14:54:19     all    2.10    0.00    0.07    0.00    0.00    0.01    0.00    0.00   97.82
14:54:21     all    2.11    0.00    0.08    0.00    0.00    0.00    0.00    0.00   97.81
14:54:23     all    2.09    0.00    0.06    0.00    0.00    0.00    0.00    0.00   97.85
14:54:25     all    2.11    0.00    0.07    0.00    0.00    0.00    0.00    0.00   97.82
14:54:27     all    2.10    0.00    0.06    0.21    0.00    0.00    0.00    0.00   97.63
14:54:29     all    2.11    0.00    0.06    0.00    0.00    0.00    0.00    0.00   97.83
14:54:31     all    2.10    0.00    0.07    0.00    0.00    0.00    0.00    0.00   97.83
14:54:33     all    2.10    0.00    0.06    0.00    0.00    0.01    0.00    0.00   97.83
14:54:35     all    2.10    0.00    0.08    0.00    0.00    0.00    0.00    0.00   97.82
14:54:37     all    2.10    0.00    0.06    0.00    0.00    0.00    0.00    0.00   97.84
14:54:39     all    2.10    0.00    0.07    0.15    0.00    0.00    0.00    0.00   97.69
14:54:41     all    2.11    0.00    0.06    0.07    0.00    0.00    0.00    0.00   97.76
14:54:43     all    2.10    0.00    0.06    0.00    0.00    0.00    0.00    0.00   97.84
14:54:45     all    2.10    0.00    0.05    0.00    0.00    0.00    0.00    0.00   97.85
14:54:47     all    2.10    0.00    0.07    0.00    0.00    0.00    0.00    0.00   97.83
14:54:49     all    2.10    0.00    0.08    0.00    0.00    0.01    0.00    0.00   97.81
14:54:51     all    2.11    0.00    0.06    0.00    0.00    0.00    0.00    0.00   97.83
14:54:53     all    2.11    0.00    0.06    0.00    0.00    0.00    0.00    0.00   97.83
14:54:55     all    2.10    0.00    0.06    0.21    0.00    0.00    0.00    0.00   97.63
14:54:57     all    2.10    0.00    0.06    0.00    0.00    0.00    0.00    0.00   97.84
14:54:59     all    2.10    0.00    0.07    0.00    0.00    0.00    0.00    0.00   97.83
14:55:01     all    2.10    0.00    0.08    0.00    0.00    0.00    0.00    0.00   97.82
14:55:03     all    2.10    0.00    0.06    0.00    0.00    0.00    0.00    0.00   97.84
14:55:05     all    2.11    0.00    0.06    0.00    0.00    0.00    0.00    0.00   97.83
