procs -----------memory---------- ---swap-- -----io---- --system-- -----cpu-----
 r  b   swpd   free   buff  cache   si   so    bi    bo   in   cs us sy id wa st
 4  0  11032 64561872 136292 335372    0    0     0     1    0    0  5  1 94  0  0	
 1  0  11032 64524600 136292 335416    0    0     0     0 3252 2755  2  0 98  0  0	
 1  0  11032 64524840 136292 335416    0    0     0     0 3087 2501  2  0 98  0  0	
 1  0  11032 64525040 136292 335420    0    0     0     8 3082 2513  2  0 98  0  0	
 1  0  11032 64525756 136292 335420    0    0     0     0 3077 2506  2  0 98  0  0	
 1  0  11032 64525880 136292 335420    0    0     0     0 3102 2544  2  0 98  0  0	
 1  0  11032 64526004 136292 335424    0    0     0     0 3076 2502  2  0 98  0  0	
 1  0  11032 64526644 136292 335424    0    0     0     0 3104 2555  2  0 98  0  0	
 1  0  11032 64526892 136292 335428    0    0     0     0 3080 2514  2  0 98  0  0	
 1  0  11032 64527140 136292 335432    0    0     0     0 3094 2535  2  0 98  0  0	
 1  0  11032 64527424 136292 335432    0    0     0     0 3137 2601  2  0 98  0  0	
 1  0  11032 64527416 136292 335432    0    0     0     0 3134 2594  2  0 98  0  0	
 1  0  11032 64527424 136292 335436    0    0     0     0 3075 2504  2  0 98  0  0	
 1  0  11032 64527416 136292 335436    0    0     0     6 3133 2590  2  0 98  0  0	
 1  0  11032 64527316 136292 335440    0    0     0     0 3089 2527  2  0 98  0  0	
 1  0  11032 64526936 136292 335444    0    0     0     0 3082 2506  2  0 98  0  0	
 1  0  11032 64527308 136292 335448    0    0     0     2 3139 2599  2  0 98  0  0	
 1  0  11032 64527184 136292 335452    0    0     0     0 3153 2641  2  0 98  0  0	
 1  0  11032 64527316 136292 335456    0    0     0    12 3089 2529  2  0 98  0  0	
 1  0  11032 64527192 136292 335456    0    0     0     0 3098 2549  2  0 98  0  0	
 1  0  11032 64527184 136292 335460    0    0     0    10 3091 2527  2  0 98  0  0	
procs -----------memory---------- ---swap-- -----io---- --system-- -----cpu-----
 r  b   swpd   free   buff  cache   si   so    bi    bo   in   cs us sy id wa st
 1  0  11032 64527432 136292 335460    0    0     0     0 3161 2640  2  0 98  0  0	
 1  0  11032 64527316 136292 335460    0    0     0     0 3178 2667  2  0 98  0  0	
 1  0  11032 64527316 136292 335468    0    0     0     0 3200 2736  2  0 98  0  0	
 1  0  11032 64527324 136292 335468    0    0     0     0 3200 2704  2  0 98  0  0	
 1  0  11032 64527440 136292 335472    0    0     0     0 3104 2558  2  0 98  0  0	
 1  0  11032 64527448 136292 335472    0    0     0     0 3076 2501  2  0 98  0  0	
 1  0  11032 64527076 136292 335472    0    0     0     0 3080 2502  2  0 98  0  0	
 2  0  11032 64527336 136292 335472    0    0     0     0 3093 2512  2  0 98  0  0	
 1  0  11032 64527460 136292 335476    0    0     0     0 3080 2500  2  0 98  0  0	
 1  0  11032 64527328 136292 335480    0    0     0     0 3071 2495  2  0 98  0  0	
 1  0  11032 64527444 136292 335484    0    0     0     0 3117 2567  2  0 98  0  0	
 1  0  11032 64527328 136292 335488    0    0     0     0 3058 2472  2  0 98  0  0	
 1  0  11032 64527312 136292 335488    0    0     0     0 3086 2517  2  0 98  0  0	
 1  0  11032 64527444 136292 335488    0    0     0     0 3087 2512  2  0 98  0  0	
 1  0  11032 64527312 136292 335492    0    0     0     0 3101 2566  2  0 98  0  0	
 1  0  11032 64527444 136292 335496    0    0     0     0 3030 2437  2  0 98  0  0	
 1  0  11032 64527444 136292 335496    0    0     0     0 3085 2552  2  0 98  0  0	
 1  0  11032 64527452 136292 335500    0    0     0     0 3053 2483  2  0 98  0  0	
 1  0  11032 64527452 136292 335504    0    0     0     0 3162 2665  2  0 98  0  0	
 1  0  11032 64527452 136292 335508    0    0     0     0 3145 2616  2  0 98  0  0	
 1  0  11032 64527312 136292 335508    0    0     0     0 3076 2498  2  0 98  0  0	
procs -----------memory---------- ---swap-- -----io---- --system-- -----cpu-----
 r  b   swpd   free   buff  cache   si   so    bi    bo   in   cs us sy id wa st
 2  0  11032 64565896 136292 335508    0    0     0     0 3237 2588  2  0 98  0  0	
