Linux 2.6.32-279.14.1.el6.x86_64 (compute-662-2.local) 	04/20/20 	_x86_64_	(48 CPU)

14:49:54          PID    %usr %system  %guest    %CPU   CPU  Command
14:49:56        46118   99.00    0.00    0.00   99.00    12  lu-mz.A.x
14:49:58        46118  100.00    0.00    0.00  100.00    12  lu-mz.A.x
14:50:00        46118  100.00    0.00    0.00  100.00    12  lu-mz.A.x
14:50:02        46118   99.50    0.00    0.00   99.50    13  lu-mz.A.x
14:50:04        46118  100.00    0.00    0.00  100.00    13  lu-mz.A.x
14:50:06        46118   99.50    0.00    0.00   99.50    13  lu-mz.A.x
14:50:08        46118  100.00    0.00    0.00  100.00    13  lu-mz.A.x
14:50:10        46118   99.50    0.00    0.00   99.50    13  lu-mz.A.x
14:50:12        46118  100.00    0.00    0.00  100.00    13  lu-mz.A.x
14:50:14        46118  100.00    0.00    0.00  100.00    13  lu-mz.A.x
14:50:16        46118   99.50    0.00    0.00   99.50    13  lu-mz.A.x
14:50:18        46118  100.00    0.00    0.00  100.00    13  lu-mz.A.x
14:50:20        46118  100.00    0.00    0.00  100.00    13  lu-mz.A.x
14:50:22        46118   99.50    0.00    0.00   99.50    13  lu-mz.A.x
14:50:24        46118  100.00    0.00    0.00  100.00    13  lu-mz.A.x
14:50:26        46118   99.50    0.00    0.00   99.50    13  lu-mz.A.x
14:50:28        46118  100.00    0.00    0.00  100.00    13  lu-mz.A.x
14:50:30        46118   99.50    0.00    0.00   99.50    13  lu-mz.A.x
14:50:32        46118  100.00    0.00    0.00  100.00    13  lu-mz.A.x
14:50:34        46118  100.00    0.00    0.00  100.00    13  lu-mz.A.x
14:50:36        46118   99.50    0.00    0.00   99.50    13  lu-mz.A.x
14:50:38        46118  100.00    0.00    0.00  100.00    13  lu-mz.A.x
14:50:40        46118  100.00    0.00    0.00  100.00    13  lu-mz.A.x
14:50:42        46118   99.50    0.00    0.00   99.50    13  lu-mz.A.x
14:50:44        46118  100.00    0.00    0.00  100.00    13  lu-mz.A.x
14:50:46        46118   99.50    0.00    0.00   99.50    13  lu-mz.A.x
14:50:48        46118  100.00    0.00    0.00  100.00    13  lu-mz.A.x
14:50:50        46118   99.50    0.00    0.00   99.50    13  lu-mz.A.x
14:50:52        46118  100.00    0.00    0.00  100.00    13  lu-mz.A.x
14:50:54        46118  100.00    0.00    0.00  100.00    13  lu-mz.A.x
14:50:56        46118   99.50    0.00    0.00   99.50    13  lu-mz.A.x
14:50:58        46118  100.00    0.00    0.00  100.00    13  lu-mz.A.x
14:51:00        46118   99.50    0.00    0.00   99.50    13  lu-mz.A.x
14:51:02        46118  100.00    0.00    0.00  100.00    13  lu-mz.A.x
14:51:04        46118  100.00    0.00    0.00  100.00    13  lu-mz.A.x
14:51:06        46118   99.50    0.00    0.00   99.50    13  lu-mz.A.x
14:51:08        46118  100.00    0.00    0.00  100.00    13  lu-mz.A.x
14:51:10        46118   99.50    0.00    0.00   99.50    13  lu-mz.A.x
14:51:12        46118  100.00    0.00    0.00  100.00    13  lu-mz.A.x
14:51:14        46118  100.00    0.00    0.00  100.00    13  lu-mz.A.x
14:51:16        46118   99.50    0.00    0.00   99.50    13  lu-mz.A.x
14:51:18        46118  100.00    0.00    0.00  100.00    13  lu-mz.A.x
14:51:20        46118   99.50    0.00    0.00   99.50    13  lu-mz.A.x
14:51:22        46118  100.00    0.00    0.00  100.00    13  lu-mz.A.x
14:51:24        46118  100.00    0.00    0.00  100.00    13  lu-mz.A.x
14:51:26        46118   99.50    0.00    0.00   99.50    13  lu-mz.A.x
14:51:28        46118  100.00    0.00    0.00  100.00    13  lu-mz.A.x
14:51:30        46118   99.50    0.00    0.00   99.50    13  lu-mz.A.x
14:51:32        46118  100.00    0.00    0.00  100.00    13  lu-mz.A.x
14:51:34        46118  100.00    0.00    0.00  100.00    13  lu-mz.A.x
14:51:36        46118   99.50    0.00    0.00   99.50    13  lu-mz.A.x
14:51:38        46118  100.00    0.00    0.00  100.00    13  lu-mz.A.x
14:51:40        46118   99.50    0.00    0.00   99.50    13  lu-mz.A.x
14:51:42        46118  100.00    0.00    0.00  100.00    13  lu-mz.A.x
14:51:44        46118  100.00    0.00    0.00  100.00    13  lu-mz.A.x
14:51:46        46118   99.50    0.00    0.00   99.50    13  lu-mz.A.x
14:51:48        46118  100.00    0.00    0.00  100.00    13  lu-mz.A.x
14:51:50        46118   99.50    0.00    0.00   99.50    13  lu-mz.A.x
14:51:52        46118  100.00    0.00    0.00  100.00    13  lu-mz.A.x
14:51:54        46118   99.50    0.00    0.00   99.50    13  lu-mz.A.x
14:51:56        46118  100.00    0.00    0.00  100.00    13  lu-mz.A.x
14:51:58        46118  100.00    0.00    0.00  100.00    13  lu-mz.A.x
14:52:00        46118   99.50    0.00    0.00   99.50    13  lu-mz.A.x
14:52:02        46118  100.00    0.00    0.00  100.00    13  lu-mz.A.x
14:52:04        46118  100.00    0.00    0.00  100.00    13  lu-mz.A.x
14:52:06        46118   99.50    0.00    0.00   99.50    13  lu-mz.A.x
14:52:08        46118  100.00    0.00    0.00  100.00    14  lu-mz.A.x
14:52:10        46118   99.50    0.00    0.00   99.50    14  lu-mz.A.x
14:52:12        46118  100.00    0.00    0.00  100.00    14  lu-mz.A.x
14:52:14        46118   99.50    0.00    0.00   99.50    14  lu-mz.A.x
14:52:16        46118  100.00    0.00    0.00  100.00    14  lu-mz.A.x
14:52:18        46118  100.00    0.00    0.00  100.00    14  lu-mz.A.x
14:52:20        46118   99.50    0.00    0.00   99.50    14  lu-mz.A.x
14:52:22        46118  100.00    0.00    0.00  100.00    14  lu-mz.A.x
14:52:24        46118  100.00    0.00    0.00  100.00    14  lu-mz.A.x
