procs -----------memory---------- ---swap-- -----io---- --system-- -----cpu-----
 r  b   swpd   free   buff  cache   si   so    bi    bo   in   cs us sy id wa st
 4  0  11032 64572472 136248 325916    0    0     0     1    0    0  5  1 94  0  0	
 3  0  11032 64535216 136248 325948    0    0     0     0 3199 2705  2  0 98  0  0	
 1  0  11032 64534952 136248 325956    0    0     0     0 3177 2687  2  0 98  0  0	
 1  0  11032 64535204 136248 325960    0    0     0     8 3131 2645  2  0 98  0  0	
 3  0  11032 64535884 136248 325960    0    0     0     0 3087 2538  2  0 98  0  0	
 3  0  11032 64535900 136248 325960    0    0     0     0 3082 2511  2  0 98  0  0	
 1  0  11032 64536016 136248 325964    0    0     0     0 3075 2502  2  0 98  0  0	
 1  0  11032 64536728 136248 325964    0    0     0     0 3136 2589  2  0 98  0  0	
 1  0  11032 64536752 136248 325964    0    0     0     0 3083 2498  2  0 98  0  0	
 3  0  11032 64536804 136248 325972    0    0     0     0 3095 2523  2  0 98  0  0	
 1  0  11032 64537116 136248 325972    0    0     0     0 3112 2559  2  0 98  0  0	
 1  0  11032 64537180 136248 325972    0    0     0     0 3079 2503  2  0 98  0  0	
 1  0  11032 64537320 136248 325976    0    0     0     0 3108 2584  2  0 98  0  0	
 3  0  11032 64537328 136248 325976    0    0     0     6 3140 2651  2  0 98  0  0	
 3  0  11032 64537336 136248 325980    0    0     0     0 3112 2612  2  0 98  0  0	
 1  0  11032 64537336 136248 325984    0    0     0     0 3082 2543  2  0 98  0  0	
 1  0  11032 64537336 136248 325984    0    0     0     0 3107 2555  2  0 98  0  0	
 3  0  11032 64537204 136248 325992    0    0     0     0 3025 2467  2  0 98  0  0	
 3  0  11032 64537204 136248 325996    0    0     0     2 3052 2489  2  0 98  0  0	
 1  0  11032 64537328 136248 325996    0    0     0     0 3050 2472  2  0 98  0  0	
 1  0  11032 64537328 136248 326000    0    0     0    14 3054 2485  2  0 98  0  0	
procs -----------memory---------- ---swap-- -----io---- --system-- -----cpu-----
 r  b   swpd   free   buff  cache   si   so    bi    bo   in   cs us sy id wa st
 1  0  11032 64537444 136248 326000    0    0     0     0 3124 2612  2  0 98  0  0	
 3  0  11032 64537212 136248 326000    0    0     0     0 3061 2507  2  0 98  0  0	
 1  0  11032 64537212 136248 326004    0    0     0     0 3053 2477  2  0 98  0  0	
 1  0  11032 64537336 136248 326008    0    0     0     0 3026 2457  2  0 98  0  0	
 1  0  11032 64537204 136248 326008    0    0     0     0 3033 2479  2  0 98  0  0	
 3  0  11032 64537460 136248 326012    0    0     0     0 2994 2455  2  0 98  0  0	
 3  0  11032 64537212 136248 326012    0    0     0     0 3015 2485  2  0 98  0  0	
 1  0  11032 64537336 136248 326016    0    0     0     0 3022 2487  2  0 98  0  0	
 1  0  11032 64537204 136248 326016    0    0     0     0 3087 2500  2  0 98  0  0	
 2  0  11032 64537212 136248 326020    0    0     0     0 3130 2579  2  0 98  0  0	
 3  0  11032 64537196 136248 326024    0    0     0     0 3109 2560  2  0 98  0  0	
 1  0  11032 64537064 136248 326028    0    0     0     0 3146 2596  2  0 98  0  0	
 1  0  11032 64537072 136248 326028    0    0     0     0 3169 2644  2  0 98  0  0	
 1  0  11032 64537196 136248 326032    0    0     0     0 3163 2672  2  0 98  0  0	
