Linux 2.6.32-279.14.1.el6.x86_64 (compute-662-2.local) 	04/20/20 	_x86_64_	(48 CPU)

21:06:19     CPU    %usr   %nice    %sys %iowait    %irq   %soft  %steal  %guest   %idle
21:06:21     all    2.09    0.00    0.13    0.00    0.00    0.00    0.00    0.00   97.78
21:06:23     all    2.08    0.00    0.07    0.00    0.00    0.00    0.00    0.00   97.84
21:06:25     all    2.11    0.00    0.06    0.21    0.00    0.00    0.00    0.00   97.62
21:06:27     all    2.09    0.00    0.08    0.00    0.00    0.00    0.00    0.00   97.82
21:06:29     all    2.09    0.00    0.06    0.00    0.00    0.00    0.00    0.00   97.84
21:06:31     all    2.09    0.00    0.07    0.00    0.00    0.00    0.00    0.00   97.83
21:06:33     all    2.11    0.00    0.06    0.00    0.00    0.00    0.00    0.00   97.83
21:06:35     all    2.09    0.00    0.07    0.00    0.00    0.00    0.00    0.00   97.83
21:06:37     all    2.09    0.00    0.07    0.00    0.00    0.00    0.00    0.00   97.83
21:06:39     all    2.08    0.00    0.07    0.00    0.00    0.00    0.00    0.00   97.84
21:06:41     all    2.09    0.00    0.08    0.01    0.00    0.00    0.00    0.00   97.81
21:06:43     all    2.11    0.00    0.08    0.00    0.00    0.01    0.00    0.00   97.80
21:06:45     all    2.10    0.00    0.09    0.21    0.00    0.00    0.00    0.00   97.60
21:06:47     all    2.11    0.00    0.07    0.00    0.00    0.01    0.00    0.00   97.81
21:06:49     all    2.10    0.00    0.07    0.00    0.00    0.00    0.00    0.00   97.83
21:06:51     all    2.12    0.00    0.09    0.00    0.00    0.00    0.00    0.00   97.79
21:06:53     all    2.10    0.00    0.07    0.00    0.00    0.00    0.00    0.00   97.83
21:06:55     all    2.11    0.00    0.08    0.00    0.00    0.00    0.00    0.00   97.81
21:06:57     all    2.11    0.00    0.07    0.19    0.00    0.00    0.00    0.00   97.63
21:06:59     all    2.11    0.00    0.08    0.00    0.00    0.01    0.00    0.00   97.80
21:07:01     all    2.10    0.00    0.07    0.00    0.00    0.00    0.00    0.00   97.83
21:07:03     all    2.11    0.00    0.07    0.00    0.00    0.00    0.00    0.00   97.82
21:07:05     all    2.10    0.00    0.07    0.00    0.00    0.00    0.00    0.00   97.83
21:07:07     all    2.10    0.00    0.07    0.00    0.00    0.01    0.00    0.00   97.82
21:07:09     all    2.11    0.00    0.07    0.00    0.00    0.00    0.00    0.00   97.82
21:07:11     all    2.11    0.00    0.08    0.00    0.00    0.00    0.00    0.00   97.81
21:07:13     all    2.10    0.00    0.07    0.00    0.00    0.00    0.00    0.00   97.83
21:07:15     all    2.11    0.00    0.07    0.00    0.00    0.00    0.00    0.00   97.82
21:07:17     all    2.11    0.00    0.07    0.00    0.00    0.01    0.00    0.00   97.81
21:07:19     all    2.10    0.00    0.08    0.00    0.00    0.00    0.00    0.00   97.82
21:07:21     all    2.10    0.00    0.08    0.00    0.00    0.00    0.00    0.00   97.82
21:07:23     all    2.11    0.00    0.07    0.00    0.00    0.00    0.00    0.00   97.82
21:07:25     all    2.10    0.00    0.07    0.00    0.00    0.00    0.00    0.00   97.83
21:07:27     all    2.11    0.00    0.09    0.00    0.00    0.00    0.00    0.00   97.80
21:07:29     all    2.10    0.00    0.08    0.00    0.00    0.00    0.00    0.00   97.82
21:07:31     all    2.10    0.00    0.09    0.00    0.00    0.01    0.00    0.00   97.80
21:07:33     all    2.11    0.00    0.09    0.00    0.00    0.00    0.00    0.00   97.80
