procs -----------memory---------- ---swap-- -----io---- --system-- -----cpu-----
 r  b   swpd   free   buff  cache   si   so    bi    bo   in   cs us sy id wa st
 6  0  11032 64559816 136292 335520    0    0     0     1    0    0  5  1 94  0  0	
 2  0  11032 64410524 136292 335556    0    0     0    10 3325 2909  2  0 98  0  0	
 1  0  11032 64410836 136292 335556    0    0     0     0 3310 2944  2  0 98  0  0	
 1  0  11032 64411332 136292 335560    0    0     0     0 3103 2546  2  0 98  0  0	
 1  0  11032 64411916 136292 335560    0    0     0     0 3152 2623  2  0 98  0  0	
 1  0  11032 64412412 136292 335560    0    0     0     0 3297 2949  2  0 98  0  0	
 1  0  11032 64412420 136292 335564    0    0     0     0 3189 2725  2  0 98  0  0	
 1  0  11032 64412716 136292 335564    0    0     0     0 3301 2955  2  0 98  0  0	
 1  0  11032 64412832 136292 335568    0    0     0     0 3223 2789  2  0 98  0  0	
 2  0  11032 64412936 136292 335572    0    0     0     0 3239 2812  2  0 98  0  0	
 1  0  11032 64412988 136292 335572    0    0     0     0 3366 3080  2  0 98  0  0	
 2  0  11032 64413244 136292 335572    0    0     0     0 3333 2985  2  0 98  0  0	
 3  0  11032 64413500 136292 335576    0    0     0     0 3205 2739  2  0 98  0  0	
 1  0  11032 64413384 136292 335576    0    0     0     0 3339 2998  2  0 98  0  0	
 1  0  11032 64413388 136292 335580    0    0     0     0 3253 2848  2  0 98  0  0	
 1  0  11032 64413512 136292 335584    0    0     0     0 3080 2500  2  0 98  0  0	
 1  0  11032 64413396 136292 335588    0    0     0     2 3067 2490  2  0 98  0  0	
 1  0  11032 64413520 136292 335592    0    0     0     0 3074 2494  2  0 98  0  0	
 1  1  11032 64413380 136292 335596    0    0     0    12 3078 2500  2  0 98  0  0	
 1  0  11032 64413256 136292 335596    0    0     0     2 3091 2553  2  0 98  0  0	
 1  0  11032 64413380 136292 335600    0    0     0     0 3062 2489  2  0 98  0  0	
procs -----------memory---------- ---swap-- -----io---- --system-- -----cpu-----
 r  b   swpd   free   buff  cache   si   so    bi    bo   in   cs us sy id wa st
 1  0  11032 64413132 136292 335600    0    0     0     0 3072 2495  2  0 98  0  0	
 1  0  11032 64413264 136292 335600    0    0     0     0 3077 2501  2  0 98  0  0	
 1  0  11032 64413380 136292 335604    0    0     0     0 3089 2504  2  0 98  0  0	
 1  0  11032 64413380 136292 335608    0    0     0     0 3069 2493  2  0 98  0  0	
 1  0  11032 64413256 136292 335612    0    0     0     0 3117 2562  2  0 98  0  0	
 1  0  11032 64413140 136292 335612    0    0     0     0 3083 2506  2  0 98  0  0	
 1  1  11032 64413140 136292 335612    0    0     0     6 3073 2500  2  0 98  0  0	
 1  0  11032 64413256 136292 335616    0    0     0     2 3094 2515  2  0 98  0  0	
 1  0  11032 64413124 136292 335616    0    0     0     0 3083 2496  2  0 98  0  0	
 1  0  11032 64413000 136292 335620    0    0     0     0 3080 2500  2  0 98  0  0	
 3  0  11032 64413000 136292 335628    0    0     0     6 3110 2565  2  0 98  0  0	
 1  0  11032 64413016 136292 335628    0    0     0     0 3060 2488  2  0 98  0  0	
 3  0  11032 64413132 136292 335628    0    0     0     0 3076 2501  2  0 98  0  0	
 1  0  11032 64413132 136292 335632    0    0     0     0 3058 2478  2  0 98  0  0	
 3  0  11032 64413008 136292 335632    0    0     0     0 3074 2497  2  0 98  0  0	
 1  0  11032 64413140 136292 335636    0    0     0    12 3063 2489  2  0 98  0  0	
 1  0  11032 64413264 136292 335640    0    0     0     0 3063 2522  2  0 98  0  0	
 1  0  11032 64413256 136292 335640    0    0     0     0 3040 2473  2  0 98  0  0	
 1  0  11032 64413256 136292 335644    0    0     0     0 3023 2455  2  0 98  0  0	
 1  0  11032 64413256 136292 335648    0    0     0     0 3001 2454  2  0 98  0  0	
 1  0  11032 64413132 136292 335648    0    0     0     0 3046 2479  2  0 98  0  0	
procs -----------memory---------- ---swap-- -----io---- --system-- -----cpu-----
 r  b   swpd   free   buff  cache   si   so    bi    bo   in   cs us sy id wa st
 2  0  11032 64413016 136292 335652    0    0     0     0 3046 2473  2  0 98  0  0	
 1  0  11032 64413132 136292 335656    0    0     0     0 3078 2540  2  0 98  0  0	
 1  0  11032 64413008 136292 335656    0    0     0     0 3047 2487  2  0 98  0  0	
 1  0  11032 64413132 136292 335664    0    0     0     0 3045 2480  2  0 98  0  0	
 1  0  11032 64413264 136292 335672    0    0     0     0 3051 2482  2  0 98  0  0	
 1  0  11032 64413140 136292 335672    0    0     0     0 3050 2476  2  0 98  0  0	
 1  0  11032 64413132 136292 335676    0    0     0     0 3072 2489  2  0 98  0  0	
 1  0  11032 64413256 136292 335676    0    0     0     0 3086 2530  2  0 98  0  0	
 3  0  11032 64413632 136292 335676    0    0     0     0 3055 2469  2  0 98  0  0	
 1  0  11032 64413260 136292 335680    0    0     0     0 3041 2473  2  0 98  0  0	
 5  0  11032 64413392 136292 335680    0    0     0     0 3041 2421  2  0 98  0  0	
 1  0  11032 64413136 136292 335680    0    0     0     0 3051 2476  2  0 98  0  0	
 3  0  11032 64413136 136292 335688    0    0     0     0 3040 2466  2  0 98  0  0	
 1  0  11032 64413384 136292 335692    0    0     0     0 3062 2514  2  0 98  0  0	
 1  0  11032 64413144 136292 335692    0    0     0     0 3061 2488  2  0 98  0  0	
 1  0  11032 64413392 136292 335700    0    0     0     0 3038 2467  2  0 98  0  0	
 1  0  11032 64413260 136292 335700    0    0     0     6 3071 2500  2  0 98  0  0	
 1  0  11032 64413128 136292 335700    0    0     0     0 3075 2504  2  0 98  0  0	
 1  0  11032 64413252 136292 335708    0    0     0     0 3057 2492  2  0 98  0  0	
 1  0  11032 64412884 136292 335708    0    0     0     6 3028 2520  2  0 98  0  0	
 1  0  11032 64413148 136292 335716    0    0     0     0 3027 2467  2  0 98  0  0	
procs -----------memory---------- ---swap-- -----io---- --system-- -----cpu-----
 r  b   swpd   free   buff  cache   si   so    bi    bo   in   cs us sy id wa st
 1  0  11032 64413140 136292 335716    0    0     0     0 3056 2482  2  0 98  0  0	
 1  0  11032 64413016 136292 335720    0    0     0     0 3034 2460  2  0 98  0  0	
 1  0  11032 64413264 136292 335724    0    0     0     8 3043 2478  2  0 98  0  0	
 1  0  11032 64413396 136292 335724    0    0     0     0 3054 2482  2  0 98  0  0	
 3  0  11032 64413272 136292 335724    0    0     0     0 3084 2515  2  0 98  0  0	
 1  0  11032 64413264 136292 335728    0    0     0     0 3048 2483  2  0 98  0  0	
 3  0  11032 64413256 136292 335728    0    0     0     0 3086 2529  2  0 98  0  0	
 1  0  11032 64413016 136292 335732    0    0     0     0 3501 3320  2  0 98  0  0	
 3  0  11032 64413016 136292 335740    0    0     0     0 3288 2921  2  0 98  0  0	
 1  0  11032 64413148 136292 335740    0    0     0     0 3162 2676  2  0 98  0  0	
 1  0  11032 64413264 136292 335740    0    0     0     0 3295 2937  2  0 98  0  0	
 1  0  11032 64413292 136292 335744    0    0     0     0 3074 2504  2  0 98  0  0	
 1  0  11032 64413360 136292 335748    0    0     0     0 3309 2937  2  0 98  0  0	
 1  0  11032 64413120 136292 335752    0    0     0     0 3377 3097  2  0 98  0  0	
 1  0  11032 64413244 136292 335756    0    0     0     0 3165 2682  2  0 98  0  0	
 1  0  11032 64413228 136292 335756    0    0     0     4 3080 2498  2  0 98  0  0	
 1  0  11032 64413228 136292 335760    0    0     0     0 3135 2644  2  0 98  0  0	
 1  0  11032 64413352 136292 335760    0    0     0     0 3113 2599  2  0 98  0  0	
 1  0  11032 64413104 136292 335760    0    0     0     0 3182 2747  2  0 98  0  0	
 1  0  11032 64413112 136292 335764    0    0     0     0 3168 2696  2  0 98  0  0	
 1  0  11032 64413104 136292 335764    0    0     0     0 3177 2710  2  0 98  0  0	
procs -----------memory---------- ---swap-- -----io---- --system-- -----cpu-----
 r  b   swpd   free   buff  cache   si   so    bi    bo   in   cs us sy id wa st
 1  0  11032 64413096 136292 335764    0    0     0     0 3111 2612  2  0 98  0  0	
 2  0  11032 64413220 136292 335772    0    0     0     0 3153 2693  2  0 98  0  0	
 3  0  11032 64413220 136292 335772    0    0     0     0 3041 2484  2  0 98  0  0	
 1  0  11032 64412988 136292 335776    0    0     0     0 3061 2487  2  0 98  0  0	
 3  0  11032 64413228 136292 335780    0    0     0     0 3107 2551  2  0 98  0  0	
 1  0  11032 64413228 136292 335784    0    0     0     0 3165 2674  2  0 98  0  0	
 3  0  11032 64413220 136292 335792    0    0     0     0 3124 2628  2  0 98  0  0	
 1  0  11032 64413220 136292 335792    0    0     0     6 3092 2554  2  0 98  0  0	
 1  0  11032 64413236 136292 335800    0    0     0     0 3030 2470  2  0 98  0  0	
 1  0  11032 64413220 136292 335804    0    0     0     0 3047 2488  2  0 98  0  0	
 1  0  11032 64413096 136292 335804    0    0     0     0 3038 2459  2  0 98  0  0	
 1  0  11032 64413224 136292 335804    0    0     0     0 3036 2455  2  0 98  0  0	
 1  0  11032 64413232 136292 335808    0    0     0     0 3044 2462  2  0 98  0  0	
 1  0  11032 64413356 136292 335808    0    0     0     0 3069 2520  2  0 98  0  0	
 1  0  11032 64413480 136292 335812    0    0     0     0 3098 2584  2  0 98  0  0	
 1  0  11032 64413480 136292 335812    0    0     0     0 3561 3536  2  0 98  0  0	
 1  0  11032 64413596 136292 335812    0    0     0     0 3121 2696  2  0 98  0  0	
 1  0  11032 64413980 136292 335816    0    0     0     0 3523 3493  2  0 98  0  0	
 1  0  11032 64414112 136292 335820    0    0     0     0 3104 2562  2  0 98  0  0	
 2  0  11032 64413732 136292 335820    0    0     0     0 3110 2551  2  0 98  0  0	
 1  0  11032 64413856 136292 335820    0    0     0     0 3127 2610  2  0 98  0  0	
procs -----------memory---------- ---swap-- -----io---- --system-- -----cpu-----
 r  b   swpd   free   buff  cache   si   so    bi    bo   in   cs us sy id wa st
 3  0  11032 64413608 136292 335828    0    0     0     0 3106 2570  2  0 98  0  0	
 1  0  11032 64413732 136292 335828    0    0     0     0 3071 2519  2  0 98  0  0	
 3  0  11032 64413740 136292 335832    0    0     0     0 3090 2553  2  0 98  0  0	
 1  0  11032 64413592 136292 335840    0    0     0     2 3078 2522  2  0 98  0  0	
 3  0  11032 64413716 136292 335840    0    0     0     0 3108 2579  2  0 98  0  0	
 1  0  11032 64413840 136292 335840    0    0     0     0 3126 2603  2  0 98  0  0	
 3  0  11032 64413840 136292 335844    0    0     0     0 3077 2505  2  0 98  0  0	
 1  0  11032 64413724 136292 335844    0    0     0     0 3075 2503  2  0 98  0  0	
 3  0  11032 64413724 136292 335848    0    0     0     0 3053 2494  2  0 98  0  0	
 1  0  11032 64413600 136292 335848    0    0     0     0 3071 2497  2  0 98  0  0	
 3  0  11032 64413600 136292 335856    0    0     0     0 3107 2557  2  0 98  0  0	
 1  0  11032 64413608 136292 335860    0    0     0     0 3060 2494  2  0 98  0  0	
 3  0  11032 64413368 136292 335860    0    0     0     0 3051 2491  2  0 98  0  0	
 1  0  11032 64413608 136292 335860    0    0     0     0 3078 2504  2  0 98  0  0	
 3  0  11032 64413724 136292 335864    0    0     0     0 3072 2498  2  0 98  0  0	
 1  0  11032 64413596 136292 335868    0    0     0     0 3078 2502  2  0 98  0  0	
 1  0  11032 64413472 136292 335868    0    0     0     6 3131 2595  2  0 98  0  0	
 1  0  11032 64413612 136292 335872    0    0     0     0 3051 2495  2  0 98  0  0	
 1  0  11032 64413472 136292 335876    0    0     0     0 3074 2511  2  0 98  0  0	
 1  0  11032 64413348 136292 335880    0    0     0     0 3046 2485  2  0 98  0  0	
 3  0  11032 64413348 136292 335884    0    0     0     0 3069 2503  2  0 98  0  0	
procs -----------memory---------- ---swap-- -----io---- --system-- -----cpu-----
 r  b   swpd   free   buff  cache   si   so    bi    bo   in   cs us sy id wa st
 1  0  11032 64413348 136292 335884    0    0     0     0 3072 2502  2  0 98  0  0	
 2  0  11032 64413224 136292 335888    0    0     0     0 3166 2688  2  0 98  0  0	
 1  0  11032 64413216 136292 335888    0    0     0     0 3117 2626  2  0 98  0  0	
 4  0  11032 64413336 136292 335892    0    0     0     0 3098 2558  2  0 98  0  0	
 1  0  11032 64413336 136292 335896    0    0     0     0 3191 2749  2  0 98  0  0	
 3  0  11032 64413344 136292 335900    0    0     0     0 3097 2583  2  0 98  0  0	
 1  0  11032 64413352 136292 335900    0    0     0     0 3082 2555  2  0 98  0  0	
 1  0  11032 64413220 136292 335908    0    0     0     0 3126 2639  2  0 98  0  0	
 1  0  11032 64413096 136292 335908    0    0     0     0 3060 2503  2  0 98  0  0	
 1  0  11032 64413344 136292 335912    0    0     0     0 3106 2565  2  0 98  0  0	
 1  0  11032 64413228 136292 335916    0    0     0     0 3117 2587  2  0 98  0  0	
 1  0  11032 64413360 136292 335916    0    0     0     0 3084 2520  2  0 98  0  0	
 1  0  11032 64413344 136292 335924    0    0     0     2 3123 2567  2  0 98  0  0	
 1  0  11032 64413096 136292 335928    0    0     0     0 3161 2672  2  0 98  0  0	
 1  0  11032 64413344 136292 335928    0    0     0     0 3079 2535  2  0 98  0  0	
 1  0  11032 64413220 136292 335932    0    0     0     0 3108 2570  2  0 98  0  0	
 1  0  11032 64413476 136292 335936    0    0     0     0 3098 2543  2  0 98  0  0	
 1  0  11032 64413592 136292 335936    0    0     0     0 3295 2970  2  0 98  0  0	
 1  0  11032 64413220 136292 335940    0    0     0     0 3094 2582  2  0 98  0  0	
 1  0  11032 64413220 136292 335940    0    0     0     0 3315 3013  2  0 98  0  0	
 1  0  11032 64413228 136292 335940    0    0     0     0 3111 2614  2  0 98  0  0	
procs -----------memory---------- ---swap-- -----io---- --system-- -----cpu-----
 r  b   swpd   free   buff  cache   si   so    bi    bo   in   cs us sy id wa st
 1  0  11032 64413228 136292 335948    0    0     0     0 3110 2571  2  0 98  0  0	
 1  0  11032 64413220 136292 335948    0    0     0     0 3146 2616  2  0 98  0  0	
 1  0  11032 64413460 136292 335956    0    0     0     0 3169 2657  2  0 98  0  0	
 1  0  11032 64413460 136292 335956    0    0     0     0 3139 2636  2  0 98  0  0	
 1  0  11032 64413460 136292 335956    0    0     0     6 3152 2674  2  0 98  0  0	
 3  0  11032 64413724 136292 335956    0    0     0     0 3105 2575  2  0 98  0  0	
 1  0  11032 64413716 136292 335960    0    0     0     0 3152 2637  2  0 98  0  0	
