Linux 2.6.32-279.14.1.el6.x86_64 (compute-662-2.local) 	04/20/20 	_x86_64_	(48 CPU)

20:25:47     CPU    %usr   %nice    %sys %iowait    %irq   %soft  %steal  %guest   %idle
20:25:49     all    2.06    0.00    0.14    0.00    0.00    0.00    0.00    0.00   97.80
20:25:51     all    2.10    0.00    0.07    0.00    0.00    0.01    0.00    0.00   97.82
20:25:53     all    2.11    0.00    0.08    0.23    0.00    0.00    0.00    0.00   97.58
20:25:55     all    2.10    0.00    0.06    0.00    0.00    0.00    0.00    0.00   97.84
20:25:57     all    2.11    0.00    0.06    0.00    0.00    0.00    0.00    0.00   97.83
20:25:59     all    2.09    0.00    0.07    0.00    0.00    0.00    0.00    0.00   97.84
20:26:01     all    2.11    0.00    0.07    0.00    0.00    0.01    0.00    0.00   97.81
20:26:03     all    2.10    0.00    0.06    0.00    0.00    0.00    0.00    0.00   97.84
20:26:05     all    2.10    0.00    0.07    0.00    0.00    0.00    0.00    0.00   97.83
20:26:07     all    2.10    0.00    0.05    0.00    0.00    0.00    0.00    0.00   97.85
20:26:09     all    2.11    0.00    0.07    0.00    0.00    0.02    0.00    0.00   97.80
20:26:11     all    2.10    0.00    0.06    0.00    0.00    0.01    0.00    0.00   97.83
20:26:13     all    2.10    0.00    0.07    0.00    0.00    0.00    0.00    0.00   97.83
20:26:15     all    2.11    0.00    0.06    0.00    0.00    0.00    0.00    0.00   97.83
20:26:17     all    2.10    0.00    0.07    0.00    0.00    0.00    0.00    0.00   97.83
20:26:19     all    2.10    0.00    0.07    0.00    0.00    0.00    0.00    0.00   97.83
20:26:21     all    2.12    0.00    0.10    0.00    0.00    0.00    0.00    0.00   97.78
20:26:23     all    2.10    0.00    0.06    0.00    0.00    0.00    0.00    0.00   97.84
20:26:25     all    2.10    0.00    0.08    0.00    0.00    0.00    0.00    0.00   97.82
20:26:27     all    2.11    0.00    0.07    0.21    0.00    0.00    0.00    0.00   97.61
20:26:29     all    2.10    0.00    0.07    0.00    0.00    0.01    0.00    0.00   97.82
20:26:31     all    2.11    0.00    0.07    0.00    0.00    0.01    0.00    0.00   97.81
20:26:33     all    2.10    0.00    0.06    0.00    0.00    0.00    0.00    0.00   97.84
20:26:35     all    2.10    0.00    0.07    0.00    0.00    0.00    0.00    0.00   97.83
20:26:37     all    2.10    0.00    0.07    0.00    0.00    0.00    0.00    0.00   97.83
20:26:39     all    2.10    0.00    0.06    0.00    0.00    0.01    0.00    0.00   97.83
20:26:41     all    2.11    0.00    0.07    0.00    0.00    0.01    0.00    0.00   97.81
20:26:43     all    2.11    0.00    0.06    0.24    0.00    0.01    0.00    0.00   97.58
20:26:45     all    2.10    0.00    0.08    0.00    0.00    0.00    0.00    0.00   97.82
20:26:47     all    2.10    0.00    0.06    0.00    0.00    0.01    0.00    0.00   97.83
20:26:49     all    2.10    0.00    0.06    0.00    0.00    0.01    0.00    0.00   97.83
20:26:51     all    2.11    0.00    0.07    0.00    0.00    0.00    0.00    0.00   97.82
20:26:53     all    2.09    0.00    0.07    0.00    0.00    0.00    0.00    0.00   97.84
20:26:55     all    2.11    0.00    0.06    0.00    0.00    0.00    0.00    0.00   97.83
20:26:57     all    2.10    0.00    0.08    0.00    0.00    0.01    0.00    0.00   97.81
20:26:59     all    2.11    0.00    0.07    0.00    0.00    0.00    0.00    0.00   97.82
20:27:01     all    2.10    0.00    0.07    0.00    0.00    0.01    0.00    0.00   97.82
20:27:03     all    2.10    0.00    0.07    0.01    0.00    0.02    0.00    0.00   97.80
20:27:05     all    2.12    0.00    0.08    0.00    0.00    0.01    0.00    0.00   97.79
20:27:07     all    2.10    0.00    0.07    0.00    0.00    0.02    0.00    0.00   97.81
20:27:09     all    2.10    0.00    0.06    0.00    0.00    0.02    0.00    0.00   97.82
20:27:11     all    2.11    0.00    0.08    0.00    0.00    0.01    0.00    0.00   97.80
20:27:13     all    2.10    0.00    0.07    0.00    0.00    0.02    0.00    0.00   97.81
20:27:15     all    2.10    0.00    0.07    0.00    0.00    0.02    0.00    0.00   97.81
20:27:17     all    2.10    0.00    0.06    0.00    0.00    0.00    0.00    0.00   97.84
20:27:19     all    2.08    0.00    0.09    0.00    0.00    0.00    0.00    0.00   97.82
20:27:21     all    2.10    0.00    0.08    0.00    0.00    0.00    0.00    0.00   97.81
20:27:23     all    2.10    0.00    0.07    0.00    0.00    0.00    0.00    0.00   97.83
20:27:25     all    2.10    0.00    0.08    0.00    0.00    0.00    0.00    0.00   97.82
20:27:27     all    2.09    0.00    0.08    0.00    0.00    0.00    0.00    0.00   97.82
20:27:29     all    2.09    0.00    0.08    0.00    0.00    0.00    0.00    0.00   97.82
20:27:31     all    2.08    0.00    0.07    0.00    0.00    0.00    0.00    0.00   97.84
20:27:33     all    2.09    0.00    0.06    0.00    0.00    0.00    0.00    0.00   97.84
20:27:35     all    2.10    0.00    0.09    0.00    0.00    0.00    0.00    0.00   97.81
20:27:37     all    2.10    0.00    0.07    0.00    0.00    0.00    0.00    0.00   97.83
20:27:39     all    2.10    0.00    0.08    0.00    0.00    0.00    0.00    0.00   97.82
20:27:41     all    2.11    0.00    0.07    0.00    0.00    0.01    0.00    0.00   97.81
20:27:43     all    2.09    0.00    0.08    0.21    0.00    0.00    0.00    0.00   97.61
20:27:45     all    2.09    0.00    0.08    0.00    0.00    0.00    0.00    0.00   97.82
20:27:47     all    2.10    0.00    0.07    0.00    0.00    0.00    0.00    0.00   97.83
20:27:49     all    2.09    0.00    0.08    0.00    0.00    0.00    0.00    0.00   97.82
20:27:51     all    2.11    0.00    0.10    0.00    0.00    0.00    0.00    0.00   97.79
20:27:53     all    2.10    0.00    0.08    0.00    0.00    0.00    0.00    0.00   97.81
20:27:55     all    2.10    0.00    0.08    0.00    0.00    0.00    0.00    0.00   97.82
20:27:57     all    2.09    0.00    0.07    0.00    0.00    0.00    0.00    0.00   97.83
20:27:59     all    2.10    0.00    0.07    0.00    0.00    0.00    0.00    0.00   97.83
20:28:01     all    2.12    0.00    0.08    0.00    0.00    0.00    0.00    0.00   97.80
20:28:03     all    2.08    0.00    0.08    0.00    0.00    0.00    0.00    0.00   97.83
20:28:05     all    2.10    0.00    0.07    0.00    0.00    0.00    0.00    0.00   97.83
20:28:07     all    2.10    0.00    0.08    0.00    0.00    0.00    0.00    0.00   97.81
20:28:09     all    2.10    0.00    0.07    0.00    0.00    0.00    0.00    0.00   97.83
20:28:11     all    2.11    0.00    0.09    0.00    0.00    0.00    0.00    0.00   97.80
20:28:13     all    2.09    0.00    0.09    0.00    0.00    0.00    0.00    0.00   97.81
20:28:15     all    2.10    0.00    0.10    0.01    0.00    0.00    0.00    0.00   97.78
20:28:17     all    2.09    0.00    0.08    0.00    0.00    0.00    0.00    0.00   97.82
20:28:19     all    2.09    0.00    0.07    0.00    0.00    0.00    0.00    0.00   97.83
20:28:21     all    2.11    0.00    0.07    0.00    0.00    0.00    0.00    0.00   97.82
20:28:23     all    2.10    0.00    0.07    0.00    0.00    0.00    0.00    0.00   97.83
20:28:25     all    2.09    0.00    0.07    0.00    0.00    0.01    0.00    0.00   97.83
20:28:27     all    2.10    0.00    0.08    0.00    0.00    0.00    0.00    0.00   97.82
20:28:29     all    2.10    0.00    0.06    0.00    0.00    0.00    0.00    0.00   97.84
20:28:31     all    2.10    0.00    0.08    0.00    0.00    0.00    0.00    0.00   97.82
20:28:33     all    2.09    0.00    0.07    0.00    0.00    0.00    0.00    0.00   97.84
20:28:35     all    2.11    0.00    0.09    0.00    0.00    0.00    0.00    0.00   97.80
20:28:37     all    2.11    0.00    0.06    0.00    0.00    0.01    0.00    0.00   97.82
20:28:39     all    2.10    0.00    0.06    0.00    0.00    0.00    0.00    0.00   97.84
20:28:41     all    2.10    0.00    0.09    0.00    0.00    0.00    0.00    0.00   97.81
20:28:43     all    2.09    0.00    0.07    0.21    0.00    0.00    0.00    0.00   97.63
20:28:45     all    2.11    0.00    0.06    0.00    0.00    0.00    0.00    0.00   97.83
20:28:47     all    2.10    0.00    0.06    0.00    0.00    0.00    0.00    0.00   97.84
20:28:49     all    2.10    0.00    0.07    0.00    0.00    0.00    0.00    0.00   97.83
20:28:51     all    2.10    0.00    0.08    0.00    0.00    0.00    0.00    0.00   97.82
20:28:53     all    2.11    0.00    0.05    0.00    0.00    0.00    0.00    0.00   97.84
20:28:55     all    2.10    0.00    0.05    0.00    0.00    0.01    0.00    0.00   97.84
20:28:57     all    2.10    0.00    0.06    0.00    0.00    0.00    0.00    0.00   97.84
20:28:59     all    2.11    0.00    0.08    0.00    0.00    0.00    0.00    0.00   97.81
20:29:01     all    2.10    0.00    0.06    0.00    0.00    0.00    0.00    0.00   97.84
20:29:03     all    2.10    0.00    0.06    0.00    0.00    0.00    0.00    0.00   97.84
20:29:05     all    2.09    0.00    0.06    0.00    0.00    0.00    0.00    0.00   97.85
20:29:07     all    2.10    0.00    0.06    0.00    0.00    0.00    0.00    0.00   97.84
20:29:09     all    2.11    0.00    0.05    0.00    0.00    0.00    0.00    0.00   97.84
20:29:11     all    2.10    0.00    0.07    0.00    0.00    0.01    0.00    0.00   97.82
20:29:13     all    2.11    0.00    0.06    0.00    0.00    0.00    0.00    0.00   97.83
20:29:15     all    2.10    0.00    0.05    0.00    0.00    0.00    0.00    0.00   97.85
20:29:17     all    2.09    0.00    0.06    0.00    0.00    0.00    0.00    0.00   97.85
20:29:19     all    2.11    0.00    0.06    0.00    0.00    0.00    0.00    0.00   97.83
20:29:21     all    2.11    0.00    0.10    0.00    0.00    0.00    0.00    0.00   97.79
20:29:23     all    2.11    0.00    0.07    0.00    0.00    0.00    0.00    0.00   97.82
20:29:25     all    2.09    0.00    0.04    0.00    0.00    0.00    0.00    0.00   97.87
20:29:27     all    2.10    0.00    0.04    0.00    0.00    0.00    0.00    0.00   97.86
20:29:29     all    2.10    0.00    0.06    0.01    0.00    0.00    0.00    0.00   97.83
20:29:31     all    2.10    0.00    0.07    0.00    0.00    0.00    0.00    0.00   97.83
20:29:33     all    2.11    0.00    0.06    0.00    0.00    0.01    0.00    0.00   97.82
20:29:35     all    2.10    0.00    0.07    0.00    0.00    0.00    0.00    0.00   97.83
20:29:37     all    2.10    0.00    0.05    0.00    0.00    0.00    0.00    0.00   97.85
20:29:39     all    2.11    0.00    0.07    0.00    0.00    0.00    0.00    0.00   97.82
20:29:41     all    2.10    0.00    0.06    0.21    0.00    0.00    0.00    0.00   97.63
20:29:43     all    2.10    0.00    0.05    0.00    0.00    0.00    0.00    0.00   97.85
20:29:45     all    2.10    0.00    0.07    0.00    0.00    0.00    0.00    0.00   97.83
20:29:47     all    2.10    0.00    0.07    0.00    0.00    0.00    0.00    0.00   97.83
20:29:49     all    2.10    0.00    0.06    0.00    0.00    0.00    0.00    0.00   97.84
20:29:51     all    2.10    0.00    0.06    0.00    0.00    0.01    0.00    0.00   97.83
20:29:53     all    2.11    0.00    0.05    0.00    0.00    0.00    0.00    0.00   97.84
20:29:55     all    2.09    0.00    0.07    0.21    0.00    0.00    0.00    0.00   97.63
20:29:57     all    2.11    0.00    0.05    0.00    0.00    0.00    0.00    0.00   97.84
20:29:59     all    2.09    0.00    0.07    0.00    0.00    0.00    0.00    0.00   97.84
20:30:01     all    2.11    0.00    0.07    0.05    0.00    0.00    0.00    0.00   97.77
20:30:03     all    2.10    0.00    0.05    0.00    0.00    0.00    0.00    0.00   97.85
20:30:05     all    2.11    0.00    0.08    0.00    0.00    0.00    0.00    0.00   97.81
20:30:07     all    2.11    0.00    0.05    0.00    0.00    0.00    0.00    0.00   97.84
20:30:09     all    2.09    0.00    0.06    0.00    0.00    0.01    0.00    0.00   97.84
20:30:11     all    2.11    0.00    0.07    0.00    0.00    0.00    0.00    0.00   97.82
20:30:13     all    2.11    0.00    0.05    0.00    0.00    0.00    0.00    0.00   97.84
20:30:15     all    2.10    0.00    0.06    0.00    0.00    0.00    0.00    0.00   97.84
20:30:17     all    2.10    0.00    0.06    0.00    0.00    0.00    0.00    0.00   97.84
20:30:19     all    2.10    0.00    0.05    0.00    0.00    0.00    0.00    0.00   97.85
20:30:21     all    2.11    0.00    0.07    0.00    0.00    0.00    0.00    0.00   97.82
20:30:23     all    2.10    0.00    0.09    0.00    0.00    0.01    0.00    0.00   97.80
20:30:25     all    2.10    0.00    0.05    0.00    0.00    0.00    0.00    0.00   97.85
20:30:27     all    2.10    0.00    0.06    0.00    0.00    0.00    0.00    0.00   97.84
20:30:29     all    2.10    0.00    0.06    0.00    0.00    0.00    0.00    0.00   97.84
20:30:31     all    2.10    0.00    0.06    0.00    0.00    0.00    0.00    0.00   97.84
20:30:33     all    2.10    0.00    0.07    0.00    0.00    0.00    0.00    0.00   97.83
20:30:35     all    2.10    0.00    0.09    0.00    0.00    0.00    0.00    0.00   97.81
20:30:37     all    2.10    0.00    0.06    0.00    0.00    0.00    0.00    0.00   97.84
20:30:39     all    2.10    0.00    0.06    0.00    0.00    0.00    0.00    0.00   97.84
20:30:41     all    2.11    0.00    0.05    0.00    0.00    0.00    0.00    0.00   97.84
20:30:43     all    2.10    0.00    0.05    0.21    0.00    0.00    0.00    0.00   97.64
20:30:45     all    2.10    0.00    0.07    0.00    0.00    0.00    0.00    0.00   97.83
20:30:47     all    2.11    0.00    0.07    0.00    0.00    0.01    0.00    0.00   97.81
20:30:49     all    2.10    0.00    0.06    0.00    0.00    0.00    0.00    0.00   97.84
20:30:51     all    2.12    0.00    0.08    0.00    0.00    0.00    0.00    0.00   97.80
20:30:53     all    2.10    0.00    0.07    0.00    0.00    0.00    0.00    0.00   97.83
20:30:55     all    2.10    0.00    0.08    0.00    0.00    0.01    0.00    0.00   97.81
20:30:57     all    2.11    0.00    0.07    0.00    0.00    0.00    0.00    0.00   97.82
20:30:59     all    2.10    0.00    0.09    0.00    0.00    0.00    0.00    0.00   97.81
20:31:01     all    2.10    0.00    0.09    0.00    0.00    0.01    0.00    0.00   97.80
20:31:03     all    2.11    0.00    0.10    0.00    0.00    0.00    0.00    0.00   97.79
20:31:05     all    2.11    0.00    0.08    0.00    0.00    0.00    0.00    0.00   97.81
20:31:07     all    2.10    0.00    0.05    0.00    0.00    0.01    0.00    0.00   97.84
20:31:09     all    2.10    0.00    0.04    0.00    0.00    0.00    0.00    0.00   97.86
20:31:11     all    2.10    0.00    0.07    0.00    0.00    0.00    0.00    0.00   97.83
20:31:13     all    2.11    0.00    0.08    0.00    0.00    0.00    0.00    0.00   97.81
20:31:15     all    2.10    0.00    0.07    0.00    0.00    0.00    0.00    0.00   97.83
20:31:17     all    2.10    0.00    0.07    0.01    0.00    0.00    0.00    0.00   97.82
20:31:19     all    2.11    0.00    0.06    0.00    0.00    0.00    0.00    0.00   97.83
20:31:21     all    2.10    0.00    0.08    0.00    0.00    0.01    0.00    0.00   97.81
20:31:23     all    2.10    0.00    0.06    0.00    0.00    0.00    0.00    0.00   97.84
20:31:25     all    2.09    0.00    0.09    0.00    0.00    0.00    0.00    0.00   97.82
