Linux 2.6.32-279.14.1.el6.x86_64 (compute-662-2.local) 	04/20/20 	_x86_64_	(48 CPU)

21:04:00     CPU    %usr   %nice    %sys %iowait    %irq   %soft  %steal  %guest   %idle
21:04:02     all    2.10    0.00    0.13    0.00    0.00    0.01    0.00    0.00   97.77
21:04:04     all    2.10    0.00    0.08    0.00    0.00    0.00    0.00    0.00   97.82
21:04:06     all    2.10    0.00    0.09    0.21    0.00    0.00    0.00    0.00   97.60
21:04:08     all    2.11    0.00    0.05    0.00    0.00    0.00    0.00    0.00   97.84
21:04:10     all    2.10    0.00    0.09    0.00    0.00    0.00    0.00    0.00   97.81
21:04:12     all    2.10    0.00    0.06    0.00    0.00    0.00    0.00    0.00   97.84
21:04:14     all    2.11    0.00    0.07    0.00    0.00    0.01    0.00    0.00   97.81
21:04:16     all    2.11    0.00    0.08    0.00    0.00    0.00    0.00    0.00   97.81
21:04:18     all    2.11    0.00    0.06    0.00    0.00    0.00    0.00    0.00   97.83
21:04:20     all    2.10    0.00    0.08    0.00    0.00    0.01    0.00    0.00   97.81
21:04:22     all    2.11    0.00    0.09    0.00    0.00    0.00    0.00    0.00   97.80
21:04:24     all    2.11    0.00    0.08    0.00    0.00    0.00    0.00    0.00   97.81
21:04:26     all    2.10    0.00    0.09    0.00    0.00    0.00    0.00    0.00   97.81
21:04:28     all    2.10    0.00    0.07    0.00    0.00    0.01    0.00    0.00   97.82
21:04:30     all    2.11    0.00    0.06    0.00    0.00    0.00    0.00    0.00   97.83
21:04:32     all    2.10    0.00    0.08    0.00    0.00    0.00    0.00    0.00   97.82
21:04:34     all    2.11    0.00    0.07    0.00    0.00    0.00    0.00    0.00   97.82
21:04:36     all    2.11    0.00    0.13    0.21    0.00    0.01    0.00    0.00   97.55
21:04:38     all    2.11    0.00    0.07    0.00    0.00    0.00    0.00    0.00   97.82
21:04:40     all    2.11    0.00    0.09    0.00    0.00    0.00    0.00    0.00   97.80
21:04:42     all    2.11    0.00    0.07    0.00    0.00    0.00    0.00    0.00   97.82
21:04:44     all    2.10    0.00    0.09    0.00    0.00    0.00    0.00    0.00   97.81
21:04:46     all    2.11    0.00    0.09    0.21    0.00    0.00    0.00    0.00   97.59
21:04:48     all    2.11    0.00    0.07    0.00    0.00    0.00    0.00    0.00   97.82
21:04:50     all    2.11    0.00    0.08    0.00    0.00    0.00    0.00    0.00   97.81
21:04:52     all    2.10    0.00    0.09    0.00    0.00    0.00    0.00    0.00   97.81
21:04:54     all    2.11    0.00    0.07    0.21    0.00    0.00    0.00    0.00   97.61
21:04:56     all    2.10    0.00    0.09    0.00    0.00    0.01    0.00    0.00   97.80
21:04:58     all    2.11    0.00    0.07    0.00    0.00    0.00    0.00    0.00   97.82
21:05:00     all    2.10    0.00    0.08    0.00    0.00    0.01    0.00    0.00   97.81
21:05:02     all    2.11    0.00    0.06    0.00    0.00    0.00    0.00    0.00   97.83
21:05:04     all    2.11    0.00    0.08    0.00    0.00    0.00    0.00    0.00   97.81
21:05:06     all    2.11    0.00    0.10    0.00    0.00    0.01    0.00    0.00   97.78
21:05:08     all    2.10    0.00    0.07    0.00    0.00    0.00    0.00    0.00   97.83
