Linux 2.6.32-279.14.1.el6.x86_64 (compute-662-2.local) 	04/20/20 	_x86_64_	(48 CPU)

19:48:59     CPU    %usr   %nice    %sys %iowait    %irq   %soft  %steal  %guest   %idle
19:49:01     all    2.07    0.00    0.16    0.01    0.00    0.00    0.00    0.00   97.76
19:49:03     all    2.10    0.00    0.08    0.00    0.00    0.00    0.00    0.00   97.82
19:49:05     all    2.11    0.00    0.10    0.21    0.00    0.00    0.00    0.00   97.58
19:49:07     all    2.10    0.00    0.09    0.00    0.00    0.01    0.00    0.00   97.80
19:49:09     all    2.10    0.00    0.09    0.00    0.00    0.00    0.00    0.00   97.81
19:49:11     all    2.11    0.00    0.07    0.00    0.00    0.01    0.00    0.00   97.81
19:49:13     all    2.10    0.00    0.08    0.00    0.00    0.00    0.00    0.00   97.82
19:49:15     all    2.11    0.00    0.07    0.00    0.00    0.01    0.00    0.00   97.81
19:49:17     all    2.10    0.00    0.07    0.00    0.00    0.00    0.00    0.00   97.83
19:49:19     all    2.11    0.00    0.08    0.00    0.00    0.00    0.00    0.00   97.81
19:49:21     all    2.11    0.00    0.09    0.00    0.00    0.00    0.00    0.00   97.80
19:49:23     all    2.10    0.00    0.08    0.00    0.00    0.01    0.00    0.00   97.81
19:49:25     all    2.10    0.00    0.08    0.00    0.00    0.00    0.00    0.00   97.82
19:49:27     all    2.10    0.00    0.07    0.00    0.00    0.00    0.00    0.00   97.83
19:49:29     all    2.11    0.00    0.07    0.00    0.00    0.00    0.00    0.00   97.82
19:49:31     all    2.11    0.00    0.08    0.00    0.00    0.00    0.00    0.00   97.81
19:49:33     all    2.11    0.00    0.08    0.00    0.00    0.01    0.00    0.00   97.80
19:49:35     all    2.11    0.00    0.09    0.00    0.00    0.01    0.00    0.00   97.79
19:49:37     all    2.10    0.00    0.08    0.21    0.00    0.00    0.00    0.00   97.61
19:49:39     all    2.10    0.00    0.08    0.00    0.00    0.00    0.00    0.00   97.82
19:49:41     all    2.11    0.00    0.07    0.00    0.00    0.00    0.00    0.00   97.82
19:49:43     all    2.10    0.00    0.09    0.21    0.00    0.00    0.00    0.00   97.60
19:49:45     all    2.11    0.00    0.07    0.00    0.00    0.00    0.00    0.00   97.82
19:49:47     all    2.11    0.00    0.09    0.00    0.00    0.02    0.00    0.00   97.78
19:49:49     all    2.10    0.00    0.08    0.00    0.00    0.00    0.00    0.00   97.82
19:49:51     all    2.10    0.00    0.08    0.00    0.00    0.00    0.00    0.00   97.82
19:49:53     all    2.11    0.00    0.08    0.00    0.00    0.00    0.00    0.00   97.81
19:49:55     all    2.10    0.00    0.08    0.24    0.00    0.00    0.00    0.00   97.58
19:49:57     all    2.11    0.00    0.07    0.00    0.00    0.00    0.00    0.00   97.82
19:49:59     all    2.10    0.00    0.08    0.00    0.00    0.01    0.00    0.00   97.81
19:50:01     all    2.11    0.00    0.10    0.02    0.00    0.00    0.00    0.00   97.77
19:50:03     all    2.11    0.00    0.09    0.03    0.00    0.00    0.00    0.00   97.77
19:50:05     all    2.11    0.00    0.07    0.00    0.00    0.00    0.00    0.00   97.82
19:50:07     all    2.10    0.00    0.09    0.00    0.00    0.01    0.00    0.00   97.80
19:50:09     all    2.10    0.00    0.07    0.00    0.00    0.01    0.00    0.00   97.82
19:50:11     all    2.11    0.00    0.08    0.00    0.00    0.01    0.00    0.00   97.80
19:50:13     all    2.11    0.00    0.06    0.00    0.00    0.00    0.00    0.00   97.83
19:50:15     all    2.10    0.00    0.07    0.00    0.00    0.01    0.00    0.00   97.82
19:50:17     all    2.10    0.00    0.07    0.00    0.00    0.00    0.00    0.00   97.83
19:50:19     all    2.10    0.00    0.07    0.00    0.00    0.00    0.00    0.00   97.83
19:50:21     all    2.12    0.00    0.10    0.00    0.00    0.00    0.00    0.00   97.78
19:50:23     all    2.10    0.00    0.09    0.00    0.00    0.00    0.00    0.00   97.81
19:50:25     all    2.11    0.00    0.08    0.00    0.00    0.00    0.00    0.00   97.81
19:50:27     all    2.10    0.00    0.09    0.00    0.00    0.00    0.00    0.00   97.81
19:50:29     all    2.11    0.00    0.08    0.00    0.00    0.00    0.00    0.00   97.81
19:50:31     all    2.11    0.00    0.09    0.00    0.00    0.01    0.00    0.00   97.79
19:50:33     all    2.10    0.00    0.07    0.00    0.00    0.00    0.00    0.00   97.83
19:50:35     all    2.11    0.00    0.07    0.00    0.00    0.00    0.00    0.00   97.82
19:50:37     all    2.11    0.00    0.09    0.00    0.00    0.00    0.00    0.00   97.80
19:50:39     all    2.10    0.00    0.07    0.00    0.00    0.01    0.00    0.00   97.82
19:50:41     all    2.10    0.00    0.07    0.00    0.00    0.01    0.00    0.00   97.82
19:50:43     all    2.11    0.00    0.08    0.21    0.00    0.01    0.00    0.00   97.59
19:50:45     all    2.10    0.00    0.07    0.00    0.00    0.01    0.00    0.00   97.82
19:50:47     all    2.10    0.00    0.08    0.00    0.00    0.02    0.00    0.00   97.80
19:50:49     all    2.10    0.00    0.07    0.00    0.00    0.00    0.00    0.00   97.83
19:50:51     all    2.10    0.00    0.08    0.00    0.00    0.01    0.00    0.00   97.81
19:50:53     all    2.11    0.00    0.08    0.00    0.00    0.00    0.00    0.00   97.81
19:50:55     all    2.10    0.00    0.08    0.00    0.00    0.00    0.00    0.00   97.82
19:50:57     all    2.11    0.00    0.07    0.00    0.00    0.00    0.00    0.00   97.82
19:50:59     all    2.11    0.00    0.10    0.00    0.00    0.00    0.00    0.00   97.79
19:51:01     all    2.10    0.00    0.07    0.00    0.00    0.00    0.00    0.00   97.83
19:51:03     all    2.11    0.00    0.07    0.00    0.00    0.01    0.00    0.00   97.81
19:51:05     all    2.11    0.00    0.08    0.00    0.00    0.00    0.00    0.00   97.81
19:51:07     all    2.10    0.00    0.08    0.00    0.00    0.00    0.00    0.00   97.82
19:51:09     all    2.10    0.00    0.07    0.01    0.00    0.00    0.00    0.00   97.82
19:51:11     all    2.11    0.00    0.08    0.00    0.00    0.00    0.00    0.00   97.81
19:51:13     all    2.10    0.00    0.06    0.00    0.00    0.00    0.00    0.00   97.84
19:51:15     all    2.11    0.00    0.07    0.00    0.00    0.00    0.00    0.00   97.82
19:51:17     all    2.10    0.00    0.06    0.00    0.00    0.00    0.00    0.00   97.84
19:51:19     all    2.10    0.00    0.06    0.00    0.00    0.00    0.00    0.00   97.84
19:51:21     all    2.11    0.00    0.08    0.00    0.00    0.01    0.00    0.00   97.80
19:51:23     all    2.10    0.00    0.07    0.00    0.00    0.00    0.00    0.00   97.83
19:51:25     all    2.11    0.00    0.08    0.00    0.00    0.00    0.00    0.00   97.81
19:51:27     all    2.10    0.00    0.10    0.00    0.00    0.01    0.00    0.00   97.79
19:51:29     all    2.10    0.00    0.10    0.00    0.00    0.01    0.00    0.00   97.79
19:51:31     all    2.11    0.00    0.11    0.00    0.00    0.01    0.00    0.00   97.77
19:51:33     all    2.10    0.00    0.07    0.00    0.00    0.00    0.00    0.00   97.83
19:51:35     all    2.11    0.00    0.07    0.00    0.00    0.01    0.00    0.00   97.81
19:51:37     all    2.10    0.00    0.07    0.00    0.00    0.00    0.00    0.00   97.83
19:51:39     all    2.11    0.00    0.06    0.00    0.00    0.01    0.00    0.00   97.82
19:51:41     all    2.10    0.00    0.07    0.00    0.00    0.01    0.00    0.00   97.82
19:51:43     all    2.10    0.00    0.08    0.21    0.00    0.00    0.00    0.00   97.61
19:51:45     all    2.11    0.00    0.07    0.00    0.00    0.00    0.00    0.00   97.82
19:51:47     all    2.10    0.00    0.06    0.01    0.00    0.01    0.00    0.00   97.82
19:51:49     all    2.11    0.00    0.06    0.00    0.00    0.00    0.00    0.00   97.83
19:51:51     all    2.11    0.00    0.09    0.00    0.00    0.01    0.00    0.00   97.79
19:51:53     all    2.11    0.00    0.07    0.00    0.00    0.00    0.00    0.00   97.82
19:51:55     all    2.11    0.00    0.08    0.00    0.00    0.01    0.00    0.00   97.80
19:51:57     all    2.10    0.00    0.10    0.00    0.00    0.00    0.00    0.00   97.80
19:51:59     all    2.12    0.00    0.09    0.00    0.00    0.01    0.00    0.00   97.78
19:52:01     all    2.11    0.00    0.11    0.00    0.00    0.00    0.00    0.00   97.78
19:52:03     all    2.10    0.00    0.06    0.00    0.00    0.00    0.00    0.00   97.84
19:52:05     all    2.10    0.00    0.07    0.00    0.00    0.01    0.00    0.00   97.82
19:52:07     all    2.10    0.00    0.07    0.00    0.00    0.00    0.00    0.00   97.83
19:52:09     all    2.10    0.00    0.07    0.00    0.00    0.01    0.00    0.00   97.82
19:52:11     all    2.11    0.00    0.08    0.00    0.00    0.01    0.00    0.00   97.80
19:52:13     all    2.10    0.00    0.06    0.00    0.00    0.00    0.00    0.00   97.84
19:52:15     all    2.11    0.00    0.07    0.00    0.00    0.00    0.00    0.00   97.82
19:52:17     all    2.11    0.00    0.07    0.00    0.00    0.00    0.00    0.00   97.82
19:52:19     all    2.10    0.00    0.07    0.00    0.00    0.01    0.00    0.00   97.82
19:52:21     all    2.11    0.00    0.08    0.01    0.00    0.01    0.00    0.00   97.79
19:52:23     all    2.09    0.00    0.07    0.00    0.00    0.01    0.00    0.00   97.83
19:52:25     all    2.10    0.00    0.08    0.00    0.00    0.00    0.00    0.00   97.82
19:52:27     all    2.11    0.00    0.10    0.00    0.00    0.01    0.00    0.00   97.78
19:52:29     all    2.10    0.00    0.09    0.00    0.00    0.02    0.00    0.00   97.79
19:52:31     all    2.10    0.00    0.09    0.00    0.00    0.01    0.00    0.00   97.80
19:52:33     all    2.11    0.00    0.07    0.00    0.00    0.00    0.00    0.00   97.82
19:52:35     all    2.11    0.00    0.10    0.00    0.00    0.01    0.00    0.00   97.78
19:52:37     all    2.11    0.00    0.07    0.00    0.00    0.01    0.00    0.00   97.81
19:52:39     all    2.10    0.00    0.07    0.00    0.00    0.01    0.00    0.00   97.82
19:52:41     all    2.11    0.00    0.07    0.00    0.00    0.00    0.00    0.00   97.82
19:52:43     all    2.11    0.00    0.08    0.21    0.00    0.00    0.00    0.00   97.60
19:52:45     all    2.10    0.00    0.07    0.00    0.00    0.01    0.00    0.00   97.82
19:52:47     all    2.10    0.00    0.06    0.00    0.00    0.01    0.00    0.00   97.83
19:52:49     all    2.11    0.00    0.08    0.00    0.00    0.01    0.00    0.00   97.80
19:52:51     all    2.10    0.00    0.06    0.00    0.00    0.01    0.00    0.00   97.83
19:52:53     all    2.10    0.00    0.07    0.00    0.00    0.00    0.00    0.00   97.83
19:52:55     all    2.11    0.00    0.08    0.00    0.00    0.00    0.00    0.00   97.81
19:52:57     all    2.11    0.00    0.10    0.00    0.00    0.01    0.00    0.00   97.78
19:52:59     all    2.10    0.00    0.09    0.00    0.00    0.00    0.00    0.00   97.81
19:53:01     all    2.10    0.00    0.09    0.00    0.00    0.00    0.00    0.00   97.81
19:53:03     all    2.11    0.00    0.09    0.00    0.00    0.01    0.00    0.00   97.79
19:53:05     all    2.10    0.00    0.07    0.00    0.00    0.01    0.00    0.00   97.82
19:53:07     all    2.10    0.00    0.09    0.00    0.00    0.00    0.00    0.00   97.81
19:53:09     all    2.10    0.00    0.06    0.00    0.00    0.00    0.00    0.00   97.84
19:53:11     all    2.11    0.00    0.07    0.00    0.00    0.01    0.00    0.00   97.81
19:53:13     all    2.10    0.00    0.07    0.00    0.00    0.01    0.00    0.00   97.82
19:53:15     all    2.11    0.00    0.07    0.00    0.00    0.01    0.00    0.00   97.81
19:53:17     all    2.11    0.00    0.05    0.00    0.00    0.00    0.00    0.00   97.84
19:53:19     all    2.10    0.00    0.06    0.00    0.00    0.01    0.00    0.00   97.83
19:53:21     all    2.12    0.00    0.09    0.00    0.00    0.00    0.00    0.00   97.79
19:53:23     all    2.11    0.00    0.08    0.00    0.00    0.01    0.00    0.00   97.80
19:53:25     all    2.10    0.00    0.09    0.00    0.00    0.00    0.00    0.00   97.81
19:53:27     all    2.10    0.00    0.09    0.00    0.00    0.01    0.00    0.00   97.80
19:53:29     all    2.10    0.00    0.09    0.00    0.00    0.01    0.00    0.00   97.80
19:53:31     all    2.11    0.00    0.09    0.00    0.00    0.00    0.00    0.00   97.80
19:53:33     all    2.11    0.00    0.07    0.00    0.00    0.00    0.00    0.00   97.82
19:53:35     all    2.11    0.00    0.08    0.00    0.00    0.01    0.00    0.00   97.80
19:53:37     all    2.10    0.00    0.08    0.00    0.00    0.00    0.00    0.00   97.82
19:53:39     all    2.11    0.00    0.08    0.20    0.00    0.01    0.00    0.00   97.60
19:53:41     all    2.10    0.00    0.08    0.02    0.00    0.01    0.00    0.00   97.79
19:53:43     all    2.11    0.00    0.07    0.00    0.00    0.02    0.00    0.00   97.80
19:53:45     all    2.10    0.00    0.06    0.00    0.00    0.01    0.00    0.00   97.83
19:53:47     all    2.10    0.00    0.07    0.01    0.00    0.00    0.00    0.00   97.82
19:53:49     all    2.11    0.00    0.07    0.00    0.00    0.00    0.00    0.00   97.82
19:53:51     all    2.11    0.00    0.08    0.00    0.00    0.01    0.00    0.00   97.80
19:53:53     all    2.10    0.00    0.08    0.00    0.00    0.01    0.00    0.00   97.81
19:53:55     all    2.11    0.00    0.07    0.00    0.00    0.00    0.00    0.00   97.82
19:53:57     all    2.10    0.00    0.10    0.00    0.00    0.01    0.00    0.00   97.79
19:53:59     all    2.11    0.00    0.08    0.00    0.00    0.01    0.00    0.00   97.80
19:54:01     all    2.10    0.00    0.08    0.00    0.00    0.00    0.00    0.00   97.82
19:54:03     all    2.11    0.00    0.07    0.00    0.00    0.00    0.00    0.00   97.82
19:54:05     all    2.13    0.00    0.10    0.00    0.00    0.01    0.00    0.00   97.76
