procs -----------memory---------- ---swap-- -----io---- --system-- -----cpu-----
 r  b   swpd   free   buff  cache   si   so    bi    bo   in   cs us sy id wa st
 7  0  11032 64596204 136156 300996    0    0     0     1    0    0  5  1 94  0  0	
 2  0  11032 64593252 136156 301032    0    0     0     0 3226 2757  2  0 98  0  0	
 4  0  11032 64593608 136156 301032    0    0     0     0 3068 2496  2  0 98  0  0	
 1  0  11032 64593916 136156 301036    0    0     0    10 3058 2504  2  0 98  0  0	
 1  0  11032 64594456 136156 301036    0    0     0     0 3101 2583  2  0 98  0  0	
 1  0  11032 64594832 136156 301036    0    0     0     0 3069 2499  2  0 98  0  0	
 3  0  11032 64594956 136156 301040    0    0     0     0 3071 2493  2  0 98  0  0	
 1  0  11032 64595252 136156 301040    0    0     0     0 3108 2576  2  0 98  0  0	
 3  0  11032 64595500 136156 301044    0    0     0     0 3169 2690  2  0 98  0  0	
 1  0  11032 64595268 136156 301048    0    0     0     0 3090 2515  2  0 98  0  0	
 3  0  11032 64595888 136156 301048    0    0     0     2 3087 2515  2  0 98  0  0	
 1  0  11032 64596140 136156 301048    0    0     0     0 3083 2512  2  0 98  0  0	
