procs -----------memory---------- ---swap-- -----io---- --system-- -----cpu-----
 r  b   swpd   free   buff  cache   si   so    bi    bo   in   cs us sy id wa st
 4  0  11032 64589220 136160 307532    0    0     0     1    0    0  5  1 94  0  0	
 1  0  11032 64438860 136160 307572    0    0     0     0 3185 2689  2  0 98  0  0	
 1  0  11032 64438868 136160 307572    0    0     0     0 3131 2602  2  0 98  0  0	
 1  0  11032 64439492 136160 307576    0    0     0     8 3132 2615  2  0 98  0  0	
 1  0  11032 64440416 136160 307576    0    0     0     0 3072 2498  2  0 98  0  0	
 3  0  11032 64440580 136160 307576    0    0     0     0 3098 2549  2  0 98  0  0	
 3  0  11032 64440068 136160 307580    0    0     0     0 3392 2772  2  0 98  0  0	
 1  0  11032 64439652 136160 307580    0    0     0     2 3124 2617  2  0 98  0  0	
 1  0  11032 64439900 136160 307584    0    0     0     0 3095 2509  2  0 98  0  0	
 1  0  11032 64440148 136160 307588    0    0     0    22 3077 2511  2  0 98  0  0	
 3  0  11032 64440756 136160 307588    0    0     0     0 3079 2505  2  0 98  0  0	
 3  0  11032 64440632 136160 307588    0    0     0     0 3100 2561  2  0 98  0  0	
 3  0  11032 64440880 136160 307592    0    0     0     0 3080 2523  2  0 98  0  0	
 1  0  11032 64441144 136160 307592    0    0     0     0 3118 2573  2  0 98  0  0	
 1  0  11032 64441144 136160 307596    0    0     0     0 3133 2598  2  0 98  0  0	
 1  0  11032 64441340 136160 307600    0    0     0     0 3098 2568  2  0 98  0  0	
 3  0  11032 64441224 136160 307600    0    0     0     2 3074 2502  2  0 98  0  0	
 3  0  11032 64441216 136160 307608    0    0     0     0 3075 2537  2  0 98  0  0	
 3  0  11032 64441216 136160 307612    0    0     0     0 3078 2503  2  0 98  0  0	
 1  0  11032 64441216 136160 307612    0    0     0    28 3064 2500  2  0 98  0  0	
 1  0  11032 64441340 136160 307616    0    0     0     0 3082 2495  2  0 98  0  0	
procs -----------memory---------- ---swap-- -----io---- --system-- -----cpu-----
 r  b   swpd   free   buff  cache   si   so    bi    bo   in   cs us sy id wa st
 1  0  11032 64441344 136160 307616    0    0     0     0 3085 2513  2  0 98  0  0	
 1  0  11032 64441220 136160 307616    0    0     0     0 3087 2505  2  0 98  0  0	
 3  0  11032 64441592 136160 307624    0    0     0     0 3122 2563  2  0 98  0  0	
 3  0  11032 64441220 136160 307624    0    0     0     0 3083 2526  2  0 98  0  0	
 1  0  11032 64441096 136160 307628    0    0     0     0 3106 2559  2  0 98  0  0	
 1  0  11032 64441228 136160 307628    0    0     0     0 3126 2611  2  0 98  0  0	
 1  0  11032 64441236 136160 307628    0    0     0     0 3102 2570  2  0 98  0  0	
 1  0  11032 64441484 136160 307632    0    0     0     0 3115 2588  2  0 98  0  0	
 2  0  11032 64441484 136160 307632    0    0     0     0 3144 2584  2  0 98  0  0	
 3  0  11032 64441236 136160 307636    0    0     0     0 3063 2490  2  0 98  0  0	
 1  0  11032 64441352 136160 307644    0    0     0     0 3095 2525  2  0 98  0  0	
 1  0  11032 64441228 136160 307644    0    0     0     0 3082 2508  2  0 98  0  0	
 1  0  11032 64441468 136160 307644    0    0     0     0 3094 2519  2  0 98  0  0	
 1  0  11032 64441344 136160 307648    0    0     0     0 3074 2498  2  0 98  0  0	
 3  0  11032 64441220 136160 307648    0    0     0     0 3109 2559  2  0 98  0  0	
 3  0  11032 64441352 136160 307652    0    0     0    10 3080 2514  2  0 98  0  0	
 1  0  11032 64441352 136160 307656    0    0     0     0 3074 2512  2  0 98  0  0	
 1  0  11032 64441476 136160 307656    0    0     0     0 3118 2613  2  0 98  0  0	
 1  0  11032 64441360 136160 307664    0    0     0     0 3122 2611  2  0 98  0  0	
 1  0  11032 64441360 136160 307664    0    0     0     0 3132 2551  2  0 98  0  0	
 3  0  11032 64441352 136160 307664    0    0     0     0 3102 2568  2  0 98  0  0	
procs -----------memory---------- ---swap-- -----io---- --system-- -----cpu-----
 r  b   swpd   free   buff  cache   si   so    bi    bo   in   cs us sy id wa st
 3  0  11032 64441228 136160 307668    0    0     0     0 3049 2481  2  0 98  0  0	
 1  0  11032 64441480 136160 307668    0    0     0     0 3058 2491  2  0 98  0  0	
 1  0  11032 64441232 136160 307672    0    0     0     0 3058 2486  2  0 98  0  0	
 1  0  11032 64441240 136160 307680    0    0     0     0 3092 2503  2  0 98  0  0	
 1  0  11032 64441364 136160 307688    0    0     0     0 3166 2643  2  0 98  0  0	
 3  0  11032 64441736 136160 307688    0    0     0     0 3138 2640  2  0 98  0  0	
 3  0  11032 64441488 136160 307688    0    0     0     0 3089 2542  2  0 98  0  0	
 3  0  11032 64441736 136160 307692    0    0     0     0 3105 2590  2  0 98  0  0	
 1  0  11032 64441860 136160 307692    0    0     0     0 3137 2615  2  0 98  0  0	
 1  0  11032 64441728 136160 307696    0    0     0     6 3092 2517  2  0 98  0  0	
 2  0  11032 64441356 136160 307696    0    0     0     0 3107 2510  2  0 98  0  0	
 3  0  11032 64441480 136160 307696    0    0     0     0 3117 2680  2  0 98  0  0	
 3  0  11032 64441356 136160 307708    0    0     0     0 3103 2629  2  0 98  0  0	
 3  0  11032 64441356 136160 307708    0    0     0     0 3104 2550  2  0 98  0  0	
 1  0  11032 64441240 136160 307712    0    0     0     0 3111 2583  2  0 98  0  0	
 1  0  11032 64441248 136160 307716    0    0     0     0 3042 2465  2  0 98  0  0	
 1  0  11032 64441496 136160 307716    0    0     0     0 3058 2487  2  0 98  0  0	
 1  0  11032 64441372 136160 307720    0    0     0     0 3072 2528  2  0 98  0  0	
 3  0  11032 64441372 136160 307724    0    0     0     0 3041 2475  2  0 98  0  0	
 3  0  11032 64441232 136160 307724    0    0     0     0 3019 2473  2  0 98  0  0	
 1  0  11032 64440984 136160 307728    0    0     0     0 3035 2467  2  0 98  0  0	
procs -----------memory---------- ---swap-- -----io---- --system-- -----cpu-----
 r  b   swpd   free   buff  cache   si   so    bi    bo   in   cs us sy id wa st
 1  0  11032 64440984 136160 307732    0    0     0     0 3068 2485  2  0 98  0  0	
 1  0  11032 64440984 136160 307736    0    0     0     0 3054 2467  2  0 98  0  0	
 1  0  11032 64440984 136160 307740    0    0     0     0 3091 2530  2  0 98  0  0	
 3  0  11032 64441116 136160 307740    0    0     0     2 3046 2477  2  0 98  0  0	
 3  0  11032 64441116 136160 307740    0    0     0     0 3055 2471  2  0 98  0  0	
 3  0  11032 64441240 136160 307744    0    0     0     0 3055 2475  2  0 98  0  0	
 1  0  11032 64441240 136160 307744    0    0     0     0 3040 2462  2  0 98  0  0	
 1  0  11032 64441364 136160 307748    0    0     0     0 3052 2464  2  0 98  0  0	
 1  0  11032 64441232 136160 307756    0    0     0     0 3085 2546  2  0 98  0  0	
 3  0  11032 64441356 136160 307756    0    0     0     0 3205 2855  2  0 98  0  0	
 3  0  11032 64441480 136160 307756    0    0     0     0 3276 2971  2  0 98  0  0	
 3  0  11032 64441108 136160 307760    0    0     0     0 3115 2592  2  0 98  0  0	
 1  0  11032 64440984 136160 307764    0    0     0     0 3057 2484  2  0 98  0  0	
 1  0  11032 64441108 136160 307768    0    0     0     0 3047 2482  2  0 98  0  0	
 1  0  11032 64441108 136160 307772    0    0     0     0 3042 2504  2  0 98  0  0	
 1  0  11032 64441480 136160 307772    0    0     0     0 3048 2477  2  0 98  0  0	
 3  0  11032 64441232 136160 307776    0    0     0     0 3039 2462  2  0 98  0  0	
 3  0  11032 64441356 136160 307776    0    0     0     0 3050 2471  2  0 98  0  0	
 3  0  11032 64441348 136160 307776    0    0     0     6 3056 2482  2  0 98  0  0	
 1  0  11032 64441224 136160 307780    0    0     0     0 3037 2461  2  0 98  0  0	
 1  0  11032 64441612 136160 307780    0    0     0     0 3138 2683  2  0 98  0  0	
procs -----------memory---------- ---swap-- -----io---- --system-- -----cpu-----
 r  b   swpd   free   buff  cache   si   so    bi    bo   in   cs us sy id wa st
 1  0  11032 64441364 136160 307780    0    0     0     0 3045 2480  2  0 98  0  0	
 3  0  11032 64441364 136160 307788    0    0     0     8 3115 2567  2  0 98  0  0	
 3  0  11032 64441248 136160 307788    0    0     0     0 3251 2893  2  0 98  0  0	
 3  0  11032 64441252 136160 307792    0    0     0     0 3230 2915  2  0 98  0  0	
 1  0  11032 64441492 136160 307792    0    0     0     0 3388 3219  2  0 98  0  0	
 1  0  11032 64441252 136160 307800    0    0     0     0 3153 2764  2  0 98  0  0	
 1  0  11032 64441376 136160 307808    0    0     0     0 3031 2475  2  0 98  0  0	
 3  0  11032 64441484 136160 307808    0    0     0     0 3058 2486  2  0 98  0  0	
 3  0  11032 64441360 136160 307816    0    0     0     0 3052 2475  2  0 98  0  0	
 3  0  11032 64441608 136160 307820    0    0     0     0 3039 2473  2  0 98  0  0	
 3  0  11032 64441484 136160 307820    0    0     0     0 3044 2472  2  0 98  0  0	
 1  0  11032 64441484 136160 307820    0    0     0     0 3068 2520  2  0 98  0  0	
 1  0  11032 64441492 136160 307824    0    0     0     4 3057 2483  2  0 98  0  0	
 1  0  11032 64441244 136160 307824    0    0     0     0 3093 2553  2  0 98  0  0	
 3  0  11032 64441360 136160 307828    0    0     0     0 3050 2474  2  0 98  0  0	
 3  0  11032 64441624 136160 307828    0    0     0     0 3042 2467  2  0 98  0  0	
 3  0  11032 64441624 136160 307828    0    0     0     0 3045 2470  2  0 98  0  0	
 1  0  11032 64441864 136160 307832    0    0     0     0 3066 2527  2  0 98  0  0	
 1  0  11032 64441740 136160 307836    0    0     0     0 3038 2465  2  0 98  0  0	
 1  0  11032 64441864 136160 307836    0    0     0     0 3047 2465  2  0 98  0  0	
 4  0  11032 64441864 136160 307836    0    0     0     0 3048 2456  2  0 98  0  0	
procs -----------memory---------- ---swap-- -----io---- --system-- -----cpu-----
 r  b   swpd   free   buff  cache   si   so    bi    bo   in   cs us sy id wa st
 2  0  11032 64441864 136160 307844    0    0     0     0 3049 2517  2  0 98  0  0	
 1  0  11032 64441740 136160 307844    0    0     0     0 3110 2566  2  0 98  0  0	
 1  0  11032 64441368 136160 307848    0    0     0     0 3122 2615  2  0 98  0  0	
 3  0  11032 64441616 136160 307852    0    0     0     0 3064 2531  2  0 98  0  0	
 3  0  11032 64441484 136160 307856    0    0     0     0 3000 2456  2  0 98  0  0	
 1  0  11032 64441476 136160 307856    0    0     0     0 3003 2458  2  0 98  0  0	
 1  0  11032 64441352 136160 307860    0    0     0     6 3056 2486  2  0 98  0  0	
 1  0  11032 64441476 136160 307860    0    0     0     0 3046 2459  2  0 98  0  0	
 3  0  11032 64441492 136160 307864    0    0     0     0 3080 2553  2  0 98  0  0	
 1  0  11032 64441492 136160 307868    0    0     0     0 3025 2502  2  0 98  0  0	
 1  0  11032 64441500 136160 307868    0    0     0     0 3115 2607  2  0 98  0  0	
 1  0  11032 64441624 136160 307876    0    0     0     6 3072 2514  2  0 98  0  0	
 3  0  11032 64441376 136160 307876    0    0     0     0 3098 2565  2  0 98  0  0	
 1  0  11032 64441500 136160 307876    0    0     0     0 3103 2562  2  0 98  0  0	
 1  0  11032 64441500 136160 307880    0    0     0     0 3088 2589  2  0 98  0  0	
 1  0  11032 64441500 136160 307884    0    0     0     0 3074 2524  2  0 98  0  0	
 3  0  11032 64441360 136160 307884    0    0     0     0 3070 2510  2  0 98  0  0	
 3  0  11032 64441360 136160 307888    0    0     0     0 3044 2473  2  0 98  0  0	
 3  0  11032 64441608 136160 307888    0    0     0     8 3069 2492  2  0 98  0  0	
 1  0  11032 64441476 136160 307896    0    0     0     0 3051 2474  2  0 98  0  0	
 1  0  11032 64441352 136160 307900    0    0     0     0 3074 2529  2  0 98  0  0	
procs -----------memory---------- ---swap-- -----io---- --system-- -----cpu-----
 r  b   swpd   free   buff  cache   si   so    bi    bo   in   cs us sy id wa st
 1  0  11032 64441236 136160 307900    0    0     0     4 3058 2478  2  0 98  0  0	
 1  0  11032 64441244 136160 307904    0    0     0     0 3051 2461  2  0 98  0  0	
 3  0  11032 64441492 136160 307904    0    0     0     0 3067 2507  2  0 98  0  0	
 3  0  11032 64441252 136160 307908    0    0     0     0 3163 2762  2  0 98  0  0	
 1  0  11032 64441508 136160 307912    0    0     0     0 3476 3343  2  0 98  0  0	
 1  0  11032 64441368 136160 307912    0    0     0     0 3191 2787  2  0 98  0  0	
 2  0  11032 64441492 136160 307916    0    0     0     0 3049 2473  2  0 98  0  0	
 2  0  11032 64441492 136160 307924    0    0     0     0 3071 2510  2  0 98  0  0	
 1  0  11032 64441492 136160 307924    0    0     0     0 3193 2789  2  0 98  0  0	
 1  0  11032 64441492 136160 307928    0    0     0     0 3209 2830  2  0 98  0  0	
 1  0  11032 64441624 136160 307932    0    0     0     0 3294 2968  2  0 98  0  0	
 1  0  11032 64441616 136160 307932    0    0     0     0 3092 2627  2  0 98  0  0	
 2  0  11032 64441740 136160 307940    0    0     0     0 3130 2606  2  0 98  0  0	
 2  0  11032 64441492 136160 307944    0    0     0     0 3237 2868  2  0 98  0  0	
 1  0  11032 64441368 136160 307944    0    0     0     0 3225 2857  2  0 98  0  0	
 1  0  11032 64441608 136160 307948    0    0     0     6 3063 2490  2  0 98  0  0	
 3  0  11032 64441484 136160 307952    0    0     0     0 3053 2470  2  0 98  0  0	
 3  0  11032 64441608 136160 307952    0    0     0     0 3067 2524  2  0 98  0  0	
 3  0  11032 64441360 136160 307956    0    0     0     0 3068 2509  2  0 98  0  0	
 1  0  11032 64441360 136160 307956    0    0     0     0 3088 2536  2  0 98  0  0	
 1  0  11032 64441608 136160 307956    0    0     0     0 3208 2779  2  0 98  0  0	
procs -----------memory---------- ---swap-- -----io---- --system-- -----cpu-----
 r  b   swpd   free   buff  cache   si   so    bi    bo   in   cs us sy id wa st
 1  0  11032 64441368 136160 307964    0    0     0     0 3172 2782  2  0 98  0  0	
 1  0  11032 64441360 136160 307964    0    0     0     0 3084 2532  2  0 98  0  0	
 3  0  11032 64441368 136160 307968    0    0     0     0 3076 2531  2  0 98  0  0	
 1  0  11032 64441740 136160 307972    0    0     0     0 3047 2471  2  0 98  0  0	
 1  0  11032 64441476 136160 307972    0    0     0     0 3066 2504  2  0 98  0  0	
 1  0  11032 64441944 136160 307972    0    0     0     0 3058 2493  2  0 98  0  0	
 3  0  11032 64441704 136160 307976    0    0     0     0 3088 2492  2  0 98  0  0	
 1  0  11032 64441952 136160 307976    0    0     0     0 3043 2468  2  0 98  0  0	
 1  0  11032 64441952 136160 307980    0    0     0     0 3071 2521  2  0 98  0  0	
 1  0  11032 64442088 136160 307984    0    0     0     2 3005 2468  2  0 98  0  0	
 4  0  11032 64441840 136160 307984    0    0     0     0 3107 2628  2  0 98  0  0	
 1  0  11032 64441840 136160 307984    0    0     0     0 3037 2482  2  0 98  0  0	
 1  0  11032 64441724 136160 307988    0    0     0     0 3100 2573  2  0 98  0  0	
 1  0  11032 64441724 136160 307992    0    0     0     0 3103 2577  2  0 98  0  0	
 3  0  11032 64441716 136160 307996    0    0     0     0 3126 2622  2  0 98  0  0	
 1  0  11032 64441592 136160 308000    0    0     0     0 3124 2571  2  0 98  0  0	
 1  0  11032 64441840 136160 308000    0    0     0     0 3110 2572  2  0 98  0  0	
 3  0  11032 64441840 136160 308004    0    0     0     0 3085 2537  2  0 98  0  0	
 3  0  11032 64441584 136160 308008    0    0     0     0 3063 2479  2  0 98  0  0	
 1  0  11032 64441344 136160 308008    0    0     0     0 3093 2492  2  0 98  0  0	
 1  0  11032 64441460 136160 308012    0    0     0     0 3081 2544  2  0 98  0  0	
procs -----------memory---------- ---swap-- -----io---- --system-- -----cpu-----
 r  b   swpd   free   buff  cache   si   so    bi    bo   in   cs us sy id wa st
 1  0  11032 64441460 136160 308012    0    0     0     0 3088 2498  2  0 98  0  0	
 3  0  11032 64441212 136160 308012    0    0     0     0 3067 2473  2  0 98  0  0	
 1  0  11032 64440964 136160 308020    0    0     0     0 3068 2470  2  0 98  0  0	
 1  0  11032 64440956 136160 308024    0    0     0     6 3057 2498  2  0 98  0  0	
 1  0  11032 64440956 136160 308024    0    0     0     0 3048 2467  2  0 98  0  0	
 3  0  11032 64441080 136160 308028    0    0     0     0 3060 2515  2  0 98  0  0	
 1  0  11032 64441204 136160 308028    0    0     0     0 3055 2474  2  0 98  0  0	
 1  0  11032 64441060 136160 308032    0    0     0     0 3059 2471  2  0 98  0  0	
 1  0  11032 64441192 136160 308032    0    0     0     0 3050 2479  2  0 98  0  0	
 3  0  11032 64441316 136160 308032    0    0     0     0 3047 2462  2  0 98  0  0	
 1  0  11032 64441504 136160 308044    0    0     0     0 3075 2490  2  0 98  0  0	
 1  0  11032 64441628 136160 308048    0    0     0     0 3125 2574  2  0 98  0  0	
 3  0  11032 64441504 136160 308052    0    0     0     0 3063 2473  2  0 98  0  0	
 3  0  11032 64441372 136160 308056    0    0     0     0 3057 2479  2  0 98  0  0	
 1  0  11032 64441124 136160 308056    0    0     0     0 3049 2478  2  0 98  0  0	
 1  0  11032 64441372 136160 308056    0    0     0     0 3063 2490  2  0 98  0  0	
 3  0  11032 64441248 136160 308064    0    0     0     0 3042 2475  2  0 98  0  0	
 3  0  11032 64441372 136160 308068    0    0     0     0 3039 2506  2  0 98  0  0	
 1  0  11032 64441256 136160 308072    0    0     0     2 3067 2480  2  0 98  0  0	
 1  0  11032 64441140 136160 308072    0    0     0     0 3058 2480  2  0 98  0  0	
 3  0  11032 64441264 136160 308072    0    0     0     0 3056 2476  2  0 98  0  0	
procs -----------memory---------- ---swap-- -----io---- --system-- -----cpu-----
 r  b   swpd   free   buff  cache   si   so    bi    bo   in   cs us sy id wa st
 3  0  11032 64441264 136160 308076    0    0     0     0 3029 2471  2  0 98  0  0	
 1  0  11032 64441388 136160 308076    0    0     0     0 3038 2465  2  0 98  0  0	
 1  0  11032 64441256 136160 308076    0    0     0     0 3069 2528  2  0 98  0  0	
 3  0  11032 64441132 136160 308080    0    0     0     0 3043 2461  2  0 98  0  0	
 3  0  11032 64441132 136160 308084    0    0     0     0 3064 2483  2  0 98  0  0	
 1  0  11032 64441008 136160 308088    0    0     0     0 3053 2472  2  0 98  0  0	
 1  0  11032 64441132 136160 308096    0    0     0     0 3021 2472  2  0 98  0  0	
 3  0  11032 64441248 136160 308100    0    0     0     0 3134 2623  2  0 98  0  0	
 3  0  11032 64441124 136160 308104    0    0     0     0 3112 2605  2  0 98  0  0	
 1  0  11032 64442124 136160 308104    0    0     0     0 3103 2518  2  0 98  0  0	
 1  0  11032 64442248 136160 308104    0    0     0     0 3064 2504  2  0 98  0  0	
 3  0  11032 64442248 136160 308108    0    0     0     0 3049 2470  2  0 98  0  0	
 3  0  11032 64442480 136160 308112    0    0     0     6 3056 2487  2  0 98  0  0	
 1  0  11032 64442616 136160 308112    0    0     0     0 3042 2462  2  0 98  0  0	
 1  0  11032 64442492 136160 308112    0    0     0     0 3090 2598  2  0 98  0  0	
 3  0  11032 64442516 136160 308116    0    0     0     0 3100 2550  2  0 98  0  0	
 3  0  11032 64442516 136160 308116    0    0     0     0 3065 2502  2  0 98  0  0	
 1  0  11032 64442384 136160 308116    0    0     0     0 3058 2572  2  0 98  0  0	
 1  0  11032 64442508 136160 308120    0    0     0     0 3043 2494  2  0 98  0  0	
 3  0  11032 64442632 136160 308124    0    0     0     0 3113 2578  2  0 98  0  0	
 2  0  11032 64442384 136160 308128    0    0     0     0 3095 2571  2  0 98  0  0	
procs -----------memory---------- ---swap-- -----io---- --system-- -----cpu-----
 r  b   swpd   free   buff  cache   si   so    bi    bo   in   cs us sy id wa st
 1  0  11032 64442384 136160 308132    0    0     0     0 3096 2627  2  0 98  0  0	
 3  0  11032 64442376 136160 308132    0    0     0     0 3031 2470  2  0 98  0  0	
 1  0  11032 64442252 136160 308136    0    0     0     0 3079 2532  2  0 98  0  0	
 1  0  11032 64442128 136160 308140    0    0     0     0 3065 2499  2  0 98  0  0	
 3  0  11032 64442244 136160 308140    0    0     0     0 3057 2485  2  0 98  0  0	
 3  0  11032 64442244 136160 308144    0    0     0     0 3081 2538  2  0 98  0  0	
 1  0  11032 64442128 136160 308148    0    0     0     2 3013 2471  2  0 98  0  0	
 1  0  11032 64442136 136160 308148    0    0     0     0 2991 2453  2  0 98  0  0	
 1  0  11032 64442384 136160 308152    0    0     0     0 3038 2498  2  0 98  0  0	
 3  0  11032 64442516 136160 308152    0    0     0     0 3087 2548  2  0 98  0  0	
 1  0  11032 64442392 136160 308152    0    0     0     0 3127 2578  2  0 98  0  0	
 2  0  11032 64442632 136160 308156    0    0     0     0 3065 2573  2  0 98  0  0	
 1  0  11032 64442508 136160 308156    0    0     0     0 3093 2545  2  0 98  0  0	
 3  0  11032 64442388 136160 308164    0    0     0     0 3059 2485  2  0 98  0  0	
 1  0  11032 64442512 136160 308172    0    0     0     0 3040 2492  2  0 98  0  0	
 1  0  11032 64442264 136160 308172    0    0     0     0 3119 2575  2  0 98  0  0	
 3  0  11032 64442512 136160 308176    0    0     0     0 3083 2560  2  0 98  0  0	
 3  0  11032 64442380 136160 308176    0    0     0     0 3198 2796  2  0 98  0  0	
 1  0  11032 64441504 136160 308176    0    0     0     0 3082 2503  2  0 98  0  0	
 1  0  11032 64441504 136160 308184    0    0     0     0 3091 2557  2  0 98  0  0	
 1  0  11032 64441628 136160 308188    0    0     0     0 3090 2537  2  0 98  0  0	
procs -----------memory---------- ---swap-- -----io---- --system-- -----cpu-----
 r  b   swpd   free   buff  cache   si   so    bi    bo   in   cs us sy id wa st
 3  0  11032 64441496 136164 308196    0    0     0    32 3096 2544  2  0 97  0  0	
 1  0  11032 64441496 136164 308200    0    0     0     0 3046 2460  2  0 98  0  0	
 1  0  11032 64441496 136164 308200    0    0     0     0 3063 2521  2  0 98  0  0	
 1  0  11032 64441396 136164 308200    0    0     0     0 3045 2473  2  0 98  0  0	
 3  0  11032 64441520 136164 308204    0    0     0     0 3082 2541  2  0 98  0  0	
 1  0  11032 64441512 136164 308204    0    0     0     0 3058 2486  2  0 98  0  0	
 1  0  11032 64441512 136164 308208    0    0     0     0 3296 3020  2  0 98  0  0	
 3  0  11032 64441504 136164 308208    0    0     0     0 3030 2468  2  0 98  0  0	
 3  0  11032 64441512 136164 308216    0    0     0     0 3067 2564  2  0 98  0  0	
 1  0  11032 64441636 136164 308220    0    0     0     0 3078 2509  2  0 98  0  0	
 1  0  11032 64441504 136164 308220    0    0     0     0 3057 2497  2  0 98  0  0	
 1  0  11032 64441504 136164 308220    0    0     0     0 3024 2464  2  0 98  0  0	
 3  0  11032 64441504 136164 308224    0    0     0     0 3055 2484  2  0 98  0  0	
 1  0  11032 64441380 136164 308224    0    0     0     0 3055 2493  2  0 98  0  0	
 1  0  11032 64441380 136164 308224    0    0     0     0 3084 2547  2  0 98  0  0	
 1  0  11032 64441512 136164 308232    0    0     0    24 3078 2490  2  0 98  0  0	
 3  0  11032 64441388 136164 308232    0    0     0     0 3052 2474  2  0 98  0  0	
 1  0  11032 64441388 136164 308236    0    0     0     0 3067 2483  2  0 98  0  0	
 1  0  11032 64441636 136164 308240    0    0     0     0 3055 2476  2  0 98  0  0	
 3  0  11032 64441388 136164 308240    0    0     0     0 3045 2465  2  0 98  0  0	
 3  0  11032 64441628 136164 308244    0    0     0     0 3069 2531  2  0 98  0  0	
procs -----------memory---------- ---swap-- -----io---- --system-- -----cpu-----
 r  b   swpd   free   buff  cache   si   so    bi    bo   in   cs us sy id wa st
 1  0  11032 64441628 136164 308244    0    0     0     0 3058 2468  2  0 98  0  0	
 1  0  11032 64441876 136164 308244    0    0     0     0 3058 2479  2  0 98  0  0	
 1  0  11032 64441752 136164 308252    0    0     0     0 3019 2474  2  0 98  0  0	
 3  0  11032 64442124 136164 308256    0    0     0     0 3060 2509  2  0 98  0  0	
 1  0  11032 64441752 136164 308256    0    0     0     0 3124 2596  2  0 98  0  0	
 1  0  11032 64441868 136164 308256    0    0     0     0 3130 2632  2  0 98  0  0	
 1  0  11032 64441992 136164 308260    0    0     0     0 3143 2642  2  0 98  0  0	
 3  0  11032 64441868 136164 308264    0    0     0     0 3077 2537  2  0 98  0  0	
 1  0  11032 64441984 136164 308268    0    0     0     0 3127 2612  2  0 98  0  0	
 1  0  11032 64441984 136164 308268    0    0     0     6 3219 2865  2  0 98  0  0	
 4  0  11032 64441736 136164 308272    0    0     0     0 3019 2414  2  0 98  0  0	
 3  0  11032 64441736 136164 308276    0    0     0     0 3089 2577  2  0 98  0  0	
 1  0  11032 64441636 136164 308276    0    0     0     0 3010 2457  2  0 98  0  0	
 1  0  11032 64441644 136164 308276    0    0     0     6 3067 2480  2  0 98  0  0	
 1  0  11032 64441760 136164 308284    0    0     0     0 3058 2482  2  0 98  0  0	
 3  0  11032 64441636 136164 308284    0    0     0     0 3049 2473  2  0 98  0  0	
 1  0  11032 64441752 136164 308288    0    0     0     0 3005 2475  2  0 98  0  0	
 1  0  11032 64441768 136164 308300    0    0     0     0 3056 2524  2  0 98  0  0	
 1  0  11032 64441644 136164 308300    0    0     0     0 3069 2475  2  0 98  0  0	
 3  0  11032 64441504 136164 308300    0    0     0     0 3086 2544  2  0 98  0  0	
 1  0  11032 64441504 136164 308304    0    0     0     0 3076 2523  2  0 98  0  0	
procs -----------memory---------- ---swap-- -----io---- --system-- -----cpu-----
 r  b   swpd   free   buff  cache   si   so    bi    bo   in   cs us sy id wa st
 1  0  11032 64441752 136164 308304    0    0     0     8 3075 2519  2  0 98  0  0	
 3  0  11032 64441620 136164 308308    0    0     0     0 3053 2474  2  0 98  0  0	
 3  0  11032 64441620 136164 308308    0    0     0     0 3072 2542  2  0 98  0  0	
 1  0  11032 64441000 136164 308312    0    0     0    26 3166 2583  2  0 98  0  0	
 2  0  11032 64440760 136164 308328    0    0     0     0 3117 2615  2  0 98  0  0	
 1  0  11032 64440884 136164 308328    0    0     0     0 3080 2505  2  0 98  0  0	
 4  0  11032 64441024 136164 308328    0    0     0     0 3076 2507  2  0 98  0  0	
 1  0  11032 64441176 136164 308332    0    0     0     0 3071 2482  2  0 98  0  0	
 1  0  11032 64441044 136164 308332    0    0     0     0 3087 2543  2  0 98  0  0	
 1  0  11032 64441556 136164 308332    0    0     0     0 3072 2492  2  0 98  0  0	
 3  0  11032 64441432 136164 308336    0    0     0     0 3072 2482  2  0 98  0  0	
 1  0  11032 64441308 136164 308344    0    0     0     0 3072 2482  2  0 98  0  0	
 1  0  11032 64441432 136164 308352    0    0     0     0 3075 2491  2  0 98  0  0	
 3  0  11032 64441432 136164 308352    0    0     0     0 3081 2500  2  0 98  0  0	
 3  0  11032 64441424 136164 308356    0    0     0     0 3102 2565  2  0 98  0  0	
 1  0  11032 64441540 136164 308360    0    0     0     0 3139 2575  2  0 98  0  0	
 1  0  11032 64441540 136164 308360    0    0     0     0 3203 2749  2  0 98  0  0	
 1  0  11032 64441540 136164 308360    0    0     0     0 3086 2527  2  0 98  0  0	
 3  0  11032 64441160 136164 308368    0    0     0     6 3117 2581  2  0 98  0  0	
 1  0  11032 64441160 136164 308368    0    0     0     0 3120 2587  2  0 98  0  0	
 1  0  11032 64441292 136164 308368    0    0     0     0 3104 2576  2  0 98  0  0	
procs -----------memory---------- ---swap-- -----io---- --system-- -----cpu-----
 r  b   swpd   free   buff  cache   si   so    bi    bo   in   cs us sy id wa st
 1  0  11032 64441440 136164 308372    0    0     0    12 3149 2655  2  0 98  0  0	
 3  0  11032 64441192 136164 308372    0    0     0     0 3145 2628  2  0 98  0  0	
 1  0  11032 64441308 136164 308376    0    0     0     0 3129 2591  2  0 98  0  0	
 1  0  11032 64441184 136164 308376    0    0     0     0 3112 2565  2  0 98  0  0	
 1  0  11032 64441432 136164 308376    0    0     0     0 3114 2548  2  0 98  0  0	
 3  0  11032 64441432 136164 308384    0    0     0     0 3096 2547  2  0 98  0  0	
 1  0  11032 64441308 136164 308388    0    0     0     0 3111 2559  2  0 98  0  0	
 1  0  11032 64441672 136164 308388    0    0     0     0 3085 2525  2  0 98  0  0	
 1  0  11032 64441176 136164 308396    0    0     0     0 3057 2480  2  0 98  0  0	
 3  0  11032 64441052 136164 308396    0    0     0     0 3093 2517  2  0 98  0  0	
 3  0  11032 64441548 136164 308396    0    0     0     0 3166 2674  2  0 98  0  0	
 1  0  11032 64441672 136164 308396    0    0     0     0 3139 2646  2  0 98  0  0	
 1  0  11032 64441556 136164 308400    0    0     0     0 3234 2759  2  0 98  0  0	
 3  0  11032 64441556 136164 308400    0    0     0     0 3080 2510  2  0 98  0  0	
 1  0  11032 64441680 136164 308404    0    0     0     0 3085 2622  2  0 98  0  0	
 1  0  11032 64441556 136164 308408    0    0     0     0 3035 2519  2  0 98  0  0	
 1  0  11032 64441680 136164 308408    0    0     0     0 3133 2570  2  0 98  0  0	
 2  0  11032 64441796 136164 308412    0    0     0     0 3098 2558  2  0 98  0  0	
 1  0  11032 64441548 136164 308412    0    0     0     0 3105 2597  2  0 98  0  0	
 1  0  11032 64441548 136164 308416    0    0     0     0 3102 2574  2  0 98  0  0	
 3  0  11032 64441300 136164 308424    0    0     0     0 3069 2462  2  0 98  0  0	
procs -----------memory---------- ---swap-- -----io---- --system-- -----cpu-----
 r  b   swpd   free   buff  cache   si   so    bi    bo   in   cs us sy id wa st
 4  0  11032 64441424 136164 308428    0    0     0     0 3036 2474  2  0 98  0  0	
 1  0  11032 64441432 136164 308428    0    0     0     0 3159 2667  2  0 98  0  0	
 1  0  11032 64441300 136164 308432    0    0     0     0 3141 2653  2  0 98  0  0	
 3  0  11032 64441300 136164 308432    0    0     0     0 3114 2556  2  0 98  0  0	
 3  0  11032 64441180 136164 308432    0    0     0     0 3047 2478  2  0 98  0  0	
 3  0  11032 64441428 136164 308440    0    0     0     0 3071 2540  2  0 98  0  0	
 1  0  11032 64441544 136164 308440    0    0     0     6 3133 2602  2  0 98  0  0	
 1  0  11032 64441420 136164 308448    0    0     0     0 3046 2516  2  0 98  0  0	
 3  0  11032 64441420 136164 308452    0    0     0     0 3063 2527  2  0 98  0  0	
 3  0  11032 64441444 136164 308456    0    0     0     0 3042 2497  2  0 98  0  0	
 1  0  11032 64441444 136164 308460    0    0     0     0 3085 2539  2  0 98  0  0	
 3  0  11032 64441560 136164 308460    0    0     0     0 3050 2470  2  0 98  0  0	
 3  0  11032 64441684 136164 308460    0    0     0     0 3097 2560  2  0 98  0  0	
 1  0  11032 64441684 136164 308464    0    0     0     0 3101 2556  2  0 98  0  0	
