procs -----------memory---------- ---swap-- -----io---- --system-- -----cpu-----
 r  b   swpd   free   buff  cache   si   so    bi    bo   in   cs us sy id wa st
 5  0  11032 64566200 136248 329924    0    0     0     1    0    0  5  1 94  0  0	
 3  0  11032 64417312 136248 329960    0    0     0     0 3263 2853  2  0 98  0  0	
 3  0  11032 64416716 136248 329968    0    0     0     0 3185 2672  2  0 98  0  0	
 1  0  11032 64416832 136248 329972    0    0     0    10 3064 2487  2  0 98  0  0	
 2  0  11032 64417528 136248 329972    0    0     0     0 3246 2853  2  0 98  0  0	
 1  0  11032 64418156 136248 329972    0    0     0     0 3276 2887  2  0 98  0  0	
 2  0  11032 64418288 136248 329976    0    0     0     0 3118 2574  2  0 98  0  0	
 1  0  11032 64418448 136248 329976    0    0     0     0 3077 2540  2  0 98  0  0	
 1  0  11032 64418784 136248 329980    0    0     0     0 3127 2604  2  0 98  0  0	
 1  0  11032 64418460 136248 329984    0    0     0     0 3239 2811  2  0 98  0  0	
 1  0  11032 64418832 136248 329984    0    0     0     0 3095 2517  2  0 98  0  0	
 1  0  11032 64418792 136248 329984    0    0     0     0 3101 2553  2  0 98  0  0	
 1  0  11032 64418924 136248 329988    0    0     0     0 3068 2493  2  0 98  0  0	
 1  0  11032 64419168 136248 329988    0    0     0     0 3080 2528  2  0 98  0  0	
 1  0  11032 64419292 136248 329992    0    0     0     0 3083 2499  2  0 98  0  0	
 1  0  11032 64419168 136248 329996    0    0     0     0 3085 2490  2  0 98  0  0	
 1  0  11032 64419160 136248 329996    0    0     0     0 3075 2507  2  0 98  0  0	
 1  0  11032 64419292 136248 330004    0    0     0     2 3080 2487  2  0 98  0  0	
 1  0  11032 64419168 136248 330008    0    0     0     0 3076 2481  2  0 98  0  0	
 2  0  11032 64419292 136248 330008    0    0     0    14 3090 2546  2  0 98  0  0	
 1  0  11032 64419284 136248 330012    0    0     0     0 3106 2495  2  0 98  0  0	
procs -----------memory---------- ---swap-- -----io---- --system-- -----cpu-----
 r  b   swpd   free   buff  cache   si   so    bi    bo   in   cs us sy id wa st
 1  0  11032 64419292 136248 330012    0    0     0     0 3097 2491  2  0 98  0  0	
 1  0  11032 64419308 136248 330012    0    0     0     0 3092 2500  2  0 98  0  0	
 1  0  11032 64419664 136248 330016    0    0     0     0 3160 2673  2  0 98  0  0	
 1  0  11032 64419664 136248 330020    0    0     0     0 3140 2641  2  0 98  0  0	
 1  0  11032 64419664 136248 330024    0    0     0     0 3175 2716  2  0 98  0  0	
 2  0  11032 64419664 136248 330024    0    0     0     0 3088 2524  2  0 98  0  0	
 1  0  11032 64419672 136248 330024    0    0     0     0 3090 2539  2  0 98  0  0	
 3  0  11032 64419548 136248 330028    0    0     0     0 3137 2632  2  0 98  0  0	
 1  0  11032 64419780 136248 330028    0    0     0     0 3176 2669  2  0 98  0  0	
 1  0  11032 64419672 136248 330032    0    0     0     0 3219 2723  2  0 98  0  0	
 1  0  11032 64419532 136248 330036    0    0     0     0 3222 2752  2  0 98  0  0	
 1  0  11032 64419788 136248 330040    0    0     0     0 3135 2578  2  0 98  0  0	
 2  0  11032 64419524 136248 330040    0    0     0     0 3115 2577  2  0 98  0  0	
 1  0  11032 64419652 136248 330044    0    0     0     0 3086 2498  2  0 98  0  0	
 1  0  11032 64419856 136248 330044    0    0     0     6 3220 2792  2  0 98  0  0	
 1  0  11032 64419856 136248 330048    0    0     0     0 3076 2515  2  0 98  0  0	
 2  0  11032 64419732 136248 330048    0    0     0    10 3125 2591  2  0 98  0  0	
 1  0  11032 64419624 136248 330052    0    0     0     0 3184 2719  2  0 98  0  0	
 1  0  11032 64419500 136248 330052    0    0     0     0 3108 2555  2  0 98  0  0	
 1  0  11032 64419872 136248 330060    0    0     0     0 3198 2726  2  0 98  0  0	
 1  0  11032 64419872 136248 330060    0    0     0     0 3072 2503  2  0 98  0  0	
procs -----------memory---------- ---swap-- -----io---- --system-- -----cpu-----
 r  b   swpd   free   buff  cache   si   so    bi    bo   in   cs us sy id wa st
 1  0  11032 64419880 136248 330060    0    0     0     0 3220 2794  2  0 98  0  0	
 1  0  11032 64419756 136248 330068    0    0     0     0 3090 2547  2  0 98  0  0	
 1  0  11032 64419756 136248 330072    0    0     0     0 3097 2508  2  0 98  0  0	
 1  0  11032 64419880 136248 330072    0    0     0     0 3161 2656  2  0 98  0  0	
 2  0  11032 64419500 136248 330080    0    0     0     0 3312 2929  2  0 98  0  0	
 2  0  11032 64419244 136248 330084    0    0     0     0 3068 2491  2  0 98  0  0	
 1  0  11032 64419492 136248 330088    0    0     0     0 3273 2864  2  0 98  0  0	
 1  0  11032 64419376 136248 330088    0    0     0     0 3174 2661  2  0 98  0  0	
 1  0  11032 64419260 136248 330088    0    0     0     0 3282 2883  2  0 98  0  0	
 1  0  11032 64419128 136248 330092    0    0     0     0 3095 2520  2  0 98  0  0	
 1  0  11032 64419212 136248 330092    0    0     0     0 3236 2774  2  0 98  0  0	
 3  0  11032 64419080 136248 330092    0    0     0     0 3151 2589  2  0 98  0  0	
 1  0  11032 64418832 136248 330104    0    0     0     0 3095 2502  2  0 98  0  0	
 1  0  11032 64419080 136248 330104    0    0     0     0 3093 2540  2  0 98  0  0	
 1  0  11032 64419204 136248 330108    0    0     0     0 3074 2499  2  0 98  0  0	
 1  0  11032 64419088 136248 330112    0    0     0     0 3083 2515  2  0 98  0  0	
 1  0  11032 64419348 136248 330112    0    0     0     0 3156 2670  2  0 98  0  0	
 1  0  11032 64419368 136248 330112    0    0     0     0 3238 2802  2  0 98  0  0	
 1  0  11032 64419372 136248 330120    0    0     0     0 3143 2623  2  0 98  0  0	
 1  0  11032 64419384 136248 330120    0    0     0     0 3160 2682  2  0 98  0  0	
 2  0  11032 64419392 136248 330124    0    0     0     0 3221 2748  2  0 98  0  0	
procs -----------memory---------- ---swap-- -----io---- --system-- -----cpu-----
 r  b   swpd   free   buff  cache   si   so    bi    bo   in   cs us sy id wa st
 1  0  11032 64419004 136248 330128    0    0     0     0 3071 2484  2  0 98  0  0	
 1  0  11032 64419244 136248 330132    0    0     0     0 3159 2656  2  0 98  0  0	
 1  0  11032 64419120 136248 330136    0    0     0     6 3124 2591  2  0 98  0  0	
 1  0  11032 64419244 136248 330136    0    0     0     0 3075 2499  2  0 98  0  0	
 1  0  11032 64419244 136248 330136    0    0     0     0 3080 2539  2  0 98  0  0	
 1  0  11032 64419376 136248 330140    0    0     0     0 3078 2495  2  0 98  0  0	
 2  0  11032 64419136 136248 330140    0    0     0     0 3082 2494  2  0 98  0  0	
 1  0  11032 64419136 136248 330144    0    0     0     0 3078 2501  2  0 98  0  0	
 2  0  11032 64419260 136248 330152    0    0     0     0 3077 2500  2  0 98  0  0	
 1  0  11032 64419268 136248 330152    0    0     0     0 3086 2502  2  0 98  0  0	
 2  0  11032 64419260 136248 330152    0    0     0     0 3097 2544  2  0 98  0  0	
 1  0  11032 64419260 136248 330156    0    0     0     0 3091 2506  2  0 98  0  0	
 1  0  11032 64419260 136248 330160    0    0     0     0 3114 2570  2  0 98  0  0	
 1  0  11032 64419244 136248 330164    0    0     0     0 3119 2554  2  0 98  0  0	
 1  0  11032 64419244 136248 330164    0    0     0     0 3086 2487  2  0 98  0  0	
 3  0  11032 64419360 136248 330168    0    0     0     0 3088 2492  2  0 98  0  0	
 1  0  11032 64419252 136248 330172    0    0     0     0 3099 2547  2  0 98  0  0	
 1  0  11032 64419376 136248 330172    0    0     0     0 3077 2476  2  0 98  0  0	
 1  0  11032 64419252 136248 330172    0    0     0     0 3082 2493  2  0 98  0  0	
 1  0  11032 64419260 136248 330176    0    0     0     2 3084 2499  2  0 98  0  0	
 2  0  11032 64419384 136248 330176    0    0     0     0 3099 2502  2  0 98  0  0	
procs -----------memory---------- ---swap-- -----io---- --system-- -----cpu-----
 r  b   swpd   free   buff  cache   si   so    bi    bo   in   cs us sy id wa st
 1  0  11032 64419136 136248 330176    0    0     0     0 3086 2498  2  0 98  0  0	
 2  0  11032 64419136 136248 330180    0    0     0     0 3092 2546  2  0 98  0  0	
 1  0  11032 64419260 136248 330184    0    0     0     0 3083 2499  2  0 98  0  0	
 2  0  11032 64419384 136248 330188    0    0     0     0 3071 2490  2  0 98  0  0	
 2  0  11032 64419624 136248 330192    0    0     0     0 3088 2497  2  0 98  0  0	
 1  0  11032 64419632 136248 330196    0    0     0     0 3202 2741  2  0 98  0  0	
 1  0  11032 64419632 136248 330200    0    0     0     0 3123 2571  2  0 98  0  0	
 1  0  11032 64419756 136248 330208    0    0     0     0 3102 2560  2  0 98  0  0	
 1  0  11032 64419508 136248 330212    0    0     0     0 3102 2513  2  0 98  0  0	
 2  0  11032 64419624 136248 330212    0    0     0     0 3224 2755  2  0 98  0  0	
 2  0  11032 64419368 136248 330216    0    0     0     0 3058 2535  2  0 98  0  0	
 1  0  11032 64419492 136248 330216    0    0     0     6 3043 2467  2  0 98  0  0	
 2  0  11032 64419620 136248 330216    0    0     0     0 3015 2471  2  0 98  0  0	
 1  0  11032 64419496 136248 330220    0    0     0     0 3073 2536  2  0 98  0  0	
 1  0  11032 64419380 136248 330220    0    0     0     0 3042 2471  2  0 98  0  0	
 1  0  11032 64419628 136248 330224    0    0     0     0 3063 2494  2  0 98  0  0	
 1  0  11032 64419628 136248 330228    0    0     0     0 3183 2720  2  0 98  0  0	
 1  0  11032 64419752 136248 330228    0    0     0     0 3064 2509  2  0 98  0  0	
 1  0  11032 64419636 136248 330232    0    0     0     0 3005 2447  2  0 98  0  0	
 2  0  11032 64419628 136248 330232    0    0     0     0 3055 2506  2  0 98  0  0	
 1  0  11032 64419380 136248 330236    0    0     0     0 3041 2466  2  0 98  0  0	
procs -----------memory---------- ---swap-- -----io---- --system-- -----cpu-----
 r  b   swpd   free   buff  cache   si   so    bi    bo   in   cs us sy id wa st
 2  0  11032 64419132 136248 330240    0    0     0     0 3011 2396  2  0 98  0  0	
 1  0  11032 64419380 136248 330240    0    0     0     0 3052 2480  2  0 98  0  0	
 1  0  11032 64419380 136248 330244    0    0     0     0 3007 2457  2  0 98  0  0	
 1  0  11032 64419760 136248 330252    0    0     0     0 3050 2472  2  0 98  0  0	
 1  0  11032 64419628 136248 330252    0    0     0     0 3151 2695  2  0 98  0  0	
 1  0  11032 64419752 136248 330252    0    0     0     0 3056 2467  2  0 98  0  0	
 1  0  11032 64419628 136248 330256    0    0     0     0 3209 2840  2  0 98  0  0	
 2  0  11032 64419636 136248 330256    0    0     0     2 3104 2623  2  0 98  0  0	
 1  0  11032 64419636 136248 330260    0    0     0     0 3095 2567  2  0 98  0  0	
 1  0  11032 64419264 136248 330260    0    0     0     0 3089 2543  2  0 98  0  0	
 1  0  11032 64419264 136248 330264    0    0     0     0 3124 2652  2  0 98  0  0	
 1  0  11032 64419512 136248 330272    0    0     0     0 3036 2466  2  0 98  0  0	
 1  0  11032 64419388 136248 330272    0    0     0     0 3004 2452  2  0 98  0  0	
 1  0  11032 64419388 136248 330272    0    0     0     0 3017 2468  2  0 98  0  0	
 2  0  11032 64419388 136248 330276    0    0     0     0 3087 2546  2  0 98  0  0	
 1  0  11032 64419264 136248 330280    0    0     0     0 3112 2588  2  0 98  0  0	
 2  0  11032 64419512 136248 330280    0    0     0     0 3237 2801  2  0 98  0  0	
 1  0  11032 64419140 136248 330284    0    0     0     0 3104 2528  2  0 98  0  0	
 1  0  11032 64419008 136248 330288    0    0     0     0 3096 2514  2  0 98  0  0	
 1  0  11032 64418880 136248 330292    0    0     0     6 3089 2528  2  0 98  0  0	
 1  0  11032 64418880 136248 330296    0    0     0     0 3082 2499  2  0 98  0  0	
procs -----------memory---------- ---swap-- -----io---- --system-- -----cpu-----
 r  b   swpd   free   buff  cache   si   so    bi    bo   in   cs us sy id wa st
 1  0  11032 64418880 136248 330296    0    0     0     0 3076 2499  2  0 98  0  0	
 1  0  11032 64419004 136248 330300    0    0     0     0 3085 2556  2  0 98  0  0	
 2  0  11032 64419136 136248 330300    0    0     0     0 3075 2496  2  0 98  0  0	
 1  0  11032 64419020 136248 330304    0    0     0     0 3079 2503  2  0 98  0  0	
 2  0  11032 64419020 136248 330308    0    0     0     0 3081 2511  2  0 98  0  0	
 1  0  11032 64418896 136248 330312    0    0     0     8 3078 2522  2  0 98  0  0	
 1  0  11032 64419028 136248 330312    0    0     0     0 3072 2501  2  0 98  0  0	
 1  0  11032 64419020 136248 330320    0    0     0     0 3095 2561  2  0 98  0  0	
 1  0  11032 64418632 136248 330328    0    0     0    22 3124 2520  2  0 98  0  0	
 1  0  11032 64418392 136248 330332    0    0     0     0 3040 2463  2  0 98  0  0	
 1  0  11032 64418268 136248 330336    0    0     0     0 3054 2483  2  0 98  0  0	
 2  0  11032 64418384 136248 330336    0    0     0     0 3057 2482  2  0 98  0  0	
 1  0  11032 64418724 136248 330348    0    0     0     0 3085 2509  2  0 98  0  0	
 1  0  11032 64418980 136248 330348    0    0     0     0 3089 2543  2  0 98  0  0	
 1  0  11032 64418864 136248 330348    0    0     0     0 3149 2666  2  0 98  0  0	
 1  0  11032 64419176 136248 330348    0    0     0     0 3114 2609  2  0 98  0  0	
 1  0  11032 64418936 136248 330356    0    0     0    14 3125 2586  2  0 98  0  0	
 1  0  11032 64419184 136248 330356    0    0     0     0 3070 2506  2  0 98  0  0	
 1  0  11032 64419060 136248 330356    0    0     0     0 3114 2575  2  0 98  0  0	
 1  0  11032 64418936 136248 330360    0    0     0     0 3086 2531  2  0 98  0  0	
 2  0  11032 64419060 136248 330360    0    0     0     0 3068 2496  2  0 98  0  0	
procs -----------memory---------- ---swap-- -----io---- --system-- -----cpu-----
 r  b   swpd   free   buff  cache   si   so    bi    bo   in   cs us sy id wa st
 1  0  11032 64418936 136248 330364    0    0     0     0 3066 2492  2  0 98  0  0	
 2  0  11032 64419060 136248 330368    0    0     0     0 3083 2520  2  0 98  0  0	
 1  0  11032 64419184 136248 330368    0    0     0     0 3074 2502  2  0 98  0  0	
 1  0  11032 64419060 136248 330376    0    0     0     0 3070 2495  2  0 98  0  0	
 1  0  11032 64419060 136248 330376    0    0     0     0 3103 2557  2  0 98  0  0	
 1  0  11032 64419060 136248 330376    0    0     0     0 3094 2515  2  0 98  0  0	
 1  0  11032 64419300 136248 330380    0    0     0     0 3104 2518  2  0 98  0  0	
