Linux 2.6.32-279.14.1.el6.x86_64 (compute-662-2.local) 	04/20/20 	_x86_64_	(48 CPU)

21:08:45          PID    %usr %system  %guest    %CPU   CPU  Command
21:08:47        12894   99.00    0.50    0.00   99.50    13  lu-mz.A.x
21:08:49        12894  100.00    0.00    0.00  100.00    13  lu-mz.A.x
21:08:51        12894   99.50    0.00    0.00   99.50    13  lu-mz.A.x
21:08:53        12894  100.00    0.00    0.00  100.00    13  lu-mz.A.x
21:08:55        12894   99.50    0.00    0.00   99.50    13  lu-mz.A.x
21:08:57        12894  100.00    0.00    0.00  100.00    12  lu-mz.A.x
21:08:59        12894  100.00    0.00    0.00  100.00    12  lu-mz.A.x
21:09:01        12894   99.50    0.00    0.00   99.50    12  lu-mz.A.x
21:09:03        12894  100.00    0.00    0.00  100.00    12  lu-mz.A.x
21:09:05        12894   99.50    0.00    0.00   99.50    12  lu-mz.A.x
21:09:07        12894  100.00    0.00    0.00  100.00    12  lu-mz.A.x
21:09:09        12894  100.00    0.00    0.00  100.00    12  lu-mz.A.x
21:09:11        12894   99.50    0.00    0.00   99.50    12  lu-mz.A.x
21:09:13        12894  100.00    0.00    0.00  100.00    12  lu-mz.A.x
21:09:15        12894   99.50    0.00    0.00   99.50    12  lu-mz.A.x
21:09:17        12894  100.00    0.00    0.00  100.00    12  lu-mz.A.x
21:09:19        12894   99.50    0.00    0.00   99.50    12  lu-mz.A.x
21:09:21        12894  100.00    0.00    0.00  100.00    12  lu-mz.A.x
21:09:23        12894  100.00    0.00    0.00  100.00    12  lu-mz.A.x
21:09:25        12894   99.50    0.00    0.00   99.50    12  lu-mz.A.x
21:09:27        12894  100.00    0.00    0.00  100.00    12  lu-mz.A.x
21:09:29        12894   99.50    0.00    0.00   99.50    12  lu-mz.A.x
21:09:31        12894  100.00    0.00    0.00  100.00    12  lu-mz.A.x
21:09:33        12894   99.50    0.00    0.00   99.50    12  lu-mz.A.x
21:09:35        12894  100.00    0.00    0.00  100.00    12  lu-mz.A.x
21:09:37        12894  100.00    0.00    0.00  100.00    12  lu-mz.A.x
21:09:39        12894   99.50    0.00    0.00   99.50    12  lu-mz.A.x
21:09:41        12894  100.00    0.00    0.00  100.00    12  lu-mz.A.x
21:09:43        12894   99.50    0.00    0.00   99.50    12  lu-mz.A.x
21:09:45        12894  100.00    0.00    0.00  100.00    12  lu-mz.A.x
21:09:47        12894  100.00    0.00    0.00  100.00    12  lu-mz.A.x
21:09:49        12894   99.50    0.00    0.00   99.50    12  lu-mz.A.x
21:09:51        12894  100.00    0.00    0.00  100.00    12  lu-mz.A.x
21:09:53        12894   99.50    0.00    0.00   99.50    12  lu-mz.A.x
21:09:55        12894  100.00    0.00    0.00  100.00    12  lu-mz.A.x
