procs -----------memory---------- ---swap-- -----io---- --system-- -----cpu-----
 r  b   swpd   free   buff  cache   si   so    bi    bo   in   cs us sy id wa st
 4  0  11032 64596964 136156 301224    0    0     0     1    0    0  5  1 94  0  0	
 2  0  11032 64593408 136156 301260    0    0     0     0 3142 2657  2  0 98  0  0	
 1  0  11032 64593624 136156 301260    0    0     0    20 3126 2589  2  0 98  0  0	
 1  0  11032 64593884 136156 301264    0    0     0     0 3093 2548  2  0 98  0  0	
 2  0  11032 64594424 136156 301264    0    0     0     0 3094 2553  2  0 98  0  0	
 1  0  11032 64594704 136156 301264    0    0     0    10 3062 2533  2  0 98  0  0	
 1  0  11032 64595088 136156 301268    0    0     0     0 3000 2457  2  0 98  0  0	
 2  0  11032 64595316 136156 301268    0    0     0     0 3054 2479  2  0 98  0  0	
 1  0  11032 64595688 136156 301272    0    0     0     0 3046 2465  2  0 98  0  0	
