procs -----------memory---------- ---swap-- -----io---- --system-- -----cpu-----
 r  b   swpd   free   buff  cache   si   so    bi    bo   in   cs us sy id wa st
 4  0  11032 64596036 136156 301056    0    0     0     1    0    0  5  1 94  0  0	
 2  1  11032 64593200 136156 301092    0    0     0    10 3214 2695  2  0 98  0  0	
 1  0  11032 64593476 136156 301092    0    0     0     2 3166 2631  2  0 98  0  0	
 1  0  11032 64593612 136156 301096    0    0     0     0 3077 2476  2  0 98  0  0	
 1  0  11032 64594100 136156 301096    0    0     0     8 3137 2632  2  0 98  0  0	
 1  0  11032 64594792 136156 301096    0    0     0     0 3164 2680  2  0 98  0  0	
 2  0  11032 64594712 136156 301100    0    0     0     0 3105 2558  2  0 98  0  0	
 1  0  11032 64595060 136156 301100    0    0     0     0 3160 2675  2  0 98  0  0	
 1  0  11032 64595472 136156 301104    0    0     0     0 3215 2786  2  0 98  0  0	
 2  0  11032 64595472 136156 301108    0    0     0     0 3143 2586  2  0 98  0  0	
