procs -----------memory---------- ---swap-- -----io---- --system-- -----cpu-----
 r  b   swpd   free   buff  cache   si   so    bi    bo   in   cs us sy id wa st
 4  0  11032 64557204 136292 338404    0    0     0     1    0    0  5  1 94  0  0	
 2  0  11032 64407836 136292 338440    0    0     0     0 3153 2669  2  0 98  0  0	
 1  0  11032 64407696 136292 338444    0    0     0     0 3085 2543  2  0 98  0  0	
 1  0  11032 64408168 136292 338448    0    0     0    10 3127 2584  2  0 98  0  0	
 1  0  11032 64408956 136292 338448    0    0     0     0 3111 2584  2  0 98  0  0	
 2  0  11032 64409104 136292 338448    0    0     0     0 3137 2748  2  0 98  0  0	
 1  0  11032 64409312 136292 338452    0    0     0     0 3072 2549  2  0 98  0  0	
 1  0  11032 64409492 136292 338452    0    0     0     0 3088 2527  2  0 98  0  0	
 1  0  11032 64409620 136292 338456    0    0     0     0 3063 2480  2  0 98  0  0	
 2  0  11032 64409876 136292 338460    0    0     0     0 3004 2463  2  0 98  0  0	
 1  0  11032 64410136 136292 338460    0    0     0     0 3067 2497  2  0 98  0  0	
 1  0  11032 64409904 136292 338460    0    0     0     0 3117 2599  2  0 98  0  0	
 1  0  11032 64410144 136292 338464    0    0     0     0 3124 2626  2  0 98  0  0	
 2  0  11032 64410144 136292 338464    0    0     0     0 3063 2539  2  0 98  0  0	
 1  0  11032 64410136 136292 338472    0    0     0     0 3161 2678  2  0 98  0  0	
 1  0  11032 64409888 136292 338472    0    0     0     0 3125 2596  2  0 98  0  0	
 1  0  11032 64409772 136292 338476    0    0     0     0 3028 2457  2  0 98  0  0	
 2  0  11032 64409632 136292 338480    0    0     0     2 3047 2532  2  0 98  0  0	
 1  0  11032 64410004 136292 338484    0    0     0     0 3032 2459  2  0 98  0  0	
 1  0  11032 64409880 136292 338484    0    0     0     0 3079 2497  2  0 98  0  0	
 1  0  11032 64409944 136292 338488    0    0     0    14 3144 2640  2  0 98  0  0	
procs -----------memory---------- ---swap-- -----io---- --system-- -----cpu-----
 r  b   swpd   free   buff  cache   si   so    bi    bo   in   cs us sy id wa st
 2  0  11032 64409944 136292 338488    0    0     0     0 3178 2688  2  0 98  0  0	
 1  0  11032 64410088 136292 338488    0    0     0     0 3100 2554  2  0 98  0  0	
 1  0  11032 64409964 136292 338496    0    0     0     0 3102 2558  2  0 98  0  0	
 1  0  11032 64409964 136292 338496    0    0     0     0 3086 2526  2  0 98  0  0	
 2  0  11032 64409972 136292 338500    0    0     0     0 3086 2523  2  0 98  0  0	
 1  0  11032 64409856 136292 338500    0    0     0     0 3152 2649  2  0 98  0  0	
 1  0  11032 64410228 136292 338500    0    0     0     0 3114 2584  2  0 98  0  0	
 1  0  11032 64410228 136292 338504    0    0     0     0 3135 2623  2  0 98  0  0	
 2  0  11032 64409980 136292 338508    0    0     0     0 3227 2811  2  0 98  0  0	
 1  0  11032 64410112 136292 338508    0    0     0     0 3111 2553  2  0 98  0  0	
 1  0  11032 64410112 136292 338516    0    0     0     0 3087 2488  2  0 98  0  0	
 1  0  11032 64409964 136292 338516    0    0     0     0 3076 2506  2  0 98  0  0	
 2  0  11032 64409956 136292 338516    0    0     0     0 3089 2493  2  0 98  0  0	
 1  0  11032 64410104 136292 338520    0    0     0     0 3256 2824  2  0 98  0  0	
 1  0  11032 64410336 136292 338520    0    0     0     0 3227 2784  2  0 98  0  0	
 1  0  11032 64410096 136292 338524    0    0     0     6 3106 2584  2  0 98  0  0	
 2  0  11032 64410220 136292 338528    0    0     0    10 3156 2670  2  0 98  0  0	
 1  0  11032 64410220 136292 338528    0    0     0     0 3241 2835  2  0 98  0  0	
 1  0  11032 64410220 136292 338536    0    0     0     0 3237 2823  2  0 98  0  0	
 1  0  11032 64410228 136292 338536    0    0     0     0 3107 2573  2  0 98  0  0	
 2  0  11032 64410476 136292 338536    0    0     0     0 3146 2629  2  0 98  0  0	
procs -----------memory---------- ---swap-- -----io---- --system-- -----cpu-----
 r  b   swpd   free   buff  cache   si   so    bi    bo   in   cs us sy id wa st
 1  0  11032 64410220 136292 338540    0    0     0     0 3094 2523  2  0 98  0  0	
 1  0  11032 64410352 136292 338544    0    0     0     0 3068 2496  2  0 98  0  0	
 1  0  11032 64410228 136292 338544    0    0     0     0 3065 2479  2  0 98  0  0	
 2  0  11032 64410596 136292 338552    0    0     0     0 3070 2496  2  0 98  0  0	
 1  0  11032 64410736 136292 338560    0    0     0     0 3069 2481  2  0 98  0  0	
 1  0  11032 64410720 136292 338560    0    0     0     0 3091 2550  2  0 98  0  0	
 1  0  11032 64410596 136292 338560    0    0     0     0 3149 2657  2  0 98  0  0	
 2  0  11032 64410348 136292 338564    0    0     0     0 3075 2491  2  0 98  0  0	
 1  0  11032 64410480 136292 338564    0    0     0     0 3081 2475  2  0 98  0  0	
 1  0  11032 64410356 136292 338568    0    0     0     0 3031 2450  2  0 98  0  0	
 2  0  11032 64410348 136292 338568    0    0     0     0 3044 2424  2  0 98  0  0	
 1  0  11032 64410224 136292 338568    0    0     0     0 3103 2522  2  0 98  0  0	
 1  0  11032 64410240 136292 338580    0    0     0     0 3095 2509  2  0 98  0  0	
 2  0  11032 64409984 136292 338580    0    0     0     0 3155 2648  2  0 98  0  0	
 2  0  11032 64410240 136292 338580    0    0     0     0 3079 2542  2  0 98  0  0	
 1  0  11032 64410108 136292 338588    0    0     0     0 3117 2612  2  0 98  0  0	
 1  0  11032 64410232 136292 338588    0    0     0     0 3086 2525  2  0 98  0  0	
 2  0  11032 64410296 136292 338588    0    0     0     0 3100 2583  2  0 98  0  0	
 2  0  11032 64410304 136292 338596    0    0     0     0 3092 2563  2  0 98  0  0	
 1  0  11032 64410084 136292 338596    0    0     0     0 3057 2494  2  0 98  0  0	
 1  0  11032 64410192 136292 338604    0    0     0     0 3080 2524  2  0 98  0  0	
procs -----------memory---------- ---swap-- -----io---- --system-- -----cpu-----
 r  b   swpd   free   buff  cache   si   so    bi    bo   in   cs us sy id wa st
 2  0  11032 64410192 136292 338604    0    0     0     0 3117 2559  2  0 98  0  0	
 2  0  11032 64410192 136292 338608    0    0     0     0 3071 2473  2  0 98  0  0	
 1  0  11032 64410192 136292 338612    0    0     0     0 3071 2516  2  0 98  0  0	
 1  0  11032 64410068 136292 338612    0    0     0     6 3060 2480  2  0 98  0  0	
 2  0  11032 64409944 136292 338612    0    0     0     0 3096 2538  2  0 98  0  0	
 2  0  11032 64410316 136292 338616    0    0     0     0 3062 2484  2  0 98  0  0	
 1  0  11032 64410192 136292 338620    0    0     0     0 3066 2494  2  0 98  0  0	
 1  0  11032 64410324 136292 338620    0    0     0     0 3077 2516  2  0 98  0  0	
 2  0  11032 64410324 136292 338628    0    0     0     0 3183 2726  2  0 98  0  0	
 2  0  11032 64409944 136292 338628    0    0     0     0 3094 2567  2  0 98  0  0	
 1  0  11032 64409944 136292 338628    0    0     0     0 3194 2770  2  0 98  0  0	
 1  0  11032 64409820 136292 338632    0    0     0     0 3059 2462  2  0 98  0  0	
 1  0  11032 64410068 136292 338636    0    0     0     0 3064 2457  2  0 98  0  0	
 2  0  11032 64409952 136292 338640    0    0     0     0 3131 2604  2  0 98  0  0	
 1  0  11032 64410060 136292 338644    0    0     0     0 3212 2774  2  0 98  0  0	
 1  0  11032 64410060 136292 338644    0    0     0     0 3076 2506  2  0 98  0  0	
 1  0  11032 64409936 136292 338648    0    0     0     0 3170 2686  2  0 98  0  0	
 2  0  11032 64410068 136292 338648    0    0     0     0 3187 2711  2  0 98  0  0	
 1  0  11032 64410068 136292 338648    0    0     0     0 3114 2571  2  0 98  0  0	
 1  0  11032 64410060 136292 338652    0    0     0     2 3108 2559  2  0 98  0  0	
 1  0  11032 64409936 136292 338652    0    0     0     0 3135 2626  2  0 98  0  0	
procs -----------memory---------- ---swap-- -----io---- --system-- -----cpu-----
 r  b   swpd   free   buff  cache   si   so    bi    bo   in   cs us sy id wa st
 2  0  11032 64409812 136292 338652    0    0     0     0 3069 2485  2  0 98  0  0	
 1  0  11032 64409820 136292 338660    0    0     0     0 3078 2511  2  0 98  0  0	
 1  0  11032 64409828 136292 338660    0    0     0     0 3091 2523  2  0 98  0  0	
 1  0  11032 64410200 136292 338664    0    0     0     0 3117 2573  2  0 98  0  0	
 2  0  11032 64410076 136292 338668    0    0     0     0 3068 2498  2  0 98  0  0	
 1  0  11032 64410200 136292 338672    0    0     0     0 3085 2547  2  0 98  0  0	
 1  0  11032 64410208 136292 338680    0    0     0     0 3283 2908  2  0 98  0  0	
 1  0  11032 64410208 136292 338684    0    0     0     0 3131 2606  2  0 98  0  0	
 2  0  11032 64410316 136292 338688    0    0     0     0 3113 2549  2  0 98  0  0	
 1  0  11032 64410068 136292 338692    0    0     0     0 3066 2465  2  0 98  0  0	
 1  0  11032 64410068 136292 338692    0    0     0     0 3069 2473  2  0 98  0  0	
 1  0  11032 64410068 136292 338692    0    0     0     0 3075 2530  2  0 98  0  0	
 2  0  11032 64409820 136292 338696    0    0     0     6 3058 2471  2  0 98  0  0	
 1  0  11032 64410192 136292 338696    0    0     0     0 3091 2491  2  0 98  0  0	
 2  0  11032 64410316 136292 338696    0    0     0     0 3055 2462  2  0 98  0  0	
 1  0  11032 64410192 136292 338700    0    0     0     0 3042 2499  2  0 98  0  0	
 2  0  11032 64410572 136292 338704    0    0     0     0 3086 2543  2  0 98  0  0	
 1  0  11032 64410572 136292 338704    0    0     0     0 3052 2534  2  0 98  0  0	
 1  0  11032 64410564 136292 338708    0    0     0     0 3192 2746  2  0 98  0  0	
 1  0  11032 64410440 136292 338708    0    0     0     0 3276 2998  2  0 98  0  0	
 2  0  11032 64410192 136292 338712    0    0     0     0 3040 2514  2  0 98  0  0	
procs -----------memory---------- ---swap-- -----io---- --system-- -----cpu-----
 r  b   swpd   free   buff  cache   si   so    bi    bo   in   cs us sy id wa st
 2  0  11032 64410068 136292 338716    0    0     0     0 3337 3055  2  0 98  0  0	
 1  0  11032 64410076 136292 338716    0    0     0     0 3089 2550  2  0 98  0  0	
 2  0  11032 64410068 136292 338720    0    0     0     0 3093 2574  2  0 98  0  0	
 1  0  11032 64409944 136292 338728    0    0     0     0 3067 2492  2  0 98  0  0	
 1  0  11032 64410068 136292 338728    0    0     0     0 3119 2596  2  0 98  0  0	
 1  0  11032 64410076 136292 338728    0    0     0     0 3091 2518  2  0 98  0  0	
 2  0  11032 64409952 136292 338732    0    0     0     0 3109 2545  2  0 98  0  0	
 1  0  11032 64410068 136292 338732    0    0     0     2 3073 2500  2  0 98  0  0	
 1  0  11032 64410068 136292 338736    0    0     0     0 3050 2506  2  0 98  0  0	
 1  0  11032 64410192 136292 338736    0    0     0     0 3039 2452  2  0 98  0  0	
 2  0  11032 64409952 136292 338744    0    0     0     0 3041 2459  2  0 98  0  0	
 1  0  11032 64410084 136292 338748    0    0     0     0 3065 2504  2  0 98  0  0	
 1  0  11032 64410200 136292 338748    0    0     0     0 3074 2525  2  0 98  0  0	
 1  0  11032 64409952 136292 338748    0    0     0     0 3062 2497  2  0 98  0  0	
 2  0  11032 64410076 136292 338752    0    0     0     0 3083 2538  2  0 98  0  0	
 1  0  11032 64409836 136292 338756    0    0     0     0 3071 2463  2  0 98  0  0	
 1  0  11032 64410084 136292 338756    0    0     0     0 3043 2482  2  0 98  0  0	
 1  0  11032 64409944 136292 338760    0    0     0     6 3099 2590  2  0 98  0  0	
 2  0  11032 64409824 136292 338764    0    0     0     0 3124 2591  2  0 98  0  0	
 2  0  11032 64409824 136292 338768    0    0     0     0 3088 2537  2  0 98  0  0	
 1  0  11032 64409824 136292 338772    0    0     0     0 3210 2822  2  0 98  0  0	
procs -----------memory---------- ---swap-- -----io---- --system-- -----cpu-----
 r  b   swpd   free   buff  cache   si   so    bi    bo   in   cs us sy id wa st
 1  0  11032 64409824 136292 338772    0    0     0     6 3046 2462  2  0 98  0  0	
 2  0  11032 64409824 136292 338776    0    0     0     0 3043 2498  2  0 98  0  0	
 2  0  11032 64409824 136292 338780    0    0     0     0 3033 2443  2  0 98  0  0	
 1  0  11032 64409824 136292 338780    0    0     0     8 3040 2460  2  0 98  0  0	
 1  0  11032 64409708 136292 338784    0    0     0     0 3068 2506  2  0 98  0  0	
 2  0  11032 64409816 136292 338788    0    0     0     0 3095 2543  2  0 98  0  0	
 2  0  11032 64409320 136292 338788    0    0     0    22 3198 2626  2  0 98  0  0	
 1  0  11032 64408816 136292 338804    0    0     0     0 3071 2500  2  0 98  0  0	
 1  0  11032 64409188 136292 338808    0    0     0     0 3046 2478  2  0 98  0  0	
 2  0  11032 64409196 136292 338808    0    0     0     0 3040 2458  2  0 98  0  0	
 2  0  11032 64409328 136292 338812    0    0     0     0 3037 2450  2  0 98  0  0	
 1  0  11032 64409388 136292 338812    0    0     0     0 3074 2538  2  0 98  0  0	
 1  0  11032 64409512 136292 338824    0    0     0     0 3116 2588  2  0 98  0  0	
 2  0  11032 64409596 136292 338824    0    0     0     0 3115 2601  2  0 98  0  0	
 2  0  11032 64409840 136292 338824    0    0     0    14 3069 2516  2  0 98  0  0	
 1  0  11032 64409592 136292 338828    0    0     0     0 3081 2534  2  0 98  0  0	
 1  0  11032 64409584 136292 338832    0    0     0     0 3093 2534  2  0 98  0  0	
 2  0  11032 64409836 136292 338832    0    0     0     0 3090 2574  2  0 98  0  0	
 2  0  11032 64409712 136292 338836    0    0     0     0 3106 2584  2  0 98  0  0	
 1  0  11032 64409836 136292 338836    0    0     0     0 3111 2558  2  0 98  0  0	
 1  0  11032 64409844 136292 338840    0    0     0     0 3105 2562  2  0 98  0  0	
procs -----------memory---------- ---swap-- -----io---- --system-- -----cpu-----
 r  b   swpd   free   buff  cache   si   so    bi    bo   in   cs us sy id wa st
 1  0  11032 64409844 136292 338844    0    0     0     0 3124 2600  2  0 98  0  0	
 2  0  11032 64410340 136292 338844    0    0     0     0 3103 2579  2  0 98  0  0	
 1  0  11032 64410092 136292 338844    0    0     0     0 3103 2588  2  0 98  0  0	
 1  0  11032 64410100 136292 338852    0    0     0     0 3101 2527  2  0 98  0  0	
 1  0  11032 64410224 136292 338852    0    0     0     0 3111 2586  2  0 98  0  0	
 2  0  11032 64409836 136292 338852    0    0     0     0 3091 2551  2  0 98  0  0	
