Linux 2.6.32-279.14.1.el6.x86_64 (compute-662-2.local) 	04/20/20 	_x86_64_	(48 CPU)

18:41:51     CPU    %usr   %nice    %sys %iowait    %irq   %soft  %steal  %guest   %idle
18:41:53     all    2.05    0.00    0.18    0.00    0.00    0.00    0.00    0.00   97.77
18:41:55     all    2.10    0.00    0.08    0.00    0.00    0.01    0.00    0.00   97.81
18:41:57     all    2.11    0.00    0.08    0.21    0.00    0.02    0.00    0.00   97.58
18:41:59     all    2.10    0.00    0.07    0.00    0.00    0.01    0.00    0.00   97.82
18:42:01     all    2.11    0.00    0.07    0.00    0.00    0.01    0.00    0.00   97.81
18:42:03     all    2.10    0.00    0.06    0.00    0.00    0.02    0.00    0.00   97.82
18:42:05     all    2.11    0.00    0.09    0.00    0.00    0.00    0.00    0.00   97.80
18:42:07     all    2.10    0.00    0.08    0.00    0.00    0.02    0.00    0.00   97.80
18:42:09     all    2.10    0.00    0.07    0.00    0.00    0.01    0.00    0.00   97.82
18:42:11     all    2.10    0.00    0.07    0.00    0.00    0.01    0.00    0.00   97.82
18:42:13     all    2.11    0.00    0.06    0.00    0.00    0.00    0.00    0.00   97.83
18:42:15     all    2.10    0.00    0.07    0.00    0.00    0.00    0.00    0.00   97.83
18:42:17     all    2.10    0.00    0.07    0.00    0.00    0.00    0.00    0.00   97.83
18:42:19     all    2.11    0.00    0.06    0.00    0.00    0.01    0.00    0.00   97.82
18:42:21     all    2.11    0.00    0.08    0.00    0.00    0.02    0.00    0.00   97.79
18:42:23     all    2.10    0.00    0.07    0.00    0.00    0.01    0.00    0.00   97.82
18:42:25     all    2.10    0.00    0.06    0.00    0.00    0.02    0.00    0.00   97.82
18:42:27     all    2.11    0.00    0.06    0.00    0.00    0.01    0.00    0.00   97.82
18:42:29     all    2.10    0.00    0.07    0.00    0.00    0.02    0.00    0.00   97.81
18:42:31     all    2.10    0.00    0.07    0.21    0.00    0.01    0.00    0.00   97.61
18:42:33     all    2.10    0.00    0.07    0.00    0.00    0.01    0.00    0.00   97.82
18:42:35     all    2.10    0.00    0.07    0.00    0.00    0.00    0.00    0.00   97.83
18:42:37     all    2.11    0.00    0.06    0.00    0.00    0.00    0.00    0.00   97.83
18:42:39     all    2.10    0.00    0.07    0.20    0.00    0.00    0.00    0.00   97.63
18:42:41     all    2.10    0.00    0.06    0.00    0.00    0.00    0.00    0.00   97.84
18:42:43     all    2.11    0.00    0.08    0.00    0.00    0.00    0.00    0.00   97.81
18:42:45     all    2.10    0.00    0.06    0.00    0.00    0.00    0.00    0.00   97.84
18:42:47     all    2.10    0.00    0.08    0.01    0.00    0.00    0.00    0.00   97.81
18:42:49     all    2.10    0.00    0.07    0.00    0.00    0.01    0.00    0.00   97.82
18:42:51     all    2.12    0.00    0.09    0.00    0.00    0.01    0.00    0.00   97.78
18:42:53     all    2.10    0.00    0.06    0.00    0.00    0.01    0.00    0.00   97.83
18:42:55     all    2.11    0.00    0.06    0.00    0.00    0.02    0.00    0.00   97.81
18:42:57     all    2.10    0.00    0.07    0.00    0.00    0.01    0.00    0.00   97.82
18:42:59     all    2.10    0.00    0.07    0.00    0.00    0.01    0.00    0.00   97.82
18:43:01     all    2.11    0.00    0.07    0.00    0.00    0.01    0.00    0.00   97.81
18:43:03     all    2.10    0.00    0.07    0.00    0.00    0.01    0.00    0.00   97.82
18:43:05     all    2.11    0.00    0.06    0.00    0.00    0.01    0.00    0.00   97.82
18:43:07     all    2.11    0.00    0.06    0.00    0.00    0.01    0.00    0.00   97.82
18:43:09     all    2.10    0.00    0.07    0.00    0.00    0.02    0.00    0.00   97.81
18:43:11     all    2.09    0.00    0.08    0.00    0.00    0.00    0.00    0.00   97.83
18:43:13     all    2.10    0.00    0.07    0.00    0.00    0.01    0.00    0.00   97.82
18:43:15     all    2.10    0.00    0.07    0.00    0.00    0.01    0.00    0.00   97.82
18:43:17     all    2.11    0.00    0.07    0.00    0.00    0.01    0.00    0.00   97.81
18:43:19     all    2.10    0.00    0.07    0.00    0.00    0.01    0.00    0.00   97.82
18:43:21     all    2.10    0.00    0.07    0.00    0.00    0.01    0.00    0.00   97.82
18:43:23     all    2.11    0.00    0.06    0.00    0.00    0.00    0.00    0.00   97.83
18:43:25     all    2.09    0.00    0.07    0.00    0.00    0.00    0.00    0.00   97.84
18:43:27     all    2.11    0.00    0.06    0.00    0.00    0.00    0.00    0.00   97.83
18:43:29     all    2.10    0.00    0.06    0.00    0.00    0.00    0.00    0.00   97.84
18:43:31     all    2.10    0.00    0.07    0.00    0.00    0.01    0.00    0.00   97.82
18:43:33     all    2.10    0.00    0.04    0.00    0.00    0.01    0.00    0.00   97.85
18:43:35     all    2.11    0.00    0.09    0.00    0.00    0.01    0.00    0.00   97.79
18:43:37     all    2.11    0.00    0.07    0.00    0.00    0.02    0.00    0.00   97.80
18:43:39     all    2.11    0.00    0.06    0.21    0.00    0.01    0.00    0.00   97.61
18:43:41     all    2.10    0.00    0.07    0.00    0.00    0.01    0.00    0.00   97.82
18:43:43     all    2.10    0.00    0.07    0.00    0.00    0.01    0.00    0.00   97.82
18:43:45     all    2.11    0.00    0.06    0.00    0.00    0.01    0.00    0.00   97.82
18:43:47     all    2.10    0.00    0.07    0.00    0.00    0.01    0.00    0.00   97.82
18:43:49     all    2.11    0.00    0.07    0.00    0.00    0.01    0.00    0.00   97.81
18:43:51     all    2.11    0.00    0.07    0.00    0.00    0.00    0.00    0.00   97.82
18:43:53     all    2.10    0.00    0.07    0.00    0.00    0.01    0.00    0.00   97.82
18:43:55     all    2.10    0.00    0.06    0.00    0.00    0.02    0.00    0.00   97.82
18:43:57     all    2.10    0.00    0.06    0.00    0.00    0.01    0.00    0.00   97.83
18:43:59     all    2.11    0.00    0.06    0.00    0.00    0.02    0.00    0.00   97.81
18:44:01     all    2.11    0.00    0.07    0.00    0.00    0.01    0.00    0.00   97.81
18:44:03     all    2.10    0.00    0.07    0.00    0.00    0.00    0.00    0.00   97.83
18:44:05     all    2.10    0.00    0.07    0.00    0.00    0.00    0.00    0.00   97.83
18:44:07     all    2.10    0.00    0.07    0.00    0.00    0.00    0.00    0.00   97.83
18:44:09     all    2.10    0.00    0.07    0.00    0.00    0.01    0.00    0.00   97.82
18:44:11     all    2.10    0.00    0.06    0.00    0.00    0.00    0.00    0.00   97.84
18:44:13     all    2.11    0.00    0.07    0.00    0.00    0.00    0.00    0.00   97.82
18:44:15     all    2.11    0.00    0.06    0.00    0.00    0.00    0.00    0.00   97.83
18:44:17     all    2.10    0.00    0.06    0.00    0.00    0.00    0.00    0.00   97.84
18:44:19     all    2.10    0.00    0.06    0.00    0.00    0.01    0.00    0.00   97.83
18:44:21     all    2.11    0.00    0.11    0.00    0.00    0.01    0.00    0.00   97.77
18:44:23     all    2.10    0.00    0.07    0.00    0.00    0.00    0.00    0.00   97.83
18:44:25     all    2.10    0.00    0.07    0.00    0.00    0.00    0.00    0.00   97.83
18:44:27     all    2.11    0.00    0.07    0.00    0.00    0.00    0.00    0.00   97.82
18:44:29     all    2.10    0.00    0.07    0.01    0.00    0.01    0.00    0.00   97.81
18:44:31     all    2.11    0.00    0.06    0.00    0.00    0.02    0.00    0.00   97.81
18:44:33     all    2.10    0.00    0.07    0.00    0.00    0.01    0.00    0.00   97.82
18:44:35     all    2.10    0.00    0.07    0.00    0.00    0.00    0.00    0.00   97.83
18:44:37     all    2.10    0.00    0.07    0.00    0.00    0.00    0.00    0.00   97.83
18:44:39     all    2.11    0.00    0.08    0.21    0.00    0.00    0.00    0.00   97.60
18:44:41     all    2.10    0.00    0.07    0.00    0.00    0.00    0.00    0.00   97.83
18:44:43     all    2.11    0.00    0.07    0.00    0.00    0.00    0.00    0.00   97.82
18:44:45     all    2.10    0.00    0.06    0.00    0.00    0.01    0.00    0.00   97.83
18:44:47     all    2.10    0.00    0.07    0.00    0.00    0.00    0.00    0.00   97.83
18:44:49     all    2.11    0.00    0.06    0.00    0.00    0.00    0.00    0.00   97.83
18:44:51     all    2.10    0.00    0.07    0.00    0.00    0.00    0.00    0.00   97.83
18:44:53     all    2.11    0.00    0.07    0.00    0.00    0.00    0.00    0.00   97.82
18:44:55     all    2.10    0.00    0.07    0.21    0.00    0.01    0.00    0.00   97.61
18:44:57     all    2.11    0.00    0.06    0.00    0.00    0.01    0.00    0.00   97.82
18:44:59     all    2.10    0.00    0.07    0.00    0.00    0.00    0.00    0.00   97.83
18:45:01     all    2.11    0.00    0.07    0.00    0.00    0.01    0.00    0.00   97.81
18:45:03     all    2.11    0.00    0.07    0.00    0.00    0.01    0.00    0.00   97.81
18:45:05     all    2.11    0.00    0.09    0.00    0.00    0.01    0.00    0.00   97.79
18:45:07     all    2.10    0.00    0.07    0.00    0.00    0.01    0.00    0.00   97.82
18:45:09     all    2.10    0.00    0.07    0.00    0.00    0.02    0.00    0.00   97.81
18:45:11     all    2.10    0.00    0.07    0.00    0.00    0.02    0.00    0.00   97.81
18:45:13     all    2.10    0.00    0.07    0.00    0.00    0.02    0.00    0.00   97.81
18:45:15     all    2.09    0.00    0.06    0.00    0.00    0.02    0.00    0.00   97.82
18:45:17     all    2.10    0.00    0.05    0.00    0.00    0.00    0.00    0.00   97.85
18:45:19     all    2.10    0.00    0.07    0.00    0.00    0.00    0.00    0.00   97.83
18:45:21     all    2.10    0.00    0.09    0.00    0.00    0.01    0.00    0.00   97.80
18:45:23     all    2.11    0.00    0.07    0.00    0.00    0.01    0.00    0.00   97.81
18:45:25     all    2.10    0.00    0.07    0.00    0.00    0.00    0.00    0.00   97.83
18:45:27     all    2.10    0.00    0.07    0.00    0.00    0.00    0.00    0.00   97.83
18:45:29     all    2.10    0.00    0.07    0.00    0.00    0.00    0.00    0.00   97.83
18:45:31     all    2.10    0.00    0.08    0.00    0.00    0.00    0.00    0.00   97.82
18:45:33     all    2.10    0.00    0.06    0.00    0.00    0.00    0.00    0.00   97.84
18:45:35     all    2.10    0.00    0.07    0.00    0.00    0.01    0.00    0.00   97.82
18:45:37     all    2.12    0.00    0.07    0.00    0.00    0.02    0.00    0.00   97.79
18:45:39     all    2.10    0.00    0.07    0.21    0.00    0.02    0.00    0.00   97.60
18:45:41     all    2.10    0.00    0.06    0.00    0.00    0.02    0.00    0.00   97.82
18:45:43     all    2.11    0.00    0.07    0.00    0.00    0.00    0.00    0.00   97.82
18:45:45     all    2.10    0.00    0.07    0.00    0.00    0.00    0.00    0.00   97.83
18:45:47     all    2.10    0.00    0.07    0.00    0.00    0.01    0.00    0.00   97.82
18:45:49     all    2.10    0.00    0.07    0.00    0.00    0.00    0.00    0.00   97.83
18:45:51     all    2.12    0.00    0.09    0.00    0.00    0.00    0.00    0.00   97.79
18:45:53     all    2.10    0.00    0.07    0.00    0.00    0.00    0.00    0.00   97.83
18:45:55     all    2.10    0.00    0.07    0.00    0.00    0.00    0.00    0.00   97.83
18:45:57     all    2.10    0.00    0.07    0.00    0.00    0.00    0.00    0.00   97.83
18:45:59     all    2.10    0.00    0.07    0.00    0.00    0.00    0.00    0.00   97.83
18:46:01     all    2.11    0.00    0.07    0.00    0.00    0.00    0.00    0.00   97.82
18:46:03     all    2.11    0.00    0.06    0.00    0.00    0.00    0.00    0.00   97.83
18:46:05     all    2.10    0.00    0.07    0.00    0.00    0.01    0.00    0.00   97.82
18:46:07     all    2.10    0.00    0.07    0.00    0.00    0.00    0.00    0.00   97.83
18:46:09     all    2.10    0.00    0.06    0.00    0.00    0.02    0.00    0.00   97.82
18:46:11     all    2.10    0.00    0.08    0.00    0.00    0.02    0.00    0.00   97.80
18:46:13     all    2.12    0.00    0.07    0.00    0.00    0.01    0.00    0.00   97.80
18:46:15     all    2.10    0.00    0.07    0.00    0.00    0.01    0.00    0.00   97.82
18:46:17     all    2.11    0.00    0.07    0.00    0.00    0.01    0.00    0.00   97.81
18:46:19     all    2.10    0.00    0.07    0.00    0.00    0.00    0.00    0.00   97.83
18:46:21     all    2.09    0.00    0.09    0.00    0.00    0.00    0.00    0.00   97.82
18:46:23     all    2.11    0.00    0.06    0.00    0.00    0.00    0.00    0.00   97.83
18:46:25     all    2.10    0.00    0.07    0.00    0.00    0.00    0.00    0.00   97.83
18:46:27     all    2.11    0.00    0.07    0.00    0.00    0.02    0.00    0.00   97.80
18:46:29     all    2.10    0.00    0.07    0.00    0.00    0.02    0.00    0.00   97.81
18:46:31     all    2.11    0.00    0.07    0.00    0.00    0.01    0.00    0.00   97.81
18:46:33     all    2.10    0.00    0.07    0.00    0.00    0.03    0.00    0.00   97.80
18:46:35     all    2.12    0.00    0.09    0.00    0.00    0.01    0.00    0.00   97.78
18:46:37     all    2.10    0.00    0.08    0.00    0.00    0.02    0.00    0.00   97.80
18:46:39     all    2.10    0.00    0.07    0.21    0.00    0.02    0.00    0.00   97.60
18:46:41     all    2.10    0.00    0.08    0.00    0.00    0.01    0.00    0.00   97.81
18:46:43     all    2.11    0.00    0.07    0.00    0.00    0.01    0.00    0.00   97.81
18:46:45     all    2.10    0.00    0.07    0.00    0.00    0.02    0.00    0.00   97.81
18:46:47     all    2.10    0.00    0.07    0.00    0.00    0.02    0.00    0.00   97.81
18:46:49     all    2.10    0.00    0.07    0.00    0.00    0.02    0.00    0.00   97.81
18:46:51     all    2.11    0.00    0.07    0.00    0.00    0.01    0.00    0.00   97.81
18:46:53     all    2.10    0.00    0.06    0.00    0.00    0.01    0.00    0.00   97.83
18:46:55     all    2.10    0.00    0.08    0.00    0.00    0.00    0.00    0.00   97.82
18:46:57     all    2.11    0.00    0.05    0.00    0.00    0.00    0.00    0.00   97.84
18:46:59     all    2.08    0.00    0.05    0.00    0.00    0.00    0.00    0.00   97.86
18:47:01     all    2.11    0.00    0.06    0.00    0.00    0.01    0.00    0.00   97.82
18:47:03     all    2.10    0.00    0.07    0.00    0.00    0.00    0.00    0.00   97.83
18:47:05     all    2.11    0.00    0.07    0.00    0.00    0.02    0.00    0.00   97.80
18:47:07     all    2.10    0.00    0.06    0.00    0.00    0.00    0.00    0.00   97.84
18:47:09     all    2.10    0.00    0.07    0.00    0.00    0.01    0.00    0.00   97.82
18:47:11     all    2.10    0.00    0.07    0.00    0.00    0.01    0.00    0.00   97.82
18:47:13     all    2.11    0.00    0.07    0.00    0.00    0.01    0.00    0.00   97.81
18:47:15     all    2.10    0.00    0.07    0.00    0.00    0.02    0.00    0.00   97.81
18:47:17     all    2.10    0.00    0.07    0.00    0.00    0.02    0.00    0.00   97.81
18:47:19     all    2.10    0.00    0.07    0.00    0.00    0.01    0.00    0.00   97.82
18:47:21     all    2.13    0.00    0.09    0.00    0.00    0.02    0.00    0.00   97.76
18:47:23     all    2.10    0.00    0.08    0.00    0.00    0.00    0.00    0.00   97.82
18:47:25     all    2.10    0.00    0.06    0.00    0.00    0.00    0.00    0.00   97.84
18:47:27     all    2.10    0.00    0.07    0.00    0.00    0.00    0.00    0.00   97.83
18:47:29     all    2.10    0.00    0.07    0.00    0.00    0.00    0.00    0.00   97.83
18:47:31     all    2.10    0.00    0.08    0.00    0.00    0.01    0.00    0.00   97.81
18:47:33     all    2.10    0.00    0.07    0.00    0.00    0.01    0.00    0.00   97.82
18:47:35     all    2.09    0.00    0.07    0.01    0.00    0.01    0.00    0.00   97.81
18:47:37     all    2.11    0.00    0.07    0.00    0.00    0.01    0.00    0.00   97.81
18:47:39     all    2.11    0.00    0.07    0.20    0.00    0.00    0.00    0.00   97.62
18:47:41     all    2.10    0.00    0.07    0.00    0.00    0.00    0.00    0.00   97.83
18:47:43     all    2.11    0.00    0.07    0.00    0.00    0.02    0.00    0.00   97.80
18:47:45     all    2.11    0.00    0.07    0.01    0.00    0.02    0.00    0.00   97.79
18:47:47     all    2.09    0.00    0.07    0.00    0.00    0.00    0.00    0.00   97.84
18:47:49     all    2.11    0.00    0.07    0.00    0.00    0.00    0.00    0.00   97.82
18:47:51     all    2.11    0.00    0.07    0.00    0.00    0.01    0.00    0.00   97.81
18:47:53     all    2.10    0.00    0.07    0.00    0.00    0.00    0.00    0.00   97.83
18:47:55     all    2.10    0.00    0.06    0.00    0.00    0.00    0.00    0.00   97.84
18:47:57     all    2.10    0.00    0.07    0.00    0.00    0.00    0.00    0.00   97.83
18:47:59     all    2.10    0.00    0.06    0.00    0.00    0.02    0.00    0.00   97.82
18:48:01     all    2.11    0.00    0.08    0.00    0.00    0.02    0.00    0.00   97.79
18:48:03     all    2.10    0.00    0.06    0.00    0.00    0.02    0.00    0.00   97.82
18:48:05     all    2.12    0.00    0.10    0.00    0.00    0.02    0.00    0.00   97.76
18:48:07     all    2.10    0.00    0.06    0.00    0.00    0.01    0.00    0.00   97.83
18:48:09     all    2.10    0.00    0.08    0.00    0.00    0.01    0.00    0.00   97.81
18:48:11     all    2.11    0.00    0.07    0.00    0.00    0.02    0.00    0.00   97.80
18:48:13     all    2.10    0.00    0.07    0.00    0.00    0.00    0.00    0.00   97.83
18:48:15     all    2.11    0.00    0.07    0.00    0.00    0.02    0.00    0.00   97.80
18:48:17     all    2.10    0.00    0.07    0.00    0.00    0.01    0.00    0.00   97.82
18:48:19     all    2.10    0.00    0.07    0.00    0.00    0.00    0.00    0.00   97.83
18:48:21     all    2.10    0.00    0.09    0.00    0.00    0.00    0.00    0.00   97.81
18:48:23     all    2.10    0.00    0.06    0.00    0.00    0.00    0.00    0.00   97.84
18:48:25     all    2.10    0.00    0.08    0.00    0.00    0.01    0.00    0.00   97.81
18:48:27     all    2.10    0.00    0.06    0.00    0.00    0.02    0.00    0.00   97.82
18:48:29     all    2.11    0.00    0.06    0.00    0.00    0.00    0.00    0.00   97.83
18:48:31     all    2.10    0.00    0.07    0.00    0.00    0.00    0.00    0.00   97.83
18:48:33     all    2.10    0.00    0.06    0.00    0.00    0.00    0.00    0.00   97.84
18:48:35     all    2.10    0.00    0.07    0.00    0.00    0.00    0.00    0.00   97.83
18:48:37     all    2.11    0.00    0.07    0.00    0.00    0.00    0.00    0.00   97.82
18:48:39     all    2.10    0.00    0.06    0.21    0.00    0.00    0.00    0.00   97.63
18:48:41     all    2.10    0.00    0.05    0.00    0.00    0.02    0.00    0.00   97.83
18:48:43     all    2.11    0.00    0.07    0.00    0.00    0.01    0.00    0.00   97.81
