Linux 2.6.32-279.14.1.el6.x86_64 (compute-662-2.local) 	04/20/20 	_x86_64_	(48 CPU)

19:00:47     CPU    %usr   %nice    %sys %iowait    %irq   %soft  %steal  %guest   %idle
19:00:49     all    2.08    0.00    0.13    0.00    0.00    0.00    0.00    0.00   97.79
19:00:51     all    2.12    0.00    0.09    0.00    0.00    0.00    0.00    0.00   97.79
19:00:53     all    2.10    0.00    0.06    0.21    0.00    0.00    0.00    0.00   97.63
19:00:55     all    2.09    0.00    0.08    0.00    0.00    0.00    0.00    0.00   97.83
19:00:57     all    2.11    0.00    0.07    0.00    0.00    0.02    0.00    0.00   97.80
19:00:59     all    2.10    0.00    0.06    0.00    0.00    0.01    0.00    0.00   97.83
19:01:01     all    2.10    0.00    0.07    0.00    0.00    0.02    0.00    0.00   97.81
19:01:03     all    2.12    0.00    0.11    0.00    0.00    0.01    0.00    0.00   97.76
19:01:05     all    2.11    0.00    0.07    0.00    0.00    0.01    0.00    0.00   97.81
19:01:07     all    2.10    0.00    0.07    0.03    0.00    0.02    0.00    0.00   97.78
19:01:09     all    2.10    0.00    0.07    0.00    0.00    0.00    0.00    0.00   97.83
19:01:11     all    2.10    0.00    0.07    0.00    0.00    0.00    0.00    0.00   97.83
19:01:13     all    2.10    0.00    0.08    0.00    0.00    0.00    0.00    0.00   97.82
19:01:15     all    2.11    0.00    0.05    0.00    0.00    0.00    0.00    0.00   97.84
19:01:17     all    2.11    0.00    0.07    0.00    0.00    0.00    0.00    0.00   97.82
19:01:19     all    2.10    0.00    0.06    0.01    0.00    0.01    0.00    0.00   97.82
19:01:21     all    2.10    0.00    0.07    0.00    0.00    0.00    0.00    0.00   97.83
19:01:23     all    2.10    0.00    0.07    0.00    0.00    0.00    0.00    0.00   97.83
19:01:25     all    2.11    0.00    0.08    0.00    0.00    0.00    0.00    0.00   97.81
19:01:27     all    2.10    0.00    0.08    0.20    0.00    0.00    0.00    0.00   97.62
19:01:29     all    2.11    0.00    0.05    0.01    0.00    0.00    0.00    0.00   97.83
19:01:31     all    2.11    0.00    0.06    0.00    0.00    0.00    0.00    0.00   97.83
19:01:33     all    2.10    0.00    0.07    0.00    0.00    0.00    0.00    0.00   97.83
19:01:35     all    2.12    0.00    0.08    0.00    0.00    0.00    0.00    0.00   97.80
19:01:37     all    2.09    0.00    0.07    0.00    0.00    0.01    0.00    0.00   97.83
19:01:39     all    2.11    0.00    0.06    0.09    0.00    0.00    0.00    0.00   97.74
19:01:41     all    2.10    0.00    0.07    0.10    0.00    0.00    0.00    0.00   97.73
19:01:43     all    2.10    0.00    0.06    0.00    0.00    0.00    0.00    0.00   97.84
19:01:45     all    2.11    0.00    0.07    0.00    0.00    0.02    0.00    0.00   97.80
19:01:47     all    2.10    0.00    0.06    0.00    0.00    0.01    0.00    0.00   97.83
19:01:49     all    2.10    0.00    0.06    0.00    0.00    0.00    0.00    0.00   97.84
19:01:51     all    2.11    0.00    0.07    0.00    0.00    0.00    0.00    0.00   97.82
19:01:53     all    2.10    0.00    0.08    0.00    0.00    0.00    0.00    0.00   97.82
19:01:55     all    2.10    0.00    0.08    0.00    0.00    0.00    0.00    0.00   97.82
19:01:57     all    2.11    0.00    0.06    0.00    0.00    0.00    0.00    0.00   97.83
19:01:59     all    2.10    0.00    0.07    0.00    0.00    0.01    0.00    0.00   97.82
19:02:01     all    2.11    0.00    0.07    0.00    0.00    0.00    0.00    0.00   97.82
19:02:03     all    2.10    0.00    0.08    0.00    0.00    0.00    0.00    0.00   97.82
19:02:05     all    2.11    0.00    0.06    0.00    0.00    0.01    0.00    0.00   97.82
19:02:07     all    2.10    0.00    0.07    0.00    0.00    0.02    0.00    0.00   97.81
19:02:09     all    2.10    0.00    0.07    0.00    0.00    0.01    0.00    0.00   97.82
19:02:11     all    2.10    0.00    0.07    0.01    0.00    0.02    0.00    0.00   97.80
19:02:13     all    2.11    0.00    0.06    0.00    0.00    0.01    0.00    0.00   97.82
19:02:15     all    2.10    0.00    0.05    0.00    0.00    0.01    0.00    0.00   97.84
19:02:17     all    2.10    0.00    0.07    0.00    0.00    0.00    0.00    0.00   97.83
19:02:19     all    2.10    0.00    0.07    0.00    0.00    0.02    0.00    0.00   97.81
19:02:21     all    2.12    0.00    0.09    0.00    0.00    0.00    0.00    0.00   97.79
19:02:23     all    2.09    0.00    0.08    0.00    0.00    0.02    0.00    0.00   97.81
19:02:25     all    2.10    0.00    0.08    0.00    0.00    0.00    0.00    0.00   97.82
19:02:27     all    2.11    0.00    0.08    0.00    0.00    0.00    0.00    0.00   97.81
19:02:29     all    2.10    0.00    0.04    0.00    0.00    0.00    0.00    0.00   97.86
19:02:31     all    2.09    0.00    0.05    0.00    0.00    0.00    0.00    0.00   97.86
19:02:33     all    2.11    0.00    0.07    0.00    0.00    0.00    0.00    0.00   97.82
19:02:35     all    2.10    0.00    0.07    0.00    0.00    0.00    0.00    0.00   97.83
19:02:37     all    2.10    0.00    0.07    0.00    0.00    0.00    0.00    0.00   97.83
19:02:39     all    2.11    0.00    0.06    0.10    0.00    0.00    0.00    0.00   97.73
19:02:41     all    2.10    0.00    0.08    0.09    0.00    0.01    0.00    0.00   97.72
19:02:43     all    2.11    0.00    0.06    0.00    0.00    0.00    0.00    0.00   97.83
19:02:45     all    2.10    0.00    0.07    0.00    0.00    0.00    0.00    0.00   97.83
19:02:47     all    2.11    0.00    0.06    0.00    0.00    0.00    0.00    0.00   97.83
19:02:49     all    2.09    0.00    0.07    0.00    0.00    0.01    0.00    0.00   97.83
19:02:51     all    2.11    0.00    0.07    0.00    0.00    0.00    0.00    0.00   97.82
19:02:53     all    2.10    0.00    0.06    0.00    0.00    0.00    0.00    0.00   97.84
19:02:55     all    2.10    0.00    0.07    0.00    0.00    0.00    0.00    0.00   97.83
19:02:57     all    2.10    0.00    0.06    0.00    0.00    0.00    0.00    0.00   97.84
19:02:59     all    2.11    0.00    0.07    0.00    0.00    0.00    0.00    0.00   97.82
19:03:01     all    2.10    0.00    0.08    0.01    0.00    0.00    0.00    0.00   97.81
19:03:03     all    2.11    0.00    0.06    0.00    0.00    0.01    0.00    0.00   97.82
19:03:05     all    2.12    0.00    0.08    0.00    0.00    0.00    0.00    0.00   97.80
19:03:07     all    2.10    0.00    0.07    0.00    0.00    0.00    0.00    0.00   97.83
19:03:09     all    2.11    0.00    0.07    0.00    0.00    0.00    0.00    0.00   97.82
19:03:11     all    2.10    0.00    0.08    0.00    0.00    0.00    0.00    0.00   97.82
19:03:13     all    2.10    0.00    0.06    0.00    0.00    0.01    0.00    0.00   97.83
19:03:15     all    2.10    0.00    0.08    0.00    0.00    0.00    0.00    0.00   97.82
19:03:17     all    2.10    0.00    0.06    0.00    0.00    0.00    0.00    0.00   97.84
19:03:19     all    2.11    0.00    0.06    0.00    0.00    0.00    0.00    0.00   97.83
19:03:21     all    2.10    0.00    0.07    0.00    0.00    0.00    0.00    0.00   97.83
19:03:23     all    2.10    0.00    0.06    0.00    0.00    0.00    0.00    0.00   97.84
19:03:25     all    2.11    0.00    0.08    0.00    0.00    0.00    0.00    0.00   97.81
19:03:27     all    2.09    0.00    0.08    0.00    0.00    0.00    0.00    0.00   97.83
19:03:29     all    2.10    0.00    0.08    0.00    0.00    0.00    0.00    0.00   97.82
19:03:31     all    2.11    0.00    0.07    0.00    0.00    0.01    0.00    0.00   97.81
19:03:33     all    2.11    0.00    0.06    0.00    0.00    0.00    0.00    0.00   97.83
19:03:35     all    2.10    0.00    0.06    0.00    0.00    0.00    0.00    0.00   97.84
19:03:37     all    2.10    0.00    0.07    0.00    0.00    0.00    0.00    0.00   97.83
19:03:39     all    2.10    0.00    0.07    0.10    0.00    0.00    0.00    0.00   97.73
19:03:41     all    2.11    0.00    0.06    0.10    0.00    0.00    0.00    0.00   97.73
19:03:43     all    2.10    0.00    0.07    0.00    0.00    0.00    0.00    0.00   97.83
19:03:45     all    2.11    0.00    0.07    0.00    0.00    0.01    0.00    0.00   97.81
19:03:47     all    2.10    0.00    0.06    0.00    0.00    0.00    0.00    0.00   97.84
19:03:49     all    2.11    0.00    0.06    0.00    0.00    0.01    0.00    0.00   97.82
19:03:51     all    2.11    0.00    0.09    0.00    0.00    0.01    0.00    0.00   97.79
19:03:53     all    2.10    0.00    0.07    0.00    0.00    0.00    0.00    0.00   97.83
19:03:55     all    2.10    0.00    0.06    0.00    0.00    0.01    0.00    0.00   97.83
19:03:57     all    2.11    0.00    0.08    0.00    0.00    0.01    0.00    0.00   97.80
19:03:59     all    2.10    0.00    0.07    0.00    0.00    0.01    0.00    0.00   97.82
19:04:01     all    2.10    0.00    0.07    0.00    0.00    0.02    0.00    0.00   97.81
19:04:03     all    2.10    0.00    0.08    0.00    0.00    0.01    0.00    0.00   97.81
19:04:05     all    2.10    0.00    0.06    0.00    0.00    0.02    0.00    0.00   97.82
19:04:07     all    2.10    0.00    0.07    0.00    0.00    0.00    0.00    0.00   97.83
19:04:09     all    2.11    0.00    0.07    0.00    0.00    0.01    0.00    0.00   97.81
19:04:11     all    2.09    0.00    0.06    0.00    0.00    0.01    0.00    0.00   97.84
19:04:13     all    2.10    0.00    0.04    0.00    0.00    0.00    0.00    0.00   97.86
19:04:15     all    2.10    0.00    0.07    0.00    0.00    0.00    0.00    0.00   97.83
19:04:17     all    2.10    0.00    0.05    0.00    0.00    0.00    0.00    0.00   97.85
19:04:19     all    2.11    0.00    0.06    0.00    0.00    0.00    0.00    0.00   97.83
19:04:21     all    2.12    0.00    0.07    0.00    0.00    0.00    0.00    0.00   97.81
19:04:23     all    2.10    0.00    0.06    0.00    0.00    0.00    0.00    0.00   97.84
19:04:25     all    2.10    0.00    0.07    0.00    0.00    0.01    0.00    0.00   97.82
19:04:27     all    2.11    0.00    0.06    0.00    0.00    0.00    0.00    0.00   97.83
19:04:29     all    2.10    0.00    0.07    0.00    0.00    0.00    0.00    0.00   97.83
19:04:31     all    2.10    0.00    0.08    0.00    0.00    0.00    0.00    0.00   97.82
19:04:33     all    2.11    0.00    0.06    0.00    0.00    0.01    0.00    0.00   97.82
19:04:35     all    2.11    0.00    0.09    0.00    0.00    0.02    0.00    0.00   97.78
19:04:37     all    2.10    0.00    0.06    0.00    0.00    0.00    0.00    0.00   97.84
19:04:39     all    2.10    0.00    0.05    0.10    0.00    0.00    0.00    0.00   97.75
19:04:41     all    2.11    0.00    0.07    0.11    0.00    0.01    0.00    0.00   97.70
19:04:43     all    2.10    0.00    0.05    0.00    0.00    0.00    0.00    0.00   97.85
19:04:45     all    2.10    0.00    0.07    0.00    0.00    0.00    0.00    0.00   97.83
19:04:47     all    2.10    0.00    0.06    0.00    0.00    0.00    0.00    0.00   97.84
19:04:49     all    2.11    0.00    0.06    0.00    0.00    0.01    0.00    0.00   97.82
19:04:51     all    2.10    0.00    0.08    0.00    0.00    0.01    0.00    0.00   97.81
19:04:53     all    2.10    0.00    0.06    0.00    0.00    0.00    0.00    0.00   97.84
19:04:55     all    2.11    0.00    0.07    0.23    0.00    0.00    0.00    0.00   97.59
19:04:57     all    2.11    0.00    0.06    0.00    0.00    0.00    0.00    0.00   97.83
19:04:59     all    2.10    0.00    0.07    0.00    0.00    0.01    0.00    0.00   97.82
19:05:01     all    2.11    0.00    0.08    0.00    0.00    0.01    0.00    0.00   97.80
19:05:03     all    2.11    0.00    0.06    0.00    0.00    0.00    0.00    0.00   97.83
19:05:05     all    2.10    0.00    0.06    0.00    0.00    0.01    0.00    0.00   97.83
19:05:07     all    2.10    0.00    0.07    0.00    0.00    0.00    0.00    0.00   97.83
19:05:09     all    2.11    0.00    0.07    0.00    0.00    0.00    0.00    0.00   97.82
19:05:11     all    2.10    0.00    0.06    0.00    0.00    0.00    0.00    0.00   97.84
19:05:13     all    2.10    0.00    0.07    0.00    0.00    0.01    0.00    0.00   97.82
19:05:15     all    2.10    0.00    0.06    0.00    0.00    0.00    0.00    0.00   97.84
19:05:17     all    2.11    0.00    0.06    0.00    0.00    0.00    0.00    0.00   97.83
19:05:19     all    2.10    0.00    0.06    0.00    0.00    0.00    0.00    0.00   97.84
19:05:21     all    2.12    0.00    0.09    0.00    0.00    0.00    0.00    0.00   97.79
19:05:23     all    2.10    0.00    0.07    0.00    0.00    0.00    0.00    0.00   97.83
19:05:25     all    2.11    0.00    0.07    0.00    0.00    0.01    0.00    0.00   97.81
19:05:27     all    2.10    0.00    0.07    0.00    0.00    0.01    0.00    0.00   97.82
19:05:29     all    2.10    0.00    0.07    0.00    0.00    0.01    0.00    0.00   97.82
19:05:31     all    2.10    0.00    0.08    0.00    0.00    0.01    0.00    0.00   97.81
19:05:33     all    2.11    0.00    0.08    0.01    0.00    0.00    0.00    0.00   97.80
19:05:35     all    2.11    0.00    0.07    0.00    0.00    0.01    0.00    0.00   97.81
19:05:37     all    2.10    0.00    0.07    0.00    0.00    0.00    0.00    0.00   97.83
19:05:39     all    2.10    0.00    0.07    0.10    0.00    0.02    0.00    0.00   97.71
19:05:41     all    2.10    0.00    0.07    0.09    0.00    0.01    0.00    0.00   97.73
19:05:43     all    2.10    0.00    0.06    0.00    0.00    0.00    0.00    0.00   97.84
19:05:45     all    2.10    0.00    0.07    0.00    0.00    0.00    0.00    0.00   97.83
19:05:47     all    2.10    0.00    0.07    0.00    0.00    0.00    0.00    0.00   97.83
19:05:49     all    2.11    0.00    0.07    0.00    0.00    0.00    0.00    0.00   97.82
19:05:51     all    2.10    0.00    0.06    0.00    0.00    0.00    0.00    0.00   97.84
19:05:53     all    2.10    0.00    0.06    0.00    0.00    0.00    0.00    0.00   97.84
19:05:55     all    2.09    0.00    0.03    0.00    0.00    0.00    0.00    0.00   97.88
