procs -----------memory---------- ---swap-- -----io---- --system-- -----cpu-----
 r  b   swpd   free   buff  cache   si   so    bi    bo   in   cs us sy id wa st
 3  0  11032 64592832 136160 303696    0    0     0     1    0    0  5  1 94  0  0	
 2  0  11032 64443712 136160 303732    0    0     0     0 3210 2608  2  0 98  0  0	
 1  0  11032 64443532 136160 303732    0    0     0     0 3087 2485  2  0 98  0  0	
 1  0  11032 64443680 136160 303736    0    0     0     8 3071 2528  2  0 98  0  0	
 1  0  11032 64444552 136160 303736    0    0     0     0 3087 2541  2  0 98  0  0	
 1  0  11032 64444532 136160 303736    0    0     0     0 3092 2577  2  0 98  0  0	
 1  0  11032 64444532 136160 303740    0    0     0     0 3133 2684  2  0 98  0  0	
 2  0  11032 64445188 136160 303740    0    0     0     4 3117 2583  2  0 98  0  0	
 1  0  11032 64445204 136160 303744    0    0     0     0 3049 2530  2  0 98  0  0	
 1  0  11032 64445576 136160 303748    0    0     0     0 3095 2543  2  0 98  0  0	
 1  0  11032 64445720 136160 303748    0    0     0     0 3091 2556  2  0 98  0  0	
 1  0  11032 64445720 136160 303748    0    0     0     0 3095 2565  2  0 98  0  0	
 1  0  11032 64445720 136160 303752    0    0     0     0 3089 2578  2  0 98  0  0	
 1  0  11032 64445968 136160 303752    0    0     0     0 3064 2514  2  0 98  0  0	
 1  0  11032 64446092 136160 303760    0    0     0     0 3202 2779  2  0 98  0  0	
 1  0  11032 64445844 136160 303760    0    0     0     0 3145 2629  2  0 98  0  0	
 1  0  11032 64446220 136160 303764    0    0     0     0 3118 2575  2  0 98  0  0	
 1  0  11032 64446212 136160 303768    0    0     0     2 3099 2523  2  0 98  0  0	
 1  0  11032 64445964 136160 303772    0    0     0     0 3127 2593  2  0 98  0  0	
 1  0  11032 64446336 136160 303772    0    0     0     0 3119 2574  2  0 98  0  0	
 2  0  11032 64446336 136160 303776    0    0     0    14 3067 2485  2  0 98  0  0	
procs -----------memory---------- ---swap-- -----io---- --system-- -----cpu-----
 r  b   swpd   free   buff  cache   si   so    bi    bo   in   cs us sy id wa st
 1  0  11032 64446344 136160 303776    0    0     0     0 3167 2636  2  0 98  0  0	
 1  0  11032 64446220 136160 303776    0    0     0     0 3119 2579  2  0 98  0  0	
 1  0  11032 64446220 136160 303784    0    0     0     0 3079 2503  2  0 98  0  0	
 1  0  11032 64446344 136160 303784    0    0     0     0 3112 2546  2  0 98  0  0	
 1  0  11032 64446104 136160 303788    0    0     0     0 3082 2494  2  0 98  0  0	
 1  0  11032 64446352 136160 303788    0    0     0     0 3082 2490  2  0 98  0  0	
 1  0  11032 64446600 136160 303788    0    0     0     0 3083 2521  2  0 98  0  0	
 1  0  11032 64446476 136160 303788    0    0     0     0 3256 2840  2  0 98  0  0	
 1  0  11032 64446352 136160 303796    0    0     0     0 3095 2544  2  0 98  0  0	
 1  0  11032 64446352 136160 303796    0    0     0     0 3198 2722  2  0 98  0  0	
 1  0  11032 64446220 136160 303804    0    0     0     0 3134 2591  2  0 98  0  0	
 1  0  11032 64446220 136160 303804    0    0     0     0 3223 2788  2  0 98  0  0	
 1  0  11032 64445972 136160 303804    0    0     0     0 3185 2717  2  0 98  0  0	
 1  0  11032 64446088 136160 303808    0    0     0     0 3076 2520  2  0 98  0  0	
 1  0  11032 64446096 136160 303808    0    0     0     0 3236 2817  2  0 98  0  0	
 1  0  11032 64445964 136160 303812    0    0     0     0 3141 2623  2  0 98  0  0	
 1  0  11032 64445832 136160 303816    0    0     0    10 3066 2497  2  0 98  0  0	
 2  0  11032 64446228 136160 303816    0    0     0     0 3001 2460  2  0 98  0  0	
 1  0  11032 64446236 136160 303824    0    0     0     0 3098 2558  2  0 98  0  0	
 1  0  11032 64446228 136160 303824    0    0     0     0 3076 2541  2  0 98  0  0	
 1  0  11032 64446352 136160 303824    0    0     0     0 3113 2579  2  0 98  0  0	
procs -----------memory---------- ---swap-- -----io---- --system-- -----cpu-----
 r  b   swpd   free   buff  cache   si   so    bi    bo   in   cs us sy id wa st
 1  0  11032 64446228 136160 303828    0    0     0     0 3191 2793  2  0 98  0  0	
 1  0  11032 64446104 136160 303832    0    0     0     0 3074 2509  2  0 98  0  0	
 2  0  11032 64446228 136160 303832    0    0     0     0 3068 2511  2  0 98  0  0	
 1  0  11032 64446236 136160 303840    0    0     0     0 3060 2474  2  0 98  0  0	
 1  0  11032 64445972 136160 303848    0    0     0     0 3089 2498  2  0 98  0  0	
 1  0  11032 64446080 136160 303848    0    0     0     0 3062 2479  2  0 98  0  0	
 1  0  11032 64445964 136160 303852    0    0     0     0 3043 2502  2  0 98  0  0	
 1  0  11032 64445964 136160 303852    0    0     0     0 3097 2519  2  0 98  0  0	
 1  1  11032 64446212 136160 303856    0    0     0     4 3139 2615  2  0 98  0  0	
 2  0  11032 64446220 136160 303856    0    0     0     2 3095 2504  2  0 98  0  0	
 1  0  11032 64446228 136160 303856    0    0     0     0 3089 2505  2  0 98  0  0	
 1  0  11032 64446104 136160 303856    0    0     0     0 3118 2575  2  0 98  0  0	
 1  0  11032 64446104 136160 303868    0    0     0     0 3153 2660  2  0 98  0  0	
 2  0  11032 64446112 136160 303868    0    0     0     0 3081 2514  2  0 98  0  0	
 1  0  11032 64446104 136160 303868    0    0     0     0 3084 2526  2  0 98  0  0	
 1  0  11032 64446220 136160 303876    0    0     0     0 3117 2570  2  0 98  0  0	
 2  0  11032 64445980 136160 303876    0    0     0     0 3140 2607  2  0 98  0  0	
 1  0  11032 64446104 136160 303880    0    0     0     0 3097 2551  2  0 98  0  0	
 1  0  11032 64446104 136160 303884    0    0     0     0 3142 2626  2  0 98  0  0	
 2  0  11032 64445972 136160 303884    0    0     0     0 3103 2547  2  0 98  0  0	
 1  0  11032 64446220 136160 303892    0    0     0     0 3091 2512  2  0 98  0  0	
procs -----------memory---------- ---swap-- -----io---- --system-- -----cpu-----
 r  b   swpd   free   buff  cache   si   so    bi    bo   in   cs us sy id wa st
 1  0  11032 64446096 136160 303892    0    0     0     0 3093 2509  2  0 98  0  0	
 1  0  11032 64445972 136160 303896    0    0     0     0 3079 2509  2  0 98  0  0	
 1  0  11032 64446104 136160 303900    0    0     0     0 3079 2505  2  0 98  0  0	
 1  0  11032 64446096 136160 303900    0    0     0     0 3097 2546  2  0 98  0  0	
 1  0  11032 64446092 136160 303900    0    0     0     2 3095 2514  2  0 98  0  0	
 1  0  11032 64445976 136160 303904    0    0     0     0 3082 2498  2  0 98  0  0	
 2  0  11032 64445976 136160 303908    0    0     0     0 3097 2542  2  0 98  0  0	
 1  0  11032 64445852 136160 303908    0    0     0     0 3110 2550  2  0 98  0  0	
 1  0  11032 64445852 136160 303916    0    0     0     0 3104 2544  2  0 98  0  0	
 2  0  11032 64446100 136160 303916    0    0     0     0 3116 2569  2  0 98  0  0	
 1  0  11032 64445976 136160 303916    0    0     0     0 3099 2537  2  0 98  0  0	
 1  0  11032 64445976 136160 303924    0    0     0     0 3127 2576  2  0 98  0  0	
 2  0  11032 64445984 136160 303924    0    0     0     0 3106 2529  2  0 98  0  0	
 1  0  11032 64445836 136160 303928    0    0     0     0 3111 2552  2  0 98  0  0	
 1  0  11032 64445952 136160 303932    0    0     0     0 3110 2551  2  0 98  0  0	
 1  0  11032 64445836 136160 303932    0    0     0     0 3105 2553  2  0 98  0  0	
 1  0  11032 64445960 136160 303936    0    0     0     0 3086 2521  2  0 98  0  0	
 1  1  11032 64445712 136160 303936    0    0     0     4 3081 2517  2  0 98  0  0	
 1  0  11032 64445844 136160 303936    0    0     0     2 3084 2512  2  0 98  0  0	
 1  0  11032 64445728 136160 303940    0    0     0     0 3080 2508  2  0 98  0  0	
 1  0  11032 64445604 136160 303940    0    0     0     0 3070 2491  2  0 98  0  0	
procs -----------memory---------- ---swap-- -----io---- --system-- -----cpu-----
 r  b   swpd   free   buff  cache   si   so    bi    bo   in   cs us sy id wa st
 1  0  11032 64445728 136160 303940    0    0     0     0 3097 2563  2  0 98  0  0	
 1  0  11032 64445736 136160 303948    0    0     0     0 3122 2598  2  0 98  0  0	
 2  0  11032 64445860 136160 303948    0    0     0     0 3107 2539  2  0 98  0  0	
 1  0  11032 64445604 136160 303952    0    0     0     0 3101 2541  2  0 98  0  0	
 1  0  11032 64445860 136160 303956    0    0     0     0 3068 2493  2  0 98  0  0	
 1  0  11032 64445860 136160 303964    0    0     0     0 3074 2511  2  0 98  0  0	
 1  0  11032 64445740 136160 303968    0    0     0     0 3105 2558  2  0 98  0  0	
 2  0  11032 64445856 136160 303968    0    0     0     0 2531 2412  2  0 98  0  0	
 1  0  11032 64445608 136160 303976    0    0     0     0 2128 2315  2  0 98  0  0	
 1  0  11032 64445608 136160 303976    0    0     0     0 2115 2316  2  0 98  0  0	
 2  0  11032 64445360 136160 303980    0    0     0     0 2780 2602  2  0 98  0  0	
 1  0  11032 64445112 136160 303980    0    0     0     0 3093 2532  2  0 98  0  0	
 2  0  11032 64445228 136160 303984    0    0     0     0 3160 2642  2  0 98  0  0	
 1  0  11032 64445220 136160 303984    0    0     0     2 3088 2499  2  0 98  0  0	
 1  0  11032 64445352 136160 303988    0    0     0     0 3073 2485  2  0 98  0  0	
 1  0  11032 64445392 136160 303988    0    0     0     0 3077 2502  2  0 98  0  0	
 1  0  11032 64445524 136160 303992    0    0     0     0 3087 2498  2  0 98  0  0	
 2  0  11032 64445648 136160 303996    0    0     0     0 3077 2502  2  0 98  0  0	
 1  0  11032 64445648 136160 303996    0    0     0     0 3100 2554  2  0 98  0  0	
 2  0  11032 64445852 136160 303996    0    0     0     0 3058 2437  2  0 98  0  0	
 1  0  11032 64445752 136160 304000    0    0     0     0 3086 2506  2  0 98  0  0	
procs -----------memory---------- ---swap-- -----io---- --system-- -----cpu-----
 r  b   swpd   free   buff  cache   si   so    bi    bo   in   cs us sy id wa st
 1  0  11032 64445760 136160 304004    0    0     0     0 3085 2494  2  0 98  0  0	
 2  0  11032 64445612 136160 304004    0    0     0     0 3093 2511  2  0 98  0  0	
 1  0  11032 64445488 136160 304008    0    0     0     0 3083 2495  2  0 98  0  0	
 2  0  11032 64445612 136160 304016    0    0     0     0 3111 2550  2  0 98  0  0	
 1  0  11032 64445736 136160 304016    0    0     0     0 3083 2506  2  0 98  0  0	
 1  1  11032 64445736 136160 304016    0    0     0     4 3089 2504  2  0 98  0  0	
 1  0  11032 64445744 136160 304020    0    0     0     2 3089 2515  2  0 98  0  0	
 1  0  11032 64445744 136160 304020    0    0     0     0 3079 2496  2  0 98  0  0	
 2  0  11032 64445744 136160 304024    0    0     0     0 3138 2593  2  0 98  0  0	
 1  0  11032 64445744 136160 304028    0    0     0     0 3134 2628  2  0 98  0  0	
 1  0  11032 64445876 136160 304032    0    0     0     0 3076 2497  2  0 98  0  0	
 1  1  11032 64445500 136160 304036    0    0     0     4 3079 2506  2  0 98  0  0	
 1  0  11032 64445616 136160 304036    0    0     0     2 3082 2502  2  0 98  0  0	
 2  0  11032 64445624 136160 304036    0    0     0     0 3060 2485  2  0 98  0  0	
 1  0  11032 64445500 136160 304044    0    0     0     0 3070 2498  2  0 98  0  0	
 2  0  11032 64445624 136160 304044    0    0     0     0 3083 2539  2  0 98  0  0	
 1  0  11032 64445740 136160 304044    0    0     0     0 3087 2514  2  0 98  0  0	
 1  0  11032 64445748 136160 304048    0    0     0     0 3064 2498  2  0 98  0  0	
 1  1  11032 64445748 136160 304052    0    0     0     6 3073 2495  2  0 98  0  0	
 1  0  11032 64445748 136160 304056    0    0     0     2 3059 2498  2  0 98  0  0	
 2  0  11032 64445756 136160 304060    0    0     0     0 3070 2501  2  0 98  0  0	
procs -----------memory---------- ---swap-- -----io---- --system-- -----cpu-----
 r  b   swpd   free   buff  cache   si   so    bi    bo   in   cs us sy id wa st
 1  0  11032 64445624 136160 304060    0    0     0     0 3095 2546  2  0 98  0  0	
 1  0  11032 64445236 136160 304072    0    0     0    26 3148 2539  2  0 98  0  0	
 1  0  11032 64445576 136160 304072    0    0     0     0 3074 2497  2  0 98  0  0	
 1  0  11032 64445700 136160 304076    0    0     0     0 3068 2498  2  0 98  0  0	
 2  0  11032 64446020 136160 304080    0    0     0     0 3081 2504  2  0 98  0  0	
 1  0  11032 64446144 136160 304084    0    0     0     0 3094 2509  2  0 98  0  0	
 2  0  11032 64446268 136160 304084    0    0     0     0 3099 2553  2  0 98  0  0	
 1  0  11032 64446284 136160 304092    0    0     0     0 3107 2558  2  0 98  0  0	
 1  0  11032 64446160 136160 304096    0    0     0     0 3109 2552  2  0 98  0  0	
 1  0  11032 64446292 136160 304096    0    0     0     0 3090 2534  2  0 98  0  0	
 1  0  11032 64446152 136160 304100    0    0     0     0 3157 2588  2  0 98  0  0	
 2  0  11032 64446268 136160 304100    0    0     0     0 3108 2558  2  0 98  0  0	
 1  0  11032 64446160 136160 304112    0    0     0     0 3132 2602  2  0 98  0  0	
 1  0  11032 64446160 136160 304112    0    0     0     0 3121 2574  2  0 98  0  0	
 1  1  11032 64446284 136160 304112    0    0     0     4 3077 2500  2  0 98  0  0	
 1  0  11032 64446168 136160 304116    0    0     0     2 3091 2521  2  0 98  0  0	
 1  0  11032 64446292 136160 304120    0    0     0     0 3083 2504  2  0 98  0  0	
 1  0  11032 64446292 136160 304120    0    0     0     0 3055 2480  2  0 98  0  0	
 2  0  11032 64446168 136160 304124    0    0     0    12 3075 2534  2  0 98  0  0	
 1  0  11032 64445928 136160 304124    0    0     0     0 3054 2486  2  0 98  0  0	
 1  0  11032 64446168 136160 304128    0    0     0     0 3069 2487  2  0 98  0  0	
procs -----------memory---------- ---swap-- -----io---- --system-- -----cpu-----
 r  b   swpd   free   buff  cache   si   so    bi    bo   in   cs us sy id wa st
 1  0  11032 64446284 136160 304132    0    0     0     0 3071 2494  2  0 98  0  0	
 1  0  11032 64446176 136160 304132    0    0     0     0 3066 2485  2  0 98  0  0	
 2  0  11032 64446292 136160 304140    0    0     0     0 3055 2493  2  0 98  0  0	
 1  0  11032 64446292 136160 304140    0    0     0     0 3068 2523  2  0 98  0  0	
 2  0  11032 64446160 136160 304140    0    0     0     0 3070 2492  2  0 98  0  0	
 1  0  11032 64446292 136160 304144    0    0     0     0 3054 2487  2  0 98  0  0	
 1  0  11032 64446292 136160 304144    0    0     0     0 3098 2513  2  0 98  0  0	
 2  0  11032 64446168 136160 304148    0    0     0     0 3091 2513  2  0 98  0  0	
 1  0  11032 64446052 136160 304148    0    0     0     0 3048 2472  2  0 98  0  0	
 2  0  11032 64446176 136160 304152    0    0     0     0 3079 2534  2  0 98  0  0	
 1  0  11032 64445920 136160 304152    0    0     0     0 3064 2493  2  0 98  0  0	
 1  0  11032 64446052 136160 304152    0    0     0     0 3077 2497  2  0 98  0  0	
 1  0  11032 64446176 136160 304156    0    0     0     0 3059 2495  2  0 98  0  0	
 1  0  11032 64446176 136160 304160    0    0     0     0 3094 2542  2  0 98  0  0	
 2  0  11032 64446300 136160 304168    0    0     0     0 3122 2583  2  0 98  0  0	
 1  0  11032 64446300 136160 304168    0    0     0     0 3100 2571  2  0 98  0  0	
 2  0  11032 64446300 136160 304168    0    0     0     0 3093 2534  2  0 98  0  0	
 1  0  11032 64446300 136160 304176    0    0     0     0 3067 2493  2  0 98  0  0	
 1  0  11032 64446184 136160 304176    0    0     0     0 3077 2526  2  0 98  0  0	
 1  0  11032 64446044 136160 304176    0    0     0     0 3076 2509  2  0 98  0  0	
 1  0  11032 64445912 136160 304180    0    0     0     0 3050 2474  2  0 98  0  0	
procs -----------memory---------- ---swap-- -----io---- --system-- -----cpu-----
 r  b   swpd   free   buff  cache   si   so    bi    bo   in   cs us sy id wa st
 2  0  11032 64446044 136160 304180    0    0     0     0 3084 2532  2  0 98  0  0	
 1  0  11032 64446044 136160 304184    0    0     0     0 3084 2490  2  0 98  0  0	
 1  1  11032 64446168 136160 304188    0    0     0     4 3051 2480  2  0 98  0  0	
 1  0  11032 64446052 136160 304188    0    0     0     2 3059 2484  2  0 98  0  0	
 1  0  11032 64446176 136160 304192    0    0     0     0 3053 2483  2  0 98  0  0	
 2  0  11032 64446176 136160 304196    0    0     0     0 3097 2550  2  0 98  0  0	
 1  0  11032 64446176 136160 304196    0    0     0     0 3080 2547  2  0 98  0  0	
 2  0  11032 64446060 136160 304200    0    0     0     0 3092 2548  2  0 98  0  0	
 1  0  11032 64446052 136160 304200    0    0     0     0 3076 2485  2  0 98  0  0	
 1  0  11032 64446048 136160 304204    0    0     0     0 3173 2702  2  0 98  0  0	
 1  0  11032 64445932 136160 304216    0    0     0     0 3097 2550  2  0 98  0  0	
 1  0  11032 64446056 136160 304220    0    0     0     0 3111 2570  2  0 98  0  0	
 2  0  11032 64446064 136160 304220    0    0     0     0 3151 2637  2  0 98  0  0	
 1  0  11032 64446056 136160 304224    0    0     0     0 3135 2593  2  0 98  0  0	
 1  0  11032 64446180 136160 304224    0    0     0     0 3054 2480  2  0 98  0  0	
 1  0  11032 64446056 136160 304224    0    0     0     0 3054 2479  2  0 98  0  0	
 1  0  11032 64446180 136160 304236    0    0     0     0 3086 2510  2  0 98  0  0	
 2  0  11032 64445940 136160 304236    0    0     0     0 3050 2483  2  0 98  0  0	
 1  0  11032 64445932 136160 304240    0    0     0     0 3074 2522  2  0 98  0  0	
 2  0  11032 64446048 136160 304240    0    0     0     2 3093 2538  2  0 98  0  0	
 1  0  11032 64446056 136160 304240    0    0     0     0 3110 2579  2  0 98  0  0	
procs -----------memory---------- ---swap-- -----io---- --system-- -----cpu-----
 r  b   swpd   free   buff  cache   si   so    bi    bo   in   cs us sy id wa st
 1  0  11032 64446064 136160 304244    0    0     0     0 3101 2551  2  0 98  0  0	
 1  0  11032 64445932 136160 304244    0    0     0     0 3102 2547  2  0 98  0  0	
 1  0  11032 64445932 136160 304244    0    0     0     0 3063 2491  2  0 98  0  0	
 2  0  11032 64446056 136160 304252    0    0     0     0 3098 2579  2  0 98  0  0	
 1  0  11032 64445924 136160 304252    0    0     0     0 3096 2531  2  0 98  0  0	
 2  0  11032 64446056 136160 304260    0    0     0     0 3074 2496  2  0 98  0  0	
 1  0  11032 64446064 136160 304264    0    0     0     0 3078 2499  2  0 98  0  0	
 1  0  11032 64446056 136160 304268    0    0     0     0 3085 2505  2  0 98  0  0	
 1  0  11032 64445916 136160 304272    0    0     0     0 3072 2517  2  0 98  0  0	
 1  0  11032 64446172 136160 304272    0    0     0     0 3131 2597  2  0 98  0  0	
 2  0  11032 64446048 136160 304272    0    0     0     0 3100 2544  2  0 98  0  0	
 1  1  11032 64446176 136160 304280    0    0     0     4 3054 2487  2  0 98  0  0	
 1  0  11032 64446184 136160 304280    0    0     0     2 3113 2566  2  0 98  0  0	
 1  0  11032 64445928 136160 304280    0    0     0     0 3105 2548  2  0 98  0  0	
 1  0  11032 64446052 136160 304284    0    0     0     0 3078 2466  2  0 98  0  0	
 2  0  11032 64446184 136160 304284    0    0     0     0 3061 2524  2  0 98  0  0	
 1  0  11032 64446192 136160 304284    0    0     0     0 3044 2465  2  0 98  0  0	
 1  0  11032 64446184 136160 304284    0    0     0     0 3051 2470  2  0 98  0  0	
 3  0  11032 64446300 136160 304292    0    0     0     0 3029 2407  2  0 98  0  0	
 1  0  11032 64446184 136160 304296    0    0     0     0 3056 2476  2  0 98  0  0	
 1  0  11032 64446368 136160 304296    0    0     0     0 3071 2508  2  0 98  0  0	
procs -----------memory---------- ---swap-- -----io---- --system-- -----cpu-----
 r  b   swpd   free   buff  cache   si   so    bi    bo   in   cs us sy id wa st
 1  0  11032 64446392 136160 304300    0    0     0     0 3086 2547  2  0 98  0  0	
 1  0  11032 64446260 136160 304300    0    0     0     0 3058 2463  2  0 98  0  0	
 1  0  11032 64446508 136160 304304    0    0     0     0 3036 2447  2  0 98  0  0	
 1  0  11032 64446384 136160 304308    0    0     0     0 3048 2456  2  0 98  0  0	
 1  0  11032 64446260 136160 304308    0    0     0     0 3055 2467  2  0 98  0  0	
 1  0  11032 64446384 136160 304316    0    0     0     0 3061 2476  2  0 98  0  0	
 1  0  11032 64446260 136160 304316    0    0     0     0 3060 2506  2  0 98  0  0	
 1  0  11032 64446260 136160 304316    0    0     0     2 3045 2467  2  0 98  0  0	
 1  0  11032 64446384 136160 304320    0    0     0     0 3038 2445  2  0 98  0  0	
 1  0  11032 64446384 136160 304320    0    0     0     0 3039 2457  2  0 98  0  0	
 1  0  11032 64446516 136160 304320    0    0     0     0 3035 2447  2  0 98  0  0	
 2  0  11032 64445896 136160 304324    0    0     0     0 3077 2463  2  0 98  0  0	
 1  0  11032 64445772 136160 304324    0    0     0     0 3113 2562  2  0 98  0  0	
 1  0  11032 64445508 136160 304336    0    0     0     0 3221 2730  2  0 98  0  0	
 2  0  11032 64445516 136160 304340    0    0     0     0 3115 2568  2  0 98  0  0	
 1  0  11032 64445640 136160 304340    0    0     0     0 3060 2491  2  0 98  0  0	
 1  0  11032 64445872 136160 304344    0    0     0     0 3084 2496  2  0 98  0  0	
 2  0  11032 64445872 136160 304344    0    0     0     0 3025 2441  2  0 98  0  0	
 1  0  11032 64445996 136160 304344    0    0     0     0 3134 2616  2  0 98  0  0	
 1  0  11032 64446060 136160 304348    0    0     0     0 3127 2594  2  0 98  0  0	
 1  1  11032 64446060 136160 304360    0    0     0     4 3086 2555  2  0 98  0  0	
procs -----------memory---------- ---swap-- -----io---- --system-- -----cpu-----
 r  b   swpd   free   buff  cache   si   so    bi    bo   in   cs us sy id wa st
 1  0  11032 64446216 136160 304364    0    0     0     2 3086 2540  2  0 98  0  0	
 1  0  11032 64446092 136160 304368    0    0     0     0 3052 2479  2  0 98  0  0	
 1  0  11032 64446216 136160 304368    0    0     0     0 3047 2470  2  0 98  0  0	
 1  0  11032 64446092 136160 304368    0    0     0     0 3141 2657  2  0 98  0  0	
 1  0  11032 64446092 136160 304372    0    0     0     0 3060 2502  2  0 98  0  0	
 1  0  11032 64446100 136160 304372    0    0     0     8 3069 2510  2  0 98  0  0	
 1  0  11032 64445852 136160 304376    0    0     0     0 3040 2465  2  0 98  0  0	
 2  0  11032 64445976 136160 304384    0    0     0     0 3044 2457  2  0 98  0  0	
 1  0  11032 64445976 136160 304384    0    0     0     0 3066 2493  2  0 98  0  0	
 1  0  11032 64446100 136160 304388    0    0     0     0 3094 2563  2  0 98  0  0	
 2  0  11032 64445844 136160 304388    0    0     0     0 3107 2546  2  0 98  0  0	
 1  0  11032 64445968 136160 304388    0    0     0     0 3198 2754  2  0 98  0  0	
 1  0  11032 64446092 136160 304392    0    0     0     0 3064 2463  2  0 98  0  0	
 2  0  11032 64446092 136160 304392    0    0     0     0 3122 2593  2  0 98  0  0	
 1  0  11032 64445968 136160 304396    0    0     0     0 3072 2491  2  0 98  0  0	
 1  0  11032 64445976 136160 304400    0    0     0     0 3067 2513  2  0 98  0  0	
 2  0  11032 64445844 136160 304400    0    0     0     4 3059 2481  2  0 98  0  0	
 1  0  11032 64445720 136160 304404    0    0     0     0 3066 2471  2  0 98  0  0	
 1  0  11032 64445720 136160 304408    0    0     0     0 3065 2480  2  0 98  0  0	
 1  0  11032 64445348 136160 304408    0    0     0     0 3048 2478  2  0 98  0  0	
 1  0  11032 64445480 136160 304412    0    0     0     0 3079 2509  2  0 98  0  0	
procs -----------memory---------- ---swap-- -----io---- --system-- -----cpu-----
 r  b   swpd   free   buff  cache   si   so    bi    bo   in   cs us sy id wa st
 1  0  11032 64445596 136160 304412    0    0     0     0 3182 2712  2  0 98  0  0	
 1  0  11032 64445348 136160 304420    0    0     0     0 3067 2473  2  0 98  0  0	
 1  0  11032 64445596 136160 304424    0    0     0     0 3012 2462  2  0 98  0  0	
 1  0  11032 64445660 136160 304424    0    0     0     0 3061 2491  2  0 98  0  0	
 1  0  11032 64445652 136160 304424    0    0     0     0 3071 2504  2  0 98  0  0	
 1  0  11032 64445644 136160 304424    0    0     0     0 3055 2496  2  0 98  0  0	
 2  0  11032 64445520 136160 304428    0    0     0     0 3092 2541  2  0 98  0  0	
 2  0  11032 64445668 136160 304432    0    0     0     0 3036 2435  2  0 98  0  0	
 1  1  11032 64445792 136160 304436    0    0     0     4 3090 2547  2  0 98  0  0	
 2  0  11032 64445684 136160 304436    0    0     0     2 3122 2606  2  0 98  0  0	
 1  0  11032 64445560 136160 304440    0    0     0     0 3060 2498  2  0 98  0  0	
 2  0  11032 64445684 136160 304444    0    0     0     0 3039 2467  2  0 98  0  0	
 2  0  11032 64445560 136160 304444    0    0     0     0 3122 2613  2  0 98  0  0	
 1  0  11032 64445684 136160 304444    0    0     0     0 3107 2575  2  0 98  0  0	
 1  1  11032 64445684 136160 304452    0    0     0     4 3104 2549  2  0 98  0  0	
 2  0  11032 64445808 136160 304452    0    0     0     2 3052 2480  2  0 98  0  0	
 1  0  11032 64445688 136160 304464    0    0     0     0 3045 2466  2  0 98  0  0	
 1  0  11032 64445688 136160 304468    0    0     0     0 3074 2527  2  0 98  0  0	
 1  0  11032 64445688 136160 304468    0    0     0     0 3108 2613  2  0 98  0  0	
 1  0  11032 64445556 136160 304468    0    0     0     0 3181 2714  2  0 98  0  0	
 1  0  11032 64445556 136160 304472    0    0     0     0 3385 3197  2  0 98  0  0	
procs -----------memory---------- ---swap-- -----io---- --system-- -----cpu-----
 r  b   swpd   free   buff  cache   si   so    bi    bo   in   cs us sy id wa st
 1  0  11032 64445680 136160 304472    0    0     0     0 3360 3156  2  0 98  0  0	
 1  0  11032 64445680 136160 304476    0    0     0     8 3038 2472  2  0 98  0  0	
 2  0  11032 64445680 136160 304476    0    0     0     0 3041 2466  2  0 98  0  0	
 2  0  11032 64445804 136160 304484    0    0     0     0 3066 2519  2  0 98  0  0	
 1  0  11032 64445804 136160 304488    0    0     0     4 3103 2647  2  0 98  0  0	
 2  0  11032 64445680 136160 304488    0    0     0     0 3054 2478  2  0 98  0  0	
 1  0  11032 64445680 136160 304488    0    0     0     0 3045 2468  2  0 98  0  0	
 1  0  11032 64445804 136160 304492    0    0     0     0 3092 2557  2  0 98  0  0	
 2  0  11032 64445812 136160 304492    0    0     0     0 3087 2543  2  0 98  0  0	
 1  0  11032 64445804 136160 304492    0    0     0     0 3138 2660  2  0 98  0  0	
 1  0  11032 64445680 136160 304500    0    0     0     0 3044 2471  2  0 98  0  0	
 1  0  11032 64445804 136160 304508    0    0     0     0 3073 2532  2  0 98  0  0	
 1  0  11032 64445928 136160 304512    0    0     0     0 3055 2482  2  0 98  0  0	
 1  0  11032 64445796 136160 304512    0    0     0     0 3098 2550  2  0 98  0  0	
 1  0  11032 64445912 136160 304516    0    0     0     0 3141 2640  2  0 98  0  0	
 1  0  11032 64445664 136160 304520    0    0     0     0 3210 2734  2  0 98  0  0	
 1  0  11032 64445664 136160 304520    0    0     0     0 3192 2714  2  0 98  0  0	
 1  1  11032 64445664 136160 304520    0    0     0     4 3073 2492  2  0 98  0  0	
 1  0  11032 64445556 136160 304524    0    0     0     2 3092 2519  2  0 98  0  0	
 2  0  11032 64445680 136160 304528    0    0     0     0 3162 2665  2  0 98  0  0	
 1  0  11032 64445804 136160 304528    0    0     0     0 3135 2609  2  0 98  0  0	
procs -----------memory---------- ---swap-- -----io---- --system-- -----cpu-----
 r  b   swpd   free   buff  cache   si   so    bi    bo   in   cs us sy id wa st
 1  0  11032 64445688 136160 304532    0    0     0     0 3108 2577  2  0 98  0  0	
 2  0  11032 64445688 136160 304532    0    0     0     0 3109 2568  2  0 98  0  0	
 1  0  11032 64445572 136160 304536    0    0     0     0 3087 2513  2  0 98  0  0	
 1  0  11032 64445688 136160 304536    0    0     0     0 3123 2587  2  0 98  0  0	
 2  0  11032 64445696 136160 304540    0    0     0     0 3075 2491  2  0 98  0  0	
 1  0  11032 64445688 136160 304548    0    0     0     0 3070 2489  2  0 98  0  0	
 1  0  11032 64445440 136160 304548    0    0     0     0 3087 2534  2  0 98  0  0	
 1  0  11032 64445564 136160 304548    0    0     0     0 3086 2492  2  0 98  0  0	
 1  0  11032 64445680 136160 304556    0    0     0     0 3074 2490  2  0 98  0  0	
 1  0  11032 64445556 136160 304556    0    0     0     0 3090 2520  2  0 98  0  0	
 1  0  11032 64445556 136160 304556    0    0     0     0 3081 2514  2  0 98  0  0	
 1  0  11032 64445556 136160 304560    0    0     0     0 3149 2637  2  0 98  0  0	
 1  0  11032 64445564 136160 304560    0    0     0     0 3137 2612  2  0 98  0  0	
 1  0  11032 64445556 136160 304564    0    0     0     2 3059 2491  2  0 98  0  0	
 1  0  11032 64445556 136160 304564    0    0     0     0 3106 2559  2  0 98  0  0	
 2  0  11032 64445556 136160 304568    0    0     0     0 3042 2478  2  0 98  0  0	
 1  0  11032 64445680 136160 304568    0    0     0     0 3296 3027  2  0 98  0  0	
 2  0  11032 64445564 136160 304572    0    0     0     0 3060 2460  2  0 98  0  0	
 2  0  11032 64445556 136160 304572    0    0     0     0 3092 2561  2  0 98  0  0	
 1  0  11032 64445556 136160 304580    0    0     0     0 3042 2467  2  0 98  0  0	
 1  0  11032 64445556 136160 304588    0    0     0     0 3040 2462  2  0 98  0  0	
procs -----------memory---------- ---swap-- -----io---- --system-- -----cpu-----
 r  b   swpd   free   buff  cache   si   so    bi    bo   in   cs us sy id wa st
 2  0  11032 64445432 136160 304588    0    0     0     0 3011 2460  2  0 98  0  0	
 1  0  11032 64445424 136160 304588    0    0     0     0 3129 2603  2  0 98  0  0	
 1  0  11032 64445540 136160 304592    0    0     0     0 3206 2763  2  0 98  0  0	
 1  0  11032 64445416 136160 304592    0    0     0     0 3114 2587  2  0 98  0  0	
 1  0  11032 64445664 136160 304596    0    0     0     0 3066 2495  2  0 98  0  0	
 1  1  11032 64445540 136160 304600    0    0     0     4 3076 2490  2  0 98  0  0	
 1  0  11032 64445556 136160 304600    0    0     0     2 3118 2572  2  0 98  0  0	
 1  0  11032 64445556 136160 304612    0    0     0     0 3156 2638  2  0 98  0  0	
 2  0  11032 64445432 136160 304612    0    0     0     0 3121 2585  2  0 98  0  0	
 1  0  11032 64445564 136160 304616    0    0     0     0 3078 2533  2  0 98  0  0	
 1  0  11032 64445316 136160 304620    0    0     0     0 3065 2470  2  0 98  0  0	
 2  0  11032 64445696 136160 304620    0    0     0     0 3047 2463  2  0 98  0  0	
 1  0  11032 64445688 136160 304620    0    0     0     0 3044 2465  2  0 98  0  0	
 1  0  11032 64445564 136160 304628    0    0     0     0 3044 2461  2  0 98  0  0	
 2  0  11032 64445440 136160 304628    0    0     0     0 3149 2642  2  0 98  0  0	
 1  0  11032 64445184 136160 304632    0    0     0     0 3170 2634  2  0 98  0  0	
 1  0  11032 64445308 136160 304636    0    0     0     0 3087 2488  2  0 98  0  0	
 1  0  11032 64445424 136160 304636    0    0     0     0 3155 2637  2  0 98  0  0	
 1  0  11032 64445424 136160 304636    0    0     0     0 3167 2641  2  0 98  0  0	
 1  0  11032 64445548 136160 304640    0    0     0     0 3173 2671  2  0 98  0  0	
 1  0  11032 64445548 136160 304640    0    0     0     0 3072 2495  2  0 98  0  0	
procs -----------memory---------- ---swap-- -----io---- --system-- -----cpu-----
 r  b   swpd   free   buff  cache   si   so    bi    bo   in   cs us sy id wa st
 1  0  11032 64445740 136160 304644    0    0     0     0 3175 2708  2  0 98  0  0	
 1  0  11032 64445760 136160 304652    0    0     0     2 3086 2498  2  0 98  0  0	
 2  0  11032 64445636 136160 304652    0    0     0     0 3093 2493  2  0 98  0  0	
 1  0  11032 64445760 136160 304656    0    0     0     0 3086 2510  2  0 98  0  0	
 2  0  11032 64445760 136160 304656    0    0     0     0 3115 2567  2  0 98  0  0	
 1  0  11032 64445644 136160 304656    0    0     0     0 3125 2587  2  0 98  0  0	
 1  0  11032 64445372 136160 304656    0    0     0     0 3165 2668  2  0 98  0  0	
 2  0  11032 64445388 136160 304664    0    0     0     0 3098 2491  2  0 98  0  0	
 1  0  11032 64445140 136160 304668    0    0     0     0 3096 2515  2  0 98  0  0	
 1  0  11032 64445264 136160 304676    0    0     0     0 3139 2616  2  0 98  0  0	
 2  0  11032 64445264 136160 304676    0    0     0     0 3160 2623  2  0 98  0  0	
 1  0  11032 64445504 136160 304680    0    0     0     0 3125 2592  2  0 98  0  0	
 1  0  11032 64445380 136160 304680    0    0     0     0 3176 2675  2  0 98  0  0	
 1  0  11032 64445196 136160 304680    0    0     0     0 3132 2602  2  0 98  0  0	
 1  1  11032 64445444 136160 304684    0    0     0     4 3120 2570  2  0 98  0  0	
 1  0  11032 64445460 136160 304684    0    0     0     2 3111 2564  2  0 98  0  0	
 1  0  11032 64445576 136160 304684    0    0     0     0 3141 2619  2  0 98  0  0	
 1  0  11032 64445476 136160 304692    0    0     0     0 3068 2479  2  0 98  0  0	
 1  0  11032 64445356 136160 304692    0    0     0     0 3098 2552  2  0 98  0  0	
 1  0  11032 64445604 136160 304696    0    0     0     0 3065 2475  2  0 98  0  0	
 1  0  11032 64445736 136160 304700    0    0     0     0 3115 2541  2  0 98  0  0	
