Linux 2.6.32-279.14.1.el6.x86_64 (compute-662-2.local) 	04/20/20 	_x86_64_	(48 CPU)

15:05:14     CPU    %usr   %nice    %sys %iowait    %irq   %soft  %steal  %guest   %idle
15:05:16     all    2.09    0.00    0.11    0.00    0.00    0.00    0.00    0.00   97.79
15:05:18     all    2.09    0.00    0.08    0.00    0.00    0.00    0.00    0.00   97.82
15:05:20     all    2.11    0.00    0.09    0.21    0.00    0.00    0.00    0.00   97.59
15:05:22     all    2.11    0.00    0.07    0.00    0.00    0.00    0.00    0.00   97.82
15:05:24     all    2.08    0.00    0.07    0.00    0.00    0.00    0.00    0.00   97.84
15:05:26     all    2.10    0.00    0.08    0.00    0.00    0.01    0.00    0.00   97.81
15:05:28     all    2.10    0.00    0.07    0.21    0.00    0.02    0.00    0.00   97.60
15:05:30     all    2.09    0.00    0.07    0.00    0.00    0.03    0.00    0.00   97.80
15:05:32     all    2.11    0.00    0.07    0.00    0.00    0.01    0.00    0.00   97.81
15:05:34     all    2.10    0.00    0.07    0.00    0.00    0.00    0.00    0.00   97.83
15:05:36     all    2.09    0.00    0.07    0.00    0.00    0.00    0.00    0.00   97.84
15:05:38     all    2.11    0.00    0.07    0.00    0.00    0.01    0.00    0.00   97.81
15:05:40     all    2.10    0.00    0.06    0.00    0.00    0.00    0.00    0.00   97.84
15:05:42     all    2.10    0.00    0.07    0.00    0.00    0.00    0.00    0.00   97.83
15:05:44     all    2.11    0.00    0.07    0.00    0.00    0.00    0.00    0.00   97.82
15:05:46     all    2.10    0.00    0.06    0.00    0.00    0.00    0.00    0.00   97.84
15:05:48     all    2.10    0.00    0.07    0.00    0.00    0.01    0.00    0.00   97.82
15:05:50     all    2.11    0.00    0.06    0.00    0.00    0.00    0.00    0.00   97.83
15:05:52     all    2.10    0.00    0.07    0.02    0.00    0.01    0.00    0.00   97.80
15:05:54     all    2.10    0.00    0.06    0.00    0.00    0.01    0.00    0.00   97.83
15:05:56     all    2.09    0.00    0.08    0.00    0.00    0.02    0.00    0.00   97.80
15:05:58     all    2.10    0.00    0.06    0.00    0.00    0.01    0.00    0.00   97.83
15:06:00     all    2.11    0.00    0.06    0.00    0.00    0.00    0.00    0.00   97.83
15:06:02     all    2.11    0.00    0.06    0.00    0.00    0.00    0.00    0.00   97.83
15:06:04     all    2.10    0.00    0.07    0.00    0.00    0.00    0.00    0.00   97.83
15:06:06     all    2.11    0.00    0.08    0.00    0.00    0.00    0.00    0.00   97.81
15:06:08     all    2.09    0.00    0.06    0.00    0.00    0.01    0.00    0.00   97.84
15:06:10     all    2.11    0.00    0.06    0.00    0.00    0.00    0.00    0.00   97.83
15:06:12     all    2.11    0.00    0.07    0.00    0.00    0.01    0.00    0.00   97.81
15:06:14     all    2.10    0.00    0.05    0.00    0.00    0.01    0.00    0.00   97.84
15:06:16     all    2.09    0.00    0.06    0.00    0.00    0.02    0.00    0.00   97.83
15:06:18     all    2.11    0.00    0.07    0.00    0.00    0.02    0.00    0.00   97.80
15:06:20     all    2.09    0.00    0.07    0.00    0.00    0.01    0.00    0.00   97.83
15:06:22     all    2.11    0.00    0.06    0.00    0.00    0.00    0.00    0.00   97.83
15:06:24     all    2.11    0.00    0.07    0.00    0.00    0.02    0.00    0.00   97.80
15:06:26     all    2.10    0.00    0.06    0.00    0.00    0.01    0.00    0.00   97.83
15:06:28     all    2.10    0.00    0.07    0.02    0.00    0.00    0.00    0.00   97.81
15:06:30     all    2.10    0.00    0.06    0.00    0.00    0.00    0.00    0.00   97.84
15:06:32     all    2.11    0.00    0.06    0.00    0.00    0.00    0.00    0.00   97.83
15:06:34     all    2.10    0.00    0.06    0.00    0.00    0.01    0.00    0.00   97.83
15:06:36     all    2.10    0.00    0.07    0.00    0.00    0.01    0.00    0.00   97.82
15:06:38     all    2.11    0.00    0.06    0.00    0.00    0.00    0.00    0.00   97.83
15:06:40     all    2.10    0.00    0.06    0.00    0.00    0.00    0.00    0.00   97.84
15:06:42     all    2.10    0.00    0.07    0.00    0.00    0.01    0.00    0.00   97.82
15:06:44     all    2.11    0.00    0.06    0.00    0.00    0.01    0.00    0.00   97.82
15:06:46     all    2.10    0.00    0.06    0.00    0.00    0.00    0.00    0.00   97.84
15:06:48     all    2.11    0.00    0.07    0.01    0.00    0.01    0.00    0.00   97.80
15:06:50     all    2.11    0.00    0.08    0.00    0.00    0.01    0.00    0.00   97.80
15:06:52     all    2.09    0.00    0.06    0.00    0.00    0.00    0.00    0.00   97.85
15:06:54     all    2.11    0.00    0.06    0.00    0.00    0.01    0.00    0.00   97.82
15:06:56     all    2.10    0.00    0.05    0.00    0.00    0.01    0.00    0.00   97.84
15:06:58     all    2.10    0.00    0.04    0.00    0.00    0.00    0.00    0.00   97.86
15:07:00     all    2.10    0.00    0.06    0.00    0.00    0.00    0.00    0.00   97.84
15:07:02     all    2.11    0.00    0.07    0.00    0.00    0.00    0.00    0.00   97.82
15:07:04     all    2.11    0.00    0.06    0.00    0.00    0.01    0.00    0.00   97.82
15:07:06     all    2.10    0.00    0.06    0.00    0.00    0.00    0.00    0.00   97.84
15:07:08     all    2.10    0.00    0.07    0.00    0.00    0.00    0.00    0.00   97.83
15:07:10     all    2.10    0.00    0.07    0.00    0.00    0.00    0.00    0.00   97.83
15:07:12     all    2.10    0.00    0.09    0.00    0.00    0.00    0.00    0.00   97.81
15:07:14     all    2.11    0.00    0.06    0.00    0.00    0.01    0.00    0.00   97.82
15:07:16     all    2.10    0.00    0.07    0.00    0.00    0.00    0.00    0.00   97.83
15:07:18     all    2.10    0.00    0.07    0.00    0.00    0.01    0.00    0.00   97.82
15:07:20     all    2.11    0.00    0.06    0.00    0.00    0.01    0.00    0.00   97.82
15:07:22     all    2.10    0.00    0.07    0.00    0.00    0.00    0.00    0.00   97.83
15:07:24     all    2.10    0.00    0.06    0.00    0.00    0.00    0.00    0.00   97.84
15:07:26     all    2.11    0.00    0.06    0.00    0.00    0.00    0.00    0.00   97.83
15:07:28     all    2.10    0.00    0.07    0.21    0.00    0.01    0.00    0.00   97.61
15:07:30     all    2.11    0.00    0.07    0.00    0.00    0.01    0.00    0.00   97.81
15:07:32     all    2.09    0.00    0.07    0.00    0.00    0.01    0.00    0.00   97.83
15:07:34     all    2.11    0.00    0.09    0.00    0.00    0.01    0.00    0.00   97.79
15:07:36     all    2.10    0.00    0.07    0.00    0.00    0.00    0.00    0.00   97.83
15:07:38     all    2.11    0.00    0.07    0.00    0.00    0.00    0.00    0.00   97.82
15:07:40     all    2.10    0.00    0.07    0.00    0.00    0.00    0.00    0.00   97.83
15:07:42     all    2.10    0.00    0.07    0.00    0.00    0.01    0.00    0.00   97.82
15:07:44     all    2.10    0.00    0.06    0.00    0.00    0.01    0.00    0.00   97.83
15:07:46     all    2.11    0.00    0.06    0.00    0.00    0.01    0.00    0.00   97.82
15:07:48     all    2.10    0.00    0.07    0.00    0.00    0.02    0.00    0.00   97.81
15:07:50     all    2.10    0.00    0.06    0.00    0.00    0.00    0.00    0.00   97.84
15:07:52     all    2.10    0.00    0.07    0.00    0.00    0.00    0.00    0.00   97.83
15:07:54     all    2.11    0.00    0.06    0.00    0.00    0.00    0.00    0.00   97.83
15:07:56     all    2.10    0.00    0.07    0.00    0.00    0.00    0.00    0.00   97.83
15:07:58     all    2.10    0.00    0.08    0.00    0.00    0.00    0.00    0.00   97.82
15:08:00     all    2.11    0.00    0.07    0.00    0.00    0.00    0.00    0.00   97.82
15:08:02     all    2.10    0.00    0.08    0.00    0.00    0.01    0.00    0.00   97.81
15:08:04     all    2.11    0.00    0.07    0.00    0.00    0.01    0.00    0.00   97.81
15:08:06     all    2.10    0.00    0.06    0.00    0.00    0.01    0.00    0.00   97.83
