procs -----------memory---------- ---swap-- -----io---- --system-- -----cpu-----
 r  b   swpd   free   buff  cache   si   so    bi    bo   in   cs us sy id wa st
 5  0  11032 64595044 136160 302244    0    0     0     1    0    0  5  1 94  0  0	
 5  0  11032 64557772 136160 302284    0    0     0     0 3119 2587  2  0 98  0  0	
 2  0  11032 64557572 136160 302284    0    0     0     0 3118 2584  2  0 98  0  0	
 2  0  11032 64557696 136160 302288    0    0     0     8 3112 2577  2  0 98  0  0	
 1  0  11032 64558628 136160 302288    0    0     0     0 3059 2480  2  0 98  0  0	
 1  0  11032 64559168 136160 302288    0    0     0     0 3123 2578  2  0 98  0  0	
 1  0  11032 64559316 136160 302292    0    0     0     0 3068 2538  2  0 98  0  0	
 2  0  11032 64559828 136160 302292    0    0     0     0 3057 2488  2  0 98  0  0	
 1  0  11032 64560120 136160 302296    0    0     0     6 3084 2536  2  0 98  0  0	
 1  0  11032 64560120 136160 302300    0    0     0     0 3122 2596  2  0 98  0  0	
 1  0  11032 64560512 136160 302300    0    0     0     0 3130 2596  2  0 98  0  0	
 1  0  11032 64560512 136160 302300    0    0     0     0 3103 2571  2  0 98  0  0	
 1  0  11032 64560644 136160 302304    0    0     0    14 3066 2528  2  0 98  0  0	
 1  0  11032 64560832 136160 302304    0    0     0     0 3047 2457  2  0 98  0  0	
 1  0  11032 64560700 136160 302308    0    0     0     0 3026 2467  2  0 98  0  0	
 1  0  11032 64560700 136160 302312    0    0     0     0 2999 2456  2  0 98  0  0	
 2  0  11032 64560832 136160 302316    0    0     0     0 3046 2460  2  0 98  0  0	
 1  0  11032 64560816 136160 302320    0    0     0     2 3053 2488  2  0 98  0  0	
 1  0  11032 64560572 136160 302324    0    0     0     0 3057 2511  2  0 98  0  0	
 1  0  11032 64560824 136160 302324    0    0     0     0 3065 2482  2  0 98  0  0	
 1  0  11032 64560824 136160 302328    0    0     0    12 3063 2504  2  0 98  0  0	
procs -----------memory---------- ---swap-- -----io---- --system-- -----cpu-----
 r  b   swpd   free   buff  cache   si   so    bi    bo   in   cs us sy id wa st
 1  0  11032 64560700 136160 302328    0    0     0     0 3073 2555  2  0 98  0  0	
 1  0  11032 64560824 136160 302328    0    0     0     0 3119 2597  2  0 98  0  0	
 1  0  11032 64560832 136160 302336    0    0     0     0 3110 2634  2  0 98  0  0	
 1  0  11032 64560700 136160 302336    0    0     0     0 3072 2562  2  0 98  0  0	
 1  0  11032 64559124 136160 302340    0    0     0     2 3417 2897  2  0 98  0  0	
 1  0  11032 64559080 136160 302344    0    0     0     0 3012 2449  2  0 98  0  0	
 1  0  11032 64559580 136160 302344    0    0     0     0 3046 2464  2  0 98  0  0	
 1  0  11032 64559828 136160 302344    0    0     0    22 3057 2475  2  0 98  0  0	
 1  0  11032 64559704 136160 302348    0    0     0     0 3023 2461  2  0 98  0  0	
 1  0  11032 64560200 136160 302352    0    0     0     0 3078 2540  2  0 98  0  0	
 1  0  11032 64560352 136160 302356    0    0     0     0 3054 2465  2  0 98  0  0	
 1  0  11032 64560220 136160 302360    0    0     0     0 3066 2537  2  0 98  0  0	
 1  0  11032 64560096 136160 302360    0    0     0     0 3075 2532  2  0 98  0  0	
 1  0  11032 64560212 136160 302360    0    0     0     0 3063 2532  2  0 98  0  0	
 1  0  11032 64559832 136160 302364    0    0     0     0 3173 2766  2  0 98  0  0	
 1  0  11032 64560212 136160 302368    0    0     0     0 3025 2505  2  0 98  0  0	
 1  0  11032 64559964 136160 302368    0    0     0    20 3055 2481  2  0 98  0  0	
 1  0  11032 64560104 136160 302372    0    0     0     6 3058 2494  2  0 98  0  0	
 2  0  11032 64560236 136160 302376    0    0     0     0 3050 2475  2  0 98  0  0	
 1  0  11032 64560112 136160 302380    0    0     0     0 3046 2478  2  0 98  0  0	
 1  0  11032 64559732 136160 302380    0    0     0     0 3014 2459  2  0 98  0  0	
procs -----------memory---------- ---swap-- -----io---- --system-- -----cpu-----
 r  b   swpd   free   buff  cache   si   so    bi    bo   in   cs us sy id wa st
 1  0  11032 64559856 136160 302380    0    0     0     2 3074 2525  2  0 98  0  0	
 1  0  11032 64559864 136160 302388    0    0     0     0 3041 2493  2  0 98  0  0	
 1  0  11032 64559856 136160 302388    0    0     0     0 3116 2605  2  0 98  0  0	
 1  0  11032 64559972 136160 302392    0    0     0    12 3118 2586  2  0 98  0  0	
 1  0  11032 64559864 136160 302404    0    0     0     0 3125 2591  2  0 98  0  0	
 1  0  11032 64559988 136160 302404    0    0     0     0 3089 2492  2  0 98  0  0	
 1  0  11032 64560052 136160 302404    0    0     0     0 3115 2576  2  0 98  0  0	
 1  0  11032 64559960 136160 302408    0    0     0     0 3061 2481  2  0 98  0  0	
 2  0  11032 64560208 136160 302408    0    0     0     0 3065 2485  2  0 98  0  0	
 2  0  11032 64560084 136160 302412    0    0     0     0 3037 2425  2  0 98  0  0	
 1  0  11032 64560092 136160 302412    0    0     0     0 3042 2469  2  0 98  0  0	
 2  0  11032 64559976 136160 302416    0    0     0     0 3080 2517  2  0 98  0  0	
 1  0  11032 64559968 136160 302424    0    0     0     0 3094 2550  2  0 98  0  0	
 1  0  11032 64560092 136160 302424    0    0     0    10 3100 2542  2  0 98  0  0	
 2  0  11032 64560092 136160 302424    0    0     0     0 3045 2473  2  0 98  0  0	
 1  0  11032 64559976 136160 302432    0    0     0     0 3101 2563  2  0 98  0  0	
 1  0  11032 64560092 136160 302432    0    0     0     0 3075 2510  2  0 98  0  0	
 1  0  11032 64560092 136160 302432    0    0     0     0 3111 2554  2  0 98  0  0	
 1  0  11032 64560216 136160 302440    0    0     0     0 3114 2592  2  0 98  0  0	
 1  0  11032 64560092 136160 302440    0    0     0     0 3098 2537  2  0 98  0  0	
 2  0  11032 64559840 136160 302448    0    0     0     0 3153 2629  2  0 98  0  0	
procs -----------memory---------- ---swap-- -----io---- --system-- -----cpu-----
 r  b   swpd   free   buff  cache   si   so    bi    bo   in   cs us sy id wa st
 1  0  11032 64559964 136160 302452    0    0     0     0 3133 2597  2  0 98  0  0	
 1  0  11032 64559840 136160 302452    0    0     0     0 3118 2571  2  0 98  0  0	
 2  0  11032 64559956 136160 302456    0    0     0     0 3124 2589  2  0 98  0  0	
 1  0  11032 64560080 136160 302456    0    0     0     0 3103 2568  2  0 98  0  0	
 1  0  11032 64560080 136160 302456    0    0     0     0 3402 3215  2  0 98  0  0	
 3  0  11032 64560328 136160 302460    0    0     0     6 3338 3066  2  0 98  0  0	
 1  0  11032 64560212 136160 302464    0    0     0     0 3106 2585  2  0 98  0  0	
 1  0  11032 64560088 136160 302468    0    0     0     0 3106 2516  2  0 98  0  0	
 2  0  11032 64560088 136160 302472    0    0     0     0 3071 2479  2  0 98  0  0	
 1  0  11032 64559964 136160 302472    0    0     0     0 3087 2539  2  0 98  0  0	
 1  0  11032 64560096 136160 302472    0    0     0     0 3076 2490  2  0 98  0  0	
 1  0  11032 64559964 136160 302476    0    0     0     0 3036 2474  2  0 98  0  0	
 1  0  11032 64559956 136160 302480    0    0     0     0 3114 2571  2  0 98  0  0	
