procs -----------memory---------- ---swap-- -----io---- --system-- -----cpu-----
 r  b   swpd   free   buff  cache   si   so    bi    bo   in   cs us sy id wa st
 4  0  11032 64598872 136156 301168    0    0     0     1    0    0  5  1 94  0  0	
 1  0  11032 64592988 136156 301200    0    0     0     0 3297 2808  2  0 98  0  0	
 1  0  11032 64593120 136156 301204    0    0     0     0 3160 2638  2  0 98  0  0	
 1  0  11032 64593488 136156 301208    0    0     0    10 3150 2614  2  0 98  0  0	
 2  0  11032 64594264 136156 301208    0    0     0     0 3099 2543  2  0 98  0  0	
 2  0  11032 64594780 136156 301208    0    0     0     0 3082 2510  2  0 98  0  0	
 1  0  11032 64595388 136156 301212    0    0     0     0 3079 2500  2  0 98  0  0	
 1  0  11032 64595724 136156 301212    0    0     0     0 3071 2493  2  0 98  0  0	
 1  0  11032 64595888 136156 301212    0    0     0     0 3165 2671  2  0 98  0  0	
