procs -----------memory---------- ---swap-- -----io---- --system-- -----cpu-----
 r  b   swpd   free   buff  cache   si   so    bi    bo   in   cs us sy id wa st
 3  0  11032 64558136 136280 334272    0    0     0     1    0    0  5  1 94  0  0	
 1  0  11032 64521624 136280 334308    0    0     0     0 3103 2594  2  0 98  0  0	
 1  0  11032 64521616 136280 334312    0    0     0     0 3105 2564  2  0 98  0  0	
 1  0  11032 64521616 136280 334316    0    0     0     8 3086 2582  2  0 98  0  0	
 1  0  11032 64522896 136280 334316    0    0     0     0 3076 2534  2  0 98  0  0	
 1  0  11032 64523652 136280 334316    0    0     0     0 3112 2545  2  0 98  0  0	
 1  0  11032 64523784 136280 334320    0    0     0     0 3094 2509  2  0 98  0  0	
 1  0  11032 64524572 136280 334320    0    0     0     0 3020 2453  2  0 98  0  0	
 1  0  11032 64524732 136280 334320    0    0     0     6 3045 2490  2  0 98  0  0	
 1  0  11032 64524988 136280 334328    0    0     0     0 3065 2489  2  0 98  0  0	
 1  0  11032 64525624 136280 334328    0    0     0     0 3066 2464  2  0 98  0  0	
 1  0  11032 64525640 136280 334328    0    0     0     0 3055 2510  2  0 98  0  0	
 1  0  11032 64525892 136280 334332    0    0     0     0 3046 2461  2  0 98  0  0	
 1  0  11032 64526600 136280 334332    0    0     0     2 3031 2466  2  0 98  0  0	
 1  0  11032 64526732 136280 334336    0    0     0     0 3097 2569  2  0 98  0  0	
 2  0  11032 64526944 136280 334340    0    0     0     0 3060 2489  2  0 98  0  0	
 2  0  11032 64526308 136280 334340    0    0     0    20 3322 2677  2  0 98  0  0	
 1  0  11032 64526656 136280 334348    0    0     0     0 3060 2517  2  0 98  0  0	
 1  0  11032 64526616 136280 334352    0    0     0     0 3247 2873  2  0 98  0  0	
 1  0  11032 64527312 136288 334348    0    0     0    52 3092 2488  2  0 97  0  0	
 1  0  11032 64527320 136288 334356    0    0     0     0 3112 2540  2  0 98  0  0	
procs -----------memory---------- ---swap-- -----io---- --system-- -----cpu-----
 r  b   swpd   free   buff  cache   si   so    bi    bo   in   cs us sy id wa st
 1  0  11032 64527320 136288 334356    0    0     0     0 3135 2624  2  0 98  0  0	
 2  0  11032 64527496 136288 334356    0    0     0     0 3143 2618  2  0 98  0  0	
 1  0  11032 64527628 136288 334360    0    0     0     0 3155 2647  2  0 98  0  0	
 1  0  11032 64527928 136288 334364    0    0     0     0 3135 2599  2  0 98  0  0	
 1  0  11032 64527928 136288 334368    0    0     0     0 3084 2531  2  0 98  0  0	
 1  0  11032 64528244 136288 334368    0    0     0     0 3081 2525  2  0 98  0  0	
 1  0  11032 64528280 136288 334368    0    0     0     0 3086 2555  2  0 98  0  0	
 1  0  11032 64528156 136288 334372    0    0     0     0 3076 2511  2  0 98  0  0	
 2  0  11032 64528528 136288 334372    0    0     0     0 3064 2487  2  0 98  0  0	
 1  0  11032 64528528 136288 334376    0    0     0     0 3123 2604  2  0 98  0  0	
 1  0  11032 64528652 136288 334380    0    0     0     0 3114 2576  2  0 98  0  0	
 2  0  11032 64528652 136288 334384    0    0     0     0 3138 2635  2  0 98  0  0	
 2  0  11032 64528520 136288 334384    0    0     0    22 3133 2628  2  0 98  0  0	
 1  0  11032 64528652 136288 334388    0    0     0     0 3109 2557  2  0 98  0  0	
 1  0  11032 64567360 136288 334388    0    0     0     0 3171 2596  2  0 98  0  0	
