Linux 2.6.32-279.14.1.el6.x86_64 (compute-662-2.local) 	04/20/20 	_x86_64_	(48 CPU)

20:36:32     CPU    %usr   %nice    %sys %iowait    %irq   %soft  %steal  %guest   %idle
20:36:34     all    1.96    0.00    0.23    0.00    0.00    0.00    0.00    0.00   97.81
20:36:36     all    2.09    0.00    0.08    0.00    0.00    0.01    0.00    0.00   97.82
20:36:38     all    2.09    0.00    0.07    0.21    0.00    0.00    0.00    0.00   97.63
20:36:40     all    2.11    0.00    0.07    0.00    0.00    0.00    0.00    0.00   97.82
20:36:42     all    2.10    0.00    0.06    0.00    0.00    0.00    0.00    0.00   97.84
20:36:44     all    2.10    0.00    0.07    0.21    0.00    0.00    0.00    0.00   97.62
20:36:46     all    2.11    0.00    0.07    0.00    0.00    0.00    0.00    0.00   97.82
20:36:48     all    2.10    0.00    0.07    0.00    0.00    0.01    0.00    0.00   97.82
20:36:50     all    2.12    0.00    0.09    0.00    0.00    0.00    0.00    0.00   97.79
20:36:52     all    2.10    0.00    0.08    0.00    0.00    0.01    0.00    0.00   97.81
20:36:54     all    2.10    0.00    0.07    0.00    0.00    0.00    0.00    0.00   97.83
20:36:56     all    2.11    0.00    0.06    0.00    0.00    0.00    0.00    0.00   97.83
20:36:58     all    2.10    0.00    0.06    0.00    0.00    0.01    0.00    0.00   97.83
20:37:00     all    2.10    0.00    0.06    0.00    0.00    0.01    0.00    0.00   97.83
20:37:02     all    2.11    0.00    0.06    0.00    0.00    0.00    0.00    0.00   97.83
20:37:04     all    2.10    0.00    0.06    0.00    0.00    0.00    0.00    0.00   97.84
20:37:06     all    2.11    0.00    0.07    0.00    0.00    0.00    0.00    0.00   97.82
20:37:08     all    2.10    0.00    0.06    0.01    0.00    0.02    0.00    0.00   97.81
20:37:10     all    2.10    0.00    0.07    0.00    0.00    0.00    0.00    0.00   97.83
20:37:12     all    2.11    0.00    0.08    0.01    0.00    0.00    0.00    0.00   97.80
20:37:14     all    2.10    0.00    0.06    0.00    0.00    0.00    0.00    0.00   97.84
20:37:16     all    2.11    0.00    0.07    0.00    0.00    0.01    0.00    0.00   97.81
20:37:18     all    2.10    0.00    0.07    0.00    0.00    0.01    0.00    0.00   97.82
20:37:20     all    2.10    0.00    0.07    0.00    0.00    0.00    0.00    0.00   97.83
20:37:22     all    2.10    0.00    0.07    0.00    0.00    0.01    0.00    0.00   97.82
20:37:24     all    2.11    0.00    0.07    0.00    0.00    0.00    0.00    0.00   97.82
20:37:26     all    2.09    0.00    0.06    0.00    0.00    0.00    0.00    0.00   97.85
20:37:28     all    2.11    0.00    0.06    0.00    0.00    0.01    0.00    0.00   97.82
20:37:30     all    2.11    0.00    0.07    0.00    0.00    0.00    0.00    0.00   97.82
20:37:32     all    2.10    0.00    0.06    0.00    0.00    0.01    0.00    0.00   97.83
20:37:34     all    2.10    0.00    0.07    0.00    0.00    0.01    0.00    0.00   97.82
20:37:36     all    2.11    0.00    0.08    0.00    0.00    0.00    0.00    0.00   97.81
20:37:38     all    2.11    0.00    0.06    0.01    0.00    0.00    0.00    0.00   97.82
20:37:40     all    2.08    0.00    0.08    0.00    0.00    0.01    0.00    0.00   97.82
20:37:42     all    2.11    0.00    0.07    0.00    0.00    0.00    0.00    0.00   97.82
20:37:44     all    2.10    0.00    0.07    0.21    0.00    0.00    0.00    0.00   97.62
20:37:46     all    2.11    0.00    0.06    0.00    0.00    0.00    0.00    0.00   97.83
20:37:48     all    2.10    0.00    0.06    0.00    0.00    0.01    0.00    0.00   97.83
20:37:50     all    2.10    0.00    0.07    0.00    0.00    0.00    0.00    0.00   97.83
20:37:52     all    2.10    0.00    0.07    0.00    0.00    0.01    0.00    0.00   97.82
20:37:54     all    2.10    0.00    0.07    0.00    0.00    0.00    0.00    0.00   97.83
20:37:56     all    2.10    0.00    0.06    0.00    0.00    0.01    0.00    0.00   97.83
20:37:58     all    2.10    0.00    0.07    0.00    0.00    0.00    0.00    0.00   97.83
20:38:00     all    2.10    0.00    0.06    0.00    0.00    0.01    0.00    0.00   97.83
20:38:02     all    2.10    0.00    0.07    0.00    0.00    0.00    0.00    0.00   97.83
20:38:04     all    2.10    0.00    0.05    0.00    0.00    0.00    0.00    0.00   97.85
20:38:06     all    2.11    0.00    0.06    0.00    0.00    0.00    0.00    0.00   97.83
20:38:08     all    2.11    0.00    0.06    0.00    0.00    0.00    0.00    0.00   97.83
20:38:10     all    2.10    0.00    0.07    0.00    0.00    0.00    0.00    0.00   97.83
20:38:12     all    2.10    0.00    0.06    0.00    0.00    0.00    0.00    0.00   97.84
20:38:14     all    2.10    0.00    0.05    0.00    0.00    0.01    0.00    0.00   97.84
20:38:16     all    2.10    0.00    0.04    0.00    0.00    0.00    0.00    0.00   97.86
20:38:18     all    2.10    0.00    0.07    0.00    0.00    0.00    0.00    0.00   97.83
20:38:20     all    2.11    0.00    0.08    0.00    0.00    0.00    0.00    0.00   97.81
20:38:22     all    2.11    0.00    0.08    0.00    0.00    0.00    0.00    0.00   97.81
20:38:24     all    2.09    0.00    0.07    0.00    0.00    0.00    0.00    0.00   97.84
20:38:26     all    2.11    0.00    0.06    0.00    0.00    0.01    0.00    0.00   97.82
20:38:28     all    2.10    0.00    0.05    0.00    0.00    0.01    0.00    0.00   97.84
20:38:30     all    2.10    0.00    0.07    0.00    0.00    0.00    0.00    0.00   97.83
20:38:32     all    2.10    0.00    0.07    0.00    0.00    0.01    0.00    0.00   97.82
20:38:34     all    2.11    0.00    0.06    0.00    0.00    0.00    0.00    0.00   97.83
20:38:36     all    2.10    0.00    0.07    0.00    0.00    0.00    0.00    0.00   97.83
20:38:38     all    2.11    0.00    0.06    0.00    0.00    0.01    0.00    0.00   97.82
20:38:40     all    2.10    0.00    0.06    0.00    0.00    0.01    0.00    0.00   97.83
20:38:42     all    2.10    0.00    0.07    0.00    0.00    0.00    0.00    0.00   97.83
20:38:44     all    2.11    0.00    0.06    0.21    0.00    0.01    0.00    0.00   97.61
20:38:46     all    2.11    0.00    0.06    0.00    0.00    0.00    0.00    0.00   97.83
20:38:48     all    2.10    0.00    0.07    0.00    0.00    0.00    0.00    0.00   97.83
20:38:50     all    2.10    0.00    0.06    0.00    0.00    0.01    0.00    0.00   97.83
20:38:52     all    2.10    0.00    0.07    0.00    0.00    0.00    0.00    0.00   97.83
20:38:54     all    2.10    0.00    0.06    0.00    0.00    0.00    0.00    0.00   97.84
20:38:56     all    2.10    0.00    0.06    0.00    0.00    0.01    0.00    0.00   97.83
20:38:58     all    2.10    0.00    0.06    0.00    0.00    0.00    0.00    0.00   97.84
20:39:00     all    2.11    0.00    0.07    0.00    0.00    0.00    0.00    0.00   97.82
20:39:02     all    2.10    0.00    0.07    0.01    0.00    0.01    0.00    0.00   97.81
20:39:04     all    2.10    0.00    0.07    0.00    0.00    0.01    0.00    0.00   97.82
20:39:06     all    2.11    0.00    0.07    0.00    0.00    0.01    0.00    0.00   97.81
20:39:08     all    2.10    0.00    0.07    0.00    0.00    0.00    0.00    0.00   97.83
20:39:10     all    2.10    0.00    0.06    0.00    0.00    0.01    0.00    0.00   97.83
20:39:12     all    2.10    0.00    0.07    0.00    0.00    0.00    0.00    0.00   97.83
20:39:14     all    2.11    0.00    0.06    0.00    0.00    0.00    0.00    0.00   97.83
20:39:16     all    2.10    0.00    0.07    0.00    0.00    0.01    0.00    0.00   97.82
20:39:18     all    2.10    0.00    0.06    0.00    0.00    0.00    0.00    0.00   97.84
20:39:20     all    2.10    0.00    0.07    0.00    0.00    0.00    0.00    0.00   97.83
20:39:22     all    2.11    0.00    0.07    0.00    0.00    0.00    0.00    0.00   97.82
20:39:24     all    2.10    0.00    0.07    0.00    0.00    0.00    0.00    0.00   97.83
20:39:26     all    2.10    0.00    0.07    0.00    0.00    0.00    0.00    0.00   97.83
20:39:28     all    2.10    0.00    0.07    0.00    0.00    0.00    0.00    0.00   97.83
20:39:30     all    2.11    0.00    0.06    0.00    0.00    0.00    0.00    0.00   97.83
20:39:32     all    2.11    0.00    0.06    0.00    0.00    0.01    0.00    0.00   97.82
20:39:34     all    2.10    0.00    0.07    0.00    0.00    0.00    0.00    0.00   97.83
20:39:36     all    2.10    0.00    0.07    0.00    0.00    0.00    0.00    0.00   97.83
20:39:38     all    2.10    0.00    0.06    0.00    0.00    0.00    0.00    0.00   97.84
20:39:40     all    2.11    0.00    0.07    0.00    0.00    0.01    0.00    0.00   97.81
20:39:42     all    2.09    0.00    0.06    0.21    0.00    0.00    0.00    0.00   97.64
20:39:44     all    2.10    0.00    0.06    0.00    0.00    0.01    0.00    0.00   97.83
20:39:46     all    2.11    0.00    0.06    0.00    0.00    0.00    0.00    0.00   97.83
20:39:48     all    2.10    0.00    0.06    0.00    0.00    0.00    0.00    0.00   97.84
20:39:50     all    2.12    0.00    0.08    0.00    0.00    0.01    0.00    0.00   97.79
20:39:52     all    2.10    0.00    0.07    0.00    0.00    0.01    0.00    0.00   97.82
20:39:54     all    2.11    0.00    0.07    0.21    0.00    0.01    0.00    0.00   97.60
20:39:56     all    2.10    0.00    0.06    0.00    0.00    0.01    0.00    0.00   97.83
20:39:58     all    2.10    0.00    0.05    0.00    0.00    0.01    0.00    0.00   97.84
20:40:00     all    2.09    0.00    0.05    0.00    0.00    0.01    0.00    0.00   97.84
20:40:02     all    2.10    0.00    0.07    0.17    0.00    0.01    0.00    0.00   97.65
20:40:04     all    2.10    0.00    0.09    0.00    0.00    0.00    0.00    0.00   97.81
20:40:06     all    2.11    0.00    0.06    0.00    0.00    0.01    0.00    0.00   97.82
20:40:08     all    2.10    0.00    0.06    0.00    0.00    0.01    0.00    0.00   97.83
20:40:10     all    2.10    0.00    0.07    0.00    0.00    0.01    0.00    0.00   97.82
20:40:12     all    2.10    0.00    0.06    0.00    0.00    0.00    0.00    0.00   97.84
20:40:14     all    2.11    0.00    0.07    0.00    0.00    0.01    0.00    0.00   97.81
20:40:16     all    2.10    0.00    0.07    0.00    0.00    0.00    0.00    0.00   97.83
20:40:18     all    2.10    0.00    0.05    0.00    0.00    0.00    0.00    0.00   97.85
20:40:20     all    2.11    0.00    0.07    0.00    0.00    0.00    0.00    0.00   97.82
20:40:22     all    2.10    0.00    0.07    0.00    0.00    0.01    0.00    0.00   97.82
20:40:24     all    2.11    0.00    0.06    0.00    0.00    0.00    0.00    0.00   97.83
20:40:26     all    2.10    0.00    0.06    0.00    0.00    0.01    0.00    0.00   97.83
20:40:28     all    2.11    0.00    0.06    0.00    0.00    0.00    0.00    0.00   97.83
20:40:30     all    2.11    0.00    0.05    0.00    0.00    0.01    0.00    0.00   97.83
20:40:32     all    2.09    0.00    0.08    0.00    0.00    0.00    0.00    0.00   97.83
20:40:34     all    2.10    0.00    0.07    0.00    0.00    0.00    0.00    0.00   97.83
20:40:36     all    2.12    0.00    0.09    0.00    0.00    0.00    0.00    0.00   97.79
20:40:38     all    2.10    0.00    0.06    0.00    0.00    0.01    0.00    0.00   97.83
20:40:40     all    2.10    0.00    0.07    0.00    0.00    0.00    0.00    0.00   97.83
20:40:42     all    2.11    0.00    0.06    0.00    0.00    0.01    0.00    0.00   97.82
20:40:44     all    2.08    0.00    0.07    0.21    0.00    0.01    0.00    0.00   97.62
20:40:46     all    2.11    0.00    0.06    0.00    0.00    0.00    0.00    0.00   97.83
20:40:48     all    2.10    0.00    0.07    0.00    0.00    0.00    0.00    0.00   97.83
20:40:50     all    2.11    0.00    0.06    0.00    0.00    0.00    0.00    0.00   97.83
20:40:52     all    2.10    0.00    0.07    0.00    0.00    0.01    0.00    0.00   97.82
20:40:54     all    2.10    0.00    0.06    0.00    0.00    0.00    0.00    0.00   97.84
20:40:56     all    2.10    0.00    0.07    0.00    0.00    0.01    0.00    0.00   97.82
20:40:58     all    2.10    0.00    0.06    0.00    0.00    0.01    0.00    0.00   97.83
20:41:00     all    2.10    0.00    0.07    0.00    0.00    0.01    0.00    0.00   97.82
20:41:02     all    2.10    0.00    0.06    0.00    0.00    0.00    0.00    0.00   97.84
20:41:04     all    2.10    0.00    0.07    0.00    0.00    0.00    0.00    0.00   97.83
20:41:06     all    2.11    0.00    0.06    0.00    0.00    0.01    0.00    0.00   97.82
20:41:08     all    2.10    0.00    0.06    0.00    0.00    0.01    0.00    0.00   97.83
20:41:10     all    2.10    0.00    0.07    0.00    0.00    0.00    0.00    0.00   97.83
20:41:12     all    2.10    0.00    0.06    0.00    0.00    0.01    0.00    0.00   97.83
20:41:14     all    2.12    0.00    0.06    0.00    0.00    0.01    0.00    0.00   97.81
20:41:16     all    2.08    0.00    0.07    0.00    0.00    0.01    0.00    0.00   97.83
20:41:18     all    2.11    0.00    0.06    0.01    0.00    0.00    0.00    0.00   97.82
20:41:20     all    2.11    0.00    0.07    0.00    0.00    0.00    0.00    0.00   97.82
20:41:22     all    2.10    0.00    0.07    0.00    0.00    0.01    0.00    0.00   97.82
20:41:24     all    2.09    0.00    0.07    0.00    0.00    0.01    0.00    0.00   97.82
20:41:26     all    2.10    0.00    0.07    0.00    0.00    0.00    0.00    0.00   97.83
20:41:28     all    2.10    0.00    0.06    0.00    0.00    0.01    0.00    0.00   97.83
20:41:30     all    2.11    0.00    0.06    0.00    0.00    0.00    0.00    0.00   97.83
20:41:32     all    2.11    0.00    0.07    0.00    0.00    0.00    0.00    0.00   97.82
20:41:34     all    2.10    0.00    0.06    0.00    0.00    0.01    0.00    0.00   97.83
20:41:36     all    2.10    0.00    0.06    0.00    0.00    0.00    0.00    0.00   97.84
20:41:38     all    2.11    0.00    0.06    0.00    0.00    0.00    0.00    0.00   97.83
20:41:40     all    2.10    0.00    0.07    0.00    0.00    0.00    0.00    0.00   97.83
20:41:42     all    2.10    0.00    0.05    0.00    0.00    0.00    0.00    0.00   97.85
20:41:44     all    2.08    0.00    0.04    0.21    0.00    0.01    0.00    0.00   97.65
20:41:46     all    2.11    0.00    0.05    0.00    0.00    0.00    0.00    0.00   97.84
20:41:48     all    2.10    0.00    0.07    0.00    0.00    0.00    0.00    0.00   97.83
20:41:50     all    2.09    0.00    0.06    0.00    0.00    0.01    0.00    0.00   97.84
20:41:52     all    2.11    0.00    0.06    0.00    0.00    0.00    0.00    0.00   97.83
20:41:54     all    2.10    0.00    0.06    0.00    0.00    0.00    0.00    0.00   97.84
20:41:56     all    2.10    0.00    0.07    0.00    0.00    0.00    0.00    0.00   97.83
20:41:58     all    2.11    0.00    0.06    0.00    0.00    0.00    0.00    0.00   97.83
20:42:00     all    2.11    0.00    0.06    0.00    0.00    0.01    0.00    0.00   97.82
20:42:02     all    2.10    0.00    0.07    0.00    0.00    0.00    0.00    0.00   97.83
20:42:04     all    2.10    0.00    0.07    0.00    0.00    0.01    0.00    0.00   97.82
20:42:06     all    2.11    0.00    0.08    0.00    0.00    0.00    0.00    0.00   97.81
20:42:08     all    2.11    0.00    0.06    0.00    0.00    0.01    0.00    0.00   97.82
20:42:10     all    2.10    0.00    0.06    0.00    0.00    0.01    0.00    0.00   97.83
20:42:12     all    2.10    0.00    0.06    0.00    0.00    0.00    0.00    0.00   97.84
20:42:14     all    2.11    0.00    0.06    0.00    0.00    0.00    0.00    0.00   97.83
20:42:16     all    2.10    0.00    0.07    0.00    0.00    0.00    0.00    0.00   97.83
20:42:18     all    2.10    0.00    0.06    0.00    0.00    0.00    0.00    0.00   97.84
20:42:20     all    2.09    0.00    0.08    0.00    0.00    0.01    0.00    0.00   97.81
20:42:22     all    2.10    0.00    0.07    0.00    0.00    0.00    0.00    0.00   97.83
20:42:24     all    2.11    0.00    0.06    0.00    0.00    0.00    0.00    0.00   97.83
20:42:26     all    2.10    0.00    0.07    0.00    0.00    0.01    0.00    0.00   97.82
20:42:28     all    2.10    0.00    0.06    0.00    0.00    0.00    0.00    0.00   97.84
20:42:30     all    2.10    0.00    0.07    0.00    0.00    0.01    0.00    0.00   97.82
20:42:32     all    2.10    0.00    0.06    0.00    0.00    0.01    0.00    0.00   97.83
20:42:34     all    2.10    0.00    0.07    0.00    0.00    0.01    0.00    0.00   97.82
20:42:36     all    2.11    0.00    0.06    0.00    0.00    0.00    0.00    0.00   97.83
20:42:38     all    2.10    0.00    0.07    0.00    0.00    0.01    0.00    0.00   97.82
20:42:40     all    2.11    0.00    0.07    0.00    0.00    0.01    0.00    0.00   97.81
20:42:42     all    2.10    0.00    0.07    0.00    0.00    0.00    0.00    0.00   97.83
20:42:44     all    2.10    0.00    0.07    0.21    0.00    0.00    0.00    0.00   97.62
20:42:46     all    2.10    0.00    0.06    0.00    0.00    0.00    0.00    0.00   97.84
20:42:48     all    2.10    0.00    0.06    0.00    0.00    0.00    0.00    0.00   97.84
20:42:50     all    2.12    0.00    0.09    0.00    0.00    0.01    0.00    0.00   97.78
20:42:52     all    2.11    0.00    0.05    0.00    0.00    0.00    0.00    0.00   97.84
20:42:54     all    2.10    0.00    0.07    0.00    0.00    0.00    0.00    0.00   97.83
20:42:56     all    2.10    0.00    0.06    0.00    0.00    0.00    0.00    0.00   97.84
20:42:58     all    2.10    0.00    0.06    0.00    0.00    0.00    0.00    0.00   97.84
20:43:00     all    2.11    0.00    0.06    0.00    0.00    0.00    0.00    0.00   97.83
20:43:02     all    2.11    0.00    0.06    0.01    0.00    0.01    0.00    0.00   97.81
20:43:04     all    2.10    0.00    0.06    0.00    0.00    0.01    0.00    0.00   97.83
20:43:06     all    2.10    0.00    0.07    0.00    0.00    0.01    0.00    0.00   97.82
20:43:08     all    2.10    0.00    0.07    0.00    0.00    0.01    0.00    0.00   97.82
20:43:10     all    2.10    0.00    0.07    0.00    0.00    0.00    0.00    0.00   97.83
20:43:12     all    2.11    0.00    0.05    0.00    0.00    0.01    0.00    0.00   97.83
20:43:14     all    2.11    0.00    0.06    0.00    0.00    0.00    0.00    0.00   97.83
20:43:16     all    2.10    0.00    0.07    0.00    0.00    0.00    0.00    0.00   97.83
20:43:18     all    2.08    0.00    0.08    0.00    0.00    0.01    0.00    0.00   97.82
20:43:20     all    2.11    0.00    0.06    0.00    0.00    0.00    0.00    0.00   97.83
20:43:22     all    2.11    0.00    0.07    0.00    0.00    0.00    0.00    0.00   97.82
20:43:24     all    2.10    0.00    0.05    0.00    0.00    0.01    0.00    0.00   97.84
20:43:26     all    2.09    0.00    0.06    0.00    0.00    0.01    0.00    0.00   97.83
20:43:28     all    2.08    0.00    0.05    0.00    0.00    0.00    0.00    0.00   97.86
20:43:30     all    2.10    0.00    0.07    0.00    0.00    0.01    0.00    0.00   97.82
20:43:32     all    2.10    0.00    0.06    0.00    0.00    0.01    0.00    0.00   97.83
20:43:34     all    2.10    0.00    0.06    0.00    0.00    0.00    0.00    0.00   97.84
20:43:36     all    2.12    0.00    0.08    0.00    0.00    0.00    0.00    0.00   97.80
20:43:38     all    2.11    0.00    0.06    0.00    0.00    0.00    0.00    0.00   97.83
20:43:40     all    2.10    0.00    0.07    0.21    0.00    0.00    0.00    0.00   97.62
20:43:42     all    2.10    0.00    0.06    0.00    0.00    0.00    0.00    0.00   97.84
20:43:44     all    2.10    0.00    0.06    0.00    0.00    0.01    0.00    0.00   97.83
20:43:46     all    2.10    0.00    0.07    0.00    0.00    0.00    0.00    0.00   97.83
20:43:48     all    2.10    0.00    0.07    0.00    0.00    0.01    0.00    0.00   97.82
20:43:50     all    2.11    0.00    0.07    0.00    0.00    0.01    0.00    0.00   97.81
20:43:52     all    2.10    0.00    0.06    0.00    0.00    0.00    0.00    0.00   97.84
20:43:54     all    2.10    0.00    0.07    0.00    0.00    0.00    0.00    0.00   97.83
20:43:56     all    2.10    0.00    0.06    0.00    0.00    0.00    0.00    0.00   97.84
20:43:58     all    2.10    0.00    0.07    0.00    0.00    0.00    0.00    0.00   97.83
20:44:00     all    2.10    0.00    0.07    0.00    0.00    0.01    0.00    0.00   97.82
20:44:02     all    2.10    0.00    0.07    0.00    0.00    0.00    0.00    0.00   97.83
20:44:04     all    2.11    0.00    0.06    0.00    0.00    0.00    0.00    0.00   97.83
20:44:06     all    2.08    0.00    0.07    0.00    0.00    0.01    0.00    0.00   97.83
20:44:08     all    2.10    0.00    0.06    0.00    0.00    0.00    0.00    0.00   97.84
20:44:10     all    2.11    0.00    0.06    0.00    0.00    0.00    0.00    0.00   97.83
20:44:12     all    2.10    0.00    0.06    0.00    0.00    0.00    0.00    0.00   97.84
20:44:14     all    2.10    0.00    0.07    0.00    0.00    0.00    0.00    0.00   97.83
20:44:16     all    2.11    0.00    0.06    0.00    0.00    0.00    0.00    0.00   97.83
20:44:18     all    2.10    0.00    0.07    0.00    0.00    0.01    0.00    0.00   97.82
20:44:20     all    2.11    0.00    0.08    0.00    0.00    0.01    0.00    0.00   97.80
20:44:22     all    2.10    0.00    0.08    0.00    0.00    0.00    0.00    0.00   97.82
20:44:24     all    2.11    0.00    0.06    0.00    0.00    0.00    0.00    0.00   97.83
20:44:26     all    2.11    0.00    0.05    0.00    0.00    0.00    0.00    0.00   97.84
20:44:28     all    2.08    0.00    0.07    0.01    0.00    0.00    0.00    0.00   97.83
20:44:30     all    2.11    0.00    0.07    0.00    0.00    0.01    0.00    0.00   97.81
20:44:32     all    2.10    0.00    0.07    0.00    0.00    0.00    0.00    0.00   97.83
20:44:34     all    2.10    0.00    0.06    0.00    0.00    0.00    0.00    0.00   97.84
20:44:36     all    2.11    0.00    0.06    0.00    0.00    0.00    0.00    0.00   97.83
20:44:38     all    2.10    0.00    0.06    0.00    0.00    0.00    0.00    0.00   97.84
20:44:40     all    2.10    0.00    0.07    0.00    0.00    0.00    0.00    0.00   97.83
20:44:42     all    2.10    0.00    0.07    0.21    0.00    0.00    0.00    0.00   97.62
20:44:44     all    2.11    0.00    0.05    0.00    0.00    0.00    0.00    0.00   97.84
20:44:46     all    2.10    0.00    0.06    0.00    0.00    0.01    0.00    0.00   97.83
20:44:48     all    2.11    0.00    0.06    0.00    0.00    0.00    0.00    0.00   97.83
20:44:50     all    2.10    0.00    0.07    0.00    0.00    0.00    0.00    0.00   97.83
20:44:52     all    2.09    0.00    0.06    0.00    0.00    0.00    0.00    0.00   97.85
20:44:54     all    2.11    0.00    0.06    0.21    0.00    0.00    0.00    0.00   97.62
20:44:56     all    2.10    0.00    0.06    0.00    0.00    0.01    0.00    0.00   97.83
20:44:58     all    2.10    0.00    0.06    0.00    0.00    0.00    0.00    0.00   97.84
20:45:00     all    2.11    0.00    0.07    0.00    0.00    0.00    0.00    0.00   97.82
20:45:02     all    2.11    0.00    0.05    0.00    0.00    0.01    0.00    0.00   97.83
20:45:04     all    2.08    0.00    0.07    0.00    0.00    0.00    0.00    0.00   97.84
20:45:06     all    2.11    0.00    0.07    0.00    0.00    0.00    0.00    0.00   97.82
20:45:08     all    2.10    0.00    0.07    0.00    0.00    0.00    0.00    0.00   97.83
20:45:10     all    2.09    0.00    0.04    0.00    0.00    0.01    0.00    0.00   97.85
20:45:12     all    2.10    0.00    0.07    0.00    0.00    0.01    0.00    0.00   97.82
20:45:14     all    2.10    0.00    0.05    0.00    0.00    0.01    0.00    0.00   97.84
20:45:16     all    2.10    0.00    0.07    0.00    0.00    0.00    0.00    0.00   97.83
20:45:18     all    2.08    0.00    0.08    0.00    0.00    0.00    0.00    0.00   97.83
20:45:20     all    2.11    0.00    0.07    0.00    0.00    0.00    0.00    0.00   97.82
20:45:22     all    2.10    0.00    0.07    0.00    0.00    0.01    0.00    0.00   97.82
20:45:24     all    2.11    0.00    0.06    0.00    0.00    0.01    0.00    0.00   97.82
20:45:26     all    2.10    0.00    0.06    0.00    0.00    0.00    0.00    0.00   97.84
20:45:28     all    2.11    0.00    0.06    0.00    0.00    0.01    0.00    0.00   97.82
20:45:30     all    2.11    0.00    0.07    0.00    0.00    0.00    0.00    0.00   97.82
20:45:32     all    2.10    0.00    0.06    0.00    0.00    0.01    0.00    0.00   97.83
20:45:34     all    2.10    0.00    0.07    0.00    0.00    0.00    0.00    0.00   97.83
20:45:36     all    2.10    0.00    0.07    0.00    0.00    0.01    0.00    0.00   97.82
20:45:38     all    2.11    0.00    0.06    0.00    0.00    0.01    0.00    0.00   97.82
20:45:40     all    2.09    0.00    0.07    0.00    0.00    0.00    0.00    0.00   97.84
20:45:42     all    2.11    0.00    0.06    0.00    0.00    0.01    0.00    0.00   97.82
20:45:44     all    2.10    0.00    0.07    0.21    0.00    0.00    0.00    0.00   97.62
20:45:46     all    2.09    0.00    0.07    0.00    0.00    0.00    0.00    0.00   97.84
20:45:48     all    2.11    0.00    0.07    0.01    0.00    0.00    0.00    0.00   97.81
20:45:50     all    2.11    0.00    0.09    0.00    0.00    0.00    0.00    0.00   97.80
20:45:52     all    2.10    0.00    0.07    0.00    0.00    0.00    0.00    0.00   97.83
20:45:54     all    2.11    0.00    0.06    0.00    0.00    0.01    0.00    0.00   97.82
20:45:56     all    2.10    0.00    0.06    0.00    0.00    0.00    0.00    0.00   97.84
20:45:58     all    2.11    0.00    0.07    0.00    0.00    0.00    0.00    0.00   97.82
20:46:00     all    2.10    0.00    0.08    0.00    0.00    0.00    0.00    0.00   97.82
20:46:02     all    2.10    0.00    0.07    0.00    0.00    0.00    0.00    0.00   97.83
20:46:04     all    2.10    0.00    0.08    0.00    0.00    0.01    0.00    0.00   97.81
20:46:06     all    2.11    0.00    0.08    0.00    0.00    0.00    0.00    0.00   97.81
20:46:08     all    2.10    0.00    0.07    0.00    0.00    0.00    0.00    0.00   97.83
20:46:10     all    2.10    0.00    0.09    0.00    0.00    0.00    0.00    0.00   97.81
20:46:12     all    2.10    0.00    0.06    0.00    0.00    0.00    0.00    0.00   97.84
20:46:14     all    2.10    0.00    0.07    0.00    0.00    0.00    0.00    0.00   97.83
20:46:16     all    2.11    0.00    0.07    0.00    0.00    0.01    0.00    0.00   97.81
20:46:18     all    2.11    0.00    0.06    0.00    0.00    0.00    0.00    0.00   97.83
20:46:20     all    2.10    0.00    0.08    0.00    0.00    0.00    0.00    0.00   97.82
20:46:22     all    2.10    0.00    0.07    0.00    0.00    0.00    0.00    0.00   97.83
20:46:24     all    2.10    0.00    0.07    0.00    0.00    0.00    0.00    0.00   97.83
20:46:26     all    2.10    0.00    0.06    0.00    0.00    0.00    0.00    0.00   97.84
20:46:28     all    2.10    0.00    0.08    0.00    0.00    0.01    0.00    0.00   97.81
20:46:30     all    2.11    0.00    0.07    0.00    0.00    0.00    0.00    0.00   97.82
20:46:32     all    2.10    0.00    0.07    0.00    0.00    0.00    0.00    0.00   97.83
20:46:34     all    2.10    0.00    0.08    0.00    0.00    0.00    0.00    0.00   97.82
20:46:36     all    2.11    0.00    0.08    0.00    0.00    0.00    0.00    0.00   97.81
20:46:38     all    2.10    0.00    0.08    0.00    0.00    0.01    0.00    0.00   97.81
20:46:40     all    2.11    0.00    0.08    0.00    0.00    0.00    0.00    0.00   97.81
20:46:42     all    2.10    0.00    0.09    0.00    0.00    0.01    0.00    0.00   97.80
20:46:44     all    2.10    0.00    0.07    0.21    0.00    0.00    0.00    0.00   97.62
20:46:46     all    2.11    0.00    0.08    0.00    0.00    0.00    0.00    0.00   97.81
20:46:48     all    2.09    0.00    0.08    0.00    0.00    0.01    0.00    0.00   97.82
20:46:50     all    2.11    0.00    0.06    0.00    0.00    0.01    0.00    0.00   97.82
20:46:52     all    2.09    0.00    0.05    0.00    0.00    0.00    0.00    0.00   97.86
20:46:54     all    2.11    0.00    0.08    0.00    0.00    0.00    0.00    0.00   97.81
20:46:56     all    2.10    0.00    0.08    0.00    0.00    0.00    0.00    0.00   97.82
20:46:58     all    2.10    0.00    0.07    0.01    0.00    0.01    0.00    0.00   97.81
20:47:00     all    2.11    0.00    0.09    0.00    0.00    0.00    0.00    0.00   97.80
20:47:02     all    2.11    0.00    0.08    0.00    0.00    0.01    0.00    0.00   97.80
20:47:04     all    2.10    0.00    0.08    0.00    0.00    0.01    0.00    0.00   97.81
20:47:06     all    2.10    0.00    0.09    0.00    0.00    0.00    0.00    0.00   97.81
20:47:08     all    2.11    0.00    0.07    0.00    0.00    0.00    0.00    0.00   97.82
20:47:10     all    2.11    0.00    0.08    0.00    0.00    0.00    0.00    0.00   97.81
20:47:12     all    2.09    0.00    0.09    0.00    0.00    0.01    0.00    0.00   97.81
20:47:14     all    2.11    0.00    0.07    0.00    0.00    0.01    0.00    0.00   97.81
20:47:16     all    2.10    0.00    0.08    0.00    0.00    0.00    0.00    0.00   97.82
20:47:18     all    2.11    0.00    0.07    0.00    0.00    0.00    0.00    0.00   97.82
20:47:20     all    2.10    0.00    0.09    0.00    0.00    0.00    0.00    0.00   97.81
20:47:22     all    2.11    0.00    0.09    0.00    0.00    0.01    0.00    0.00   97.79
20:47:24     all    2.10    0.00    0.08    0.00    0.00    0.00    0.00    0.00   97.82
20:47:26     all    2.11    0.00    0.08    0.00    0.00    0.00    0.00    0.00   97.81
20:47:28     all    2.10    0.00    0.09    0.00    0.00    0.00    0.00    0.00   97.81
20:47:30     all    2.10    0.00    0.11    0.00    0.00    0.00    0.00    0.00   97.79
20:47:32     all    2.10    0.00    0.07    0.00    0.00    0.00    0.00    0.00   97.83
20:47:34     all    2.10    0.00    0.09    0.00    0.00    0.00    0.00    0.00   97.81
20:47:36     all    2.11    0.00    0.07    0.00    0.00    0.01    0.00    0.00   97.81
20:47:38     all    2.10    0.00    0.06    0.00    0.00    0.00    0.00    0.00   97.84
20:47:40     all    2.11    0.00    0.08    0.00    0.00    0.00    0.00    0.00   97.81
20:47:42     all    2.10    0.00    0.07    0.00    0.00    0.00    0.00    0.00   97.83
20:47:44     all    2.11    0.00    0.08    0.21    0.00    0.00    0.00    0.00   97.60
20:47:46     all    2.10    0.00    0.07    0.00    0.00    0.01    0.00    0.00   97.82
20:47:48     all    2.10    0.00    0.07    0.00    0.00    0.00    0.00    0.00   97.83
20:47:50     all    2.11    0.00    0.07    0.00    0.00    0.00    0.00    0.00   97.82
20:47:52     all    2.12    0.00    0.07    0.00    0.00    0.00    0.00    0.00   97.81
20:47:54     all    2.10    0.00    0.08    0.00    0.00    0.00    0.00    0.00   97.82
20:47:56     all    2.10    0.00    0.07    0.00    0.00    0.00    0.00    0.00   97.83
20:47:58     all    2.10    0.00    0.07    0.00    0.00    0.01    0.00    0.00   97.82
20:48:00     all    2.11    0.00    0.07    0.00    0.00    0.00    0.00    0.00   97.82
20:48:02     all    2.11    0.00    0.07    0.00    0.00    0.00    0.00    0.00   97.82
20:48:04     all    2.11    0.00    0.09    0.00    0.00    0.00    0.00    0.00   97.80
20:48:06     all    2.11    0.00    0.08    0.00    0.00    0.01    0.00    0.00   97.80
20:48:08     all    2.10    0.00    0.08    0.00    0.00    0.00    0.00    0.00   97.82
20:48:10     all    2.10    0.00    0.08    0.00    0.00    0.00    0.00    0.00   97.82
20:48:12     all    2.11    0.00    0.07    0.00    0.00    0.00    0.00    0.00   97.82
20:48:14     all    2.10    0.00    0.08    0.00    0.00    0.00    0.00    0.00   97.82
20:48:16     all    2.11    0.00    0.07    0.00    0.00    0.00    0.00    0.00   97.82
20:48:18     all    2.10    0.00    0.08    0.00    0.00    0.01    0.00    0.00   97.81
20:48:20     all    2.10    0.00    0.08    0.00    0.00    0.01    0.00    0.00   97.81
20:48:22     all    2.10    0.00    0.08    0.00    0.00    0.00    0.00    0.00   97.82
20:48:24     all    2.10    0.00    0.08    0.00    0.00    0.01    0.00    0.00   97.81
20:48:26     all    2.11    0.00    0.07    0.00    0.00    0.00    0.00    0.00   97.82
20:48:28     all    2.10    0.00    0.09    0.00    0.00    0.00    0.00    0.00   97.81
20:48:30     all    2.10    0.00    0.09    0.00    0.00    0.00    0.00    0.00   97.81
20:48:32     all    2.11    0.00    0.09    0.00    0.00    0.00    0.00    0.00   97.80
20:48:34     all    2.10    0.00    0.07    0.00    0.00    0.00    0.00    0.00   97.83
20:48:36     all    2.10    0.00    0.06    0.01    0.00    0.00    0.00    0.00   97.83
20:48:38     all    2.10    0.00    0.07    0.00    0.00    0.00    0.00    0.00   97.83
20:48:40     all    2.11    0.00    0.10    0.00    0.00    0.00    0.00    0.00   97.79
20:48:42     all    2.10    0.00    0.08    0.00    0.00    0.00    0.00    0.00   97.82
20:48:44     all    2.11    0.00    0.09    0.21    0.00    0.01    0.00    0.00   97.58
20:48:46     all    2.10    0.00    0.07    0.00    0.00    0.01    0.00    0.00   97.82
20:48:48     all    2.11    0.00    0.08    0.00    0.00    0.00    0.00    0.00   97.81
20:48:50     all    2.11    0.00    0.11    0.00    0.00    0.01    0.00    0.00   97.77
20:48:52     all    2.12    0.00    0.06    0.00    0.00    0.00    0.00    0.00   97.82
20:48:54     all    2.11    0.00    0.08    0.00    0.00    0.02    0.00    0.00   97.79
20:48:56     all    2.11    0.00    0.08    0.00    0.00    0.01    0.00    0.00   97.80
20:48:58     all    2.10    0.00    0.08    0.00    0.00    0.00    0.00    0.00   97.82
20:49:00     all    2.09    0.00    0.10    0.00    0.00    0.00    0.00    0.00   97.81
20:49:02     all    2.11    0.00    0.07    0.00    0.00    0.00    0.00    0.00   97.82
20:49:04     all    2.10    0.00    0.07    0.00    0.00    0.00    0.00    0.00   97.83
20:49:06     all    2.10    0.00    0.06    0.00    0.00    0.01    0.00    0.00   97.83
20:49:08     all    2.10    0.00    0.06    0.00    0.00    0.00    0.00    0.00   97.84
20:49:10     all    2.10    0.00    0.07    0.00    0.00    0.00    0.00    0.00   97.83
20:49:12     all    2.10    0.00    0.08    0.00    0.00    0.00    0.00    0.00   97.82
20:49:14     all    2.11    0.00    0.06    0.00    0.00    0.00    0.00    0.00   97.83
20:49:16     all    2.10    0.00    0.06    0.00    0.00    0.00    0.00    0.00   97.84
20:49:18     all    2.10    0.00    0.07    0.00    0.00    0.01    0.00    0.00   97.82
20:49:20     all    2.11    0.00    0.08    0.00    0.00    0.00    0.00    0.00   97.81
20:49:22     all    2.11    0.00    0.08    0.00    0.00    0.01    0.00    0.00   97.80
20:49:24     all    2.10    0.00    0.07    0.00    0.00    0.00    0.00    0.00   97.83
20:49:26     all    2.10    0.00    0.10    0.00    0.00    0.01    0.00    0.00   97.79
20:49:28     all    2.11    0.00    0.13    0.00    0.00    0.01    0.00    0.00   97.76
20:49:30     all    2.10    0.00    0.10    0.00    0.00    0.01    0.00    0.00   97.79
20:49:32     all    2.11    0.00    0.09    0.00    0.00    0.01    0.00    0.00   97.79
20:49:34     all    2.10    0.00    0.10    0.00    0.00    0.00    0.00    0.00   97.80
20:49:36     all    2.11    0.00    0.10    0.00    0.00    0.01    0.00    0.00   97.78
20:49:38     all    2.11    0.00    0.09    0.00    0.00    0.01    0.00    0.00   97.79
20:49:40     all    2.10    0.00    0.08    0.21    0.00    0.00    0.00    0.00   97.61
20:49:42     all    2.10    0.00    0.07    0.00    0.00    0.01    0.00    0.00   97.82
20:49:44     all    2.09    0.00    0.08    0.00    0.00    0.00    0.00    0.00   97.83
20:49:46     all    2.11    0.00    0.09    0.00    0.00    0.01    0.00    0.00   97.79
20:49:48     all    2.10    0.00    0.07    0.00    0.00    0.00    0.00    0.00   97.83
20:49:50     all    2.11    0.00    0.08    0.00    0.00    0.00    0.00    0.00   97.81
20:49:52     all    2.10    0.00    0.06    0.01    0.00    0.01    0.00    0.00   97.82
20:49:54     all    2.11    0.00    0.08    0.00    0.00    0.00    0.00    0.00   97.81
20:49:56     all    2.11    0.00    0.07    0.20    0.00    0.00    0.00    0.00   97.62
20:49:58     all    2.10    0.00    0.08    0.00    0.00    0.00    0.00    0.00   97.82
20:50:00     all    2.11    0.00    0.07    0.01    0.00    0.01    0.00    0.00   97.80
20:50:02     all    2.12    0.00    0.09    0.06    0.00    0.00    0.00    0.00   97.73
20:50:04     all    2.10    0.00    0.08    0.00    0.00    0.01    0.00    0.00   97.81
20:50:06     all    2.11    0.00    0.07    0.00    0.00    0.00    0.00    0.00   97.82
20:50:08     all    2.10    0.00    0.07    0.00    0.00    0.00    0.00    0.00   97.83
20:50:10     all    2.11    0.00    0.08    0.00    0.00    0.00    0.00    0.00   97.81
20:50:12     all    2.10    0.00    0.08    0.00    0.00    0.01    0.00    0.00   97.81
20:50:14     all    2.11    0.00    0.09    0.00    0.00    0.00    0.00    0.00   97.80
20:50:16     all    2.10    0.00    0.08    0.00    0.00    0.00    0.00    0.00   97.82
20:50:18     all    2.10    0.00    0.06    0.00    0.00    0.00    0.00    0.00   97.84
20:50:20     all    2.11    0.00    0.08    0.00    0.00    0.01    0.00    0.00   97.80
20:50:22     all    2.11    0.00    0.08    0.00    0.00    0.00    0.00    0.00   97.81
20:50:24     all    2.10    0.00    0.08    0.00    0.00    0.00    0.00    0.00   97.82
20:50:26     all    2.10    0.00    0.07    0.00    0.00    0.01    0.00    0.00   97.82
20:50:28     all    2.11    0.00    0.07    0.00    0.00    0.00    0.00    0.00   97.82
20:50:30     all    2.10    0.00    0.11    0.00    0.00    0.01    0.00    0.00   97.78
20:50:32     all    2.11    0.00    0.10    0.00    0.00    0.00    0.00    0.00   97.79
20:50:34     all    2.10    0.00    0.07    0.00    0.00    0.00    0.00    0.00   97.83
20:50:36     all    2.10    0.00    0.08    0.00    0.00    0.01    0.00    0.00   97.81
20:50:38     all    2.11    0.00    0.08    0.00    0.00    0.00    0.00    0.00   97.81
20:50:40     all    2.10    0.00    0.08    0.00    0.00    0.00    0.00    0.00   97.82
20:50:42     all    2.11    0.00    0.06    0.00    0.00    0.00    0.00    0.00   97.83
20:50:44     all    2.10    0.00    0.07    0.00    0.00    0.00    0.00    0.00   97.83
20:50:46     all    2.10    0.00    0.06    0.21    0.00    0.00    0.00    0.00   97.63
20:50:48     all    2.10    0.00    0.07    0.00    0.00    0.01    0.00    0.00   97.82
20:50:50     all    2.10    0.00    0.06    0.00    0.00    0.00    0.00    0.00   97.84
20:50:52     all    2.11    0.00    0.06    0.00    0.00    0.00    0.00    0.00   97.83
20:50:54     all    2.10    0.00    0.07    0.00    0.00    0.00    0.00    0.00   97.83
20:50:56     all    2.11    0.00    0.06    0.00    0.00    0.00    0.00    0.00   97.83
20:50:58     all    2.10    0.00    0.07    0.00    0.00    0.02    0.00    0.00   97.81
20:51:00     all    2.10    0.00    0.06    0.00    0.00    0.00    0.00    0.00   97.84
20:51:02     all    2.11    0.00    0.07    0.01    0.00    0.00    0.00    0.00   97.81
20:51:04     all    2.09    0.00    0.06    0.00    0.00    0.00    0.00    0.00   97.85
20:51:06     all    2.12    0.00    0.09    0.00    0.00    0.00    0.00    0.00   97.79
20:51:08     all    2.09    0.00    0.08    0.00    0.00    0.01    0.00    0.00   97.82
20:51:10     all    2.11    0.00    0.06    0.00    0.00    0.00    0.00    0.00   97.83
20:51:12     all    2.10    0.00    0.08    0.00    0.00    0.00    0.00    0.00   97.82
20:51:14     all    2.10    0.00    0.05    0.00    0.00    0.01    0.00    0.00   97.84
20:51:16     all    2.10    0.00    0.07    0.00    0.00    0.00    0.00    0.00   97.83
20:51:18     all    2.11    0.00    0.06    0.00    0.00    0.01    0.00    0.00   97.82
20:51:20     all    2.10    0.00    0.06    0.00    0.00    0.00    0.00    0.00   97.84
20:51:22     all    2.10    0.00    0.09    0.00    0.00    0.00    0.00    0.00   97.81
20:51:24     all    2.10    0.00    0.06    0.00    0.00    0.00    0.00    0.00   97.84
20:51:26     all    2.10    0.00    0.07    0.00    0.00    0.00    0.00    0.00   97.83
20:51:28     all    2.11    0.00    0.06    0.00    0.00    0.00    0.00    0.00   97.83
20:51:30     all    2.11    0.00    0.06    0.00    0.00    0.00    0.00    0.00   97.83
20:51:32     all    2.10    0.00    0.07    0.00    0.00    0.01    0.00    0.00   97.82
20:51:34     all    2.09    0.00    0.07    0.00    0.00    0.00    0.00    0.00   97.84
20:51:36     all    2.11    0.00    0.08    0.00    0.00    0.00    0.00    0.00   97.81
20:51:38     all    2.10    0.00    0.07    0.00    0.00    0.01    0.00    0.00   97.82
20:51:40     all    2.10    0.00    0.07    0.00    0.00    0.00    0.00    0.00   97.83
20:51:42     all    2.10    0.00    0.06    0.00    0.00    0.00    0.00    0.00   97.84
20:51:44     all    2.10    0.00    0.07    0.00    0.00    0.00    0.00    0.00   97.83
20:51:46     all    2.10    0.00    0.07    0.21    0.00    0.00    0.00    0.00   97.62
20:51:48     all    2.10    0.00    0.07    0.00    0.00    0.01    0.00    0.00   97.82
20:51:50     all    2.11    0.00    0.09    0.00    0.00    0.00    0.00    0.00   97.80
20:51:52     all    2.10    0.00    0.07    0.00    0.00    0.00    0.00    0.00   97.83
20:51:54     all    2.10    0.00    0.07    0.00    0.00    0.00    0.00    0.00   97.83
20:51:56     all    2.11    0.00    0.05    0.00    0.00    0.00    0.00    0.00   97.84
20:51:58     all    2.10    0.00    0.07    0.00    0.00    0.00    0.00    0.00   97.83
20:52:00     all    2.10    0.00    0.07    0.00    0.00    0.00    0.00    0.00   97.83
20:52:02     all    2.10    0.00    0.05    0.00    0.00    0.01    0.00    0.00   97.84
20:52:04     all    2.10    0.00    0.06    0.00    0.00    0.00    0.00    0.00   97.84
20:52:06     all    2.10    0.00    0.07    0.00    0.00    0.00    0.00    0.00   97.83
20:52:08     all    2.10    0.00    0.07    0.00    0.00    0.00    0.00    0.00   97.83
20:52:10     all    2.11    0.00    0.05    0.00    0.00    0.01    0.00    0.00   97.83
20:52:12     all    2.10    0.00    0.07    0.00    0.00    0.00    0.00    0.00   97.83
20:52:14     all    2.10    0.00    0.07    0.00    0.00    0.00    0.00    0.00   97.83
20:52:16     all    2.10    0.00    0.07    0.00    0.00    0.01    0.00    0.00   97.82
20:52:18     all    2.10    0.00    0.06    0.00    0.00    0.00    0.00    0.00   97.84
20:52:20     all    2.11    0.00    0.07    0.00    0.00    0.00    0.00    0.00   97.82
20:52:22     all    2.10    0.00    0.08    0.00    0.00    0.00    0.00    0.00   97.82
20:52:24     all    2.11    0.00    0.05    0.00    0.00    0.00    0.00    0.00   97.84
20:52:26     all    2.10    0.00    0.07    0.01    0.00    0.01    0.00    0.00   97.81
20:52:28     all    2.11    0.00    0.06    0.00    0.00    0.01    0.00    0.00   97.82
20:52:30     all    2.10    0.00    0.06    0.00    0.00    0.00    0.00    0.00   97.84
20:52:32     all    2.11    0.00    0.08    0.00    0.00    0.00    0.00    0.00   97.81
20:52:34     all    2.10    0.00    0.07    0.00    0.00    0.00    0.00    0.00   97.83
20:52:36     all    2.12    0.00    0.08    0.00    0.00    0.01    0.00    0.00   97.79
20:52:38     all    2.10    0.00    0.07    0.00    0.00    0.01    0.00    0.00   97.82
20:52:40     all    2.10    0.00    0.07    0.00    0.00    0.01    0.00    0.00   97.82
20:52:42     all    2.10    0.00    0.07    0.00    0.00    0.02    0.00    0.00   97.81
20:52:44     all    2.10    0.00    0.06    0.00    0.00    0.00    0.00    0.00   97.84
20:52:46     all    2.10    0.00    0.07    0.21    0.00    0.01    0.00    0.00   97.61
20:52:48     all    2.11    0.00    0.07    0.00    0.00    0.01    0.00    0.00   97.81
20:52:50     all    2.11    0.00    0.06    0.00    0.00    0.00    0.00    0.00   97.83
20:52:52     all    2.10    0.00    0.07    0.00    0.00    0.02    0.00    0.00   97.81
20:52:54     all    2.10    0.00    0.07    0.00    0.00    0.00    0.00    0.00   97.83
20:52:56     all    2.10    0.00    0.07    0.00    0.00    0.01    0.00    0.00   97.82
20:52:58     all    2.10    0.00    0.07    0.00    0.00    0.00    0.00    0.00   97.83
20:53:00     all    2.11    0.00    0.06    0.00    0.00    0.00    0.00    0.00   97.83
20:53:02     all    2.10    0.00    0.07    0.00    0.00    0.00    0.00    0.00   97.83
20:53:04     all    2.10    0.00    0.07    0.00    0.00    0.00    0.00    0.00   97.83
20:53:06     all    2.11    0.00    0.07    0.00    0.00    0.00    0.00    0.00   97.82
20:53:08     all    2.10    0.00    0.07    0.00    0.00    0.00    0.00    0.00   97.83
20:53:10     all    2.10    0.00    0.08    0.00    0.00    0.01    0.00    0.00   97.81
20:53:12     all    2.11    0.00    0.08    0.00    0.00    0.01    0.00    0.00   97.80
20:53:14     all    2.10    0.00    0.06    0.00    0.00    0.02    0.00    0.00   97.82
20:53:16     all    2.10    0.00    0.07    0.00    0.00    0.02    0.00    0.00   97.81
20:53:18     all    2.10    0.00    0.07    0.00    0.00    0.01    0.00    0.00   97.82
20:53:20     all    2.11    0.00    0.09    0.00    0.00    0.01    0.00    0.00   97.79
20:53:22     all    2.10    0.00    0.08    0.00    0.00    0.01    0.00    0.00   97.81
20:53:24     all    2.11    0.00    0.07    0.00    0.00    0.00    0.00    0.00   97.82
20:53:26     all    2.10    0.00    0.08    0.00    0.00    0.00    0.00    0.00   97.82
20:53:28     all    2.11    0.00    0.06    0.00    0.00    0.02    0.00    0.00   97.81
20:53:30     all    2.11    0.00    0.08    0.00    0.00    0.00    0.00    0.00   97.81
20:53:32     all    2.10    0.00    0.08    0.00    0.00    0.00    0.00    0.00   97.82
20:53:34     all    2.11    0.00    0.07    0.00    0.00    0.00    0.00    0.00   97.82
20:53:36     all    2.10    0.00    0.09    0.00    0.00    0.00    0.00    0.00   97.81
20:53:38     all    2.10    0.00    0.10    0.00    0.00    0.01    0.00    0.00   97.79
20:53:40     all    2.10    0.00    0.11    0.21    0.00    0.02    0.00    0.00   97.56
20:53:42     all    2.11    0.00    0.09    0.00    0.00    0.01    0.00    0.00   97.79
20:53:44     all    2.10    0.00    0.05    0.00    0.00    0.00    0.00    0.00   97.85
20:53:46     all    2.10    0.00    0.07    0.21    0.00    0.00    0.00    0.00   97.62
20:53:48     all    2.11    0.00    0.08    0.00    0.00    0.00    0.00    0.00   97.81
20:53:50     all    2.09    0.00    0.08    0.00    0.00    0.00    0.00    0.00   97.83
20:53:52     all    2.11    0.00    0.07    0.00    0.00    0.00    0.00    0.00   97.82
20:53:54     all    2.10    0.00    0.07    0.00    0.00    0.00    0.00    0.00   97.83
20:53:56     all    2.10    0.00    0.07    0.00    0.00    0.00    0.00    0.00   97.83
20:53:58     all    2.10    0.00    0.07    0.00    0.00    0.00    0.00    0.00   97.83
20:54:00     all    2.11    0.00    0.08    0.00    0.00    0.01    0.00    0.00   97.80
20:54:02     all    2.10    0.00    0.07    0.00    0.00    0.00    0.00    0.00   97.83
20:54:04     all    2.11    0.00    0.07    0.00    0.00    0.00    0.00    0.00   97.82
20:54:06     all    2.12    0.00    0.10    0.00    0.00    0.00    0.00    0.00   97.78
20:54:08     all    2.10    0.00    0.08    0.00    0.00    0.01    0.00    0.00   97.81
20:54:10     all    2.10    0.00    0.09    0.00    0.00    0.00    0.00    0.00   97.81
20:54:12     all    2.11    0.00    0.06    0.00    0.00    0.01    0.00    0.00   97.82
20:54:14     all    2.10    0.00    0.06    0.00    0.00    0.00    0.00    0.00   97.84
20:54:16     all    2.10    0.00    0.08    0.00    0.00    0.00    0.00    0.00   97.82
20:54:18     all    2.11    0.00    0.07    0.00    0.00    0.00    0.00    0.00   97.82
20:54:20     all    2.10    0.00    0.08    0.00    0.00    0.00    0.00    0.00   97.82
20:54:22     all    2.11    0.00    0.08    0.00    0.00    0.00    0.00    0.00   97.81
20:54:24     all    2.10    0.00    0.07    0.00    0.00    0.00    0.00    0.00   97.83
20:54:26     all    2.10    0.00    0.07    0.00    0.00    0.01    0.00    0.00   97.82
20:54:28     all    2.11    0.00    0.07    0.00    0.00    0.00    0.00    0.00   97.82
20:54:30     all    2.10    0.00    0.06    0.00    0.00    0.00    0.00    0.00   97.84
20:54:32     all    2.10    0.00    0.06    0.00    0.00    0.00    0.00    0.00   97.84
20:54:34     all    2.10    0.00    0.07    0.00    0.00    0.00    0.00    0.00   97.83
20:54:36     all    2.11    0.00    0.07    0.00    0.00    0.00    0.00    0.00   97.82
20:54:38     all    2.10    0.00    0.07    0.00    0.00    0.00    0.00    0.00   97.83
20:54:40     all    2.11    0.00    0.07    0.00    0.00    0.01    0.00    0.00   97.81
20:54:42     all    2.10    0.00    0.08    0.21    0.00    0.00    0.00    0.00   97.61
20:54:44     all    2.10    0.00    0.08    0.00    0.00    0.00    0.00    0.00   97.82
20:54:46     all    2.10    0.00    0.07    0.00    0.00    0.00    0.00    0.00   97.83
20:54:48     all    2.10    0.00    0.07    0.00    0.00    0.00    0.00    0.00   97.83
20:54:50     all    2.12    0.00    0.07    0.00    0.00    0.01    0.00    0.00   97.80
20:54:52     all    2.10    0.00    0.07    0.01    0.00    0.00    0.00    0.00   97.82
20:54:54     all    2.10    0.00    0.07    0.21    0.00    0.01    0.00    0.00   97.61
20:54:56     all    2.11    0.00    0.06    0.00    0.00    0.00    0.00    0.00   97.83
20:54:58     all    2.10    0.00    0.06    0.00    0.00    0.01    0.00    0.00   97.83
20:55:00     all    2.10    0.00    0.07    0.00    0.00    0.02    0.00    0.00   97.81
20:55:02     all    2.11    0.00    0.06    0.00    0.00    0.00    0.00    0.00   97.83
20:55:04     all    2.10    0.00    0.07    0.00    0.00    0.01    0.00    0.00   97.82
20:55:06     all    2.10    0.00    0.07    0.00    0.00    0.01    0.00    0.00   97.82
20:55:08     all    2.11    0.00    0.05    0.00    0.00    0.01    0.00    0.00   97.83
20:55:10     all    2.09    0.00    0.08    0.00    0.00    0.01    0.00    0.00   97.82
20:55:12     all    2.10    0.00    0.07    0.00    0.00    0.00    0.00    0.00   97.83
20:55:14     all    2.11    0.00    0.07    0.00    0.00    0.00    0.00    0.00   97.82
20:55:16     all    2.11    0.00    0.08    0.00    0.00    0.01    0.00    0.00   97.80
20:55:18     all    2.10    0.00    0.07    0.00    0.00    0.02    0.00    0.00   97.81
20:55:20     all    2.10    0.00    0.07    0.00    0.00    0.00    0.00    0.00   97.83
20:55:22     all    2.10    0.00    0.07    0.00    0.00    0.00    0.00    0.00   97.83
20:55:24     all    2.10    0.00    0.07    0.00    0.00    0.02    0.00    0.00   97.81
20:55:26     all    2.10    0.00    0.05    0.00    0.00    0.01    0.00    0.00   97.84
20:55:28     all    2.10    0.00    0.04    0.00    0.00    0.01    0.00    0.00   97.85
20:55:30     all    2.10    0.00    0.07    0.00    0.00    0.01    0.00    0.00   97.82
20:55:32     all    2.10    0.00    0.07    0.00    0.00    0.02    0.00    0.00   97.81
20:55:34     all    2.10    0.00    0.06    0.00    0.00    0.00    0.00    0.00   97.84
20:55:36     all    2.11    0.00    0.09    0.00    0.00    0.00    0.00    0.00   97.80
20:55:38     all    2.09    0.00    0.07    0.00    0.00    0.01    0.00    0.00   97.83
20:55:40     all    2.11    0.00    0.07    0.00    0.00    0.00    0.00    0.00   97.82
20:55:42     all    2.10    0.00    0.08    0.00    0.00    0.00    0.00    0.00   97.82
20:55:44     all    2.11    0.00    0.08    0.00    0.00    0.00    0.00    0.00   97.81
20:55:46     all    2.10    0.00    0.07    0.21    0.00    0.00    0.00    0.00   97.62
20:55:48     all    2.11    0.00    0.07    0.00    0.00    0.01    0.00    0.00   97.81
20:55:50     all    2.10    0.00    0.06    0.00    0.00    0.00    0.00    0.00   97.84
20:55:52     all    2.10    0.00    0.07    0.00    0.00    0.00    0.00    0.00   97.83
20:55:54     all    2.10    0.00    0.07    0.00    0.00    0.00    0.00    0.00   97.83
20:55:56     all    2.10    0.00    0.07    0.00    0.00    0.00    0.00    0.00   97.83
20:55:58     all    2.10    0.00    0.06    0.00    0.00    0.00    0.00    0.00   97.84
20:56:00     all    2.11    0.00    0.06    0.00    0.00    0.00    0.00    0.00   97.83
20:56:02     all    2.10    0.00    0.07    0.00    0.00    0.00    0.00    0.00   97.83
20:56:04     all    2.11    0.00    0.06    0.00    0.00    0.00    0.00    0.00   97.83
20:56:06     all    2.10    0.00    0.07    0.00    0.00    0.01    0.00    0.00   97.82
20:56:08     all    2.10    0.00    0.07    0.00    0.00    0.00    0.00    0.00   97.83
20:56:10     all    2.11    0.00    0.07    0.01    0.00    0.00    0.00    0.00   97.81
20:56:12     all    2.10    0.00    0.07    0.00    0.00    0.00    0.00    0.00   97.83
20:56:14     all    2.10    0.00    0.07    0.00    0.00    0.01    0.00    0.00   97.82
20:56:16     all    2.10    0.00    0.08    0.00    0.00    0.00    0.00    0.00   97.82
20:56:18     all    2.11    0.00    0.06    0.00    0.00    0.02    0.00    0.00   97.81
20:56:20     all    2.11    0.00    0.09    0.00    0.00    0.00    0.00    0.00   97.80
20:56:22     all    2.10    0.00    0.07    0.00    0.00    0.01    0.00    0.00   97.82
20:56:24     all    2.10    0.00    0.07    0.00    0.00    0.00    0.00    0.00   97.83
20:56:26     all    2.11    0.00    0.07    0.00    0.00    0.00    0.00    0.00   97.82
20:56:28     all    2.10    0.00    0.07    0.00    0.00    0.00    0.00    0.00   97.83
20:56:30     all    2.10    0.00    0.07    0.00    0.00    0.01    0.00    0.00   97.82
20:56:32     all    2.11    0.00    0.06    0.00    0.00    0.00    0.00    0.00   97.83
20:56:34     all    2.10    0.00    0.07    0.00    0.00    0.00    0.00    0.00   97.83
20:56:36     all    2.10    0.00    0.07    0.00    0.00    0.00    0.00    0.00   97.83
20:56:38     all    2.11    0.00    0.06    0.00    0.00    0.00    0.00    0.00   97.83
20:56:40     all    2.10    0.00    0.06    0.00    0.00    0.00    0.00    0.00   97.84
20:56:42     all    2.10    0.00    0.07    0.00    0.00    0.00    0.00    0.00   97.83
20:56:44     all    2.11    0.00    0.07    0.00    0.00    0.01    0.00    0.00   97.81
20:56:46     all    2.10    0.00    0.09    0.21    0.00    0.00    0.00    0.00   97.60
20:56:48     all    2.10    0.00    0.09    0.00    0.00    0.00    0.00    0.00   97.81
20:56:50     all    2.11    0.00    0.06    0.00    0.00    0.00    0.00    0.00   97.83
20:56:52     all    2.10    0.00    0.06    0.00    0.00    0.00    0.00    0.00   97.84
20:56:54     all    2.11    0.00    0.06    0.00    0.00    0.01    0.00    0.00   97.82
20:56:56     all    2.11    0.00    0.06    0.00    0.00    0.00    0.00    0.00   97.83
20:56:58     all    2.10    0.00    0.06    0.00    0.00    0.00    0.00    0.00   97.84
20:57:00     all    2.11    0.00    0.07    0.00    0.00    0.00    0.00    0.00   97.82
20:57:02     all    2.10    0.00    0.08    0.00    0.00    0.00    0.00    0.00   97.82
20:57:04     all    2.10    0.00    0.07    0.00    0.00    0.00    0.00    0.00   97.83
20:57:06     all    2.11    0.00    0.09    0.00    0.00    0.00    0.00    0.00   97.80
20:57:08     all    2.10    0.00    0.06    0.00    0.00    0.01    0.00    0.00   97.83
20:57:10     all    2.10    0.00    0.04    0.00    0.00    0.00    0.00    0.00   97.86
20:57:12     all    2.10    0.00    0.07    0.00    0.00    0.00    0.00    0.00   97.83
20:57:14     all    2.11    0.00    0.07    0.00    0.00    0.00    0.00    0.00   97.82
20:57:16     all    2.10    0.00    0.07    0.00    0.00    0.00    0.00    0.00   97.83
20:57:18     all    2.10    0.00    0.10    0.00    0.00    0.02    0.00    0.00   97.78
20:57:20     all    2.11    0.00    0.09    0.00    0.00    0.01    0.00    0.00   97.79
20:57:22     all    2.10    0.00    0.08    0.00    0.00    0.00    0.00    0.00   97.82
20:57:24     all    2.10    0.00    0.08    0.00    0.00    0.01    0.00    0.00   97.81
20:57:26     all    2.11    0.00    0.07    0.00    0.00    0.01    0.00    0.00   97.81
20:57:28     all    2.10    0.00    0.06    0.00    0.00    0.02    0.00    0.00   97.82
20:57:30     all    2.11    0.00    0.06    0.00    0.00    0.00    0.00    0.00   97.83
20:57:32     all    2.10    0.00    0.07    0.00    0.00    0.00    0.00    0.00   97.83
20:57:34     all    2.10    0.00    0.07    0.00    0.00    0.00    0.00    0.00   97.83
20:57:36     all    2.10    0.00    0.07    0.00    0.00    0.00    0.00    0.00   97.83
20:57:38     all    2.10    0.00    0.06    0.01    0.00    0.01    0.00    0.00   97.82
20:57:40     all    2.10    0.00    0.08    0.00    0.00    0.00    0.00    0.00   97.82
20:57:42     all    2.11    0.00    0.05    0.00    0.00    0.00    0.00    0.00   97.84
20:57:44     all    2.10    0.00    0.07    0.00    0.00    0.00    0.00    0.00   97.83
20:57:46     all    2.10    0.00    0.09    0.21    0.00    0.00    0.00    0.00   97.60
20:57:48     all    2.10    0.00    0.07    0.00    0.00    0.01    0.00    0.00   97.82
20:57:50     all    2.12    0.00    0.08    0.00    0.00    0.00    0.00    0.00   97.80
20:57:52     all    2.10    0.00    0.07    0.00    0.00    0.00    0.00    0.00   97.83
20:57:54     all    2.10    0.00    0.07    0.00    0.00    0.02    0.00    0.00   97.81
20:57:56     all    2.10    0.00    0.08    0.00    0.00    0.00    0.00    0.00   97.82
20:57:58     all    2.11    0.00    0.07    0.00    0.00    0.01    0.00    0.00   97.81
20:58:00     all    2.10    0.00    0.09    0.00    0.00    0.00    0.00    0.00   97.81
20:58:02     all    2.10    0.00    0.08    0.00    0.00    0.01    0.00    0.00   97.81
20:58:04     all    2.10    0.00    0.08    0.00    0.00    0.00    0.00    0.00   97.82
20:58:06     all    2.11    0.00    0.08    0.00    0.00    0.00    0.00    0.00   97.81
20:58:08     all    2.10    0.00    0.05    0.00    0.00    0.01    0.00    0.00   97.84
20:58:10     all    2.10    0.00    0.09    0.00    0.00    0.01    0.00    0.00   97.80
20:58:12     all    2.11    0.00    0.09    0.00    0.00    0.00    0.00    0.00   97.80
20:58:14     all    2.10    0.00    0.09    0.00    0.00    0.00    0.00    0.00   97.81
20:58:16     all    2.10    0.00    0.08    0.00    0.00    0.00    0.00    0.00   97.82
20:58:18     all    2.11    0.00    0.07    0.00    0.00    0.00    0.00    0.00   97.82
20:58:20     all    2.10    0.00    0.09    0.00    0.00    0.01    0.00    0.00   97.80
20:58:22     all    2.11    0.00    0.09    0.00    0.00    0.01    0.00    0.00   97.79
20:58:24     all    2.10    0.00    0.09    0.00    0.00    0.01    0.00    0.00   97.80
20:58:26     all    2.11    0.00    0.07    0.00    0.00    0.00    0.00    0.00   97.82
20:58:28     all    2.11    0.00    0.08    0.00    0.00    0.00    0.00    0.00   97.81
20:58:30     all    2.10    0.00    0.08    0.00    0.00    0.01    0.00    0.00   97.81
20:58:32     all    2.11    0.00    0.08    0.00    0.00    0.01    0.00    0.00   97.80
20:58:34     all    2.11    0.00    0.08    0.00    0.00    0.01    0.00    0.00   97.80
20:58:36     all    2.11    0.00    0.09    0.00    0.00    0.01    0.00    0.00   97.79
20:58:38     all    2.10    0.00    0.06    0.00    0.00    0.00    0.00    0.00   97.84
20:58:40     all    2.10    0.00    0.08    0.00    0.00    0.00    0.00    0.00   97.82
20:58:42     all    2.10    0.00    0.07    0.00    0.00    0.00    0.00    0.00   97.83
20:58:44     all    2.10    0.00    0.07    0.00    0.00    0.00    0.00    0.00   97.83
20:58:46     all    2.10    0.00    0.08    0.21    0.00    0.00    0.00    0.00   97.61
20:58:48     all    2.10    0.00    0.06    0.00    0.00    0.01    0.00    0.00   97.83
20:58:50     all    2.10    0.00    0.07    0.00    0.00    0.00    0.00    0.00   97.83
20:58:52     all    2.10    0.00    0.04    0.00    0.00    0.00    0.00    0.00   97.86
