Linux 2.6.32-279.14.1.el6.x86_64 (compute-662-2.local) 	04/20/20 	_x86_64_	(48 CPU)

20:04:40          PID    %usr %system  %guest    %CPU   CPU  Command
20:04:42        10082   97.00    2.00    0.00   99.00    26  lu-mz.B.x
20:04:44        10082  100.00    0.00    0.00  100.00    26  lu-mz.B.x
20:04:46        10082   99.50    0.00    0.00   99.50    26  lu-mz.B.x
20:04:48        10082  100.00    0.00    0.00  100.00    26  lu-mz.B.x
20:04:50        10082   99.50    0.00    0.00   99.50    26  lu-mz.B.x
20:04:52        10082  100.00    0.50    0.00  100.50    26  lu-mz.B.x
20:04:54        10082  100.00    0.00    0.00  100.00    26  lu-mz.B.x
20:04:56        10082   99.50    0.00    0.00   99.50    26  lu-mz.B.x
20:04:58        10082  100.00    0.00    0.00  100.00    26  lu-mz.B.x
20:05:00        10082   99.50    0.00    0.00   99.50    26  lu-mz.B.x
20:05:02        10082  100.00    0.00    0.00  100.00    26  lu-mz.B.x
20:05:04        10082   99.50    0.00    0.00   99.50    26  lu-mz.B.x
20:05:06        10082  100.00    0.00    0.00  100.00    26  lu-mz.B.x
20:05:08        10082  100.00    0.00    0.00  100.00    26  lu-mz.B.x
20:05:10        10082   99.50    0.00    0.00   99.50    26  lu-mz.B.x
20:05:12        10082  100.00    0.00    0.00  100.00    26  lu-mz.B.x
20:05:14        10082   99.50    0.00    0.00   99.50    26  lu-mz.B.x
20:05:16        10082  100.00    0.00    0.00  100.00    26  lu-mz.B.x
20:05:18        10082   99.50    0.00    0.00   99.50    26  lu-mz.B.x
20:05:20        10082  100.00    0.00    0.00  100.00    26  lu-mz.B.x
20:05:22        10082   99.50    0.00    0.00   99.50    26  lu-mz.B.x
20:05:24        10082  100.00    0.00    0.00  100.00    26  lu-mz.B.x
20:05:26        10082  100.00    0.00    0.00  100.00    26  lu-mz.B.x
20:05:28        10082   99.50    0.00    0.00   99.50    26  lu-mz.B.x
20:05:30        10082  100.00    0.00    0.00  100.00    26  lu-mz.B.x
20:05:32        10082   99.50    0.00    0.00   99.50    26  lu-mz.B.x
20:05:34        10082  100.00    0.00    0.00  100.00    26  lu-mz.B.x
20:05:36        10082   99.50    0.00    0.00   99.50    26  lu-mz.B.x
20:05:38        10082  100.00    0.00    0.00  100.00    26  lu-mz.B.x
20:05:40        10082  100.00    0.00    0.00  100.00    26  lu-mz.B.x
20:05:42        10082   99.50    0.00    0.00   99.50    26  lu-mz.B.x
20:05:44        10082  100.00    0.00    0.00  100.00    26  lu-mz.B.x
20:05:46        10082   99.50    0.00    0.00   99.50    26  lu-mz.B.x
20:05:48        10082  100.00    0.00    0.00  100.00    26  lu-mz.B.x
20:05:50        10082   99.50    0.00    0.00   99.50    26  lu-mz.B.x
20:05:52        10082  100.00    0.00    0.00  100.00    26  lu-mz.B.x
20:05:54        10082  100.00    0.00    0.00  100.00    26  lu-mz.B.x
20:05:56        10082   99.50    0.00    0.00   99.50    26  lu-mz.B.x
20:05:58        10082  100.00    0.00    0.00  100.00    26  lu-mz.B.x
20:06:00        10082   99.50    0.00    0.00   99.50    26  lu-mz.B.x
20:06:02        10082  100.00    0.00    0.00  100.00     0  lu-mz.B.x
20:06:04        10082   99.50    0.00    0.00   99.50     0  lu-mz.B.x
20:06:06        10082  100.00    0.00    0.00  100.00     0  lu-mz.B.x
20:06:08        10082  100.00    0.00    0.00  100.00     0  lu-mz.B.x
20:06:10        10082   99.50    0.00    0.00   99.50     0  lu-mz.B.x
20:06:12        10082  100.00    0.00    0.00  100.00     0  lu-mz.B.x
20:06:14        10082   99.50    0.00    0.00   99.50     0  lu-mz.B.x
20:06:16        10082  100.00    0.00    0.00  100.00     0  lu-mz.B.x
20:06:18        10082  100.00    0.00    0.00  100.00     0  lu-mz.B.x
20:06:20        10082   99.50    0.00    0.00   99.50     1  lu-mz.B.x
20:06:22        10082  100.00    0.00    0.00  100.00     1  lu-mz.B.x
20:06:24        10082   99.50    0.00    0.00   99.50     1  lu-mz.B.x
20:06:26        10082  100.00    0.00    0.00  100.00     1  lu-mz.B.x
20:06:28        10082  100.00    0.00    0.00  100.00     1  lu-mz.B.x
20:06:30        10082   99.50    0.00    0.00   99.50     1  lu-mz.B.x
20:06:32        10082  100.00    0.00    0.00  100.00     1  lu-mz.B.x
20:06:34        10082   99.50    0.00    0.00   99.50     1  lu-mz.B.x
20:06:36        10082  100.00    0.00    0.00  100.00     1  lu-mz.B.x
20:06:38        10082  100.00    0.00    0.00  100.00     2  lu-mz.B.x
20:06:40        10082   99.50    0.00    0.00   99.50    12  lu-mz.B.x
20:06:42        10082  100.00    0.00    0.00  100.00    12  lu-mz.B.x
20:06:44        10082   99.50    0.00    0.00   99.50    12  lu-mz.B.x
20:06:46        10082  100.00    0.00    0.00  100.00    12  lu-mz.B.x
20:06:48        10082  100.00    0.00    0.00  100.00    12  lu-mz.B.x
20:06:50        10082   99.50    0.00    0.00   99.50    12  lu-mz.B.x
20:06:52        10082  100.00    0.00    0.00  100.00    12  lu-mz.B.x
20:06:54        10082   99.50    0.00    0.00   99.50    12  lu-mz.B.x
20:06:56        10082  100.00    0.00    0.00  100.00    12  lu-mz.B.x
20:06:58        10082   99.50    0.00    0.00   99.50    12  lu-mz.B.x
20:07:00        10082  100.00    0.00    0.00  100.00    12  lu-mz.B.x
20:07:02        10082  100.00    0.00    0.00  100.00    12  lu-mz.B.x
20:07:04        10082   99.50    0.00    0.00   99.50    12  lu-mz.B.x
20:07:06        10082  100.00    0.00    0.00  100.00    12  lu-mz.B.x
20:07:08        10082   99.50    0.00    0.00   99.50    13  lu-mz.B.x
20:07:10        10082  100.00    0.00    0.00  100.00    13  lu-mz.B.x
20:07:12        10082   99.50    0.00    0.00   99.50    13  lu-mz.B.x
20:07:14        10082  100.00    0.00    0.00  100.00    13  lu-mz.B.x
20:07:16        10082  100.00    0.00    0.00  100.00    13  lu-mz.B.x
20:07:18        10082   99.50    0.00    0.00   99.50    13  lu-mz.B.x
20:07:20        10082  100.00    0.00    0.00  100.00    13  lu-mz.B.x
20:07:22        10082  100.00    0.00    0.00  100.00    13  lu-mz.B.x
20:07:24        10082   99.50    0.00    0.00   99.50    13  lu-mz.B.x
20:07:26        10082  100.00    0.00    0.00  100.00    13  lu-mz.B.x
20:07:28        10082   99.50    0.00    0.00   99.50    13  lu-mz.B.x
20:07:30        10082  100.00    0.00    0.00  100.00    13  lu-mz.B.x
20:07:32        10082  100.00    0.00    0.00  100.00    13  lu-mz.B.x
20:07:34        10082   99.50    0.00    0.00   99.50    13  lu-mz.B.x
20:07:36        10082  100.00    0.00    0.00  100.00    13  lu-mz.B.x
20:07:38        10082   99.50    0.00    0.00   99.50    13  lu-mz.B.x
20:07:40        10082  100.00    0.00    0.00  100.00    13  lu-mz.B.x
20:07:42        10082  100.00    0.00    0.00  100.00    13  lu-mz.B.x
20:07:44        10082   99.50    0.00    0.00   99.50    13  lu-mz.B.x
20:07:46        10082  100.00    0.00    0.00  100.00    13  lu-mz.B.x
20:07:48        10082   99.50    0.00    0.00   99.50    13  lu-mz.B.x
20:07:50        10082  100.00    0.00    0.00  100.00    13  lu-mz.B.x
20:07:52        10082   99.50    0.00    0.00   99.50    13  lu-mz.B.x
20:07:54        10082  100.00    0.00    0.00  100.00    13  lu-mz.B.x
20:07:56        10082  100.00    0.00    0.00  100.00    13  lu-mz.B.x
20:07:58        10082   99.50    0.00    0.00   99.50    13  lu-mz.B.x
20:08:00        10082  100.00    0.00    0.00  100.00    13  lu-mz.B.x
20:08:02        10082  100.00    0.00    0.00  100.00    13  lu-mz.B.x
20:08:04        10082   99.50    0.00    0.00   99.50    13  lu-mz.B.x
20:08:06        10082  100.00    0.00    0.00  100.00    13  lu-mz.B.x
20:08:08        10082   99.50    0.00    0.00   99.50    13  lu-mz.B.x
20:08:10        10082  100.00    0.00    0.00  100.00    13  lu-mz.B.x
20:08:12        10082   99.50    0.00    0.00   99.50    13  lu-mz.B.x
20:08:14        10082  100.00    0.00    0.00  100.00    13  lu-mz.B.x
20:08:16        10082  100.00    0.00    0.00  100.00    13  lu-mz.B.x
20:08:18        10082   99.50    0.00    0.00   99.50    13  lu-mz.B.x
20:08:20        10082  100.00    0.00    0.00  100.00    13  lu-mz.B.x
20:08:22        10082   99.50    0.00    0.00   99.50    13  lu-mz.B.x
20:08:24        10082  100.00    0.00    0.00  100.00    13  lu-mz.B.x
20:08:26        10082  100.00    0.00    0.00  100.00    13  lu-mz.B.x
20:08:28        10082   99.50    0.00    0.00   99.50    13  lu-mz.B.x
20:08:30        10082  100.00    0.00    0.00  100.00    13  lu-mz.B.x
20:08:32        10082   99.50    0.00    0.00   99.50    13  lu-mz.B.x
20:08:34        10082  100.00    0.00    0.00  100.00    13  lu-mz.B.x
20:08:36        10082  100.00    0.00    0.00  100.00    13  lu-mz.B.x
20:08:38        10082   99.50    0.00    0.00   99.50    13  lu-mz.B.x
20:08:40        10082  100.00    0.00    0.00  100.00    13  lu-mz.B.x
20:08:42        10082   99.50    0.00    0.00   99.50    13  lu-mz.B.x
20:08:44        10082  100.00    0.00    0.00  100.00    13  lu-mz.B.x
20:08:46        10082  100.00    0.00    0.00  100.00    13  lu-mz.B.x
20:08:48        10082   99.50    0.00    0.00   99.50    13  lu-mz.B.x
20:08:50        10082  100.00    0.00    0.00  100.00    13  lu-mz.B.x
20:08:52        10082   99.50    0.00    0.00   99.50    13  lu-mz.B.x
20:08:54        10082  100.00    0.00    0.00  100.00    13  lu-mz.B.x
20:08:56        10082  100.00    0.00    0.00  100.00    13  lu-mz.B.x
20:08:58        10082   99.50    0.00    0.00   99.50    13  lu-mz.B.x
20:09:00        10082  100.00    0.00    0.00  100.00    13  lu-mz.B.x
20:09:02        10082   99.50    0.00    0.00   99.50    13  lu-mz.B.x
20:09:04        10082  100.00    0.00    0.00  100.00    13  lu-mz.B.x
20:09:06        10082  100.00    0.00    0.00  100.00    13  lu-mz.B.x
20:09:08        10082   99.50    0.00    0.00   99.50    13  lu-mz.B.x
20:09:10        10082  100.00    0.00    0.00  100.00    13  lu-mz.B.x
20:09:12        10082   99.50    0.00    0.00   99.50    13  lu-mz.B.x
20:09:14        10082  100.00    0.00    0.00  100.00    13  lu-mz.B.x
20:09:16        10082  100.00    0.00    0.00  100.00    13  lu-mz.B.x
20:09:18        10082   99.50    0.00    0.00   99.50    13  lu-mz.B.x
20:09:20        10082  100.00    0.00    0.00  100.00    13  lu-mz.B.x
20:09:22        10082   99.50    0.00    0.00   99.50    13  lu-mz.B.x
20:09:24        10082  100.00    0.00    0.00  100.00    13  lu-mz.B.x
20:09:26        10082  100.00    0.00    0.00  100.00    13  lu-mz.B.x
20:09:28        10082   99.50    0.00    0.00   99.50    13  lu-mz.B.x
20:09:30        10082  100.00    0.00    0.00  100.00    13  lu-mz.B.x
20:09:32        10082   99.50    0.00    0.00   99.50    13  lu-mz.B.x
20:09:34        10082  100.00    0.00    0.00  100.00    13  lu-mz.B.x
20:09:36        10082  100.00    0.00    0.00  100.00    13  lu-mz.B.x
20:09:38        10082   99.50    0.00    0.00   99.50    13  lu-mz.B.x
20:09:40        10082  100.00    0.00    0.00  100.00    13  lu-mz.B.x
20:09:42        10082   99.50    0.00    0.00   99.50    13  lu-mz.B.x
20:09:44        10082  100.00    0.00    0.00  100.00    13  lu-mz.B.x
20:09:46        10082  100.00    0.00    0.00  100.00    13  lu-mz.B.x
20:09:48        10082   99.50    0.00    0.00   99.50    13  lu-mz.B.x
20:09:50        10082  100.00    0.00    0.00  100.00    13  lu-mz.B.x
20:09:52        10082   99.50    0.00    0.00   99.50    13  lu-mz.B.x
20:09:54        10082  100.00    0.00    0.00  100.00    13  lu-mz.B.x
20:09:56        10082  100.00    0.00    0.00  100.00    13  lu-mz.B.x
20:09:58        10082   99.50    0.00    0.00   99.50    13  lu-mz.B.x
20:10:00        10082  100.00    0.00    0.00  100.00    13  lu-mz.B.x
20:10:02        10082   99.00    0.00    0.00   99.00    13  lu-mz.B.x
20:10:04        10082  100.00    0.00    0.00  100.00    13  lu-mz.B.x
20:10:06        10082   99.50    0.00    0.00   99.50    13  lu-mz.B.x
20:10:08        10082  100.00    0.00    0.00  100.00    13  lu-mz.B.x
20:10:10        10082  100.00    0.00    0.00  100.00    13  lu-mz.B.x
20:10:12        10082   99.50    0.00    0.00   99.50    13  lu-mz.B.x
