Linux 2.6.32-279.14.1.el6.x86_64 (compute-662-2.local) 	04/20/20 	_x86_64_	(48 CPU)

17:55:11     CPU    %usr   %nice    %sys %iowait    %irq   %soft  %steal  %guest   %idle
17:55:13     all    2.10    0.00    0.15    0.00    0.00    0.01    0.00    0.00   97.75
17:55:15     all    2.10    0.00    0.09    0.00    0.00    0.00    0.00    0.00   97.81
17:55:17     all    2.10    0.00    0.08    0.21    0.00    0.00    0.00    0.00   97.61
17:55:19     all    2.10    0.00    0.07    0.00    0.00    0.00    0.00    0.00   97.83
17:55:21     all    2.10    0.00    0.08    0.00    0.00    0.00    0.00    0.00   97.82
17:55:23     all    2.10    0.00    0.07    0.00    0.00    0.00    0.00    0.00   97.83
17:55:25     all    2.11    0.00    0.07    0.00    0.00    0.01    0.00    0.00   97.81
17:55:27     all    2.10    0.00    0.07    0.00    0.00    0.00    0.00    0.00   97.83
17:55:29     all    2.10    0.00    0.07    0.00    0.00    0.00    0.00    0.00   97.83
17:55:31     all    2.11    0.00    0.08    0.00    0.00    0.00    0.00    0.00   97.81
17:55:33     all    2.10    0.00    0.08    0.00    0.00    0.01    0.00    0.00   97.81
17:55:35     all    2.11    0.00    0.08    0.00    0.00    0.00    0.00    0.00   97.81
17:55:37     all    2.11    0.00    0.07    0.21    0.00    0.00    0.00    0.00   97.61
17:55:39     all    2.10    0.00    0.06    0.00    0.00    0.01    0.00    0.00   97.83
17:55:41     all    2.10    0.00    0.08    0.00    0.00    0.01    0.00    0.00   97.81
17:55:43     all    2.10    0.00    0.06    0.00    0.00    0.01    0.00    0.00   97.83
17:55:45     all    2.11    0.00    0.06    0.00    0.00    0.00    0.00    0.00   97.83
17:55:47     all    2.10    0.00    0.07    0.21    0.00    0.01    0.00    0.00   97.61
17:55:49     all    2.10    0.00    0.07    0.00    0.00    0.00    0.00    0.00   97.83
17:55:51     all    2.11    0.00    0.09    0.00    0.00    0.00    0.00    0.00   97.80
17:55:53     all    2.11    0.00    0.09    0.00    0.00    0.00    0.00    0.00   97.80
17:55:55     all    2.11    0.00    0.10    0.00    0.00    0.01    0.00    0.00   97.78
17:55:57     all    2.10    0.00    0.09    0.00    0.00    0.01    0.00    0.00   97.80
17:55:59     all    2.11    0.00    0.09    0.00    0.00    0.01    0.00    0.00   97.79
17:56:01     all    2.10    0.00    0.10    0.01    0.00    0.01    0.00    0.00   97.78
17:56:03     all    2.10    0.00    0.08    0.00    0.00    0.01    0.00    0.00   97.81
17:56:05     all    2.11    0.00    0.07    0.00    0.00    0.01    0.00    0.00   97.81
17:56:07     all    2.10    0.00    0.08    0.00    0.00    0.00    0.00    0.00   97.82
17:56:09     all    2.11    0.00    0.06    0.00    0.00    0.00    0.00    0.00   97.83
17:56:11     all    2.10    0.00    0.09    0.00    0.00    0.02    0.00    0.00   97.79
17:56:13     all    2.10    0.00    0.07    0.00    0.00    0.01    0.00    0.00   97.82
17:56:15     all    2.11    0.00    0.06    0.00    0.00    0.01    0.00    0.00   97.82
17:56:17     all    2.11    0.00    0.08    0.00    0.00    0.01    0.00    0.00   97.80
17:56:19     all    2.10    0.00    0.07    0.00    0.00    0.00    0.00    0.00   97.83
17:56:21     all    2.12    0.00    0.11    0.00    0.00    0.00    0.00    0.00   97.77
