Linux 2.6.32-279.14.1.el6.x86_64 (compute-662-2.local) 	04/20/20 	_x86_64_	(48 CPU)

18:41:51          PID    %usr %system  %guest    %CPU   CPU  Command
18:41:53         6562   97.01    1.99    0.00   99.00    26  lu-mz.B.x
18:41:55         6562   99.50    0.00    0.00   99.50    12  lu-mz.B.x
18:41:57         6562  100.00    0.00    0.00  100.00    12  lu-mz.B.x
18:41:59         6562   99.50    0.00    0.00   99.50    12  lu-mz.B.x
18:42:01         6562  100.00    0.00    0.00  100.00    12  lu-mz.B.x
18:42:03         6562  100.00    0.00    0.00  100.00    12  lu-mz.B.x
18:42:05         6562   99.50    0.00    0.00   99.50    12  lu-mz.B.x
18:42:07         6562  100.00    0.00    0.00  100.00    12  lu-mz.B.x
18:42:09         6562   99.50    0.00    0.00   99.50    12  lu-mz.B.x
18:42:11         6562  100.00    0.00    0.00  100.00    12  lu-mz.B.x
18:42:13         6562   99.50    0.00    0.00   99.50    12  lu-mz.B.x
18:42:15         6562  100.00    0.00    0.00  100.00    12  lu-mz.B.x
18:42:17         6562  100.00    0.00    0.00  100.00    12  lu-mz.B.x
18:42:19         6562   99.50    0.00    0.00   99.50    12  lu-mz.B.x
18:42:21         6562  100.00    0.00    0.00  100.00    12  lu-mz.B.x
18:42:23         6562   99.50    0.00    0.00   99.50    12  lu-mz.B.x
18:42:25         6562  100.00    0.00    0.00  100.00    12  lu-mz.B.x
18:42:27         6562   99.50    0.00    0.00   99.50    12  lu-mz.B.x
18:42:29         6562  100.00    0.00    0.00  100.00    12  lu-mz.B.x
18:42:31         6562  100.00    0.00    0.00  100.00    12  lu-mz.B.x
18:42:33         6562   99.50    0.00    0.00   99.50    12  lu-mz.B.x
18:42:35         6562  100.00    0.00    0.00  100.00    12  lu-mz.B.x
18:42:37         6562   99.50    0.00    0.00   99.50    12  lu-mz.B.x
18:42:39         6562  100.00    0.00    0.00  100.00    12  lu-mz.B.x
18:42:41         6562   99.50    0.00    0.00   99.50    12  lu-mz.B.x
18:42:43         6562  100.00    0.00    0.00  100.00    12  lu-mz.B.x
18:42:45         6562   99.50    0.00    0.00   99.50    12  lu-mz.B.x
18:42:47         6562  100.00    0.00    0.00  100.00    12  lu-mz.B.x
18:42:49         6562  100.00    0.00    0.00  100.00    12  lu-mz.B.x
18:42:51         6562   99.50    0.00    0.00   99.50    12  lu-mz.B.x
18:42:53         6562  100.00    0.00    0.00  100.00    12  lu-mz.B.x
18:42:55         6562   99.50    0.00    0.00   99.50    12  lu-mz.B.x
18:42:57         6562  100.00    0.00    0.00  100.00    12  lu-mz.B.x
18:42:59         6562  100.00    0.00    0.00  100.00    12  lu-mz.B.x
18:43:01         6562   99.50    0.00    0.00   99.50    12  lu-mz.B.x
18:43:03         6562  100.00    0.00    0.00  100.00    12  lu-mz.B.x
18:43:05         6562   99.50    0.00    0.00   99.50    12  lu-mz.B.x
18:43:07         6562  100.00    0.00    0.00  100.00    12  lu-mz.B.x
18:43:09         6562   99.50    0.00    0.00   99.50    12  lu-mz.B.x
18:43:11         6562  100.00    0.00    0.00  100.00    12  lu-mz.B.x
18:43:13         6562   99.50    0.00    0.00   99.50    12  lu-mz.B.x
18:43:15         6562  100.00    0.00    0.00  100.00    12  lu-mz.B.x
18:43:17         6562  100.00    0.00    0.00  100.00    12  lu-mz.B.x
18:43:19         6562   99.50    0.00    0.00   99.50    12  lu-mz.B.x
18:43:21         6562  100.00    0.00    0.00  100.00    12  lu-mz.B.x
18:43:23         6562   99.50    0.00    0.00   99.50    12  lu-mz.B.x
18:43:25         6562  100.00    0.00    0.00  100.00    12  lu-mz.B.x
18:43:27         6562  100.00    0.00    0.00  100.00    12  lu-mz.B.x
18:43:29         6562   99.50    0.00    0.00   99.50    12  lu-mz.B.x
18:43:31         6562  100.00    0.00    0.00  100.00    12  lu-mz.B.x
18:43:33         6562   99.50    0.00    0.00   99.50    12  lu-mz.B.x
18:43:35         6562  100.00    0.00    0.00  100.00    12  lu-mz.B.x
18:43:37         6562   99.50    0.00    0.00   99.50    12  lu-mz.B.x
18:43:39         6562  100.00    0.00    0.00  100.00    12  lu-mz.B.x
18:43:41         6562  100.00    0.00    0.00  100.00    12  lu-mz.B.x
18:43:43         6562   99.50    0.00    0.00   99.50    12  lu-mz.B.x
18:43:45         6562  100.00    0.00    0.00  100.00    12  lu-mz.B.x
18:43:47         6562   99.50    0.00    0.00   99.50    12  lu-mz.B.x
18:43:49         6562  100.00    0.00    0.00  100.00    12  lu-mz.B.x
18:43:51         6562   99.50    0.00    0.00   99.50    12  lu-mz.B.x
18:43:53         6562  100.00    0.00    0.00  100.00    12  lu-mz.B.x
18:43:55         6562  100.00    0.00    0.00  100.00    12  lu-mz.B.x
18:43:57         6562   99.50    0.00    0.00   99.50    12  lu-mz.B.x
18:43:59         6562  100.00    0.00    0.00  100.00    12  lu-mz.B.x
18:44:01         6562   99.50    0.00    0.00   99.50    12  lu-mz.B.x
18:44:03         6562  100.00    0.00    0.00  100.00    12  lu-mz.B.x
18:44:05         6562   99.50    0.00    0.00   99.50    12  lu-mz.B.x
18:44:07         6562  100.00    0.00    0.00  100.00    12  lu-mz.B.x
18:44:09         6562  100.00    0.00    0.00  100.00    12  lu-mz.B.x
18:44:11         6562   99.50    0.00    0.00   99.50    12  lu-mz.B.x
18:44:13         6562  100.00    0.00    0.00  100.00    12  lu-mz.B.x
18:44:15         6562   99.50    0.00    0.00   99.50    12  lu-mz.B.x
18:44:17         6562  100.00    0.00    0.00  100.00    12  lu-mz.B.x
18:44:19         6562   99.50    0.00    0.00   99.50    12  lu-mz.B.x
18:44:21         6562  100.00    0.00    0.00  100.00    12  lu-mz.B.x
18:44:23         6562  100.00    0.00    0.00  100.00    12  lu-mz.B.x
18:44:25         6562   99.50    0.00    0.00   99.50    12  lu-mz.B.x
18:44:27         6562  100.00    0.00    0.00  100.00    12  lu-mz.B.x
18:44:29         6562   99.50    0.00    0.00   99.50    12  lu-mz.B.x
18:44:31         6562  100.00    0.00    0.00  100.00    12  lu-mz.B.x
18:44:33         6562   99.50    0.00    0.00   99.50    12  lu-mz.B.x
18:44:35         6562  100.00    0.00    0.00  100.00    12  lu-mz.B.x
18:44:37         6562  100.00    0.00    0.00  100.00    12  lu-mz.B.x
18:44:39         6562   99.50    0.00    0.00   99.50    12  lu-mz.B.x
18:44:41         6562  100.00    0.00    0.00  100.00    12  lu-mz.B.x
18:44:43         6562   99.50    0.00    0.00   99.50    12  lu-mz.B.x
18:44:45         6562  100.00    0.00    0.00  100.00    12  lu-mz.B.x
18:44:47         6562  100.00    0.00    0.00  100.00    12  lu-mz.B.x
18:44:49         6562   99.50    0.00    0.00   99.50    12  lu-mz.B.x
18:44:51         6562  100.00    0.00    0.00  100.00    12  lu-mz.B.x
18:44:53         6562   99.50    0.00    0.00   99.50    12  lu-mz.B.x
18:44:55         6562  100.00    0.00    0.00  100.00    12  lu-mz.B.x
18:44:57         6562   99.50    0.00    0.00   99.50    12  lu-mz.B.x
18:44:59         6562  100.00    0.00    0.00  100.00    12  lu-mz.B.x
18:45:01         6562  100.00    0.00    0.00  100.00    12  lu-mz.B.x
18:45:03         6562   99.50    0.00    0.00   99.50    12  lu-mz.B.x
18:45:05         6562  100.00    0.00    0.00  100.00    12  lu-mz.B.x
18:45:07         6562   99.50    0.00    0.00   99.50    12  lu-mz.B.x
18:45:09         6562  100.00    0.00    0.00  100.00    12  lu-mz.B.x
18:45:11         6562   99.50    0.00    0.00   99.50    13  lu-mz.B.x
18:45:13         6562  100.00    0.00    0.00  100.00    13  lu-mz.B.x
18:45:15         6562  100.00    0.00    0.00  100.00    13  lu-mz.B.x
18:45:17         6562   99.50    0.00    0.00   99.50    13  lu-mz.B.x
18:45:19         6562  100.00    0.00    0.00  100.00    13  lu-mz.B.x
18:45:21         6562   99.50    0.00    0.00   99.50    13  lu-mz.B.x
18:45:23         6562  100.00    0.00    0.00  100.00    13  lu-mz.B.x
18:45:25         6562  100.00    0.00    0.00  100.00    13  lu-mz.B.x
18:45:27         6562   99.50    0.00    0.00   99.50    13  lu-mz.B.x
18:45:29         6562  100.00    0.00    0.00  100.00    13  lu-mz.B.x
18:45:31         6562   99.50    0.00    0.00   99.50    13  lu-mz.B.x
18:45:33         6562  100.00    0.00    0.00  100.00    13  lu-mz.B.x
18:45:35         6562   99.50    0.00    0.00   99.50    13  lu-mz.B.x
18:45:37         6562  100.00    0.00    0.00  100.00    13  lu-mz.B.x
18:45:39         6562  100.00    0.00    0.00  100.00    13  lu-mz.B.x
18:45:41         6562   99.50    0.00    0.00   99.50    13  lu-mz.B.x
18:45:43         6562  100.00    0.00    0.00  100.00    13  lu-mz.B.x
18:45:45         6562   99.50    0.00    0.00   99.50    13  lu-mz.B.x
18:45:47         6562  100.00    0.00    0.00  100.00    13  lu-mz.B.x
18:45:49         6562   99.50    0.00    0.00   99.50    13  lu-mz.B.x
18:45:51         6562  100.00    0.00    0.00  100.00    13  lu-mz.B.x
18:45:53         6562  100.00    0.00    0.00  100.00    13  lu-mz.B.x
18:45:55         6562   99.50    0.00    0.00   99.50    13  lu-mz.B.x
18:45:57         6562  100.00    0.00    0.00  100.00    13  lu-mz.B.x
18:45:59         6562   99.50    0.00    0.00   99.50    13  lu-mz.B.x
18:46:01         6562  100.00    0.00    0.00  100.00    13  lu-mz.B.x
18:46:03         6562   99.50    0.00    0.00   99.50    13  lu-mz.B.x
18:46:05         6562  100.00    0.00    0.00  100.00    13  lu-mz.B.x
18:46:07         6562  100.00    0.00    0.00  100.00    13  lu-mz.B.x
18:46:09         6562   99.50    0.00    0.00   99.50    13  lu-mz.B.x
18:46:11         6562  100.00    0.00    0.00  100.00    13  lu-mz.B.x
18:46:13         6562   99.50    0.00    0.00   99.50    13  lu-mz.B.x
18:46:15         6562  100.00    0.00    0.00  100.00    13  lu-mz.B.x
18:46:17         6562  100.00    0.00    0.00  100.00    13  lu-mz.B.x
18:46:19         6562   99.50    0.00    0.00   99.50    13  lu-mz.B.x
18:46:21         6562  100.00    0.00    0.00  100.00    13  lu-mz.B.x
18:46:23         6562   99.50    0.00    0.00   99.50    13  lu-mz.B.x
18:46:25         6562  100.00    0.00    0.00  100.00    13  lu-mz.B.x
18:46:27         6562  100.00    0.00    0.00  100.00    13  lu-mz.B.x
18:46:29         6562   99.50    0.00    0.00   99.50    13  lu-mz.B.x
18:46:31         6562  100.00    0.00    0.00  100.00    13  lu-mz.B.x
18:46:33         6562   99.50    0.00    0.00   99.50    13  lu-mz.B.x
18:46:35         6562  100.00    0.00    0.00  100.00    13  lu-mz.B.x
18:46:37         6562   99.50    0.00    0.00   99.50    13  lu-mz.B.x
18:46:39         6562  100.00    0.00    0.00  100.00    13  lu-mz.B.x
18:46:41         6562  100.00    0.00    0.00  100.00    13  lu-mz.B.x
18:46:43         6562   99.50    0.00    0.00   99.50    13  lu-mz.B.x
18:46:45         6562  100.00    0.00    0.00  100.00    13  lu-mz.B.x
18:46:47         6562   99.50    0.00    0.00   99.50    13  lu-mz.B.x
18:46:49         6562  100.00    0.00    0.00  100.00    13  lu-mz.B.x
18:46:51         6562  100.00    0.00    0.00  100.00    13  lu-mz.B.x
18:46:53         6562   99.50    0.00    0.00   99.50    13  lu-mz.B.x
18:46:55         6562  100.00    0.00    0.00  100.00    13  lu-mz.B.x
18:46:57         6562   99.50    0.00    0.00   99.50    13  lu-mz.B.x
18:46:59         6562  100.00    0.00    0.00  100.00    13  lu-mz.B.x
18:47:01         6562  100.00    0.00    0.00  100.00    13  lu-mz.B.x
18:47:03         6562   99.50    0.00    0.00   99.50    13  lu-mz.B.x
18:47:05         6562  100.00    0.00    0.00  100.00    13  lu-mz.B.x
18:47:07         6562   99.50    0.00    0.00   99.50    13  lu-mz.B.x
18:47:09         6562  100.00    0.00    0.00  100.00    13  lu-mz.B.x
18:47:11         6562  100.00    0.00    0.00  100.00    13  lu-mz.B.x
18:47:13         6562   99.50    0.00    0.00   99.50    13  lu-mz.B.x
18:47:15         6562  100.00    0.00    0.00  100.00    13  lu-mz.B.x
18:47:17         6562   99.50    0.00    0.00   99.50    13  lu-mz.B.x
18:47:19         6562  100.00    0.00    0.00  100.00    13  lu-mz.B.x
18:47:21         6562   99.50    0.00    0.00   99.50    13  lu-mz.B.x
18:47:23         6562  100.00    0.00    0.00  100.00    13  lu-mz.B.x
18:47:25         6562  100.00    0.00    0.00  100.00    13  lu-mz.B.x
18:47:27         6562   99.50    0.00    0.00   99.50    13  lu-mz.B.x
18:47:29         6562  100.00    0.00    0.00  100.00    13  lu-mz.B.x
18:47:31         6562   99.50    0.00    0.00   99.50    13  lu-mz.B.x
18:47:33         6562  100.00    0.00    0.00  100.00    13  lu-mz.B.x
18:47:35         6562   99.50    0.00    0.00   99.50    13  lu-mz.B.x
18:47:37         6562   99.50    0.00    0.00   99.50    13  lu-mz.B.x
18:47:39         6562  100.00    0.00    0.00  100.00    13  lu-mz.B.x
18:47:41         6562   99.50    0.00    0.00   99.50    13  lu-mz.B.x
18:47:43         6562  100.00    0.00    0.00  100.00    13  lu-mz.B.x
18:47:45         6562  100.00    0.00    0.00  100.00    13  lu-mz.B.x
18:47:47         6562   99.50    0.00    0.00   99.50    13  lu-mz.B.x
18:47:49         6562  100.00    0.00    0.00  100.00    13  lu-mz.B.x
18:47:51         6562   99.50    0.00    0.00   99.50    13  lu-mz.B.x
18:47:53         6562  100.00    0.00    0.00  100.00    13  lu-mz.B.x
18:47:55         6562  100.00    0.00    0.00  100.00    13  lu-mz.B.x
18:47:57         6562   99.50    0.00    0.00   99.50    13  lu-mz.B.x
18:47:59         6562  100.00    0.00    0.00  100.00    13  lu-mz.B.x
18:48:01         6562   99.50    0.00    0.00   99.50    13  lu-mz.B.x
18:48:03         6562  100.00    0.00    0.00  100.00    13  lu-mz.B.x
18:48:05         6562   99.50    0.00    0.00   99.50    13  lu-mz.B.x
18:48:07         6562  100.00    0.00    0.00  100.00    12  lu-mz.B.x
18:48:09         6562  100.00    0.00    0.00  100.00    12  lu-mz.B.x
18:48:11         6562   99.50    0.00    0.00   99.50    12  lu-mz.B.x
18:48:13         6562  100.00    0.00    0.00  100.00    12  lu-mz.B.x
18:48:15         6562   99.50    0.00    0.00   99.50    12  lu-mz.B.x
18:48:17         6562  100.00    0.00    0.00  100.00    12  lu-mz.B.x
18:48:19         6562   99.50    0.00    0.00   99.50    12  lu-mz.B.x
18:48:21         6562  100.00    0.00    0.00  100.00    12  lu-mz.B.x
18:48:23         6562  100.00    0.00    0.00  100.00    12  lu-mz.B.x
18:48:25         6562   99.50    0.00    0.00   99.50    12  lu-mz.B.x
18:48:27         6562  100.00    0.00    0.00  100.00    12  lu-mz.B.x
18:48:29         6562   99.50    0.00    0.00   99.50    12  lu-mz.B.x
18:48:31         6562  100.00    0.00    0.00  100.00    12  lu-mz.B.x
18:48:33         6562   99.50    0.00    0.00   99.50    12  lu-mz.B.x
18:48:35         6562  100.00    0.00    0.00  100.00    12  lu-mz.B.x
18:48:37         6562  100.00    0.00    0.00  100.00    12  lu-mz.B.x
18:48:39         6562   99.50    0.00    0.00   99.50    12  lu-mz.B.x
18:48:41         6562  100.00    0.00    0.00  100.00    12  lu-mz.B.x
18:48:43         6562   99.50    0.00    0.00   99.50    12  lu-mz.B.x
