procs -----------memory---------- ---swap-- -----io---- --system-- -----cpu-----
 r  b   swpd   free   buff  cache   si   so    bi    bo   in   cs us sy id wa st
 3  0  11032 64573364 136232 322976    0    0     0     1    0    0  5  1 94  0  0	
 1  0  11032 64424104 136232 323012    0    0     0     0 3387 3120  2  0 98  0  0	
 1  0  11032 64424848 136232 323012    0    0     0     0 3198 2704  2  0 98  0  0	
 2  0  11032 64424856 136232 323016    0    0     0     8 3197 2750  2  0 98  0  0	
 2  0  11032 64426008 136232 323016    0    0     0     0 3125 2665  2  0 98  0  0	
 1  0  11032 64426508 136232 323016    0    0     0     0 3137 2620  2  0 98  0  0	
 1  0  11032 64426660 136232 323020    0    0     0     0 3154 2642  2  0 98  0  0	
 2  0  11032 64426840 136232 323020    0    0     0     0 3117 2574  2  0 98  0  0	
 2  0  11032 64425120 136232 323024    0    0     0     2 3451 2789  2  0 98  0  0	
 1  0  11032 64425112 136232 323028    0    0     0     0 3135 2590  2  0 98  0  0	
 1  0  11032 64425112 136240 323020    0    0     0    52 3145 2602  2  0 98  0  0	
 2  0  11032 64425928 136240 323028    0    0     0     0 3064 2484  2  0 98  0  0	
 1  0  11032 64426024 136240 323032    0    0     0    24 3098 2539  2  0 98  0  0	
 1  0  11032 64426016 136240 323032    0    0     0     0 3080 2499  2  0 98  0  0	
 1  0  11032 64426404 136240 323036    0    0     0     0 3066 2489  2  0 98  0  0	
 2  0  11032 64426280 136240 323040    0    0     0     0 3087 2496  2  0 98  0  0	
 1  0  11032 64426456 136240 323044    0    0     0     0 3081 2501  2  0 98  0  0	
 1  0  11032 64426324 136240 323048    0    0     0     2 3081 2502  2  0 98  0  0	
 2  0  11032 64426076 136240 323052    0    0     0     0 3102 2548  2  0 98  0  0	
 2  0  11032 64426324 136240 323052    0    0     0     0 3069 2504  2  0 98  0  0	
 1  0  11032 64426076 136240 323056    0    0     0    12 3088 2513  2  0 98  0  0	
procs -----------memory---------- ---swap-- -----io---- --system-- -----cpu-----
 r  b   swpd   free   buff  cache   si   so    bi    bo   in   cs us sy id wa st
 1  0  11032 64426448 136240 323056    0    0     0     0 3048 2474  2  0 98  0  0	
 2  0  11032 64426324 136240 323056    0    0     0     0 3047 2476  2  0 98  0  0	
 2  0  11032 64425952 136240 323064    0    0     0     0 3059 2470  2  0 98  0  0	
 1  0  11032 64426192 136240 323064    0    0     0     0 3088 2541  2  0 98  0  0	
 1  0  11032 64426316 136240 323064    0    0     0     0 3054 2477  2  0 98  0  0	
 2  1  11032 64426076 136240 323068    0    0     0     4 3043 2468  2  0 98  0  0	
 1  0  11032 64426076 136240 323068    0    0     0    28 3065 2483  2  0 98  0  0	
 1  0  11032 64426084 136240 323072    0    0     0     0 3056 2485  2  0 98  0  0	
 1  0  11032 64426076 136240 323076    0    0     0     0 3112 2574  2  0 98  0  0	
 2  0  11032 64426464 136240 323076    0    0     0     0 3183 2658  2  0 98  0  0	
 1  0  11032 64426208 136240 323084    0    0     0     0 3039 2470  2  0 98  0  0	
 1  0  11032 64426192 136240 323084    0    0     0     0 3034 2479  2  0 98  0  0	
 2  0  11032 64426320 136240 323084    0    0     0     0 3056 2481  2  0 98  0  0	
 2  0  11032 64426196 136240 323088    0    0     0     0 3063 2493  2  0 98  0  0	
 1  0  11032 64426320 136240 323088    0    0     0     0 3046 2473  2  0 98  0  0	
 1  0  11032 64426320 136240 323092    0    0     0     0 3207 2801  2  0 98  0  0	
 2  0  11032 64426072 136240 323096    0    0     0    10 3037 2547  2  0 98  0  0	
 2  0  11032 64426080 136240 323096    0    0     0     0 3182 2759  2  0 98  0  0	
 1  0  11032 64426080 136240 323100    0    0     0     0 3100 2579  2  0 98  0  0	
 1  0  11032 64426080 136240 323104    0    0     0     0 3103 2552  2  0 98  0  0	
 2  0  11032 64426080 136240 323104    0    0     0     0 3113 2595  2  0 98  0  0	
procs -----------memory---------- ---swap-- -----io---- --system-- -----cpu-----
 r  b   swpd   free   buff  cache   si   so    bi    bo   in   cs us sy id wa st
 2  0  11032 64426096 136240 323108    0    0     0     0 3138 2647  2  0 98  0  0	
 2  0  11032 64426220 136240 323112    0    0     0     0 3084 2533  2  0 98  0  0	
 1  0  11032 64426344 136240 323116    0    0     0     0 3062 2498  2  0 98  0  0	
 2  0  11032 64426220 136240 323120    0    0     0     0 3084 2528  2  0 98  0  0	
 1  0  11032 64426468 136240 323128    0    0     0     0 3109 2574  2  0 98  0  0	
 1  0  11032 64426336 136240 323128    0    0     0     0 3104 2568  2  0 98  0  0	
 2  0  11032 64426584 136240 323128    0    0     0     0 3136 2619  2  0 98  0  0	
 2  0  11032 64426708 136240 323132    0    0     0     0 3054 2496  2  0 98  0  0	
 1  0  11032 64426584 136240 323132    0    0     0     0 3053 2485  2  0 98  0  0	
 1  0  11032 64426584 136240 323132    0    0     0     0 3043 2483  2  0 98  0  0	
 3  0  11032 64426460 136240 323136    0    0     0     0 3037 2426  2  0 98  0  0	
 2  0  11032 64426460 136240 323136    0    0     0     0 3028 2457  2  0 98  0  0	
 1  0  11032 64426576 136240 323144    0    0     0     0 3077 2530  2  0 98  0  0	
 1  0  11032 64426452 136240 323148    0    0     0     0 3052 2471  2  0 98  0  0	
 2  1  11032 64426452 136240 323148    0    0     0     4 3044 2468  2  0 98  0  0	
 2  0  11032 64426824 136240 323156    0    0     0     2 3005 2465  2  0 98  0  0	
 1  0  11032 64426700 136240 323156    0    0     0     0 3005 2457  2  0 98  0  0	
 1  0  11032 64426576 136240 323156    0    0     0     0 3048 2476  2  0 98  0  0	
 2  0  11032 64426700 136240 323164    0    0     0     0 3083 2541  2  0 98  0  0	
 2  0  11032 64426700 136240 323164    0    0     0     0 3071 2515  2  0 98  0  0	
 1  0  11032 64426452 136240 323168    0    0     0     0 3068 2496  2  0 98  0  0	
procs -----------memory---------- ---swap-- -----io---- --system-- -----cpu-----
 r  b   swpd   free   buff  cache   si   so    bi    bo   in   cs us sy id wa st
 1  0  11032 64426700 136240 323172    0    0     0     0 3048 2466  2  0 98  0  0	
 2  0  11032 64426576 136240 323176    0    0     0     0 3048 2477  2  0 98  0  0	
 1  0  11032 64426824 136240 323176    0    0     0     0 3049 2482  2  0 98  0  0	
 1  0  11032 64426700 136240 323180    0    0     0     0 3072 2539  2  0 98  0  0	
 1  0  11032 64426576 136240 323180    0    0     0     0 3046 2477  2  0 98  0  0	
 2  0  11032 64426576 136240 323180    0    0     0     0 3067 2475  2  0 98  0  0	
 1  0  11032 64426824 136240 323188    0    0     0     0 3063 2476  2  0 98  0  0	
 1  0  11032 64426832 136240 323188    0    0     0     0 3068 2477  2  0 98  0  0	
 2  0  11032 64426708 136240 323196    0    0     0     0 3043 2471  2  0 98  0  0	
 2  0  11032 64426584 136240 323196    0    0     0     2 3079 2576  2  0 98  0  0	
 1  0  11032 64426336 136240 323196    0    0     0     0 3073 2511  2  0 98  0  0	
 1  0  11032 64426468 136240 323200    0    0     0     0 3027 2470  2  0 98  0  0	
 2  0  11032 64426336 136240 323204    0    0     0     0 3053 2477  2  0 98  0  0	
 2  0  11032 64426212 136240 323204    0    0     0     0 3048 2473  2  0 98  0  0	
 1  0  11032 64426328 136240 323212    0    0     0     0 3062 2487  2  0 98  0  0	
 1  0  11032 64426328 136240 323212    0    0     0     0 3067 2522  2  0 98  0  0	
 2  0  11032 64426452 136240 323212    0    0     0     0 3000 2463  2  0 98  0  0	
 2  0  11032 64426328 136240 323216    0    0     0     0 3040 2491  2  0 98  0  0	
 1  0  11032 64426204 136240 323216    0    0     0     0 3062 2482  2  0 98  0  0	
 1  0  11032 64426204 136240 323216    0    0     0     0 3051 2487  2  0 98  0  0	
 2  0  11032 64426204 136240 323220    0    0     0     0 3049 2471  2  0 98  0  0	
procs -----------memory---------- ---swap-- -----io---- --system-- -----cpu-----
 r  b   swpd   free   buff  cache   si   so    bi    bo   in   cs us sy id wa st
 2  0  11032 64426204 136240 323220    0    0     0     0 3027 2521  2  0 98  0  0	
 2  0  11032 64426204 136240 323228    0    0     0     0 3027 2474  2  0 98  0  0	
 1  1  11032 64426204 136240 323228    0    0     0    10 3044 2472  2  0 98  0  0	
 2  0  11032 64426204 136240 323228    0    0     0     0 3049 2480  2  0 98  0  0	
 2  0  11032 64425956 136240 323236    0    0     0     0 3035 2474  2  0 98  0  0	
 1  0  11032 64426080 136240 323240    0    0     0     0 3042 2520  2  0 98  0  0	
 1  0  11032 64426204 136240 323244    0    0     0     0 3107 2615  2  0 98  0  0	
 2  0  11032 64426080 136240 323248    0    0     0     0 3081 2533  2  0 98  0  0	
 2  0  11032 64426080 136240 323256    0    0     0     0 3085 2551  2  0 98  0  0	
 1  0  11032 64426080 136240 323256    0    0     0     0 3052 2490  2  0 98  0  0	
 1  0  11032 64425960 136240 323260    0    0     0     0 3110 2596  2  0 98  0  0	
 2  0  11032 64426084 136240 323260    0    0     0     0 3083 2614  2  0 98  0  0	
 2  0  11032 64426084 136240 323260    0    0     0     0 3294 2996  2  0 98  0  0	
 1  0  11032 64426084 136240 323264    0    0     0     0 3131 2633  2  0 98  0  0	
 1  0  11032 64425960 136240 323264    0    0     0     0 3116 2568  2  0 98  0  0	
 2  0  11032 64426076 136240 323268    0    0     0     0 3109 2582  2  0 98  0  0	
 1  0  11032 64426340 136240 323272    0    0     0     0 3060 2504  2  0 98  0  0	
 1  0  11032 64426464 136240 323272    0    0     0     0 3034 2499  2  0 98  0  0	
 1  0  11032 64426588 136240 323272    0    0     0     4 3104 2579  2  0 98  0  0	
 2  0  11032 64426340 136240 323276    0    0     0     0 3052 2473  2  0 98  0  0	
 2  0  11032 64426340 136240 323276    0    0     0     0 3033 2414  2  0 98  0  0	
procs -----------memory---------- ---swap-- -----io---- --system-- -----cpu-----
 r  b   swpd   free   buff  cache   si   so    bi    bo   in   cs us sy id wa st
 2  0  11032 64426340 136240 323280    0    0     0     0 3057 2468  2  0 98  0  0	
 2  0  11032 64426464 136240 323284    0    0     0     0 3053 2470  2  0 98  0  0	
 1  0  11032 64426332 136240 323288    0    0     0     0 3028 2472  2  0 98  0  0	
 1  0  11032 64426208 136240 323292    0    0     0     0 3074 2519  2  0 98  0  0	
 2  0  11032 64426332 136240 323296    0    0     0     0 3049 2478  2  0 98  0  0	
 2  0  11032 64426208 136240 323296    0    0     0     0 3048 2472  2  0 98  0  0	
 1  0  11032 64426332 136240 323296    0    0     0     0 3050 2486  2  0 98  0  0	
 1  0  11032 64426332 136240 323300    0    0     0     0 3080 2506  2  0 98  0  0	
 2  0  11032 64426332 136240 323300    0    0     0     0 3102 2557  2  0 98  0  0	
 2  0  11032 64426332 136240 323304    0    0     0     0 3149 2647  2  0 98  0  0	
 1  0  11032 64426332 136240 323312    0    0     0     0 3100 2537  2  0 98  0  0	
 1  1  11032 64425960 136240 323312    0    0     0     6 3068 2482  2  0 98  0  0	
 2  0  11032 64426084 136240 323316    0    0     0     0 3050 2483  2  0 98  0  0	
 2  0  11032 64426084 136240 323316    0    0     0     0 3027 2459  2  0 98  0  0	
 1  0  11032 64426084 136240 323316    0    0     0     0 3049 2474  2  0 98  0  0	
 1  0  11032 64426084 136240 323324    0    0     0     0 3108 2594  2  0 98  0  0	
 2  0  11032 64426084 136240 323324    0    0     0     0 3057 2499  2  0 98  0  0	
 1  0  11032 64426076 136240 323324    0    0     0     0 3256 2931  2  0 98  0  0	
 1  0  11032 64426200 136240 323332    0    0     0     0 3113 2599  2  0 98  0  0	
 1  0  11032 64426324 136240 323332    0    0     0     8 3059 2499  2  0 98  0  0	
 2  0  11032 64426200 136240 323336    0    0     0     0 3051 2476  2  0 98  0  0	
procs -----------memory---------- ---swap-- -----io---- --system-- -----cpu-----
 r  b   swpd   free   buff  cache   si   so    bi    bo   in   cs us sy id wa st
 1  0  11032 64426076 136240 323340    0    0     0     0 3120 2603  2  0 98  0  0	
 1  0  11032 64426324 136240 323340    0    0     0     0 3079 2536  2  0 98  0  0	
 1  0  11032 64426076 136240 323344    0    0     0     0 3084 2522  2  0 98  0  0	
 2  0  11032 64426076 136240 323348    0    0     0     0 3051 2476  2  0 98  0  0	
 1  0  11032 64425960 136240 323348    0    0     0     0 3045 2471  2  0 98  0  0	
 1  0  11032 64426084 136240 323356    0    0     0     0 3039 2458  2  0 98  0  0	
 1  0  11032 64426092 136240 323356    0    0     0     4 3089 2564  2  0 98  0  0	
 2  0  11032 64425968 136240 323360    0    0     0     0 3058 2496  2  0 98  0  0	
 1  0  11032 64426092 136240 323364    0    0     0     0 3046 2475  2  0 98  0  0	
 1  0  11032 64426216 136240 323368    0    0     0     0 3052 2469  2  0 98  0  0	
 1  0  11032 64426216 136240 323368    0    0     0     0 3049 2467  2  0 98  0  0	
 2  0  11032 64425960 136240 323372    0    0     0     0 3065 2487  2  0 98  0  0	
 1  0  11032 64425960 136240 323380    0    0     0     0 3085 2531  2  0 98  0  0	
 1  0  11032 64425960 136240 323380    0    0     0     0 3079 2535  2  0 98  0  0	
 1  0  11032 64425960 136240 323384    0    0     0     0 3086 2531  2  0 98  0  0	
 2  0  11032 64426084 136240 323384    0    0     0     0 3103 2578  2  0 98  0  0	
 1  0  11032 64426208 136240 323392    0    0     0     0 3109 2577  2  0 98  0  0	
 1  0  11032 64426084 136240 323392    0    0     0     0 3082 2498  2  0 98  0  0	
 1  0  11032 64426084 136240 323392    0    0     0     0 3183 2767  2  0 98  0  0	
 2  0  11032 64426208 136240 323396    0    0     0     0 3051 2505  2  0 98  0  0	
 1  0  11032 64426580 136240 323400    0    0     0     6 3077 2528  2  0 98  0  0	
procs -----------memory---------- ---swap-- -----io---- --system-- -----cpu-----
 r  b   swpd   free   buff  cache   si   so    bi    bo   in   cs us sy id wa st
 1  0  11032 64426084 136240 323400    0    0     0     0 3085 2538  2  0 98  0  0	
 2  0  11032 64425960 136240 323404    0    0     0     0 3057 2475  2  0 98  0  0	
 2  0  11032 64425960 136240 323404    0    0     0     0 3050 2470  2  0 98  0  0	
 1  0  11032 64426076 136240 323408    0    0     0     0 3069 2522  2  0 98  0  0	
 1  0  11032 64426332 136240 323408    0    0     0     0 3047 2471  2  0 98  0  0	
 2  0  11032 64426324 136240 323412    0    0     0     0 3058 2484  2  0 98  0  0	
 2  0  11032 64426200 136240 323412    0    0     0     0 3053 2473  2  0 98  0  0	
 1  0  11032 64426448 136240 323416    0    0     0     0 3054 2473  2  0 98  0  0	
