Linux 2.6.32-279.14.1.el6.x86_64 (compute-662-2.local) 	04/20/20 	_x86_64_	(48 CPU)

16:22:43     CPU    %usr   %nice    %sys %iowait    %irq   %soft  %steal  %guest   %idle
16:22:45     all    2.06    0.00    0.15    0.00    0.00    0.01    0.00    0.00   97.78
16:22:47     all    2.11    0.00    0.06    0.00    0.00    0.00    0.00    0.00   97.83
16:22:49     all    2.10    0.00    0.07    0.22    0.00    0.00    0.00    0.00   97.61
16:22:51     all    2.10    0.00    0.07    0.00    0.00    0.00    0.00    0.00   97.83
16:22:53     all    2.11    0.00    0.06    0.00    0.00    0.01    0.00    0.00   97.82
16:22:55     all    2.11    0.00    0.07    0.00    0.00    0.00    0.00    0.00   97.82
16:22:57     all    2.10    0.00    0.07    0.00    0.00    0.00    0.00    0.00   97.83
16:22:59     all    2.11    0.00    0.06    0.00    0.00    0.00    0.00    0.00   97.83
16:23:01     all    2.10    0.00    0.07    0.00    0.00    0.00    0.00    0.00   97.83
16:23:03     all    2.11    0.00    0.06    0.00    0.00    0.00    0.00    0.00   97.83
16:23:05     all    2.10    0.00    0.07    0.00    0.00    0.00    0.00    0.00   97.83
16:23:07     all    2.10    0.00    0.07    0.00    0.00    0.00    0.00    0.00   97.83
16:23:09     all    2.11    0.00    0.07    0.00    0.00    0.01    0.00    0.00   97.81
16:23:11     all    2.10    0.00    0.06    0.00    0.00    0.01    0.00    0.00   97.83
16:23:13     all    2.11    0.00    0.07    0.00    0.00    0.00    0.00    0.00   97.82
16:23:15     all    2.11    0.00    0.07    0.00    0.00    0.01    0.00    0.00   97.81
16:23:17     all    2.10    0.00    0.07    0.00    0.00    0.00    0.00    0.00   97.83
16:23:19     all    2.10    0.00    0.05    0.00    0.00    0.01    0.00    0.00   97.84
16:23:21     all    2.12    0.00    0.07    0.00    0.00    0.00    0.00    0.00   97.81
16:23:23     all    2.10    0.00    0.07    0.02    0.00    0.00    0.00    0.00   97.81
16:23:25     all    2.11    0.00    0.06    0.00    0.00    0.00    0.00    0.00   97.83
16:23:27     all    2.10    0.00    0.08    0.00    0.00    0.00    0.00    0.00   97.82
16:23:29     all    2.10    0.00    0.08    0.00    0.00    0.00    0.00    0.00   97.82
16:23:31     all    2.11    0.00    0.08    0.00    0.00    0.01    0.00    0.00   97.80
16:23:33     all    2.10    0.00    0.07    0.20    0.00    0.00    0.00    0.00   97.63
16:23:35     all    2.11    0.00    0.07    0.00    0.00    0.00    0.00    0.00   97.82
16:23:37     all    2.10    0.00    0.07    0.00    0.00    0.00    0.00    0.00   97.83
16:23:39     all    2.10    0.00    0.06    0.00    0.00    0.01    0.00    0.00   97.83
16:23:41     all    2.10    0.00    0.08    0.21    0.00    0.00    0.00    0.00   97.61
16:23:43     all    2.10    0.00    0.07    0.00    0.00    0.01    0.00    0.00   97.82
16:23:45     all    2.10    0.00    0.08    0.00    0.00    0.00    0.00    0.00   97.82
16:23:47     all    2.11    0.00    0.07    0.00    0.00    0.01    0.00    0.00   97.81
16:23:49     all    2.10    0.00    0.08    0.00    0.00    0.00    0.00    0.00   97.82
16:23:51     all    2.11    0.00    0.08    0.00    0.00    0.01    0.00    0.00   97.80
16:23:53     all    2.10    0.00    0.09    0.00    0.00    0.00    0.00    0.00   97.81
16:23:55     all    2.10    0.00    0.08    0.00    0.00    0.01    0.00    0.00   97.81
16:23:57     all    2.11    0.00    0.10    0.00    0.00    0.01    0.00    0.00   97.78
16:23:59     all    2.10    0.00    0.10    0.00    0.00    0.01    0.00    0.00   97.79
16:24:01     all    2.11    0.00    0.11    0.00    0.00    0.01    0.00    0.00   97.77
16:24:03     all    2.11    0.00    0.08    0.00    0.00    0.01    0.00    0.00   97.80
16:24:05     all    2.11    0.00    0.08    0.00    0.00    0.00    0.00    0.00   97.81
16:24:07     all    2.11    0.00    0.07    0.00    0.00    0.01    0.00    0.00   97.81
16:24:09     all    2.11    0.00    0.08    0.00    0.00    0.00    0.00    0.00   97.81
16:24:11     all    2.10    0.00    0.08    0.00    0.00    0.00    0.00    0.00   97.82
16:24:13     all    2.11    0.00    0.08    0.00    0.00    0.00    0.00    0.00   97.81
16:24:15     all    2.10    0.00    0.08    0.00    0.00    0.00    0.00    0.00   97.82
16:24:17     all    2.10    0.00    0.08    0.00    0.00    0.00    0.00    0.00   97.82
16:24:19     all    2.11    0.00    0.07    0.00    0.00    0.00    0.00    0.00   97.82
16:24:21     all    2.11    0.00    0.08    0.00    0.00    0.00    0.00    0.00   97.81
16:24:23     all    2.10    0.00    0.07    0.00    0.00    0.01    0.00    0.00   97.82
16:24:25     all    2.09    0.00    0.05    0.00    0.00    0.00    0.00    0.00   97.86
16:24:27     all    2.10    0.00    0.07    0.00    0.00    0.00    0.00    0.00   97.83
16:24:29     all    2.11    0.00    0.07    0.01    0.00    0.00    0.00    0.00   97.81
16:24:31     all    2.10    0.00    0.10    0.00    0.00    0.00    0.00    0.00   97.80
16:24:33     all    2.11    0.00    0.09    0.20    0.00    0.00    0.00    0.00   97.60
16:24:35     all    2.10    0.00    0.09    0.00    0.00    0.01    0.00    0.00   97.80
16:24:37     all    2.10    0.00    0.07    0.01    0.00    0.00    0.00    0.00   97.82
16:24:39     all    2.10    0.00    0.07    0.00    0.00    0.01    0.00    0.00   97.82
16:24:41     all    2.11    0.00    0.08    0.20    0.00    0.00    0.00    0.00   97.61
16:24:43     all    2.10    0.00    0.08    0.01    0.00    0.00    0.00    0.00   97.81
16:24:45     all    2.11    0.00    0.07    0.00    0.00    0.01    0.00    0.00   97.81
16:24:47     all    2.10    0.00    0.07    0.00    0.00    0.00    0.00    0.00   97.83
16:24:49     all    2.11    0.00    0.08    0.00    0.00    0.00    0.00    0.00   97.81
16:24:51     all    2.11    0.00    0.08    0.00    0.00    0.01    0.00    0.00   97.80
16:24:53     all    2.10    0.00    0.06    0.00    0.00    0.00    0.00    0.00   97.84
16:24:55     all    2.10    0.00    0.07    0.21    0.00    0.00    0.00    0.00   97.62
16:24:57     all    2.11    0.00    0.09    0.00    0.00    0.01    0.00    0.00   97.79
16:24:59     all    2.10    0.00    0.09    0.00    0.00    0.00    0.00    0.00   97.81
16:25:01     all    2.11    0.00    0.11    0.00    0.00    0.02    0.00    0.00   97.76
16:25:03     all    2.11    0.00    0.09    0.00    0.00    0.01    0.00    0.00   97.79
16:25:05     all    2.12    0.00    0.07    0.00    0.00    0.01    0.00    0.00   97.80
16:25:07     all    2.09    0.00    0.09    0.00    0.00    0.00    0.00    0.00   97.82
16:25:09     all    2.11    0.00    0.09    0.00    0.00    0.00    0.00    0.00   97.80
16:25:11     all    2.11    0.00    0.08    0.00    0.00    0.01    0.00    0.00   97.80
16:25:13     all    2.11    0.00    0.08    0.00    0.00    0.00    0.00    0.00   97.81
16:25:15     all    2.10    0.00    0.09    0.00    0.00    0.00    0.00    0.00   97.81
16:25:17     all    2.10    0.00    0.09    0.00    0.00    0.00    0.00    0.00   97.81
16:25:19     all    2.10    0.00    0.09    0.00    0.00    0.00    0.00    0.00   97.81
16:25:21     all    2.10    0.00    0.09    0.00    0.00    0.00    0.00    0.00   97.81
16:25:23     all    2.11    0.00    0.08    0.00    0.00    0.01    0.00    0.00   97.80
16:25:25     all    2.11    0.00    0.08    0.00    0.00    0.00    0.00    0.00   97.81
16:25:27     all    2.10    0.00    0.09    0.00    0.00    0.00    0.00    0.00   97.81
16:25:29     all    2.11    0.00    0.09    0.00    0.00    0.00    0.00    0.00   97.80
16:25:31     all    2.11    0.00    0.10    0.00    0.00    0.00    0.00    0.00   97.79
16:25:33     all    2.12    0.00    0.09    0.14    0.00    0.00    0.00    0.00   97.65
16:25:35     all    2.12    0.00    0.10    0.00    0.00    0.00    0.00    0.00   97.78
16:25:37     all    2.11    0.00    0.09    0.00    0.00    0.00    0.00    0.00   97.80
16:25:39     all    2.10    0.00    0.09    0.00    0.00    0.00    0.00    0.00   97.81
16:25:41     all    2.11    0.00    0.09    0.01    0.00    0.00    0.00    0.00   97.79
16:25:43     all    2.11    0.00    0.08    0.00    0.00    0.01    0.00    0.00   97.80
16:25:45     all    2.11    0.00    0.09    0.00    0.00    0.00    0.00    0.00   97.80
16:25:47     all    2.10    0.00    0.08    0.00    0.00    0.00    0.00    0.00   97.82
16:25:49     all    2.11    0.00    0.10    0.00    0.00    0.00    0.00    0.00   97.79
16:25:51     all    2.11    0.00    0.09    0.00    0.00    0.00    0.00    0.00   97.80
16:25:53     all    2.11    0.00    0.08    0.00    0.00    0.00    0.00    0.00   97.81
16:25:55     all    2.10    0.00    0.10    0.00    0.00    0.01    0.00    0.00   97.79
16:25:57     all    2.10    0.00    0.09    0.00    0.00    0.00    0.00    0.00   97.81
16:25:59     all    2.10    0.00    0.08    0.00    0.00    0.00    0.00    0.00   97.82
16:26:01     all    2.11    0.00    0.09    0.00    0.00    0.00    0.00    0.00   97.80
16:26:03     all    2.10    0.00    0.08    0.00    0.00    0.00    0.00    0.00   97.82
16:26:05     all    2.11    0.00    0.08    0.00    0.00    0.01    0.00    0.00   97.80
16:26:07     all    2.10    0.00    0.07    0.00    0.00    0.00    0.00    0.00   97.83
16:26:09     all    2.10    0.00    0.06    0.00    0.00    0.00    0.00    0.00   97.84
16:26:11     all    2.10    0.00    0.10    0.00    0.00    0.00    0.00    0.00   97.80
16:26:13     all    2.11    0.00    0.08    0.00    0.00    0.00    0.00    0.00   97.81
16:26:15     all    2.10    0.00    0.07    0.00    0.00    0.00    0.00    0.00   97.83
16:26:17     all    2.11    0.00    0.09    0.00    0.00    0.00    0.00    0.00   97.80
16:26:19     all    2.11    0.00    0.10    0.00    0.00    0.01    0.00    0.00   97.78
16:26:21     all    2.11    0.00    0.09    0.00    0.00    0.00    0.00    0.00   97.80
16:26:23     all    2.11    0.00    0.09    0.00    0.00    0.00    0.00    0.00   97.80
16:26:25     all    2.10    0.00    0.08    0.00    0.00    0.00    0.00    0.00   97.82
16:26:27     all    2.11    0.00    0.08    0.00    0.00    0.01    0.00    0.00   97.80
16:26:29     all    2.10    0.00    0.08    0.00    0.00    0.00    0.00    0.00   97.82
16:26:31     all    2.11    0.00    0.08    0.00    0.00    0.01    0.00    0.00   97.80
16:26:33     all    2.09    0.00    0.08    0.21    0.00    0.00    0.00    0.00   97.62
16:26:35     all    2.11    0.00    0.08    0.00    0.00    0.00    0.00    0.00   97.81
16:26:37     all    2.11    0.00    0.08    0.00    0.00    0.00    0.00    0.00   97.81
16:26:39     all    2.10    0.00    0.09    0.00    0.00    0.00    0.00    0.00   97.81
16:26:41     all    2.11    0.00    0.08    0.00    0.00    0.00    0.00    0.00   97.81
16:26:43     all    2.11    0.00    0.10    0.00    0.00    0.00    0.00    0.00   97.79
16:26:45     all    2.10    0.00    0.08    0.00    0.00    0.01    0.00    0.00   97.81
16:26:47     all    2.11    0.00    0.08    0.00    0.00    0.00    0.00    0.00   97.81
16:26:49     all    2.10    0.00    0.08    0.00    0.00    0.01    0.00    0.00   97.81
16:26:51     all    2.10    0.00    0.07    0.00    0.00    0.00    0.00    0.00   97.83
16:26:53     all    2.11    0.00    0.09    0.00    0.00    0.00    0.00    0.00   97.80
16:26:55     all    2.10    0.00    0.09    0.00    0.00    0.01    0.00    0.00   97.80
16:26:57     all    2.10    0.00    0.08    0.00    0.00    0.00    0.00    0.00   97.82
16:26:59     all    2.10    0.00    0.08    0.00    0.00    0.00    0.00    0.00   97.82
16:27:01     all    2.12    0.00    0.09    0.00    0.00    0.00    0.00    0.00   97.79
16:27:03     all    2.10    0.00    0.07    0.00    0.00    0.00    0.00    0.00   97.83
16:27:05     all    2.12    0.00    0.09    0.00    0.00    0.00    0.00    0.00   97.79
16:27:07     all    2.10    0.00    0.08    0.01    0.00    0.01    0.00    0.00   97.80
16:27:09     all    2.11    0.00    0.10    0.00    0.00    0.00    0.00    0.00   97.79
16:27:11     all    2.11    0.00    0.09    0.00    0.00    0.00    0.00    0.00   97.80
16:27:13     all    2.10    0.00    0.10    0.00    0.00    0.01    0.00    0.00   97.79
16:27:15     all    2.12    0.00    0.07    0.00    0.00    0.00    0.00    0.00   97.81
16:27:17     all    2.10    0.00    0.09    0.00    0.00    0.00    0.00    0.00   97.81
16:27:19     all    2.10    0.00    0.09    0.00    0.00    0.00    0.00    0.00   97.81
16:27:21     all    2.10    0.00    0.09    0.00    0.00    0.01    0.00    0.00   97.80
16:27:23     all    2.11    0.00    0.07    0.00    0.00    0.00    0.00    0.00   97.82
16:27:25     all    2.11    0.00    0.10    0.00    0.00    0.01    0.00    0.00   97.78
16:27:27     all    2.11    0.00    0.10    0.00    0.00    0.00    0.00    0.00   97.79
16:27:29     all    2.11    0.00    0.10    0.00    0.00    0.00    0.00    0.00   97.79
16:27:31     all    2.10    0.00    0.08    0.00    0.00    0.00    0.00    0.00   97.82
16:27:33     all    2.11    0.00    0.08    0.21    0.00    0.00    0.00    0.00   97.60
16:27:35     all    2.10    0.00    0.08    0.00    0.00    0.01    0.00    0.00   97.81
16:27:37     all    2.11    0.00    0.09    0.00    0.00    0.00    0.00    0.00   97.80
16:27:39     all    2.10    0.00    0.08    0.00    0.00    0.00    0.00    0.00   97.82
16:27:41     all    2.11    0.00    0.09    0.00    0.00    0.00    0.00    0.00   97.80
16:27:43     all    2.11    0.00    0.09    0.00    0.00    0.00    0.00    0.00   97.80
16:27:45     all    2.11    0.00    0.08    0.00    0.00    0.00    0.00    0.00   97.81
16:27:47     all    2.10    0.00    0.09    0.00    0.00    0.00    0.00    0.00   97.81
16:27:49     all    2.11    0.00    0.10    0.00    0.00    0.01    0.00    0.00   97.78
16:27:51     all    2.10    0.00    0.06    0.00    0.00    0.00    0.00    0.00   97.84
16:27:53     all    2.10    0.00    0.08    0.00    0.00    0.00    0.00    0.00   97.82
16:27:55     all    2.11    0.00    0.08    0.00    0.00    0.00    0.00    0.00   97.81
16:27:57     all    2.10    0.00    0.09    0.00    0.00    0.00    0.00    0.00   97.81
16:27:59     all    2.10    0.00    0.09    0.00    0.00    0.00    0.00    0.00   97.81
16:28:01     all    2.11    0.00    0.09    0.00    0.00    0.00    0.00    0.00   97.80
16:28:03     all    2.10    0.00    0.09    0.00    0.00    0.00    0.00    0.00   97.81
16:28:05     all    2.11    0.00    0.07    0.00    0.00    0.00    0.00    0.00   97.82
16:28:07     all    2.10    0.00    0.08    0.00    0.00    0.01    0.00    0.00   97.81
16:28:09     all    2.11    0.00    0.08    0.00    0.00    0.00    0.00    0.00   97.81
16:28:11     all    2.11    0.00    0.08    0.00    0.00    0.00    0.00    0.00   97.81
16:28:13     all    2.10    0.00    0.10    0.00    0.00    0.00    0.00    0.00   97.80
16:28:15     all    2.11    0.00    0.08    0.00    0.00    0.00    0.00    0.00   97.81
16:28:17     all    2.11    0.00    0.10    0.00    0.00    0.00    0.00    0.00   97.79
16:28:19     all    2.10    0.00    0.08    0.00    0.00    0.00    0.00    0.00   97.82
16:28:21     all    2.10    0.00    0.08    0.00    0.00    0.00    0.00    0.00   97.82
16:28:23     all    2.11    0.00    0.08    0.00    0.00    0.01    0.00    0.00   97.80
16:28:25     all    2.11    0.00    0.08    0.00    0.00    0.00    0.00    0.00   97.81
16:28:27     all    2.10    0.00    0.09    0.00    0.00    0.00    0.00    0.00   97.81
16:28:29     all    2.11    0.00    0.09    0.00    0.00    0.00    0.00    0.00   97.80
16:28:31     all    2.10    0.00    0.07    0.01    0.00    0.00    0.00    0.00   97.82
16:28:33     all    2.10    0.00    0.09    0.20    0.00    0.01    0.00    0.00   97.60
16:28:35     all    2.11    0.00    0.09    0.00    0.00    0.00    0.00    0.00   97.80
16:28:37     all    2.11    0.00    0.08    0.01    0.00    0.00    0.00    0.00   97.80
16:28:39     all    2.10    0.00    0.07    0.00    0.00    0.00    0.00    0.00   97.83
16:28:41     all    2.10    0.00    0.09    0.00    0.00    0.00    0.00    0.00   97.81
16:28:43     all    2.11    0.00    0.07    0.00    0.00    0.00    0.00    0.00   97.82
16:28:45     all    2.11    0.00    0.09    0.00    0.00    0.01    0.00    0.00   97.79
16:28:47     all    2.10    0.00    0.09    0.00    0.00    0.00    0.00    0.00   97.81
16:28:49     all    2.10    0.00    0.10    0.00    0.00    0.00    0.00    0.00   97.80
16:28:51     all    2.11    0.00    0.08    0.00    0.00    0.00    0.00    0.00   97.81
16:28:53     all    2.10    0.00    0.09    0.00    0.00    0.00    0.00    0.00   97.81
16:28:55     all    2.10    0.00    0.08    0.00    0.00    0.00    0.00    0.00   97.82
16:28:57     all    2.11    0.00    0.10    0.00    0.00    0.00    0.00    0.00   97.79
16:28:59     all    2.10    0.00    0.08    0.00    0.00    0.01    0.00    0.00   97.81
16:29:01     all    2.11    0.00    0.08    0.00    0.00    0.00    0.00    0.00   97.81
16:29:03     all    2.11    0.00    0.08    0.00    0.00    0.00    0.00    0.00   97.81
16:29:05     all    2.11    0.00    0.09    0.00    0.00    0.00    0.00    0.00   97.80
16:29:07     all    2.11    0.00    0.08    0.00    0.00    0.00    0.00    0.00   97.81
16:29:09     all    2.11    0.00    0.09    0.00    0.00    0.00    0.00    0.00   97.80
16:29:11     all    2.10    0.00    0.08    0.00    0.00    0.00    0.00    0.00   97.82
16:29:13     all    2.11    0.00    0.09    0.00    0.00    0.00    0.00    0.00   97.80
16:29:15     all    2.11    0.00    0.08    0.00    0.00    0.00    0.00    0.00   97.81
16:29:17     all    2.11    0.00    0.09    0.00    0.00    0.01    0.00    0.00   97.79
16:29:19     all    2.11    0.00    0.11    0.00    0.00    0.00    0.00    0.00   97.78
16:29:21     all    2.11    0.00    0.09    0.00    0.00    0.00    0.00    0.00   97.80
16:29:23     all    2.10    0.00    0.07    0.00    0.00    0.00    0.00    0.00   97.83
16:29:25     all    2.11    0.00    0.10    0.00    0.00    0.00    0.00    0.00   97.79
16:29:27     all    2.11    0.00    0.08    0.00    0.00    0.01    0.00    0.00   97.80
16:29:29     all    2.10    0.00    0.08    0.00    0.00    0.00    0.00    0.00   97.82
16:29:31     all    2.11    0.00    0.09    0.00    0.00    0.00    0.00    0.00   97.80
16:29:33     all    2.09    0.00    0.07    0.24    0.00    0.01    0.00    0.00   97.59
16:29:35     all    2.10    0.00    0.08    0.00    0.00    0.00    0.00    0.00   97.82
16:29:37     all    2.12    0.00    0.07    0.00    0.00    0.00    0.00    0.00   97.81
16:29:39     all    2.10    0.00    0.08    0.00    0.00    0.01    0.00    0.00   97.81
16:29:41     all    2.12    0.00    0.09    0.21    0.00    0.00    0.00    0.00   97.58
16:29:43     all    2.10    0.00    0.09    0.00    0.00    0.00    0.00    0.00   97.81
16:29:45     all    2.11    0.00    0.09    0.00    0.00    0.00    0.00    0.00   97.80
16:29:47     all    2.11    0.00    0.08    0.00    0.00    0.00    0.00    0.00   97.81
16:29:49     all    2.09    0.00    0.09    0.00    0.00    0.00    0.00    0.00   97.82
16:29:51     all    2.11    0.00    0.10    0.00    0.00    0.00    0.00    0.00   97.79
16:29:53     all    2.11    0.00    0.08    0.00    0.00    0.00    0.00    0.00   97.81
16:29:55     all    2.11    0.00    0.08    0.21    0.00    0.01    0.00    0.00   97.59
16:29:57     all    2.10    0.00    0.08    0.00    0.00    0.00    0.00    0.00   97.82
16:29:59     all    2.10    0.00    0.09    0.00    0.00    0.00    0.00    0.00   97.81
16:30:01     all    2.11    0.00    0.08    0.00    0.00    0.00    0.00    0.00   97.81
16:30:03     all    2.11    0.00    0.10    0.07    0.00    0.01    0.00    0.00   97.71
16:30:05     all    2.11    0.00    0.11    0.00    0.00    0.00    0.00    0.00   97.78
16:30:07     all    2.10    0.00    0.09    0.00    0.00    0.00    0.00    0.00   97.81
16:30:09     all    2.11    0.00    0.08    0.00    0.00    0.00    0.00    0.00   97.81
16:30:11     all    2.10    0.00    0.07    0.00    0.00    0.00    0.00    0.00   97.83
16:30:13     all    2.11    0.00    0.07    0.00    0.00    0.00    0.00    0.00   97.82
16:30:15     all    2.10    0.00    0.08    0.00    0.00    0.00    0.00    0.00   97.82
16:30:17     all    2.11    0.00    0.10    0.00    0.00    0.01    0.00    0.00   97.78
16:30:19     all    2.10    0.00    0.08    0.00    0.00    0.00    0.00    0.00   97.82
16:30:21     all    2.11    0.00    0.09    0.00    0.00    0.00    0.00    0.00   97.80
16:30:23     all    2.11    0.00    0.07    0.00    0.00    0.00    0.00    0.00   97.82
16:30:25     all    2.10    0.00    0.08    0.00    0.00    0.00    0.00    0.00   97.82
16:30:27     all    2.10    0.00    0.09    0.00    0.00    0.00    0.00    0.00   97.81
16:30:29     all    2.10    0.00    0.09    0.00    0.00    0.00    0.00    0.00   97.81
16:30:31     all    2.11    0.00    0.09    0.00    0.00    0.00    0.00    0.00   97.80
16:30:33     all    2.10    0.00    0.08    0.21    0.00    0.01    0.00    0.00   97.60
16:30:35     all    2.10    0.00    0.08    0.00    0.00    0.00    0.00    0.00   97.82
16:30:37     all    2.11    0.00    0.09    0.00    0.00    0.00    0.00    0.00   97.80
16:30:39     all    2.11    0.00    0.09    0.00    0.00    0.00    0.00    0.00   97.80
16:30:41     all    2.11    0.00    0.08    0.00    0.00    0.01    0.00    0.00   97.80
16:30:43     all    2.10    0.00    0.09    0.00    0.00    0.00    0.00    0.00   97.81
16:30:45     all    2.11    0.00    0.08    0.00    0.00    0.00    0.00    0.00   97.81
16:30:47     all    2.11    0.00    0.08    0.00    0.00    0.00    0.00    0.00   97.81
16:30:49     all    2.11    0.00    0.11    0.00    0.00    0.00    0.00    0.00   97.78
16:30:51     all    2.11    0.00    0.10    0.00    0.00    0.00    0.00    0.00   97.79
16:30:53     all    2.10    0.00    0.08    0.00    0.00    0.00    0.00    0.00   97.82
16:30:55     all    2.11    0.00    0.07    0.00    0.00    0.00    0.00    0.00   97.82
16:30:57     all    2.11    0.00    0.08    0.00    0.00    0.00    0.00    0.00   97.81
16:30:59     all    2.11    0.00    0.08    0.00    0.00    0.00    0.00    0.00   97.81
16:31:01     all    2.11    0.00    0.09    0.00    0.00    0.00    0.00    0.00   97.80
16:31:03     all    2.11    0.00    0.08    0.00    0.00    0.01    0.00    0.00   97.80
16:31:05     all    2.10    0.00    0.09    0.00    0.00    0.00    0.00    0.00   97.81
16:31:07     all    2.10    0.00    0.09    0.00    0.00    0.00    0.00    0.00   97.81
16:31:09     all    2.11    0.00    0.09    0.00    0.00    0.00    0.00    0.00   97.80
16:31:11     all    2.11    0.00    0.08    0.00    0.00    0.00    0.00    0.00   97.81
16:31:13     all    2.11    0.00    0.09    0.00    0.00    0.00    0.00    0.00   97.80
16:31:15     all    2.11    0.00    0.08    0.00    0.00    0.00    0.00    0.00   97.81
16:31:17     all    2.10    0.00    0.06    0.00    0.00    0.01    0.00    0.00   97.83
16:31:19     all    2.11    0.00    0.09    0.00    0.00    0.00    0.00    0.00   97.80
16:31:21     all    2.11    0.00    0.09    0.00    0.00    0.00    0.00    0.00   97.80
16:31:23     all    2.10    0.00    0.09    0.00    0.00    0.01    0.00    0.00   97.80
16:31:25     all    2.11    0.00    0.08    0.00    0.00    0.00    0.00    0.00   97.81
16:31:27     all    2.11    0.00    0.09    0.00    0.00    0.00    0.00    0.00   97.80
16:31:29     all    2.11    0.00    0.07    0.00    0.00    0.00    0.00    0.00   97.82
16:31:31     all    2.11    0.00    0.08    0.00    0.00    0.00    0.00    0.00   97.81
16:31:33     all    2.10    0.00    0.11    0.21    0.00    0.00    0.00    0.00   97.58
16:31:35     all    2.12    0.00    0.10    0.00    0.00    0.00    0.00    0.00   97.78
16:31:37     all    2.10    0.00    0.08    0.00    0.00    0.00    0.00    0.00   97.82
16:31:39     all    2.11    0.00    0.09    0.00    0.00    0.00    0.00    0.00   97.80
16:31:41     all    2.10    0.00    0.08    0.00    0.00    0.01    0.00    0.00   97.81
16:31:43     all    2.11    0.00    0.08    0.00    0.00    0.00    0.00    0.00   97.81
16:31:45     all    2.11    0.00    0.08    0.00    0.00    0.00    0.00    0.00   97.81
16:31:47     all    2.11    0.00    0.09    0.00    0.00    0.00    0.00    0.00   97.80
16:31:49     all    2.11    0.00    0.10    0.00    0.00    0.00    0.00    0.00   97.79
16:31:51     all    2.10    0.00    0.09    0.00    0.00    0.00    0.00    0.00   97.81
16:31:53     all    2.11    0.00    0.08    0.00    0.00    0.00    0.00    0.00   97.81
16:31:55     all    2.12    0.00    0.09    0.01    0.00    0.00    0.00    0.00   97.78
16:31:57     all    2.10    0.00    0.08    0.00    0.00    0.00    0.00    0.00   97.82
16:31:59     all    2.11    0.00    0.09    0.00    0.00    0.00    0.00    0.00   97.80
16:32:01     all    2.10    0.00    0.08    0.00    0.00    0.01    0.00    0.00   97.81
16:32:03     all    2.11    0.00    0.06    0.00    0.00    0.00    0.00    0.00   97.83
16:32:05     all    2.11    0.00    0.09    0.00    0.00    0.00    0.00    0.00   97.80
16:32:07     all    2.11    0.00    0.09    0.00    0.00    0.00    0.00    0.00   97.80
16:32:09     all    2.11    0.00    0.09    0.00    0.00    0.00    0.00    0.00   97.80
16:32:11     all    2.10    0.00    0.08    0.00    0.00    0.01    0.00    0.00   97.81
16:32:13     all    2.10    0.00    0.09    0.00    0.00    0.00    0.00    0.00   97.81
16:32:15     all    2.11    0.00    0.09    0.00    0.00    0.00    0.00    0.00   97.80
16:32:17     all    2.11    0.00    0.10    0.00    0.00    0.00    0.00    0.00   97.79
16:32:19     all    2.10    0.00    0.09    0.00    0.00    0.00    0.00    0.00   97.81
16:32:21     all    2.12    0.00    0.10    0.00    0.00    0.00    0.00    0.00   97.78
16:32:23     all    2.11    0.00    0.09    0.00    0.00    0.00    0.00    0.00   97.80
16:32:25     all    2.11    0.00    0.09    0.00    0.00    0.00    0.00    0.00   97.80
16:32:27     all    2.11    0.00    0.09    0.00    0.00    0.01    0.00    0.00   97.79
16:32:29     all    2.10    0.00    0.09    0.00    0.00    0.00    0.00    0.00   97.81
16:32:31     all    2.11    0.00    0.07    0.00    0.00    0.00    0.00    0.00   97.82
16:32:33     all    2.10    0.00    0.08    0.21    0.00    0.00    0.00    0.00   97.61
16:32:35     all    2.11    0.00    0.09    0.00    0.00    0.01    0.00    0.00   97.79
16:32:37     all    2.10    0.00    0.09    0.00    0.00    0.00    0.00    0.00   97.81
16:32:39     all    2.11    0.00    0.08    0.00    0.00    0.00    0.00    0.00   97.81
16:32:41     all    2.11    0.00    0.09    0.00    0.00    0.00    0.00    0.00   97.80
16:32:43     all    2.11    0.00    0.08    0.00    0.00    0.01    0.00    0.00   97.80
16:32:45     all    2.10    0.00    0.07    0.00    0.00    0.01    0.00    0.00   97.82
16:32:47     all    2.11    0.00    0.09    0.00    0.00    0.00    0.00    0.00   97.80
16:32:49     all    2.10    0.00    0.10    0.00    0.00    0.00    0.00    0.00   97.80
16:32:51     all    2.11    0.00    0.08    0.00    0.00    0.01    0.00    0.00   97.80
16:32:53     all    2.10    0.00    0.06    0.00    0.00    0.01    0.00    0.00   97.83
16:32:55     all    2.10    0.00    0.07    0.00    0.00    0.01    0.00    0.00   97.82
16:32:57     all    2.10    0.00    0.06    0.00    0.00    0.01    0.00    0.00   97.83
16:32:59     all    2.09    0.00    0.06    0.00    0.00    0.00    0.00    0.00   97.85
16:33:01     all    2.10    0.00    0.08    0.00    0.00    0.01    0.00    0.00   97.81
16:33:03     all    2.11    0.00    0.06    0.00    0.00    0.01    0.00    0.00   97.82
16:33:05     all    2.11    0.00    0.09    0.00    0.00    0.01    0.00    0.00   97.79
16:33:07     all    2.11    0.00    0.07    0.00    0.00    0.01    0.00    0.00   97.81
16:33:09     all    2.10    0.00    0.06    0.00    0.00    0.01    0.00    0.00   97.83
16:33:11     all    2.10    0.00    0.07    0.00    0.00    0.01    0.00    0.00   97.82
16:33:13     all    2.11    0.00    0.10    0.00    0.00    0.00    0.00    0.00   97.79
16:33:15     all    2.10    0.00    0.06    0.00    0.00    0.00    0.00    0.00   97.84
16:33:17     all    2.10    0.00    0.08    0.00    0.00    0.00    0.00    0.00   97.82
16:33:19     all    2.11    0.00    0.08    0.00    0.00    0.01    0.00    0.00   97.80
16:33:21     all    2.10    0.00    0.08    0.00    0.00    0.01    0.00    0.00   97.81
16:33:23     all    2.10    0.00    0.06    0.00    0.00    0.00    0.00    0.00   97.84
16:33:25     all    2.11    0.00    0.08    0.00    0.00    0.01    0.00    0.00   97.80
16:33:27     all    2.11    0.00    0.05    0.01    0.00    0.00    0.00    0.00   97.83
16:33:29     all    2.10    0.00    0.08    0.00    0.00    0.00    0.00    0.00   97.82
16:33:31     all    2.10    0.00    0.07    0.00    0.00    0.01    0.00    0.00   97.82
16:33:33     all    2.10    0.00    0.07    0.20    0.00    0.00    0.00    0.00   97.63
16:33:35     all    2.10    0.00    0.06    0.00    0.00    0.00    0.00    0.00   97.84
16:33:37     all    2.11    0.00    0.07    0.00    0.00    0.00    0.00    0.00   97.82
