procs -----------memory---------- ---swap-- -----io---- --system-- -----cpu-----
 r  b   swpd   free   buff  cache   si   so    bi    bo   in   cs us sy id wa st
 5  0  11032 64579768 136224 317700    0    0     0     1    0    0  5  1 94  0  0	
 1  0  11032 64542232 136224 317740    0    0     0     0 3302 2891  2  0 98  0  0	
 1  0  11032 64542368 136224 317740    0    0     0    26 3068 2506  2  0 98  0  0	
 2  0  11032 64542372 136224 317744    0    0     0     0 3142 2648  2  0 98  0  0	
 2  0  11032 64543252 136224 317744    0    0     0     0 3114 2593  2  0 98  0  0	
 1  0  11032 64543624 136224 317744    0    0     0     0 3076 2481  2  0 98  0  0	
 1  0  11032 64543888 136224 317748    0    0     0     0 3073 2486  2  0 98  0  0	
 2  0  11032 64544252 136224 317748    0    0     0     0 3085 2496  2  0 98  0  0	
 2  0  11032 64544276 136224 317752    0    0     0     0 3070 2481  2  0 98  0  0	
 1  0  11032 64544516 136224 317756    0    0     0     0 3112 2545  2  0 98  0  0	
 1  0  11032 64544876 136224 317756    0    0     0     0 3183 2718  2  0 98  0  0	
 1  0  11032 64545104 136224 317756    0    0     0     0 3123 2581  2  0 98  0  0	
 2  0  11032 64544912 136224 317760    0    0     0     0 3077 2493  2  0 98  0  0	
 1  0  11032 64545292 136224 317760    0    0     0     0 3075 2481  2  0 98  0  0	
 1  0  11032 64545284 136224 317764    0    0     0     0 3092 2514  2  0 98  0  0	
 1  0  11032 64545160 136224 317768    0    0     0     0 3077 2500  2  0 98  0  0	
 2  0  11032 64545036 136224 317772    0    0     0     0 3129 2589  2  0 98  0  0	
 1  0  11032 64544796 136224 317776    0    0     0    16 3093 2512  2  0 98  0  0	
 1  0  11032 64544548 136224 317780    0    0     0     0 3071 2481  2  0 98  0  0	
 1  0  11032 64544544 136224 317780    0    0     0    24 3073 2493  2  0 98  0  0	
 2  0  11032 64544436 136224 317784    0    0     0     0 3066 2487  2  0 98  0  0	
procs -----------memory---------- ---swap-- -----io---- --system-- -----cpu-----
 r  b   swpd   free   buff  cache   si   so    bi    bo   in   cs us sy id wa st
 1  0  11032 64544316 136224 317784    0    0     0     0 3088 2513  2  0 98  0  0	
 1  0  11032 64545116 136224 317784    0    0     0     0 3147 2601  2  0 98  0  0	
 1  0  11032 64545008 136224 317792    0    0     0     0 3084 2510  2  0 98  0  0	
 2  0  11032 64544736 136224 317792    0    0     0     0 3080 2494  2  0 98  0  0	
 1  0  11032 64544780 136224 317792    0    0     0     0 3083 2499  2  0 98  0  0	
 1  0  11032 64544648 136224 317796    0    0     0     0 3080 2501  2  0 98  0  0	
 1  0  11032 64544780 136224 317796    0    0     0     0 3071 2498  2  0 98  0  0	
 2  0  11032 64544780 136224 317800    0    0     0     0 3110 2565  2  0 98  0  0	
 2  0  11032 64544772 136224 317800    0    0     0     0 3097 2534  2  0 98  0  0	
 1  0  11032 64545076 136224 317804    0    0     0     0 3085 2510  2  0 98  0  0	
 1  0  11032 64545068 136224 317812    0    0     0     0 3111 2540  2  0 98  0  0	
 2  0  11032 64545076 136224 317812    0    0     0     0 3030 2475  2  0 98  0  0	
 1  0  11032 64545112 136224 317812    0    0     0     0 3054 2486  2  0 98  0  0	
 1  0  11032 64544980 136224 317816    0    0     0     0 3067 2533  2  0 98  0  0	
 1  0  11032 64545356 136224 317816    0    0     0     0 3056 2468  2  0 98  0  0	
