procs -----------memory---------- ---swap-- -----io---- --system-- -----cpu-----
 r  b   swpd   free   buff  cache   si   so    bi    bo   in   cs us sy id wa st
 7  0  11032 64573216 136248 326608    0    0     0     1    0    0  5  1 94  0  0	
 4  0  11032 64532616 136248 326644    0    0     0     2 3284 2827  2  0 98  0  0	
 3  0  11032 64532852 136248 326644    0    0     0     0 3177 2629  2  0 98  0  0	
 4  0  11032 64532988 136248 326648    0    0     0     8 3128 2529  2  0 98  0  0	
 2  0  11032 64533912 136248 326648    0    0     0     0 3123 2516  2  0 98  0  0	
 2  0  11032 64534052 136248 326648    0    0     0     0 3116 2550  2  0 98  0  0	
 1  0  11032 64534208 136248 326652    0    0     0     0 3108 2504  2  0 98  0  0	
 1  0  11032 64534676 136248 326652    0    0     0     0 3098 2500  2  0 98  0  0	
 1  0  11032 64534560 136248 326656    0    0     0     0 3185 2630  2  0 98  0  0	
 1  0  11032 64534708 136248 326660    0    0     0     0 3132 2550  2  0 98  0  0	
 2  0  11032 64534708 136248 326660    0    0     0     0 3114 2505  2  0 98  0  0	
 1  0  11032 64534204 136248 326660    0    0     0     0 3163 2598  2  0 98  0  0	
 1  0  11032 64534320 136248 326664    0    0     0     0 3093 2481  2  0 98  0  0	
 2  0  11032 64534208 136248 326664    0    0     0     0 3057 2468  2  0 98  0  0	
 2  0  11032 64534472 136248 326668    0    0     0     6 3071 2490  2  0 98  0  0	
 1  0  11032 64534612 136248 326672    0    0     0     0 3077 2469  2  0 98  0  0	
 1  0  11032 64534612 136248 326676    0    0     0     2 3083 2495  2  0 98  0  0	
 2  0  11032 64534860 136248 326680    0    0     0     0 3090 2556  2  0 98  0  0	
 1  0  11032 64535108 136248 326684    0    0     0     0 3103 2575  2  0 98  0  0	
 1  0  11032 64535156 136248 326684    0    0     0    14 3069 2486  2  0 98  0  0	
 2  0  11032 64535420 136248 326688    0    0     0     0 3082 2479  2  0 98  0  0	
procs -----------memory---------- ---swap-- -----io---- --system-- -----cpu-----
 r  b   swpd   free   buff  cache   si   so    bi    bo   in   cs us sy id wa st
 2  0  11032 64535288 136248 326688    0    0     0     0 3063 2479  2  0 98  0  0	
 1  0  11032 64535280 136248 326688    0    0     0     0 3068 2481  2  0 98  0  0	
 1  0  11032 64535536 136248 326696    0    0     0     0 3090 2537  2  0 98  0  0	
 2  0  11032 64535536 136248 326696    0    0     0     0 3234 2796  2  0 98  0  0	
 2  0  11032 64535540 136248 326696    0    0     0     0 3289 2889  2  0 98  0  0	
 1  0  11032 64535796 136248 326700    0    0     0     0 3200 2716  2  0 98  0  0	
 1  0  11032 64535672 136248 326700    0    0     0     0 3310 2923  2  0 98  0  0	
 2  0  11032 64535796 136248 326704    0    0     0     0 3089 2533  2  0 98  0  0	
 1  0  11032 64535872 136248 326704    0    0     0     0 3093 2555  2  0 98  0  0	
 1  0  11032 64535624 136248 326708    0    0     0     0 3078 2510  2  0 98  0  0	
 2  0  11032 64535740 136248 326716    0    0     0     0 3233 2773  2  0 98  0  0	
 2  0  11032 64535856 136248 326716    0    0     0     0 3194 2704  2  0 98  0  0	
 1  0  11032 64535732 136248 326716    0    0     0     0 3228 2778  2  0 98  0  0	
 1  0  11032 64535856 136248 326720    0    0     0     0 3084 2506  2  0 98  0  0	
 2  0  11032 64536052 136248 326720    0    0     0     0 3096 2533  2  0 98  0  0	
 1  0  11032 64535928 136248 326724    0    0     0     8 3066 2479  2  0 98  0  0	
 1  0  11032 64536176 136248 326728    0    0     0     0 3093 2516  2  0 98  0  0	
