procs -----------memory---------- ---swap-- -----io---- --system-- -----cpu-----
 r  b   swpd   free   buff  cache   si   so    bi    bo   in   cs us sy id wa st
 5  0  11032 64557324 136292 337960    0    0     0     1    0    0  5  1 94  0  0	
 1  0  11032 64408228 136292 337992    0    0     0     0 3189 2598  2  0 98  0  0	
 1  0  11032 64408096 136292 338000    0    0     0     0 3108 2489  2  0 98  0  0	
 1  0  11032 64408292 136292 338004    0    0     0     8 3057 2471  2  0 98  0  0	
 1  0  11032 64409124 136292 338004    0    0     0     0 3060 2474  2  0 98  0  0	
 1  0  11032 64409144 136292 338004    0    0     0     0 3071 2483  2  0 98  0  0	
 1  0  11032 64409772 136292 338008    0    0     0     0 3055 2469  2  0 98  0  0	
 1  0  11032 64410056 136292 338008    0    0     0     0 3070 2517  2  0 98  0  0	
 1  0  11032 64409968 136292 338012    0    0     0     6 3076 2545  2  0 98  0  0	
 1  0  11032 64410224 136292 338016    0    0     0     0 3157 2672  2  0 98  0  0	
 1  0  11032 64410348 136292 338016    0    0     0     0 3161 2666  2  0 98  0  0	
 1  0  11032 64410340 136292 338016    0    0     0     0 3140 2653  2  0 98  0  0	
 1  0  11032 64410364 136292 338020    0    0     0     0 3104 2588  2  0 98  0  0	
 1  0  11032 64410360 136292 338020    0    0     0     0 3153 2681  2  0 98  0  0	
 1  0  11032 64410228 136292 338024    0    0     0     0 3146 2661  2  0 98  0  0	
 2  0  11032 64410492 136292 338028    0    0     0     0 3148 2606  2  0 98  0  0	
 1  0  11032 64410732 136292 338032    0    0     0     0 3068 2495  2  0 98  0  0	
 1  0  11032 64410856 136292 338036    0    0     0     2 3061 2470  2  0 98  0  0	
 2  0  11032 64410732 136292 338040    0    0     0     0 3052 2450  2  0 98  0  0	
 2  0  11032 64410856 136292 338040    0    0     0     0 3165 2684  2  0 98  0  0	
 1  0  11032 64410856 136292 338044    0    0     0    14 3084 2540  2  0 98  0  0	
procs -----------memory---------- ---swap-- -----io---- --system-- -----cpu-----
 r  b   swpd   free   buff  cache   si   so    bi    bo   in   cs us sy id wa st
 1  0  11032 64410848 136292 338044    0    0     0     0 3129 2609  2  0 98  0  0	
 2  0  11032 64410856 136292 338044    0    0     0     0 3153 2636  2  0 98  0  0	
 1  0  11032 64410508 136292 338052    0    0     0     0 3160 2629  2  0 98  0  0	
 1  0  11032 64410252 136292 338052    0    0     0     0 3181 2688  2  0 98  0  0	
 2  0  11032 64410376 136292 338056    0    0     0     0 3178 2690  2  0 98  0  0	
 3  0  11032 64410624 136292 338056    0    0     0     0 3125 2614  2  0 98  0  0	
 1  0  11032 64410384 136292 338056    0    0     0     0 3090 2582  2  0 98  0  0	
 1  0  11032 64410672 136292 338060    0    0     0     0 3043 2461  2  0 98  0  0	
 2  0  11032 64410856 136292 338060    0    0     0     0 3071 2513  2  0 98  0  0	
 1  0  11032 64410980 136292 338064    0    0     0     0 3041 2469  2  0 98  0  0	
 1  0  11032 64410832 136292 338072    0    0     0     0 3198 2746  2  0 98  0  0	
 2  0  11032 64410716 136292 338072    0    0     0     0 3394 3223  2  0 98  0  0	
 1  0  11032 64410724 136292 338072    0    0     0     0 3035 2455  2  0 98  0  0	
 1  0  11032 64410840 136292 338072    0    0     0     0 3045 2463  2  0 98  0  0	
 2  0  11032 64410716 136292 338076    0    0     0     0 3048 2457  2  0 98  0  0	
 2  0  11032 64410716 136292 338080    0    0     0     0 3040 2450  2  0 98  0  0	
 1  0  11032 64410840 136292 338080    0    0     0     8 3035 2504  2  0 98  0  0	
 1  0  11032 64410716 136292 338084    0    0     0     6 3073 2508  2  0 98  0  0	
 2  0  11032 64410840 136292 338088    0    0     0     0 3053 2492  2  0 98  0  0	
 1  0  11032 64410840 136292 338092    0    0     0     0 3139 2682  2  0 98  0  0	
 1  0  11032 64410716 136292 338092    0    0     0     0 3140 2656  2  0 98  0  0	
procs -----------memory---------- ---swap-- -----io---- --system-- -----cpu-----
 r  b   swpd   free   buff  cache   si   so    bi    bo   in   cs us sy id wa st
 2  0  11032 64410972 136292 338092    0    0     0     0 3520 3477  2  0 98  0  0	
 2  0  11032 64410864 136292 338100    0    0     0     0 3066 2508  2  0 98  0  0	
 1  0  11032 64410860 136292 338100    0    0     0     0 3043 2468  2  0 98  0  0	
 1  0  11032 64410736 136292 338104    0    0     0     0 3043 2459  2  0 98  0  0	
 2  0  11032 64410728 136292 338116    0    0     0     0 3152 2666  2  0 98  0  0	
 1  0  11032 64410860 136292 338116    0    0     0     0 3141 2634  2  0 98  0  0	
 2  0  11032 64410728 136292 338116    0    0     0     0 3164 2686  2  0 98  0  0	
 1  0  11032 64410728 136292 338120    0    0     0     0 3153 2649  2  0 98  0  0	
 1  0  11032 64410852 136292 338120    0    0     0     0 3132 2628  2  0 98  0  0	
 2  0  11032 64410728 136292 338124    0    0     0     0 3109 2565  2  0 98  0  0	
 2  0  11032 64410852 136292 338124    0    0     0     0 3049 2424  2  0 98  0  0	
 2  0  11032 64410984 136292 338124    0    0     0     0 3171 2676  2  0 98  0  0	
 3  0  11032 64410736 136292 338136    0    0     0     0 3320 2976  2  0 98  0  0	
 1  0  11032 64410612 136292 338136    0    0     0     2 3191 2722  2  0 98  0  0	
 1  0  11032 64410612 136292 338136    0    0     0     0 3095 2567  2  0 98  0  0	
 2  0  11032 64410736 136292 338144    0    0     0     0 3057 2493  2  0 98  0  0	
 1  0  11032 64410612 136292 338144    0    0     0     0 3067 2482  2  0 98  0  0	
 1  0  11032 64410736 136292 338144    0    0     0     0 3050 2475  2  0 98  0  0	
 2  0  11032 64410860 136292 338152    0    0     0     0 3035 2469  2  0 98  0  0	
 2  0  11032 64410728 136292 338152    0    0     0     0 3078 2535  2  0 98  0  0	
 1  0  11032 64410860 136292 338160    0    0     0     0 3046 2469  2  0 98  0  0	
procs -----------memory---------- ---swap-- -----io---- --system-- -----cpu-----
 r  b   swpd   free   buff  cache   si   so    bi    bo   in   cs us sy id wa st
 1  0  11032 64410860 136292 338160    0    0     0     0 3129 2610  2  0 98  0  0	
 2  0  11032 64410728 136292 338164    0    0     0     0 3090 2539  2  0 98  0  0	
 1  0  11032 64410852 136292 338168    0    0     0     0 3124 2585  2  0 98  0  0	
 1  0  11032 64410728 136292 338168    0    0     0     0 3110 2578  2  0 98  0  0	
 2  0  11032 64410604 136292 338168    0    0     0     0 3247 2866  2  0 98  0  0	
 2  0  11032 64410728 136292 338172    0    0     0     6 3262 2857  2  0 98  0  0	
 1  0  11032 64410728 136292 338176    0    0     0     0 3101 2539  2  0 98  0  0	
 1  0  11032 64410852 136292 338180    0    0     0     0 3091 2532  2  0 98  0  0	
 2  0  11032 64410720 136292 338184    0    0     0     0 3095 2531  2  0 98  0  0	
 1  0  11032 64410728 136292 338184    0    0     0     0 3086 2523  2  0 98  0  0	
 1  0  11032 64410868 136292 338184    0    0     0     0 3092 2544  2  0 98  0  0	
 2  0  11032 64410616 136292 338188    0    0     0     0 3052 2472  2  0 98  0  0	
 1  0  11032 64410600 136292 338192    0    0     0     0 3182 2682  2  0 98  0  0	
 1  0  11032 64410608 136292 338196    0    0     0     0 3162 2618  2  0 98  0  0	
 2  0  11032 64410352 136292 338200    0    0     0     0 3129 2614  2  0 98  0  0	
 2  0  11032 64410476 136292 338200    0    0     0     0 3125 2609  2  0 98  0  0	
 1  0  11032 64410724 136292 338204    0    0     0     0 3293 2920  2  0 98  0  0	
 1  0  11032 64410724 136292 338204    0    0     0     0 3111 2581  2  0 98  0  0	
 2  0  11032 64410600 136292 338204    0    0     0     0 3124 2618  2  0 98  0  0	
 1  0  11032 64410540 136292 338208    0    0     0     0 3146 2662  2  0 98  0  0	
 1  0  11032 64410680 136292 338208    0    0     0     0 3045 2467  2  0 98  0  0	
procs -----------memory---------- ---swap-- -----io---- --system-- -----cpu-----
 r  b   swpd   free   buff  cache   si   so    bi    bo   in   cs us sy id wa st
 2  0  11032 64410796 136292 338208    0    0     0     0 3068 2506  2  0 98  0  0	
 2  0  11032 64410664 136292 338212    0    0     0     2 3175 2694  2  0 98  0  0	
 1  0  11032 64410788 136292 338216    0    0     0     0 3263 2892  2  0 98  0  0	
 1  0  11032 64410912 136292 338216    0    0     0     0 3213 2771  2  0 98  0  0	
 2  0  11032 64410664 136292 338224    0    0     0     0 3260 2872  2  0 98  0  0	
 1  0  11032 64410788 136292 338228    0    0     0     0 3064 2485  2  0 98  0  0	
 1  0  11032 64410788 136292 338232    0    0     0     0 3053 2457  2  0 98  0  0	
 2  0  11032 64410772 136292 338236    0    0     0     0 3091 2529  2  0 98  0  0	
 2  0  11032 64410780 136292 338244    0    0     0     0 3050 2469  2  0 98  0  0	
 1  0  11032 64410788 136292 338244    0    0     0     0 3027 2439  2  0 98  0  0	
 2  0  11032 64410780 136292 338248    0    0     0     8 3051 2466  2  0 98  0  0	
 2  0  11032 64410660 136292 338248    0    0     0     0 3049 2450  2  0 98  0  0	
 1  0  11032 64410660 136292 338248    0    0     0     0 3104 2550  2  0 98  0  0	
 1  0  11032 64410660 136292 338252    0    0     0     0 3152 2666  2  0 98  0  0	
 2  0  11032 64410660 136292 338252    0    0     0     6 3149 2662  2  0 98  0  0	
 1  0  11032 64410784 136292 338256    0    0     0     0 3231 2809  2  0 98  0  0	
 1  0  11032 64410784 136292 338260    0    0     0     0 3081 2518  2  0 98  0  0	
 2  0  11032 64410660 136292 338260    0    0     0     0 3091 2534  2  0 98  0  0	
 2  0  11032 64410792 136292 338264    0    0     0     0 3081 2516  2  0 98  0  0	
 1  0  11032 64410804 136292 338264    0    0     0     0 3105 2563  2  0 98  0  0	
 1  0  11032 64410796 136292 338264    0    0     0     0 3055 2490  2  0 98  0  0	
procs -----------memory---------- ---swap-- -----io---- --system-- -----cpu-----
 r  b   swpd   free   buff  cache   si   so    bi    bo   in   cs us sy id wa st
 3  0  11032 64410672 136292 338272    0    0     0     0 3249 2825  2  0 98  0  0	
 1  0  11032 64410788 136292 338272    0    0     0     0 3090 2556  2  0 98  0  0	
 1  0  11032 64410912 136292 338276    0    0     0     0 3127 2591  2  0 98  0  0	
 2  0  11032 64410664 136292 338284    0    0     0     0 3136 2607  2  0 98  0  0	
 2  0  11032 64410664 136292 338284    0    0     0     0 3134 2623  2  0 98  0  0	
 1  0  11032 64410912 136292 338284    0    0     0     4 3046 2455  2  0 98  0  0	
 1  0  11032 64410780 136292 338288    0    0     0     0 3059 2467  2  0 98  0  0	
 2  0  11032 64411068 136292 338288    0    0     0     0 3068 2480  2  0 98  0  0	
 1  0  11032 64411264 136292 338292    0    0     0     0 3064 2475  2  0 98  0  0	
 1  0  11032 64411132 136292 338292    0    0     0     0 3090 2510  2  0 98  0  0	
 2  0  11032 64411132 136292 338300    0    0     0     0 3235 2816  2  0 98  0  0	
 2  0  11032 64411256 136292 338304    0    0     0     0 3215 2786  2  0 98  0  0	
 1  0  11032 64411016 136292 338304    0    0     0     0 3085 2522  2  0 98  0  0	
 1  0  11032 64411140 136292 338304    0    0     0     0 3085 2523  2  0 98  0  0	
 2  0  11032 64411140 136292 338308    0    0     0     0 3065 2493  2  0 98  0  0	
 1  0  11032 64411016 136292 338312    0    0     0     0 3114 2582  2  0 98  0  0	
 1  0  11032 64411008 136292 338312    0    0     0     0 3173 2704  2  0 98  0  0	
 2  0  11032 64411016 136292 338316    0    0     0     0 3117 2593  2  0 98  0  0	
 1  0  11032 64410892 136292 338320    0    0     0     0 3070 2484  2  0 98  0  0	
 1  0  11032 64411132 136292 338324    0    0     0     0 3066 2483  2  0 98  0  0	
 2  0  11032 64411132 136292 338328    0    0     0     6 3087 2493  2  0 98  0  0	
procs -----------memory---------- ---swap-- -----io---- --system-- -----cpu-----
 r  b   swpd   free   buff  cache   si   so    bi    bo   in   cs us sy id wa st
 2  0  11032 64411132 136292 338328    0    0     0     0 3042 2470  2  0 98  0  0	
 1  0  11032 64411008 136292 338332    0    0     0     0 3011 2499  2  0 98  0  0	
 1  0  11032 64411008 136292 338332    0    0     0     6 3038 2475  2  0 98  0  0	
 2  0  11032 64411132 136292 338336    0    0     0     0 3056 2479  2  0 98  0  0	
 1  0  11032 64411008 136292 338340    0    0     0     0 3048 2470  2  0 98  0  0	
 1  0  11032 64411256 136292 338344    0    0     0     8 3061 2503  2  0 98  0  0	
 2  0  11032 64411148 136292 338344    0    0     0     0 3066 2512  2  0 98  0  0	
 2  0  11032 64411024 136292 338352    0    0     0     0 3098 2588  2  0 98  0  0	
 2  0  11032 64411016 136292 338352    0    0     0     0 3042 2476  2  0 98  0  0	
 1  0  11032 64411140 136292 338356    0    0     0     0 3046 2467  2  0 98  0  0	
 2  0  11032 64411124 136292 338356    0    0     0     0 3060 2467  2  0 98  0  0	
 1  0  11032 64411124 136292 338360    0    0     0     0 3068 2485  2  0 98  0  0	
 2  0  11032 64411008 136292 338368    0    0     0     0 3097 2573  2  0 98  0  0	
 2  0  11032 64411000 136292 338372    0    0     0     0 3101 2583  2  0 98  0  0	
 2  0  11032 64411124 136292 338372    0    0     0     0 3062 2510  2  0 98  0  0	
 1  0  11032 64410996 136292 338376    0    0     0     0 3097 2570  2  0 98  0  0	
 1  0  11032 64410888 136292 338380    0    0     0     4 3084 2516  2  0 98  0  0	
 2  0  11032 64411012 136292 338380    0    0     0     0 3085 2519  2  0 98  0  0	
 1  0  11032 64410880 136292 338380    0    0     0     0 3091 2535  2  0 98  0  0	
 1  0  11032 64411012 136292 338384    0    0     0     0 3083 2530  2  0 98  0  0	
 2  0  11032 64411012 136292 338388    0    0     0     0 3053 2496  2  0 98  0  0	
procs -----------memory---------- ---swap-- -----io---- --system-- -----cpu-----
 r  b   swpd   free   buff  cache   si   so    bi    bo   in   cs us sy id wa st
 2  0  11032 64410896 136292 338388    0    0     0     0 3052 2501  2  0 98  0  0	
 1  0  11032 64411028 136292 338392    0    0     0     0 3013 2464  2  0 98  0  0	
 1  0  11032 64411020 136292 338392    0    0     0     0 2991 2448  2  0 98  0  0	
 2  0  11032 64411020 136292 338400    0    0     0     0 3034 2458  2  0 98  0  0	
 1  0  11032 64410880 136292 338400    0    0     0     0 3114 2602  2  0 98  0  0	
 1  0  11032 64410900 136292 338400    0    0     0     0 3030 2481  2  0 98  0  0	
