procs -----------memory---------- ---swap-- -----io---- --system-- -----cpu-----
 r  b   swpd   free   buff  cache   si   so    bi    bo   in   cs us sy id wa st
 3  0  11032 64564380 136288 334388    0    0     0     1    0    0  5  1 94  0  0	
 1  0  11032 64525820 136288 334424    0    0     0    30 3201 2598  2  0 98  0  0	
 1  0  11032 64525936 136288 334432    0    0     0     0 3102 2529  2  0 98  0  0	
 3  0  11032 64526432 136288 334436    0    0     0    10 3140 2632  2  0 98  0  0	
 3  0  11032 64527252 136288 334436    0    0     0     0 3156 2630  2  0 98  0  0	
 1  0  11032 64527804 136288 334436    0    0     0     0 3117 2591  2  0 98  0  0	
 1  0  11032 64528320 136288 334440    0    0     0     0 3064 2483  2  0 98  0  0	
 3  0  11032 64528468 136288 334440    0    0     0     0 3066 2482  2  0 98  0  0	
 4  0  11032 64528672 136288 334444    0    0     0     0 3071 2508  2  0 98  0  0	
 1  0  11032 64528616 136288 334448    0    0     0     0 3094 2536  2  0 98  0  0	
 1  0  11032 64528880 136288 334448    0    0     0     0 3086 2537  2  0 98  0  0	
 1  0  11032 64528880 136288 334448    0    0     0     0 3063 2495  2  0 98  0  0	
 3  0  11032 64529012 136288 334452    0    0     0     0 3059 2485  2  0 98  0  0	
 1  0  11032 64529020 136288 334452    0    0     0     0 3078 2515  2  0 98  0  0	
 1  0  11032 64528896 136288 334460    0    0     0     0 3271 2966  2  0 98  0  0	
 1  0  11032 64529020 136288 334460    0    0     0     0 3111 2572  2  0 98  0  0	
 3  0  11032 64528524 136288 334464    0    0     0     2 3150 2710  2  0 98  0  0	
 1  0  11032 64528400 136288 334468    0    0     0     0 3074 2494  2  0 98  0  0	
 1  0  11032 64528524 136288 334472    0    0     0    14 3137 2685  2  0 98  0  0	
 1  0  11032 64528656 136288 334472    0    0     0     0 3093 2538  2  0 98  0  0	
 3  0  11032 64528648 136288 334476    0    0     0     0 3069 2481  2  0 98  0  0	
procs -----------memory---------- ---swap-- -----io---- --system-- -----cpu-----
 r  b   swpd   free   buff  cache   si   so    bi    bo   in   cs us sy id wa st
 3  0  11032 64528648 136288 334476    0    0     0     0 3122 2570  2  0 98  0  0	
 1  0  11032 64528656 136288 334476    0    0     0     0 3043 2480  2  0 98  0  0	
 1  0  11032 64528656 136288 334484    0    0     0     0 3063 2494  2  0 98  0  0	
 3  0  11032 64528908 136288 334484    0    0     0     0 3053 2468  2  0 98  0  0	
 3  0  11032 64528784 136288 334488    0    0     0     0 3064 2467  2  0 98  0  0	
 1  0  11032 64528784 136288 334488    0    0     0     0 3049 2464  2  0 98  0  0	
 1  0  11032 64528660 136288 334488    0    0     0     0 3079 2510  2  0 98  0  0	
 1  0  11032 64528660 136288 334492    0    0     0     0 3059 2480  2  0 98  0  0	
 3  0  11032 64528544 136288 334496    0    0     0     0 3039 2457  2  0 98  0  0	
 3  0  11032 64528660 136288 334496    0    0     0     0 3061 2473  2  0 98  0  0	
 1  0  11032 64528652 136288 334504    0    0     0     0 3068 2463  2  0 98  0  0	
 1  0  11032 64528652 136288 334504    0    0     0     0 3056 2483  2  0 98  0  0	
 4  0  11032 64528652 136288 334504    0    0     0     6 3094 2538  2  0 98  0  0	
 3  0  11032 64528528 136288 334504    0    0     0     0 3048 2477  2  0 98  0  0	
 1  0  11032 64528660 136288 334508    0    0     0     0 3039 2516  2  0 98  0  0	
