procs -----------memory---------- ---swap-- -----io---- --system-- -----cpu-----
 r  b   swpd   free   buff  cache   si   so    bi    bo   in   cs us sy id wa st
 5  0  11032 64576264 136232 319796    0    0     0     1    0    0  5  1 94  0  0	
 2  0  11032 64426804 136232 319832    0    0     0     0 3149 2607  2  0 98  0  0	
 1  0  11032 64426868 136232 319836    0    0     0     0 3096 2505  2  0 98  0  0	
 1  0  11032 64427120 136232 319840    0    0     0     8 3108 2566  2  0 98  0  0	
 1  0  11032 64427576 136232 319840    0    0     0     0 3113 2530  2  0 98  0  0	
 2  0  11032 64428136 136232 319840    0    0     0     0 3087 2544  2  0 98  0  0	
 1  0  11032 64428384 136232 319844    0    0     0     0 3086 2502  2  0 98  0  0	
 1  0  11032 64428556 136232 319844    0    0     0     0 3097 2523  2  0 98  0  0	
 1  0  11032 64428932 136232 319848    0    0     0     0 3089 2500  2  0 98  0  0	
 2  0  11032 64429072 136232 319852    0    0     0     0 3120 2578  2  0 98  0  0	
 2  0  11032 64429004 136232 319852    0    0     0     0 3073 2502  2  0 98  0  0	
 1  0  11032 64429384 136232 319852    0    0     0     0 3098 2567  2  0 98  0  0	
 1  0  11032 64429276 136232 319856    0    0     0     6 3091 2506  2  0 98  0  0	
 2  0  11032 64429152 136232 319856    0    0     0     0 3083 2541  2  0 98  0  0	
 2  0  11032 64429336 136232 319860    0    0     0     0 3097 2545  2  0 98  0  0	
 1  0  11032 64429244 136232 319864    0    0     0     0 3081 2515  2  0 98  0  0	
 1  0  11032 64429368 136232 319868    0    0     0     0 3130 2579  2  0 98  0  0	
 1  0  11032 64428988 136232 319872    0    0     0     2 3113 2575  2  0 98  0  0	
 2  0  11032 64429120 136232 319876    0    0     0     0 3087 2526  2  0 98  0  0	
 1  0  11032 64429112 136232 319876    0    0     0    18 3136 2590  2  0 98  0  0	
 1  0  11032 64429112 136232 319880    0    0     0     0 3101 2546  2  0 98  0  0	
procs -----------memory---------- ---swap-- -----io---- --system-- -----cpu-----
 r  b   swpd   free   buff  cache   si   so    bi    bo   in   cs us sy id wa st
 1  0  11032 64428996 136232 319880    0    0     0     0 3068 2503  2  0 98  0  0	
 2  0  11032 64429128 136232 319880    0    0     0     0 3063 2489  2  0 98  0  0	
 2  0  11032 64429128 136232 319888    0    0     0     0 3066 2539  2  0 98  0  0	
 1  0  11032 64429244 136232 319888    0    0     0     0 3083 2509  2  0 98  0  0	
 1  0  11032 64428996 136232 319888    0    0     0     0 3065 2499  2  0 98  0  0	
 2  0  11032 64428996 136232 319892    0    0     0     0 3067 2496  2  0 98  0  0	
 2  0  11032 64428872 136232 319892    0    0     0     0 3059 2488  2  0 98  0  0	
 1  0  11032 64429128 136232 319896    0    0     0     0 3064 2498  2  0 98  0  0	
 1  0  11032 64429128 136232 319896    0    0     0     0 3090 2556  2  0 98  0  0	
 1  0  11032 64428996 136232 319900    0    0     0     0 3067 2488  2  0 98  0  0	
 2  0  11032 64429244 136232 319908    0    0     0     0 3125 2583  2  0 98  0  0	
 2  0  11032 64429112 136232 319908    0    0     0     0 3096 2537  2  0 98  0  0	
 1  0  11032 64429236 136232 319908    0    0     0     0 3088 2542  2  0 98  0  0	
 1  0  11032 64428980 136232 319912    0    0     0     0 3113 2556  2  0 98  0  0	
 2  0  11032 64428988 136232 319912    0    0     0     0 3069 2544  2  0 98  0  0	
 2  0  11032 64429236 136232 319916    0    0     0     0 3070 2500  2  0 98  0  0	
 1  0  11032 64429352 136232 319916    0    0     0    10 3054 2489  2  0 98  0  0	
 1  0  11032 64429244 136232 319920    0    0     0     0 3061 2495  2  0 98  0  0	
 2  0  11032 64429236 136232 319924    0    0     0     0 3082 2508  2  0 98  0  0	
 2  0  11032 64429476 136232 319924    0    0     0     0 3102 2562  2  0 98  0  0	
 2  0  11032 64429352 136232 319928    0    0     0     0 3103 2573  2  0 98  0  0	
procs -----------memory---------- ---swap-- -----io---- --system-- -----cpu-----
 r  b   swpd   free   buff  cache   si   so    bi    bo   in   cs us sy id wa st
 1  0  11032 64429492 136232 319928    0    0     0     6 3116 2548  2  0 98  0  0	
 1  0  11032 64429492 136232 319936    0    0     0     0 3073 2505  2  0 98  0  0	
 2  0  11032 64429608 136232 319936    0    0     0     0 3067 2496  2  0 98  0  0	
 2  0  11032 64429488 136232 319940    0    0     0     0 3060 2495  2  0 98  0  0	
 1  0  11032 64429240 136232 319952    0    0     0     0 3159 2640  2  0 98  0  0	
 1  0  11032 64429240 136232 319952    0    0     0     0 3104 2577  2  0 98  0  0	
 1  0  11032 64429124 136232 319952    0    0     0     0 3078 2501  2  0 98  0  0	
 2  0  11032 64429248 136232 319956    0    0     0     0 3157 2634  2  0 98  0  0	
 2  0  11032 64429116 136232 319956    0    0     0     0 3166 2666  2  0 98  0  0	
 1  0  11032 64429240 136232 319956    0    0     0     0 3183 2659  2  0 98  0  0	
 2  0  11032 64429256 136232 319960    0    0     0     0 3085 2486  2  0 98  0  0	
 2  0  11032 64429372 136232 319960    0    0     0     0 3096 2559  2  0 98  0  0	
 1  0  11032 64429240 136232 319968    0    0     0     0 3096 2524  2  0 98  0  0	
 1  0  11032 64429240 136232 319972    0    0     0     0 3087 2508  2  0 98  0  0	
 1  0  11032 64429240 136232 319972    0    0     0     0 3109 2565  2  0 98  0  0	
 2  0  11032 64429364 136232 319980    0    0     0     0 3100 2556  2  0 98  0  0	
 1  0  11032 64429124 136232 319980    0    0     0     0 3110 2551  2  0 98  0  0	
 1  0  11032 64429240 136232 319980    0    0     0     2 3135 2617  2  0 98  0  0	
 1  0  11032 64429364 136232 319988    0    0     0     0 3117 2553  2  0 98  0  0	
 2  0  11032 64429116 136232 319988    0    0     0     0 3103 2548  2  0 98  0  0	
 2  0  11032 64429372 136232 319992    0    0     0     0 3160 2641  2  0 98  0  0	
procs -----------memory---------- ---swap-- -----io---- --system-- -----cpu-----
 r  b   swpd   free   buff  cache   si   so    bi    bo   in   cs us sy id wa st
 1  0  11032 64429248 136232 319996    0    0     0     0 3119 2572  2  0 98  0  0	
 1  0  11032 64428868 136232 320000    0    0     0     0 3133 2562  2  0 98  0  0	
 1  0  11032 64429116 136232 320000    0    0     0     0 3139 2617  2  0 98  0  0	
 2  0  11032 64429240 136232 320004    0    0     0     0 3108 2559  2  0 98  0  0	
 1  0  11032 64429116 136232 320004    0    0     0     0 3107 2568  2  0 98  0  0	
 1  0  11032 64429252 136232 320004    0    0     0     0 3139 2622  2  0 98  0  0	
 1  0  11032 64429492 136232 320012    0    0     0     0 3109 2538  2  0 98  0  0	
 2  0  11032 64429360 136232 320012    0    0     0     0 3085 2520  2  0 98  0  0	
 2  0  11032 64429236 136232 320020    0    0     0     0 3110 2572  2  0 98  0  0	
 1  0  11032 64429500 136232 320020    0    0     0     6 3086 2513  2  0 98  0  0	
 1  0  11032 64429376 136232 320020    0    0     0     0 3070 2501  2  0 98  0  0	
 1  0  11032 64429244 136232 320024    0    0     0     0 3092 2512  2  0 98  0  0	
 2  0  11032 64429244 136232 320028    0    0     0     0 3090 2516  2  0 98  0  0	
 2  0  11032 64429244 136232 320028    0    0     0     0 3135 2595  2  0 98  0  0	
 1  0  11032 64429368 136232 320036    0    0     0     0 3138 2605  2  0 98  0  0	
 1  0  11032 64429128 136232 320036    0    0     0     0 3070 2492  2  0 98  0  0	
 2  0  11032 64429136 136232 320036    0    0     0     0 3105 2503  2  0 98  0  0	
 2  0  11032 64429004 136232 320040    0    0     0     0 3047 2476  2  0 98  0  0	
 1  0  11032 64429128 136232 320040    0    0     0     0 3058 2482  2  0 98  0  0	
 1  0  11032 64429136 136232 320040    0    0     0     0 3056 2481  2  0 98  0  0	
 1  0  11032 64429136 136232 320044    0    0     0     0 3073 2533  2  0 98  0  0	
procs -----------memory---------- ---swap-- -----io---- --system-- -----cpu-----
 r  b   swpd   free   buff  cache   si   so    bi    bo   in   cs us sy id wa st
 2  0  11032 64429500 136232 320044    0    0     0     0 3081 2492  2  0 98  0  0	
 2  0  11032 64429128 136232 320052    0    0     0     0 3060 2489  2  0 98  0  0	
 1  0  11032 64429128 136232 320052    0    0     0     0 3086 2494  2  0 98  0  0	
 1  0  11032 64429252 136232 320052    0    0     0     0 3079 2491  2  0 98  0  0	
 1  0  11032 64429136 136232 320060    0    0     0     0 3064 2484  2  0 98  0  0	
 3  0  11032 64429376 136232 320060    0    0     0     2 3087 2549  2  0 98  0  0	
 3  0  11032 64429624 136232 320068    0    0     0     0 3054 2480  2  0 98  0  0	
 1  0  11032 64429624 136232 320072    0    0     0     0 3061 2486  2  0 98  0  0	
 1  0  11032 64429500 136232 320080    0    0     0     0 3076 2498  2  0 98  0  0	
 2  0  11032 64429624 136232 320080    0    0     0     0 3056 2482  2  0 98  0  0	
 3  0  11032 64429368 136232 320080    0    0     0     0 3087 2514  2  0 98  0  0	
 1  0  11032 64429368 136232 320084    0    0     0     0 3055 2523  2  0 98  0  0	
 1  0  11032 64429492 136232 320084    0    0     0     0 3063 2477  2  0 98  0  0	
 1  0  11032 64429616 136232 320084    0    0     0     0 3054 2483  2  0 98  0  0	
 2  0  11032 64429624 136232 320088    0    0     0     0 3060 2473  2  0 98  0  0	
 3  0  11032 64429740 136232 320088    0    0     0     0 3072 2498  2  0 98  0  0	
 1  0  11032 64429608 136232 320096    0    0     0     0 3065 2493  2  0 98  0  0	
 1  0  11032 64429608 136232 320096    0    0     0     0 3070 2532  2  0 98  0  0	
 2  0  11032 64429624 136232 320096    0    0     0     6 3059 2485  2  0 98  0  0	
 2  0  11032 64429748 136232 320100    0    0     0     0 3048 2468  2  0 98  0  0	
 2  0  11032 64429616 136232 320100    0    0     0     0 3060 2447  2  0 98  0  0	
procs -----------memory---------- ---swap-- -----io---- --system-- -----cpu-----
 r  b   swpd   free   buff  cache   si   so    bi    bo   in   cs us sy id wa st
 2  0  11032 64429492 136232 320104    0    0     0     0 3051 2476  2  0 98  0  0	
 2  0  11032 64429624 136232 320108    0    0     0     0 3090 2497  2  0 98  0  0	
 1  0  11032 64429368 136232 320112    0    0     0     0 3077 2545  2  0 98  0  0	
 1  0  11032 64429500 136232 320116    0    0     0     0 3067 2498  2  0 98  0  0	
 1  0  11032 64429252 136232 320120    0    0     0     0 3119 2558  2  0 98  0  0	
 2  0  11032 64429624 136232 320120    0    0     0     0 3120 2577  2  0 98  0  0	
 2  0  11032 64429376 136232 320120    0    0     0     0 3085 2534  2  0 98  0  0	
 1  0  11032 64429508 136232 320124    0    0     0     0 3088 2549  2  0 98  0  0	
 1  0  11032 64429512 136232 320124    0    0     0     0 3073 2536  2  0 98  0  0	
 1  0  11032 64429380 136232 320128    0    0     0     0 3077 2504  2  0 98  0  0	
 3  0  11032 64429256 136232 320136    0    0     0     0 3052 2480  2  0 98  0  0	
 1  0  11032 64429132 136232 320136    0    0     0     0 3069 2500  2  0 98  0  0	
 1  0  11032 64429256 136232 320140    0    0     0     0 3075 2499  2  0 98  0  0	
 1  0  11032 64429264 136232 320140    0    0     0     0 3066 2485  2  0 98  0  0	
 2  0  11032 64429132 136232 320140    0    0     0     2 3073 2537  2  0 98  0  0	
 3  0  11032 64429504 136232 320148    0    0     0     0 3116 2554  2  0 98  0  0	
 1  0  11032 64429124 136232 320148    0    0     0     0 3106 2553  2  0 98  0  0	
 1  0  11032 64429256 136232 320148    0    0     0     0 3133 2598  2  0 98  0  0	
 2  0  11032 64429256 136232 320152    0    0     0     0 3192 2705  2  0 98  0  0	
 2  0  11032 64429000 136232 320156    0    0     0     0 3156 2619  2  0 98  0  0	
 3  0  11032 64429124 136232 320160    0    0     0     0 3093 2562  2  0 98  0  0	
procs -----------memory---------- ---swap-- -----io---- --system-- -----cpu-----
 r  b   swpd   free   buff  cache   si   so    bi    bo   in   cs us sy id wa st
 1  0  11032 64429124 136232 320164    0    0     0     0 3071 2498  2  0 98  0  0	
 1  0  11032 64429016 136232 320164    0    0     0     0 3068 2494  2  0 98  0  0	
 1  0  11032 64429264 136232 320168    0    0     0     0 3075 2499  2  0 98  0  0	
 2  0  11032 64429256 136232 320172    0    0     0     0 3101 2531  2  0 98  0  0	
 2  0  11032 64429124 136232 320172    0    0     0     0 3133 2615  2  0 98  0  0	
 1  0  11032 64429248 136232 320180    0    0     0     0 3096 2552  2  0 98  0  0	
 1  0  11032 64429388 136232 320180    0    0     0     6 3100 2511  2  0 98  0  0	
 2  0  11032 64429140 136232 320184    0    0     0     0 3078 2502  2  0 98  0  0	
 2  0  11032 64429132 136232 320188    0    0     0     0 3082 2499  2  0 98  0  0	
 1  0  11032 64429136 136232 320192    0    0     0     0 3070 2488  2  0 98  0  0	
 1  0  11032 64429004 136232 320192    0    0     0     0 3103 2546  2  0 98  0  0	
 1  0  11032 64429136 136232 320196    0    0     0     0 3101 2576  2  0 98  0  0	
 2  0  11032 64429260 136232 320204    0    0     0     0 3145 2627  2  0 98  0  0	
 2  0  11032 64429376 136232 320204    0    0     0     0 3151 2642  2  0 98  0  0	
 1  0  11032 64429616 136232 320204    0    0     0     0 3119 2587  2  0 98  0  0	
 2  0  11032 64429748 136232 320208    0    0     0     0 3099 2560  2  0 98  0  0	
 1  0  11032 64429880 136232 320212    0    0     0     0 3097 2561  2  0 98  0  0	
 2  0  11032 64429880 136232 320216    0    0     0     0 3119 2598  2  0 98  0  0	
 2  0  11032 64429624 136232 320216    0    0     0     0 3096 2530  2  0 98  0  0	
 1  0  11032 64429624 136232 320216    0    0     0     0 3074 2502  2  0 98  0  0	
 2  0  11032 64429624 136232 320224    0    0     0     0 3066 2498  2  0 98  0  0	
procs -----------memory---------- ---swap-- -----io---- --system-- -----cpu-----
 r  b   swpd   free   buff  cache   si   so    bi    bo   in   cs us sy id wa st
 2  0  11032 64429624 136232 320224    0    0     0     0 3074 2498  2  0 98  0  0	
 2  0  11032 64429632 136232 320224    0    0     0     0 3085 2507  2  0 98  0  0	
 1  0  11032 64429756 136232 320228    0    0     0     2 3116 2587  2  0 98  0  0	
 1  0  11032 64429632 136232 320232    0    0     0     0 3109 2548  2  0 98  0  0	
 2  0  11032 64429632 136232 320232    0    0     0     0 3123 2593  2  0 98  0  0	
 2  0  11032 64429756 136232 320236    0    0     0     0 3087 2553  2  0 98  0  0	
 2  0  11032 64429508 136232 320236    0    0     0     0 3144 2602  2  0 98  0  0	
 1  0  11032 64429492 136232 320240    0    0     0     0 3137 2582  2  0 98  0  0	
 1  0  11032 64429492 136232 320244    0    0     0     0 3122 2616  2  0 98  0  0	
 1  0  11032 64429244 136232 320244    0    0     0     0 3137 2621  2  0 98  0  0	
 3  0  11032 64429120 136232 320248    0    0     0     0 3105 2523  2  0 98  0  0	
 2  0  11032 64429368 136232 320248    0    0     0     0 3130 2595  2  0 98  0  0	
 1  0  11032 64429128 136232 320248    0    0     0     0 3132 2575  2  0 98  0  0	
 1  0  11032 64429244 136232 320256    0    0     0     0 3113 2551  2  0 98  0  0	
 1  0  11032 64429368 136232 320260    0    0     0     0 3141 2624  2  0 98  0  0	
 2  0  11032 64429508 136232 320260    0    0     0     6 3079 2510  2  0 98  0  0	
 2  0  11032 64429268 136232 320264    0    0     0     0 3078 2500  2  0 98  0  0	
 1  0  11032 64429384 136232 320264    0    0     0     0 3086 2511  2  0 98  0  0	
 1  0  11032 64429384 136232 320268    0    0     0     0 3097 2534  2  0 98  0  0	
 2  0  11032 64429260 136232 320272    0    0     0     0 3107 2543  2  0 98  0  0	
 3  0  11032 64429252 136232 320272    0    0     0     0 3078 2550  2  0 98  0  0	
procs -----------memory---------- ---swap-- -----io---- --system-- -----cpu-----
 r  b   swpd   free   buff  cache   si   so    bi    bo   in   cs us sy id wa st
 1  0  11032 64429260 136232 320272    0    0     0     0 3114 2559  2  0 98  0  0	
 1  0  11032 64429128 136232 320280    0    0     0     0 3099 2523  2  0 98  0  0	
 1  0  11032 64429004 136232 320280    0    0     0     0 3050 2480  2  0 98  0  0	
 2  0  11032 64429004 136232 320288    0    0     0     8 3069 2505  2  0 98  0  0	
 2  0  11032 64429012 136232 320288    0    0     0     0 3138 2630  2  0 98  0  0	
 1  0  11032 64429012 136232 320288    0    0     0     0 3186 2744  2  0 98  0  0	
 1  0  11032 64428624 136232 320292    0    0     0    24 3153 2566  2  0 98  0  0	
 1  0  11032 64428504 136232 320292    0    0     0     0 3107 2529  2  0 98  0  0	
 2  0  11032 64428512 136232 320304    0    0     0     0 3169 2641  2  0 98  0  0	
 2  0  11032 64428752 136232 320308    0    0     0     0 3086 2538  2  0 98  0  0	
 1  0  11032 64428760 136232 320320    0    0     0     0 3117 2579  2  0 98  0  0	
 1  0  11032 64428844 136232 320320    0    0     0    14 3130 2623  2  0 98  0  0	
 1  0  11032 64429108 136232 320328    0    0     0     0 3076 2495  2  0 98  0  0	
 2  0  11032 64428932 136232 320328    0    0     0     0 3222 2765  2  0 98  0  0	
 3  0  11032 64428932 136232 320328    0    0     0     0 3191 2721  2  0 98  0  0	
 1  0  11032 64429048 136232 320332    0    0     0     0 3076 2500  2  0 98  0  0	
 1  0  11032 64428932 136232 320336    0    0     0     0 3109 2516  2  0 98  0  0	
 2  0  11032 64428668 136232 320344    0    0     0     0 3084 2539  2  0 98  0  0	
 2  0  11032 64428792 136232 320344    0    0     0     0 3091 2517  2  0 98  0  0	
 2  0  11032 64428792 136232 320344    0    0     0     0 3151 2645  2  0 98  0  0	
 1  0  11032 64428676 136232 320348    0    0     0     0 3168 2688  2  0 98  0  0	
procs -----------memory---------- ---swap-- -----io---- --system-- -----cpu-----
 r  b   swpd   free   buff  cache   si   so    bi    bo   in   cs us sy id wa st
 1  0  11032 64428684 136232 320348    0    0     0     0 3078 2522  2  0 98  0  0	
 2  0  11032 64428676 136232 320348    0    0     0     0 3074 2503  2  0 98  0  0	
 2  0  11032 64428800 136232 320352    0    0     0     0 3095 2568  2  0 98  0  0	
 1  0  11032 64429188 136232 320356    0    0     0     6 3077 2500  2  0 98  0  0	
 1  0  11032 64429312 136232 320356    0    0     0     0 3106 2555  2  0 98  0  0	
 2  0  11032 64429304 136232 320360    0    0     0     0 3165 2682  2  0 98  0  0	
 1  0  11032 64429304 136232 320368    0    0     0     0 3108 2568  2  0 98  0  0	
 1  0  11032 64429180 136232 320372    0    0     0     0 3124 2607  2  0 98  0  0	
 2  0  11032 64429172 136232 320372    0    0     0     0 3102 2593  2  0 98  0  0	
 2  0  11032 64429180 136232 320376    0    0     0     0 3062 2487  2  0 98  0  0	
 2  0  11032 64429180 136232 320376    0    0     0     0 3118 2602  2  0 98  0  0	
 1  0  11032 64429172 136232 320384    0    0     0     0 3156 2657  2  0 98  0  0	
 1  0  11032 64429296 136232 320384    0    0     0     0 3171 2682  2  0 98  0  0	
