Linux 2.6.32-279.14.1.el6.x86_64 (compute-662-2.local) 	04/20/20 	_x86_64_	(48 CPU)

15:00:12     CPU    %usr   %nice    %sys %iowait    %irq   %soft  %steal  %guest   %idle
15:00:14     all    2.11    0.00    0.10    0.00    0.00    0.01    0.00    0.00   97.78
15:00:16     all    2.10    0.00    0.07    0.00    0.00    0.01    0.00    0.00   97.82
15:00:18     all    2.10    0.00    0.06    0.22    0.00    0.01    0.00    0.00   97.61
15:00:20     all    2.11    0.00    0.07    0.00    0.00    0.00    0.00    0.00   97.82
15:00:22     all    2.10    0.00    0.08    0.00    0.00    0.01    0.00    0.00   97.81
15:00:24     all    2.10    0.00    0.06    0.00    0.00    0.00    0.00    0.00   97.84
15:00:26     all    2.10    0.00    0.08    0.00    0.00    0.00    0.00    0.00   97.82
15:00:28     all    2.10    0.00    0.07    0.21    0.00    0.01    0.00    0.00   97.61
15:00:30     all    2.10    0.00    0.06    0.00    0.00    0.01    0.00    0.00   97.83
15:00:32     all    2.11    0.00    0.06    0.00    0.00    0.02    0.00    0.00   97.81
15:00:34     all    2.10    0.00    0.07    0.00    0.00    0.02    0.00    0.00   97.81
15:00:36     all    2.11    0.00    0.06    0.00    0.00    0.00    0.00    0.00   97.83
15:00:38     all    2.10    0.00    0.06    0.00    0.00    0.00    0.00    0.00   97.84
15:00:40     all    2.10    0.00    0.07    0.00    0.00    0.00    0.00    0.00   97.83
15:00:42     all    2.11    0.00    0.07    0.00    0.00    0.00    0.00    0.00   97.82
15:00:44     all    2.10    0.00    0.06    0.00    0.00    0.00    0.00    0.00   97.84
15:00:46     all    2.10    0.00    0.07    0.00    0.00    0.00    0.00    0.00   97.83
15:00:48     all    2.10    0.00    0.06    0.00    0.00    0.01    0.00    0.00   97.83
15:00:50     all    2.11    0.00    0.08    0.01    0.00    0.00    0.00    0.00   97.80
15:00:52     all    2.11    0.00    0.07    0.20    0.00    0.00    0.00    0.00   97.62
15:00:54     all    2.10    0.00    0.06    0.00    0.00    0.01    0.00    0.00   97.83
15:00:56     all    2.10    0.00    0.06    0.00    0.00    0.02    0.00    0.00   97.82
15:00:58     all    2.10    0.00    0.08    0.01    0.00    0.01    0.00    0.00   97.80
15:01:00     all    2.10    0.00    0.07    0.00    0.00    0.00    0.00    0.00   97.83
15:01:02     all    2.14    0.00    0.10    0.00    0.00    0.01    0.00    0.00   97.75
15:01:04     all    2.11    0.00    0.06    0.00    0.00    0.00    0.00    0.00   97.83
15:01:06     all    2.09    0.00    0.07    0.00    0.00    0.00    0.00    0.00   97.84
15:01:08     all    2.11    0.00    0.07    0.21    0.00    0.00    0.00    0.00   97.61
15:01:10     all    2.10    0.00    0.06    0.00    0.00    0.00    0.00    0.00   97.84
15:01:12     all    2.10    0.00    0.06    0.00    0.00    0.00    0.00    0.00   97.84
15:01:14     all    2.10    0.00    0.06    0.00    0.00    0.00    0.00    0.00   97.84
15:01:16     all    2.10    0.00    0.08    0.00    0.00    0.01    0.00    0.00   97.81
15:01:18     all    2.10    0.00    0.08    0.00    0.00    0.02    0.00    0.00   97.80
15:01:20     all    2.10    0.00    0.05    0.00    0.00    0.01    0.00    0.00   97.84
15:01:22     all    2.11    0.00    0.09    0.00    0.00    0.00    0.00    0.00   97.80
15:01:24     all    2.10    0.00    0.07    0.00    0.00    0.01    0.00    0.00   97.82
15:01:26     all    2.10    0.00    0.07    0.00    0.00    0.00    0.00    0.00   97.83
15:01:28     all    2.10    0.00    0.07    0.02    0.00    0.00    0.00    0.00   97.81
15:01:30     all    2.10    0.00    0.07    0.00    0.00    0.00    0.00    0.00   97.83
15:01:32     all    2.11    0.00    0.06    0.00    0.00    0.00    0.00    0.00   97.83
15:01:34     all    2.11    0.00    0.10    0.00    0.00    0.00    0.00    0.00   97.79
15:01:36     all    2.09    0.00    0.05    0.00    0.00    0.00    0.00    0.00   97.86
15:01:38     all    2.11    0.00    0.07    0.00    0.00    0.01    0.00    0.00   97.81
15:01:40     all    2.10    0.00    0.07    0.00    0.00    0.01    0.00    0.00   97.82
15:01:42     all    2.10    0.00    0.07    0.21    0.00    0.02    0.00    0.00   97.60
15:01:44     all    2.10    0.00    0.06    0.00    0.00    0.01    0.00    0.00   97.83
15:01:46     all    2.11    0.00    0.06    0.00    0.00    0.00    0.00    0.00   97.83
15:01:48     all    2.10    0.00    0.08    0.00    0.00    0.00    0.00    0.00   97.82
15:01:50     all    2.11    0.00    0.06    0.00    0.00    0.00    0.00    0.00   97.83
15:01:52     all    2.09    0.00    0.07    0.00    0.00    0.00    0.00    0.00   97.84
15:01:54     all    2.10    0.00    0.05    0.00    0.00    0.00    0.00    0.00   97.85
15:01:56     all    2.11    0.00    0.06    0.00    0.00    0.01    0.00    0.00   97.82
15:01:58     all    2.10    0.00    0.08    0.00    0.00    0.00    0.00    0.00   97.82
15:02:00     all    2.10    0.00    0.07    0.00    0.00    0.00    0.00    0.00   97.83
15:02:02     all    2.10    0.00    0.08    0.00    0.00    0.00    0.00    0.00   97.82
15:02:04     all    2.11    0.00    0.06    0.00    0.00    0.01    0.00    0.00   97.82
15:02:06     all    2.10    0.00    0.07    0.00    0.00    0.01    0.00    0.00   97.82
15:02:08     all    2.10    0.00    0.06    0.00    0.00    0.01    0.00    0.00   97.83
15:02:10     all    2.10    0.00    0.06    0.00    0.00    0.01    0.00    0.00   97.83
15:02:12     all    2.11    0.00    0.07    0.00    0.00    0.01    0.00    0.00   97.81
15:02:14     all    2.10    0.00    0.06    0.00    0.00    0.01    0.00    0.00   97.83
15:02:16     all    2.11    0.00    0.07    0.00    0.00    0.02    0.00    0.00   97.80
15:02:18     all    2.10    0.00    0.07    0.00    0.00    0.01    0.00    0.00   97.82
15:02:20     all    2.10    0.00    0.09    0.00    0.00    0.02    0.00    0.00   97.79
15:02:22     all    2.10    0.00    0.08    0.00    0.00    0.01    0.00    0.00   97.81
15:02:24     all    2.11    0.00    0.07    0.00    0.00    0.01    0.00    0.00   97.81
15:02:26     all    2.10    0.00    0.07    0.00    0.00    0.00    0.00    0.00   97.83
15:02:28     all    2.11    0.00    0.08    0.21    0.00    0.01    0.00    0.00   97.59
15:02:30     all    2.10    0.00    0.08    0.00    0.00    0.01    0.00    0.00   97.81
15:02:32     all    2.10    0.00    0.09    0.00    0.00    0.00    0.00    0.00   97.81
15:02:34     all    2.11    0.00    0.07    0.00    0.00    0.00    0.00    0.00   97.82
15:02:36     all    2.10    0.00    0.07    0.00    0.00    0.01    0.00    0.00   97.82
15:02:38     all    2.10    0.00    0.09    0.00    0.00    0.00    0.00    0.00   97.81
15:02:40     all    2.10    0.00    0.06    0.00    0.00    0.00    0.00    0.00   97.84
15:02:42     all    2.11    0.00    0.06    0.00    0.00    0.02    0.00    0.00   97.81
