procs -----------memory---------- ---swap-- -----io---- --system-- -----cpu-----
 r  b   swpd   free   buff  cache   si   so    bi    bo   in   cs us sy id wa st
 3  0  11032 64596624 136156 301108    0    0     0     1    0    0  5  1 94  0  0	
 4  0  11032 64592584 136156 301144    0    0     0     0 3235 2667  2  0 98  0  0	
 3  0  11032 64592828 136156 301148    0    0     0     0 3108 2514  2  0 98  0  0	
 2  0  11032 64593200 136156 301152    0    0     0     6 3174 2694  2  0 98  0  0	
 1  0  11032 64594036 136156 301152    0    0     0     0 3098 2513  2  0 98  0  0	
 1  0  11032 64594344 136156 301152    0    0     0     4 3103 2556  2  0 98  0  0	
 3  0  11032 64594476 136156 301156    0    0     0     0 3075 2491  2  0 98  0  0	
 3  0  11032 64595284 136156 301156    0    0     0    10 3090 2501  2  0 98  0  0	
 1  0  11032 64595548 136156 301160    0    0     0     0 3083 2500  2  0 98  0  0	
